2.024030728912353538e+02
1.665288328806559264e+02
1.552508153533935626e+02
1.508803652954101437e+02
1.483697988382975268e+02
1.464562150319417242e+02
1.451120722707112520e+02
1.443912805430094295e+02
1.433530744934082009e+02
1.429795586649576933e+02
1.422977573394775277e+02
1.418864205932617324e+02
1.414976710001627680e+02
1.412157871119181323e+02
1.407454643630981366e+02
1.404377625020345022e+02
1.399682925415038994e+02
1.399052819061279251e+02
1.395683898417154865e+02
1.392229909261067746e+02
1.388414377339680925e+02
1.387793376032511503e+02
1.386666195424397756e+02
1.384279110209147063e+02
1.383041259511311978e+02
1.381979750188191645e+02
1.382353639348347940e+02
1.378360558064778729e+02
1.378212483596801690e+02
1.377418303680420024e+02
1.376449430720011264e+02
1.375427101516723667e+02
1.372666995875040641e+02
1.373086705398559673e+02
1.371757705561319938e+02
1.370770960489908816e+02
1.369433917363484738e+02
1.369385378011067758e+02
1.366967150370279853e+02
1.366725785064697334e+02
1.364613010915120412e+02
1.365601578776041549e+02
1.364824000040690066e+02
1.363690274683634414e+02
1.364104302469889376e+02
1.363492380396525050e+02
1.363561128489176326e+02
1.362942415746053086e+02
1.362797675450642885e+02
1.362871843465169377e+02
