2.050870278167724621e+02
1.701207090759277207e+02
1.592739881896972634e+02
1.549005090586344409e+02
1.524117005411783907e+02
1.508991493479410906e+02
1.496530351511637491e+02
1.489133592732747502e+02
1.481408989206949798e+02
1.478102498881022200e+02
1.472972244517008562e+02
1.469546198272705055e+02
1.468042136383056686e+02
1.464007159678141363e+02
1.462348291778564544e+02
1.460664113616943496e+02
1.459140141805013116e+02
1.454784838358561103e+02
1.454762704722086539e+02
1.452813173421224064e+02
1.452755177561442110e+02
1.450415287780761844e+02
1.449283304850260379e+02
1.449651205952962130e+02
1.447608052571614508e+02
1.446615255482991529e+02
1.443862807464599598e+02
1.443069726053873580e+02
1.441066672007242744e+02
1.442812054443359386e+02
1.440453852844238156e+02
1.438189321390787825e+02
1.437588670857747388e+02
1.437404772440592353e+02
1.437153435007731161e+02
1.435234369405110613e+02
1.434357567342122479e+02
1.434516067759196005e+02
1.433443279012044229e+02
1.432409268061319949e+02
1.431269568125406977e+02
1.430103968938191770e+02
1.429629768625895281e+02
1.430628143056233625e+02
1.428494107818603425e+02
1.429005787913004610e+02
1.426718595123290925e+02
1.424344851048787461e+02
1.425160722986857138e+02
1.424890563329060740e+02
