2.152318018341064487e+02
2.071638579305013081e+02
2.109045665232340525e+02
2.117740824890136651e+02
2.135160103352864667e+02
2.141340951538086017e+02
2.145631663767496775e+02
2.145482148234049475e+02
2.145522548929850188e+02
2.145275008900960358e+02
2.145198311360677224e+02
2.145117818450927700e+02
2.145049949900309230e+02
2.145171398925781148e+02
2.144809939066568916e+02
2.144838769785563102e+02
2.144691280364990291e+02
2.144888314056396439e+02
2.144629331970214707e+02
2.144533922576904388e+02
2.144668536376953227e+02
2.144592533111572266e+02
2.144732746378580828e+02
2.144542094167073571e+02
2.144566556294759039e+02
2.144498026275634857e+02
2.144335255177815895e+02
2.144375031026204397e+02
2.144304543558756393e+02
2.144336453247070438e+02
2.144338497161865291e+02
2.144456515757242698e+02
2.144310413106282454e+02
2.144190072631836017e+02
2.144217491658528729e+02
2.144276682027181096e+02
2.144271287282307981e+02
2.144237081909179778e+02
2.144170916493733614e+02
2.144211055501302212e+02
2.144073555501302053e+02
2.144091803741455067e+02
2.144077872467040891e+02
2.144123913319905625e+02
2.144106460825602198e+02
2.144098987579345703e+02
2.144069195302327557e+02
2.144134039052327410e+02
2.144161425272623660e+02
2.144173593139648517e+02
