2.027851482645670558e+02
1.707778436787923226e+02
1.609690540313720817e+02
1.561272818756103504e+02
1.536077111053466808e+02
1.518780623626709030e+02
1.505350025431314975e+02
1.495856067911783782e+02
1.489899550628662155e+02
1.483054605356852278e+02
1.480803235880533748e+02
1.476778770446777287e+02
1.473342653910318916e+02
1.471264059448242278e+02
1.468428566487630178e+02
1.465305372365315861e+02
1.465494953409830714e+02
1.463587383778890114e+02
1.461769686381022098e+02
1.460137876637776628e+02
1.457554632568359239e+02
1.457396219380696607e+02
1.455515829722086494e+02
1.454476851399739701e+02
1.452153657786051326e+02
1.451165927886962947e+02
1.449768652089436785e+02
1.447770963287353538e+02
1.447463407135009845e+02
1.446313248952229742e+02
1.444639820607503395e+02
1.445191428120930937e+02
1.441767660268147893e+02
1.444652099227905353e+02
1.440876863733927280e+02
1.440230248769124444e+02
1.438280448913574219e+02
1.438755585988362498e+02
1.436664111455281443e+02
1.436161212666829385e+02
1.435146861648559593e+02
1.433563082631428927e+02
1.435641741180419899e+02
1.432123869323730503e+02
1.432326412455240927e+02
1.429741969807942610e+02
1.430565451685587561e+02
1.429129823048909600e+02
1.427350110244750852e+02
1.431128531519571823e+02
