2.136284936014811251e+02
1.727677953847249341e+02
1.612211378479003940e+02
1.568662570190429619e+02
1.541333154551188045e+02
1.524268803914388002e+02
1.509945683288574116e+02
1.500671670277913279e+02
1.493005731201171784e+02
1.488168106842041141e+02
1.484461617533365825e+02
1.481823221588134629e+02
1.477255459086100302e+02
1.473755878702799578e+02
1.471731656392415459e+02
1.468476743316650470e+02
1.466663159434000647e+02
1.466928042093912836e+02
1.465875348663330158e+02
1.463363647588093954e+02
1.464065873463948435e+02
1.461519865926106831e+02
1.460219926706949991e+02
1.460955684407552155e+02
1.459089486185709745e+02
1.458719858296712175e+02
1.456922871398925849e+02
1.456503632609049532e+02
1.453951863606770871e+02
1.453026737721761208e+02
1.455352296447753986e+02
1.454371664683024221e+02
1.453128006490071584e+02
1.450401607004801292e+02
1.452427545420328840e+02
1.449045645014444972e+02
1.448296754201253123e+02
1.447441071828206418e+02
1.444520001729329408e+02
1.446460891723632756e+02
1.444491552988688170e+02
1.445498915354410769e+02
1.443879337819417401e+02
1.442836189778645917e+02
1.442651684824625704e+02
1.440182240422566622e+02
1.440239412562052337e+02
1.440249719492594522e+02
1.440051375325520837e+02
1.440144524383544820e+02
