2.018358256022135322e+02
1.680048570505778116e+02
1.569383969116210835e+02
1.523648290506998819e+02
1.496172063446044831e+02
1.477167353057861305e+02
1.463911855824788404e+02
1.454039083607991643e+02
1.444182784779866608e+02
1.436765126291910804e+02
1.432146530532836834e+02
1.425581788889567179e+02
1.421196136347452921e+02
1.415830072911580544e+02
1.412952727762857990e+02
1.409884709040323969e+02
1.405813594055175884e+02
1.403156306966145905e+02
1.401967523193359284e+02
1.398039246368408328e+02
1.396148248418172102e+02
1.392947960789998376e+02
1.391848300043741915e+02
1.389379606628417889e+02
1.389879686609903899e+02
1.386804747645060161e+02
1.384799171320597395e+02
1.385066746902465695e+02
1.383075105794270883e+02
1.382334008534749330e+02
1.381625817743937148e+02
1.378331115595499625e+02
1.378733534367879372e+02
1.376783959452311308e+02
1.377161161677042571e+02
1.374892561340332122e+02
1.374912714894612691e+02
1.373769562784830782e+02
1.371989225896199684e+02
1.370866865666707497e+02
1.371091444269816009e+02
1.369305437850952103e+02
1.368632304509480662e+02
1.368013639195760049e+02
1.366703593444824207e+02
1.366321145629882778e+02
1.366032195663452171e+02
1.366164035034179562e+02
1.364720478312174521e+02
1.363848142369588174e+02
