2.200384865315755292e+02
2.145755080413818234e+02
2.146351761118571062e+02
2.146120990498860692e+02
2.145876122029622479e+02
2.145744276936848962e+02
2.145511648813883596e+02
2.145438196563720794e+02
2.145464418284098258e+02
2.145231193796793718e+02
2.145134023284912246e+02
2.150995997873941974e+02
2.145048773701985567e+02
2.145084338124593160e+02
2.144732101694742710e+02
2.144748510233561092e+02
2.144598568471272699e+02
2.144798297119140500e+02
2.144549243418375681e+02
2.144458176676432402e+02
2.144593346150716116e+02
2.144504172515869129e+02
2.144630911509196096e+02
2.144447370656331486e+02
2.144465051015218080e+02
2.144402007293701047e+02
2.144252852884928302e+02
2.144282197570800861e+02
2.144221520741780580e+02
2.144247749074300202e+02
2.144245578002929733e+02
2.144353126780192156e+02
2.144231757609049396e+02
2.144118700917561853e+02
2.146517966969807958e+02
2.144181836954752498e+02
2.144179353332519611e+02
2.144156155141194802e+02
2.144095637512207020e+02
2.144147704823811864e+02
2.144014181009928279e+02
2.144036744689941543e+02
2.144023419698079351e+02
2.144072634379068916e+02
2.144057986704508494e+02
2.144053666178385527e+02
2.144018907674153525e+02
2.144089546457926474e+02
2.144117896270751942e+02
2.144139198048909520e+02
