2.134014806111653684e+02
2.111694755808512411e+02
2.146632551066080623e+02
2.146010876464843875e+02
2.145921190388997388e+02
2.145791616312662882e+02
2.145383672841389853e+02
2.145508991495768214e+02
2.145130937194824128e+02
2.145189001210530648e+02
2.144832167816162212e+02
2.144904461669922000e+02
2.144956337738037178e+02
2.144800956726074332e+02
2.144954891713460370e+02
2.144634707895914687e+02
2.144653504689534600e+02
2.144598762766520110e+02
2.144456000264485738e+02
2.144449030812581327e+02
2.144493402099609511e+02
2.144449346415201774e+02
2.144412210083007722e+02
2.144364089202880734e+02
2.144333344014485760e+02
2.144284937032063851e+02
2.144324443817138786e+02
2.144353824106852073e+02
2.144339619445800906e+02
2.144203321329752612e+02
2.144133794403076081e+02
2.144166535695393918e+02
2.144169926706949809e+02
2.144170099894205634e+02
2.144141143544514989e+02
2.144140879313150947e+02
2.144103755187988156e+02
2.144144090779622331e+02
2.144109536488850836e+02
2.144083998362223440e+02
2.144070903269449957e+02
2.144043528493245390e+02
2.144096649424234897e+02
2.144102814992268975e+02
2.144054479471842569e+02
2.144069909159342444e+02
2.143992930603027389e+02
2.144106253560384232e+02
2.144094719187418718e+02
2.144025039418538370e+02
