260.119838,252.971139,7.148699,214.616287,206.298536,8.317750,4.048017,0.000000
214.758675,206.440914,8.317762,214.363981,206.046217,8.317765,4.572972,0.000000
214.740715,206.422951,8.317766,214.737952,206.420187,8.317766,4.449313,0.000000
214.717742,206.399978,8.317766,214.565071,206.247307,8.317766,nan,0.000000
214.643261,206.325496,8.317766,214.478219,206.160454,8.317766,nan,0.000000
214.645831,206.328067,8.317766,214.311041,205.993277,8.317766,nan,0.000000
214.610171,206.292407,8.317766,214.372082,206.054317,8.317766,nan,0.000000
214.588520,206.270755,8.317766,214.314725,205.996960,8.317766,nan,0.000000
214.559476,206.241712,8.317766,214.244476,205.926712,8.317766,nan,0.000000
214.575015,206.257251,8.317766,214.221483,205.903719,8.317766,nan,0.000000
214.554229,206.236465,8.317766,214.203748,205.885983,8.317766,nan,0.000000
214.535346,206.217581,8.317766,214.299628,205.981863,8.317766,nan,0.000000
214.539562,206.221797,8.317766,214.272753,205.954989,8.317766,nan,0.000000
214.531069,206.213304,8.317766,214.335032,206.017268,8.317766,nan,0.000000
214.513844,206.196080,8.317766,214.505673,206.187908,8.317766,nan,0.000000
214.516796,206.199031,8.317766,214.299897,205.982133,8.317766,nan,0.000000
214.512818,206.195054,8.317766,214.220092,205.902328,8.317766,nan,0.000000
214.500586,206.182822,8.317766,214.172663,205.854899,8.317766,nan,0.000000
214.469781,206.152016,8.317766,214.244380,205.926615,8.317766,nan,0.000000
214.473541,206.155777,8.317766,214.134375,205.816611,8.317766,nan,0.000000
214.494363,206.176599,8.317766,214.213394,205.895630,8.317766,nan,0.000000
214.463651,206.145887,8.317766,214.189532,205.871768,8.317766,nan,0.000000
214.473101,206.155337,8.317766,214.256226,205.938462,8.317766,inf,0.000000
214.465596,206.147832,8.317766,214.201889,205.884125,8.317766,2.410986,0.000000
214.457045,206.139281,8.317766,214.247941,205.930177,8.317766,3.411000,0.000000
202.993687,195.324741,7.668946,188.186426,180.905169,7.281257,7.589166,0.011488
174.271092,166.989311,7.281781,160.917819,153.795318,7.122500,5.508854,0.033569
156.200271,149.140437,7.059834,151.545187,144.608103,6.937084,5.373053,0.033208
148.989250,142.015987,6.973263,146.739716,139.763671,6.976044,4.634318,0.035294
145.546336,138.558863,6.987473,144.601313,137.563747,7.037566,4.793575,0.034816
143.721247,136.725685,6.995562,142.323284,135.301737,7.021547,5.323029,0.032456
142.417416,135.423951,6.993465,141.467248,134.483134,6.984114,4.904639,0.039168
141.620578,134.627014,6.993564,141.084605,134.054765,7.029840,5.262063,0.039915
140.979620,133.976230,7.003390,140.598039,133.598338,6.999701,5.220351,0.038609
140.469544,133.476366,6.993178,139.771344,132.788672,6.982672,5.299428,0.035706
139.933152,132.957655,6.975497,139.030722,132.055346,6.975376,5.423879,0.034785
139.321910,132.340901,6.981009,138.260490,131.277781,6.982709,5.537590,0.035049
138.833909,131.870624,6.963285,138.445576,131.465899,6.979677,6.534291,0.033257
138.318075,131.361125,6.956950,137.934234,130.973223,6.961010,5.814085,0.034605
137.979550,131.021890,6.957660,137.646939,130.687046,6.959894,5.749698,0.035789
137.564479,130.604148,6.960332,137.250897,130.328704,6.922192,6.794236,0.034315
137.146130,130.189851,6.956279,136.786200,129.839070,6.947130,5.676467,0.038947
136.795232,129.849747,6.945485,136.369556,129.402857,6.966698,5.919731,0.034878
136.438261,129.493933,6.944328,136.203454,129.250108,6.953347,5.373684,0.040135
136.067944,129.119606,6.948338,135.969664,129.030274,6.939391,5.785852,0.037831
135.826050,128.879153,6.946897,135.910174,129.003031,6.907144,5.627383,0.038169
135.611273,128.678728,6.932546,135.150397,128.191385,6.959012,5.463197,0.040033
135.432065,128.500798,6.931267,135.360436,128.450092,6.910344,6.447193,0.044566
135.257759,128.330359,6.927400,134.918266,127.995922,6.922344,5.581428,0.041959
135.069203,128.155493,6.913711,135.110414,128.186048,6.924366,6.288229,0.035197
134.843398,127.915364,6.928034,134.952974,128.009429,6.943546,5.503350,0.038965
134.738171,127.814547,6.923624,134.798135,127.867245,6.930890,5.458259,0.039172
134.571371,127.647937,6.923434,134.372322,127.446925,6.925397,5.672127,0.038595
134.360150,127.435308,6.924842,134.723843,127.835097,6.888746,5.722679,0.051368
134.310865,127.405571,6.905294,134.490333,127.572209,6.918124,5.822115,0.040483
134.143045,127.233515,6.909530,134.687001,127.816007,6.870993,6.107159,0.037581
133.969118,127.075358,6.893760,134.186612,127.314585,6.872026,5.758336,0.038604
133.854401,126.944383,6.910018,134.107538,127.202990,6.904548,5.643137,0.037737
133.721507,126.806642,6.914865,133.756917,126.842048,6.914869,5.842815,0.040846
133.583078,126.668637,6.914440,133.742950,126.833290,6.909660,5.892462,0.039474
133.442315,126.527878,6.914437,133.580052,126.699540,6.880513,5.467680,0.046447
133.367560,126.471476,6.896084,133.397129,126.497875,6.899254,6.406161,0.035623
133.230689,126.334254,6.896435,133.417334,126.554028,6.863307,5.518647,0.041267
133.175772,126.275275,6.900497,133.162272,126.278971,6.883302,5.670121,0.038560
132.968366,126.065575,6.902791,133.158143,126.294379,6.863763,6.389153,0.040324
132.773410,125.880916,6.892494,133.091447,126.228682,6.862765,5.891863,0.036469
132.773672,125.884759,6.888914,132.812196,125.934113,6.878082,6.337766,0.035795
132.542754,125.649470,6.893284,133.062752,126.213593,6.849159,6.448280,0.042054
132.582752,125.698049,6.884703,132.420264,125.520124,6.900140,6.153802,0.034464
132.424086,125.537019,6.887066,132.654674,125.783003,6.871672,5.832979,0.038160
132.454866,125.564806,6.890060,132.797486,125.953128,6.844358,6.277883,0.038832
132.245956,125.360280,6.885676,133.089082,126.275781,6.813301,6.556865,0.047420
132.170014,125.268743,6.901272,132.507295,125.623515,6.883781,6.158789,0.042882
132.061756,125.185995,6.875761,132.538537,125.680935,6.857601,6.938861,0.035649
131.996006,125.105061,6.890945,132.631855,125.783831,6.848024,5.571350,0.040255
132.047849,125.166283,6.881566,132.724653,125.867695,6.856958,5.926198,0.041978
131.852083,124.956389,6.895695,132.452032,125.586802,6.865230,5.575189,0.040714
131.758379,124.864411,6.893968,132.221779,125.344652,6.877128,6.084114,0.039544
131.725413,124.847931,6.877481,132.196325,125.339714,6.856611,6.313168,0.041581
131.713095,124.822856,6.890238,132.312145,125.464817,6.847329,5.740339,0.040211
131.629617,124.752688,6.876929,132.126785,125.283998,6.842787,5.676048,0.039699
131.539715,124.653266,6.886449,132.202144,125.330118,6.872025,6.143312,0.037123
131.477844,124.590823,6.887021,132.249293,125.390976,6.858317,5.484459,0.046875
131.349653,124.442956,6.906697,132.062966,125.181205,6.881762,5.260930,0.043188
131.302095,124.413278,6.888817,132.041260,125.202019,6.839242,5.680857,0.041043
131.195541,124.302891,6.892650,132.027931,125.213535,6.814396,5.360316,0.039321
131.167233,124.284490,6.882743,132.021085,125.146911,6.874173,5.618822,0.038937
131.053432,124.161869,6.891563,131.684604,124.799529,6.885075,6.045101,0.043100
131.023579,124.134141,6.889438,131.994434,125.157369,6.837066,5.602069,0.041445
131.006199,124.117974,6.888224,131.741111,124.867090,6.874020,6.479491,0.040902
130.907383,124.024765,6.882618,131.750033,124.915854,6.834179,5.667590,0.045562
130.885583,123.995338,6.890245,131.906156,125.054309,6.851848,6.226218,0.039121
130.804338,123.915351,6.888987,131.713285,124.839311,6.873975,5.826401,0.045205
130.757280,123.869853,6.887427,131.685052,124.839962,6.845090,6.482853,0.041676
130.682390,123.783724,6.898666,131.327952,124.457294,6.870658,5.682721,0.041486
130.600193,123.685125,6.915069,131.361978,124.513409,6.848570,5.972680,0.046509
130.485181,123.596405,6.888777,131.264132,124.417890,6.846242,5.498503,0.043304
130.480080,123.580172,6.899908,131.028606,124.145933,6.882674,5.313287,0.047652
130.377640,123.477006,6.900634,131.195373,124.321027,6.874347,5.797389,0.038964
130.395512,123.498280,6.897232,131.338201,124.481411,6.856790,5.056374,0.044853
130.426289,123.540367,6.885922,131.106250,124.252010,6.854240,5.428638,0.042506
130.298159,123.406470,6.891689,131.346484,124.487707,6.858777,5.466776,0.044566
130.253657,123.351971,6.901687,131.455383,124.574933,6.880450,5.590998,0.044259
130.342452,123.452042,6.890410,130.993014,124.142905,6.850110,5.637300,0.043373
130.100717,123.189764,6.910953,131.096259,124.225518,6.870741,5.563621,0.043147
130.211177,123.316310,6.894867,130.906806,124.052414,6.854392,5.485496,0.044619
130.172991,123.279410,6.893581,131.053138,124.197928,6.855210,5.424364,0.042031
130.076629,123.180143,6.896486,131.440353,124.616889,6.823464,5.566492,0.043452
130.153156,123.259841,6.893315,130.512003,123.623923,6.888080,5.511250,0.043528
129.998146,123.103801,6.894346,131.018672,124.184018,6.834654,5.688920,0.039442
130.056211,123.165746,6.890465,130.837709,123.939076,6.898633,5.300186,0.044316
129.906880,123.008267,6.898613,131.495366,124.651337,6.844028,5.754517,0.047812
129.936911,123.044407,6.892504,130.817134,123.970115,6.847019,5.697625,0.046770
129.893100,123.007761,6.885338,131.242691,124.400513,6.842177,5.575388,0.044649
129.831453,122.933611,6.897842,131.200603,124.337007,6.863596,5.282807,0.044069
129.848238,122.965938,6.882300,130.922137,124.067386,6.854751,5.589198,0.042361
129.752909,122.847291,6.905617,131.146633,124.305808,6.840825,5.821820,0.042734
129.845958,122.943934,6.902025,130.897480,124.017299,6.880180,5.311105,0.045438
129.722829,122.816068,6.906761,130.893421,124.024464,6.868957,5.663885,0.041322
129.757867,122.844967,6.912900,130.782883,123.929779,6.853104,5.920187,0.039154
129.764138,122.863573,6.900565,130.527184,123.654882,6.872301,5.969548,0.042684
129.765929,122.860051,6.905878,130.717798,123.839827,6.877971,5.691300,0.043508
129.615860,122.701986,6.913874,130.314825,123.455726,6.859099,6.306924,0.044020
129.611623,122.705321,6.906302,130.601186,123.747278,6.853907,5.498221,0.041960
129.649951,122.764469,6.885483,130.898815,124.054022,6.844793,5.556068,0.042262
129.522016,122.623635,6.898381,130.571069,123.676786,6.894284,6.226674,0.042111
129.488767,122.581427,6.907340,130.424107,123.543880,6.880226,5.473422,0.042489
129.566616,122.666603,6.900013,130.510405,123.666373,6.844032,5.567669,0.039241
129.519731,122.642947,6.876784,130.738172,123.906127,6.832045,5.297145,0.041482
129.493467,122.596835,6.896632,130.652721,123.809139,6.843583,5.736960,0.046886
129.521835,122.641626,6.880208,130.639162,123.770937,6.868225,5.294662,0.045839
129.603096,122.714942,6.888154,130.421294,123.574879,6.846416,5.383677,0.041986
129.509348,122.610483,6.898865,130.953888,124.123173,6.830715,6.119382,0.043186
129.454780,122.552785,6.901995,130.407471,123.555023,6.852447,5.815587,0.040709
129.355133,122.460994,6.894139,130.889304,124.039989,6.849315,5.969211,0.047864
129.479175,122.588820,6.890355,130.712857,123.838007,6.874850,5.464480,0.045198
129.437207,122.549001,6.888205,131.049991,124.197979,6.852012,5.174443,0.041657
129.437322,122.547474,6.889848,130.341182,123.501858,6.839324,5.827352,0.045438
129.412990,122.524025,6.888965,130.902757,124.081698,6.821059,5.162657,0.048156
129.349772,122.439980,6.909791,130.463348,123.600669,6.862679,5.867101,0.045674
129.305316,122.402431,6.902886,130.651793,123.762583,6.889210,5.775128,0.044443
129.196576,122.291191,6.905385,130.649646,123.789279,6.860367,5.656987,0.046350
129.318827,122.415995,6.902832,130.785614,123.937569,6.848045,5.005482,0.055841
129.258401,122.366519,6.891882,130.880751,124.045570,6.835181,5.665759,0.050529
129.283139,122.397462,6.885677,130.437484,123.596958,6.840526,5.967373,0.040668
129.254777,122.362527,6.892249,130.352242,123.460479,6.891763,5.068109,0.047310
129.132225,122.232420,6.899806,130.582490,123.722672,6.859819,5.223873,0.045361
129.229094,122.324223,6.904871,130.464480,123.566129,6.898351,5.019844,0.045708
129.044054,122.138937,6.905117,130.212151,123.348831,6.863320,5.574328,0.049015
129.147230,122.240083,6.907147,130.122605,123.246668,6.875937,5.225284,0.051660
129.134484,122.231436,6.903048,130.316943,123.436786,6.880157,5.169208,0.042196
129.089965,122.205917,6.884048,130.243288,123.390684,6.852605,5.349907,0.045745
129.051772,122.169068,6.882704,130.503683,123.676035,6.827648,5.769549,0.042952
129.058223,122.176079,6.882144,130.496937,123.665339,6.831598,5.492759,0.042284
128.995676,122.098977,6.896699,130.521853,123.671490,6.850363,5.898900,0.044153
129.050604,122.145356,6.905248,129.850736,122.986093,6.864644,6.457203,0.044797
128.977716,122.105452,6.872263,130.266873,123.428497,6.838376,5.847247,0.044249
129.022380,122.148925,6.873455,130.737145,123.933738,6.803407,6.198360,0.043450
128.966831,122.075811,6.891020,130.394078,123.543776,6.850303,5.106528,0.044535
129.023702,122.142105,6.881597,130.330979,123.493833,6.837146,5.769207,0.042833
