249.537193,247.613970,1.923223,193.812322,189.725763,4.086559,6.010265,0.006661
187.439982,181.769556,5.670426,181.252726,174.779089,6.473636,12.949772,0.008469
173.874657,166.821208,7.053449,164.808951,157.479588,7.329363,15.865265,0.011490
161.075636,153.554752,7.520884,156.220771,148.580917,7.639854,13.872831,0.010861
155.536070,147.816110,7.719960,153.135144,145.352527,7.782616,14.821365,0.009754
153.478894,145.670428,7.808466,151.573419,143.741378,7.832041,17.104412,0.008355
151.137776,143.280931,7.856845,149.865118,141.989447,7.875671,17.592617,0.007564
149.834557,141.919200,7.915357,148.866538,140.939766,7.926772,17.379688,0.007273
149.181157,141.222675,7.958482,147.293234,139.325737,7.967497,25.037134,0.007583
148.433011,140.452615,7.980397,149.466920,141.461413,8.005507,nan,0.007072
148.001373,139.997597,8.003777,146.904094,138.898800,8.005295,40.024891,0.005342
147.356739,139.329283,8.027456,147.844176,139.801364,8.042812,13.278983,0.007875
146.965325,138.915264,8.050061,147.084729,139.030793,8.053935,19.973988,0.006419
146.404251,138.340427,8.063824,145.397251,137.335423,8.061828,19.002045,0.005161
146.310806,138.235239,8.075568,145.470077,137.405517,8.064560,16.685106,0.006136
146.100547,138.018076,8.082471,145.204157,137.110138,8.094018,40.817471,0.004739
145.792350,137.705425,8.086925,147.060533,138.963799,8.096734,nan,0.007993
146.586441,138.486100,8.100340,147.062406,138.959027,8.103379,nan,0.005940
146.032835,137.929606,8.103230,144.466865,136.368966,8.097898,25.709572,0.005350
145.690095,137.579052,8.111043,146.181486,138.077888,8.103598,26.499107,0.002765
145.945635,137.830089,8.115546,145.486288,137.368411,8.117877,nan,0.004859
145.609874,137.482742,8.127132,147.219497,139.085570,8.133927,nan,0.004709
145.612401,137.481747,8.130654,145.009815,136.882725,8.127090,nan,0.004225
146.420548,138.281112,8.139435,146.556343,138.407240,8.149104,nan,0.003449
145.800162,137.654328,8.145834,146.187036,138.036708,8.150328,nan,0.004898
146.145687,137.991291,8.154396,145.537674,137.381692,8.155982,nan,0.004612
145.153560,137.000158,8.153402,145.305112,137.145081,8.160031,nan,0.003666
145.354266,137.196238,8.158029,146.173704,138.011744,8.161959,nan,0.002695
145.968671,137.811008,8.157662,145.998568,137.832693,8.165875,nan,0.002253
145.642350,137.476239,8.166111,146.482272,138.310412,8.171860,nan,0.002339
145.651565,137.477090,8.174474,145.971621,137.794721,8.176901,nan,0.003369
145.627354,137.448358,8.178996,145.307103,137.125715,8.181387,nan,0.003848
146.481439,138.304154,8.177285,146.577342,138.400890,8.176453,nan,0.002786
145.781708,137.608920,8.172789,146.224758,138.050844,8.173914,nan,0.004735
145.525959,137.350466,8.175493,145.230969,137.055446,8.175522,nan,0.003363
145.719431,137.541250,8.178181,146.376945,138.192344,8.184601,nan,0.001963
145.551951,137.368914,8.183037,144.781302,136.601928,8.179375,nan,0.002629
145.853029,137.662090,8.190939,146.067818,137.884234,8.183585,nan,0.004407
145.628449,137.439474,8.188974,145.880309,137.690966,8.189343,nan,0.003836
145.594057,137.400557,8.193499,145.443796,137.255342,8.188453,nan,0.002487
145.852763,137.657972,8.194792,147.966896,139.764618,8.202277,nan,0.002977
147.477304,139.276426,8.200878,146.291269,138.090262,8.201008,nan,0.001857
146.337564,138.136915,8.200649,147.352309,139.147693,8.204617,nan,0.002686
146.713815,138.514348,8.199466,146.455524,138.257003,8.198520,nan,0.002478
145.921989,137.717879,8.204110,147.157777,138.951388,8.206388,nan,0.001613
146.843916,138.634002,8.209914,147.579044,139.376109,8.202934,nan,0.003331
146.102309,137.890626,8.211682,147.686004,139.469382,8.216621,nan,0.001460
147.158767,138.946849,8.211917,146.447086,138.234327,8.212759,nan,0.001693
147.173400,138.961489,8.211911,146.097728,137.887489,8.210239,nan,0.001478
146.616401,138.404487,8.211914,146.453790,138.238375,8.215417,nan,0.003020
146.942991,138.729216,8.213774,147.215986,139.004444,8.211541,nan,0.001520
147.220841,139.006741,8.214100,148.623558,140.405671,8.217886,nan,0.001728
148.043830,139.828537,8.215294,147.291142,139.076255,8.214886,nan,0.002263
146.030942,137.814228,8.216715,145.449436,137.236602,8.212834,nan,0.003697
146.589154,138.368978,8.220176,147.858164,139.629977,8.228187,nan,0.003757
147.559133,139.335533,8.223600,148.687879,140.462770,8.225108,nan,0.003867
146.511935,138.290732,8.221202,147.438045,139.214964,8.223080,nan,0.001913
147.749133,139.522588,8.226545,150.384854,142.159316,8.225538,nan,0.003333
149.695620,141.469219,8.226401,148.384740,140.157803,8.226936,nan,0.002229
147.609123,139.381493,8.227630,148.775716,140.548608,8.227107,nan,0.001587
147.752445,139.525671,8.226774,148.566812,140.338735,8.228076,nan,0.002920
148.533263,140.305146,8.228116,148.528830,140.299239,8.229591,nan,0.002550
149.084600,140.856679,8.227921,148.772363,140.541164,8.231198,nan,0.002254
148.260371,140.029150,8.231222,149.247110,141.010191,8.236919,nan,0.002374
149.759091,141.522287,8.236805,149.309917,141.074718,8.235199,nan,0.001139
148.028572,139.793762,8.234811,148.013428,139.778046,8.235383,nan,0.003617
148.322328,140.086752,8.235576,147.135318,138.898634,8.236684,nan,0.003141
149.317306,141.076874,8.240431,150.042577,141.801133,8.241444,nan,0.002048
149.449754,141.208146,8.241608,150.010433,141.767219,8.243213,nan,0.001076
149.947711,141.708914,8.238797,149.374284,141.130957,8.243327,nan,0.000894
148.725874,140.483724,8.242150,148.499968,140.263383,8.236584,nan,0.001887
150.590580,142.347065,8.243515,149.844541,141.605059,8.239482,nan,0.002424
148.493545,140.249695,8.243850,148.659167,140.412722,8.246445,nan,0.002616
148.023950,139.778173,8.245777,147.011725,138.771004,8.240721,nan,0.001316
148.873434,140.625870,8.247564,150.028387,141.780416,8.247972,nan,0.001379
149.015782,140.768608,8.247174,148.970547,140.724042,8.246505,nan,0.002241
148.243223,139.995302,8.247921,148.715491,140.468900,8.246591,nan,0.000804
149.180323,140.929956,8.250367,148.742768,140.491715,8.251053,nan,0.002186
149.469861,141.216413,8.253449,150.899826,142.643189,8.256636,nan,0.000681
149.482042,141.229109,8.252934,149.918583,141.666688,8.251895,nan,0.002565
150.725012,142.471791,8.253221,152.250954,143.998912,8.252042,nan,0.001225
150.439682,142.184821,8.254861,148.564577,140.310463,8.254114,nan,0.002590
148.334920,140.081473,8.253447,149.836864,141.584824,8.252040,nan,0.002115
149.161602,140.906710,8.254892,150.630128,142.372596,8.257532,nan,0.001398
149.774295,141.518570,8.255725,150.700183,142.444584,8.255598,nan,0.001135
149.446209,141.190316,8.255893,149.890782,141.633383,8.257399,nan,0.000617
149.208111,140.952084,8.256027,150.524137,142.265767,8.258369,nan,0.001076
150.464030,142.206828,8.257202,150.670268,142.410396,8.259873,nan,0.000829
151.766000,143.508380,8.257620,153.402224,145.144980,8.257244,nan,0.001379
150.121242,141.863714,8.257527,151.093056,142.833996,8.259060,nan,0.001001
150.469580,142.212311,8.257269,150.773186,142.515915,8.257271,nan,0.000995
150.307053,142.049769,8.257284,150.801207,142.547234,8.253973,nan,0.000608
151.114717,142.856210,8.258507,151.096904,142.838952,8.257952,nan,0.001720
150.559080,142.299382,8.259698,153.955149,145.692041,8.263108,nan,0.000532
151.901819,143.641620,8.260199,150.704781,142.447569,8.257212,nan,0.002007
149.352525,141.092889,8.259635,148.733462,140.472450,8.261012,nan,0.001323
149.584610,141.323221,8.261388,151.220910,142.955194,8.265716,nan,0.000787
149.463886,141.200927,8.262959,150.162983,141.897805,8.265177,nan,0.001613
148.928365,140.663752,8.264614,150.221295,141.956289,8.265005,nan,0.002543
150.089116,141.826359,8.262757,150.616091,142.351360,8.264732,nan,0.000882
149.908541,141.644422,8.264119,150.542470,142.274676,8.267793,nan,0.001131
151.515443,143.251983,8.263460,152.567254,144.300386,8.266868,nan,0.000931
153.127788,144.861810,8.265978,153.149021,144.883400,8.265620,nan,0.000755
150.516691,142.251921,8.264770,150.928607,142.661321,8.267287,nan,0.000691
150.465192,142.196782,8.268410,151.565447,143.298912,8.266535,nan,0.001319
150.583451,142.315356,8.268095,150.201211,141.937439,8.263773,nan,0.001387
150.131105,141.863188,8.267917,150.992330,142.726789,8.265541,nan,0.001036
151.991689,143.721453,8.270236,151.889123,143.617943,8.271179,nan,0.001105
151.965315,143.695296,8.270019,152.482976,144.215951,8.267024,nan,0.001681
152.106336,143.838001,8.268334,153.120798,144.850863,8.269936,nan,0.001085
153.219174,144.950951,8.268223,151.264172,142.996419,8.267753,nan,0.001580
151.965681,143.695324,8.270357,151.642427,143.374359,8.268067,nan,0.001657
153.824851,145.555842,8.269009,154.433858,146.163915,8.269943,nan,0.000588
155.730831,147.460438,8.270393,159.170607,150.897770,8.272837,nan,0.001383
154.862735,146.593927,8.268808,151.696796,143.428243,8.268554,nan,0.001355
151.694381,143.426286,8.268096,152.633985,144.364439,8.269546,nan,0.001248
151.936878,143.667918,8.268960,152.741495,144.472284,8.269211,nan,0.000432
153.695883,145.423920,8.271963,156.248701,147.973335,8.275366,nan,0.001550
153.954618,145.681990,8.272628,155.788973,147.516819,8.272154,nan,0.000569
154.279289,146.007522,8.271768,155.450352,147.178262,8.272090,nan,0.000744
155.501603,147.229279,8.272324,156.794365,148.520482,8.273883,nan,0.001625
156.798736,148.526597,8.272140,159.073610,150.799808,8.273802,nan,0.000409
156.600265,148.326981,8.273284,154.087847,145.813821,8.274027,nan,0.001819
156.965344,148.692569,8.272775,158.230924,149.957500,8.273424,nan,0.000831
158.343328,150.069418,8.273910,159.668212,151.394828,8.273385,nan,0.001359
156.391375,148.117648,8.273727,156.435961,148.160360,8.275601,nan,0.000463
157.119673,148.845712,8.273960,154.925787,146.652312,8.273474,nan,0.001187
154.088650,145.814616,8.274034,155.888345,147.612920,8.275425,nan,0.000691
155.345955,147.070268,8.275686,153.400663,145.127822,8.272842,nan,0.000351
156.034076,147.759226,8.274850,155.514524,147.239695,8.274830,nan,0.000594
156.955562,148.680239,8.275323,155.668815,147.390302,8.278513,nan,0.000612
158.181898,149.905565,8.276333,157.594529,149.320148,8.274380,nan,0.001314
157.200949,148.924414,8.276534,157.126387,148.851752,8.274635,nan,0.000307
157.826818,149.552447,8.274371,158.201026,149.925672,8.275354,nan,0.001401
160.139258,151.863329,8.275930,164.738265,156.463335,8.274930,nan,0.001087
162.822794,154.547119,8.275675,160.395681,152.122101,8.273581,nan,0.001278
161.170704,152.894900,8.275804,165.078466,156.804449,8.274017,nan,0.000739
168.605829,160.326929,8.278901,170.184948,161.906368,8.278580,nan,0.000868
173.153980,164.875503,8.278477,172.278836,163.999406,8.279430,nan,0.001753
171.100995,162.821578,8.279417,169.056954,160.776003,8.280951,nan,0.001442
167.622840,159.343381,8.279459,170.609085,162.329275,8.279810,nan,0.000252
170.064774,161.783614,8.281160,170.870412,162.593828,8.276583,nan,0.000442
169.728451,161.448445,8.280006,171.283316,163.005380,8.277936,nan,0.001664
173.723625,165.440637,8.282987,177.424161,169.143039,8.281121,nan,0.001385
176.660368,168.377162,8.283206,178.320737,170.038418,8.282320,nan,0.000760
175.048666,166.766665,8.282001,175.838487,167.555906,8.282581,nan,0.000862
175.279071,166.997581,8.281490,183.241730,174.954874,8.286855,nan,0.000425
180.280299,171.994885,8.285415,179.978567,171.695130,8.283437,nan,0.000602
179.908749,171.623715,8.285034,184.041358,175.753927,8.287432,nan,0.000969
179.041747,170.756704,8.285043,175.862366,167.578290,8.284077,nan,0.000261
177.381558,169.095996,8.285562,183.408667,175.123646,8.285021,nan,0.000188
183.451195,175.163394,8.287801,183.278935,174.992820,8.286115,nan,0.000858
182.647150,174.359509,8.287641,184.676642,176.388288,8.288354,nan,0.000636
184.438178,176.150541,8.287637,186.182665,177.892251,8.290414,nan,0.000338
184.683190,176.396110,8.287080,186.165237,177.876754,8.288483,nan,0.000833
186.637285,178.348541,8.288744,186.558969,178.272254,8.286715,nan,0.000439
183.538309,175.250811,8.287497,183.035110,174.747514,8.287596,nan,0.000022
183.217470,174.928888,8.288582,184.187961,175.900583,8.287378,nan,0.000515
184.371292,176.081965,8.289327,187.281006,178.989903,8.291103,nan,0.000391
185.844712,177.554462,8.290250,188.991236,180.701435,8.289801,nan,0.000142
