256.299986,249.493546,6.806439,204.625391,196.470369,8.155022,24.223368,0.004627
203.382002,195.320108,8.061894,199.663850,191.755929,7.907921,5.874305,0.007568
194.546118,186.679609,7.866509,188.149155,180.345972,7.803182,9.073565,0.007062
187.096390,179.285587,7.810803,185.016639,177.184990,7.831648,6.713356,0.008507
184.492468,176.672666,7.819802,183.906971,176.093217,7.813754,10.037858,0.011784
176.001271,168.489142,7.512128,163.003632,155.733194,7.270439,5.631300,0.018671
159.064305,151.861460,7.202845,155.428057,148.267859,7.160198,5.241893,0.019829
154.689178,147.555040,7.134138,152.703441,145.577448,7.125994,5.647956,0.020299
150.412958,143.682209,6.730749,147.031642,140.489693,6.541950,4.930121,0.020475
145.548544,138.999454,6.549090,143.504634,136.892253,6.612380,4.837137,0.017711
142.998382,136.400567,6.597815,141.684261,135.080815,6.603446,4.878271,0.020782
141.345511,134.724915,6.620597,140.140611,133.652883,6.487728,4.527449,0.022200
139.530843,132.996538,6.534304,138.396475,131.865675,6.530799,4.896816,0.021489
138.286373,131.757891,6.528482,137.249663,130.750679,6.498984,4.867012,0.022899
137.229736,130.727674,6.502062,136.668388,130.217735,6.450653,5.370357,0.019935
136.537420,130.062531,6.474889,135.920348,129.501071,6.419277,5.414055,0.021477
135.790335,129.311865,6.478470,134.887810,128.358739,6.529070,5.093663,0.022537
135.225428,128.756010,6.469418,134.616705,128.169598,6.447107,5.374135,0.021366
134.710358,128.243703,6.466655,134.303816,127.826242,6.477574,5.455573,0.022258
134.203437,127.721777,6.481660,133.512538,127.042829,6.469710,5.048593,0.021952
133.768236,127.277015,6.491221,132.741886,126.260404,6.481482,5.540632,0.021187
133.355654,126.877155,6.478499,132.759906,126.228650,6.531256,5.033770,0.021210
133.028737,126.522209,6.506528,132.763794,126.314743,6.449050,5.605977,0.021318
132.773525,126.260776,6.512749,132.924432,126.435283,6.489149,4.964190,0.022918
132.381823,125.848103,6.533720,132.091312,125.596513,6.494798,5.469863,0.020757
132.129197,125.600540,6.528658,131.631022,125.076259,6.554762,5.290362,0.024050
131.915755,125.389666,6.526088,131.651598,125.083070,6.568528,5.215737,0.022059
131.722222,125.190850,6.531372,131.703842,125.210643,6.493200,6.108615,0.021569
131.451809,124.909926,6.541883,130.726147,124.144827,6.581320,5.531137,0.025673
131.272078,124.718086,6.553993,131.244141,124.686100,6.558042,5.705829,0.022110
131.041687,124.487749,6.553938,131.131317,124.612264,6.519052,5.433715,0.023151
130.845888,124.290311,6.555577,130.662478,124.091682,6.570796,5.280515,0.022762
130.735023,124.179694,6.555329,130.581475,124.027811,6.553663,5.836352,0.021475
130.667348,124.110130,6.557218,130.895769,124.351157,6.544612,5.464049,0.023792
130.500143,123.958517,6.541626,130.734093,124.223709,6.510385,5.226394,0.024682
130.367030,123.813489,6.553541,130.199978,123.620469,6.579510,5.684852,0.021964
130.160093,123.604486,6.555607,130.408465,123.878593,6.529872,4.997844,0.025295
130.074411,123.520930,6.553481,129.955121,123.409025,6.546096,5.794293,0.020696
129.990139,123.419855,6.570283,130.152963,123.598269,6.554693,5.875625,0.024309
129.940553,123.379422,6.561131,130.096343,123.530252,6.566092,5.681822,0.021655
129.864244,123.315802,6.548442,130.440845,123.928106,6.512739,5.543325,0.022291
129.824158,123.276268,6.547890,129.657589,123.091437,6.566151,5.771517,0.019975
129.728451,123.164708,6.563743,129.861215,123.323595,6.537621,5.836556,0.022669
129.546624,122.993343,6.553281,129.868429,123.334399,6.534030,5.802828,0.021116
129.550191,123.000760,6.549432,129.928004,123.422126,6.505878,6.353587,0.021853
129.427078,122.882001,6.545077,129.813337,123.266639,6.546698,5.488203,0.023393
129.366841,122.821373,6.545469,129.688634,123.183788,6.504846,5.685846,0.021178
129.221685,122.669886,6.551799,129.343333,122.789975,6.553358,5.554799,0.023233
129.104115,122.544951,6.559164,129.056159,122.457561,6.598599,5.638212,0.022969
128.981610,122.426745,6.554866,129.270516,122.730641,6.539875,5.541423,0.024099
128.959476,122.398878,6.560598,129.170759,122.618743,6.552016,5.673213,0.024351
129.018227,122.456726,6.561501,129.648737,123.124523,6.524214,5.668683,0.022456
128.892492,122.337552,6.554941,129.334765,122.767528,6.567237,5.395882,0.022994
128.798869,122.240170,6.558699,128.911517,122.365892,6.545625,5.042347,0.024765
128.757139,122.193070,6.564070,129.597790,123.028904,6.568886,5.970886,0.022235
128.558187,121.981968,6.576219,128.691178,122.088538,6.602639,6.276014,0.022483
128.591508,122.040997,6.550512,129.312497,122.810997,6.501500,5.810312,0.022885
128.718141,122.165797,6.552345,128.776398,122.220527,6.555871,5.615221,0.025949
128.564160,122.015991,6.548170,128.893647,122.358684,6.534963,5.437485,0.024109
128.563124,122.012379,6.550745,128.854076,122.322711,6.531365,5.361553,0.021914
128.360242,121.798161,6.562082,128.892175,122.338580,6.553594,5.809200,0.023038
128.376268,121.814973,6.561295,129.172551,122.681702,6.490848,5.927702,0.021076
128.453209,121.892205,6.561004,128.861197,122.326794,6.534403,5.688311,0.023424
128.308347,121.748268,6.560079,129.083431,122.556434,6.526996,5.728893,0.022451
128.383900,121.835606,6.548294,128.659831,122.105008,6.554823,5.877425,0.022556
128.180146,121.624088,6.556058,128.912490,122.383583,6.528906,6.120214,0.020871
128.139648,121.561378,6.578269,128.931281,122.414165,6.517116,6.071717,0.022686
128.194928,121.638836,6.556092,128.232837,121.677782,6.555055,5.888468,0.022064
128.236200,121.681296,6.554903,128.279652,121.669742,6.609910,5.340332,0.023557
128.011122,121.439621,6.571501,128.498340,121.945591,6.552748,6.048867,0.022417
128.059572,121.506160,6.553413,128.576866,122.054466,6.522400,5.821823,0.023612
128.003676,121.452124,6.551552,128.638259,122.124160,6.514099,5.867347,0.023241
127.930309,121.376007,6.554302,128.316015,121.777803,6.538211,6.016866,0.022471
127.946689,121.381377,6.565312,128.513256,121.961742,6.551515,5.604490,0.024033
127.894636,121.323572,6.571064,128.085210,121.528129,6.557081,5.908162,0.020951
127.830623,121.272536,6.558087,128.448796,121.945313,6.503483,6.107810,0.022182
127.836098,121.275683,6.560415,128.204646,121.651256,6.553389,5.813582,0.022630
127.846579,121.297154,6.549425,128.419019,121.894197,6.524822,5.926648,0.023602
127.787627,121.228077,6.559550,128.046581,121.504038,6.542543,6.057041,0.021836
127.736331,121.163581,6.572749,128.218798,121.690667,6.528132,5.578298,0.024117
127.664994,121.099921,6.565072,128.347756,121.786345,6.561411,5.538465,0.025080
127.716429,121.170393,6.546036,127.856683,121.302297,6.554385,5.675124,0.022731
127.586222,121.028646,6.557575,127.657797,121.075836,6.581962,5.979671,0.021793
127.625909,121.056940,6.568970,127.896250,121.344668,6.551581,6.174880,0.019390
127.449646,120.882996,6.566650,128.188268,121.648488,6.539780,5.820448,0.023217
127.404881,120.835911,6.568970,127.675865,121.131115,6.544750,5.519616,0.022892
127.428145,120.855697,6.572449,127.893205,121.354895,6.538309,5.679857,0.022081
127.522599,120.967633,6.554966,128.490034,121.972054,6.517980,6.140698,0.021970
127.426568,120.861544,6.565023,128.123997,121.554749,6.569248,5.512342,0.024784
127.336825,120.776132,6.560692,128.426855,121.882783,6.544073,6.134557,0.021390
127.408268,120.847664,6.560605,127.930872,121.381242,6.549631,6.241218,0.022310
127.267551,120.703413,6.564139,128.122043,121.554602,6.567441,5.389682,0.024164
127.387961,120.805640,6.582321,127.722258,121.192736,6.529522,6.093961,0.023986
127.267810,120.713844,6.553966,128.132503,121.595764,6.536739,5.772685,0.022159
127.221581,120.662833,6.558748,127.819257,121.268852,6.550404,5.727210,0.022422
127.319981,120.759614,6.560368,128.067282,121.529165,6.538117,5.734541,0.024257
127.312730,120.738042,6.574688,128.179593,121.636475,6.543118,6.060175,0.022237
127.166486,120.597775,6.568711,128.286105,121.775465,6.510640,5.717916,0.024459
127.272176,120.705172,6.567005,127.551747,120.968765,6.582982,5.873782,0.022749
127.014091,120.444785,6.569306,128.106339,121.581921,6.524419,6.064225,0.025431
127.250926,120.680008,6.570918,127.388770,120.790210,6.598560,5.887328,0.022842
127.024384,120.436634,6.587751,127.923437,121.371099,6.552337,5.774386,0.025109
127.153823,120.593582,6.560241,128.104550,121.548285,6.556265,5.546213,0.024155
127.064694,120.502239,6.562455,127.787257,121.228202,6.559054,5.567278,0.023884
127.107435,120.532232,6.575203,127.654605,121.089555,6.565050,6.008187,0.025203
127.030956,120.459749,6.571207,127.804149,121.256399,6.547750,6.406832,0.020767
126.986834,120.419705,6.567130,127.612080,121.016248,6.595832,5.307169,0.022376
126.893766,120.324250,6.569516,127.590899,121.038613,6.552286,5.842738,0.024230
127.044266,120.480457,6.563809,127.712742,121.159501,6.553241,5.554029,0.024440
126.957390,120.397013,6.560376,128.158283,121.636771,6.521512,5.492020,0.023629
127.005200,120.443685,6.561515,127.660968,121.119919,6.541049,6.095283,0.021077
126.928981,120.355560,6.573421,127.703072,121.111865,6.591207,5.559336,0.022162
126.955437,120.391853,6.563584,127.519568,120.944018,6.575551,5.907048,0.023826
126.971801,120.396377,6.575424,127.319992,120.727408,6.592585,5.840365,0.019672
126.935639,120.342846,6.592793,127.663204,121.090724,6.572480,6.084608,0.024052
126.995072,120.432485,6.562588,127.945223,121.416976,6.528247,6.306994,0.022228
126.784312,120.202714,6.581598,127.197021,120.639560,6.557461,6.202549,0.024321
126.787205,120.210222,6.576983,127.651739,121.108071,6.543668,5.827238,0.023090
126.873352,120.297111,6.576241,127.821512,121.293356,6.528156,5.473606,0.025794
126.833150,120.256649,6.576501,127.582108,121.020043,6.562067,6.077515,0.019738
126.840326,120.263277,6.577050,127.809866,121.250521,6.559345,5.750197,0.022184
126.936998,120.367418,6.569580,127.785344,121.235210,6.550134,5.890031,0.022017
126.871636,120.299211,6.572425,127.644084,121.098781,6.545304,5.963475,0.022356
126.826150,120.259679,6.566471,127.970812,121.441641,6.529171,5.756728,0.022486
126.856190,120.302557,6.553634,128.028122,121.482885,6.545237,6.151777,0.022339
126.774155,120.199264,6.574891,127.382215,120.853621,6.528594,5.307280,0.026725
126.855967,120.293113,6.562854,128.343376,121.839087,6.504288,5.951363,0.023347
126.922376,120.353763,6.568613,127.478300,120.928403,6.549896,5.657187,0.024883
126.785600,120.216153,6.569447,128.190273,121.656001,6.534272,6.029263,0.023097
126.730753,120.163099,6.567654,128.008241,121.462252,6.545989,5.407236,0.024730
126.754606,120.176378,6.578229,128.045288,121.527960,6.517328,5.757619,0.023830
126.631276,120.055106,6.576171,127.591573,121.055582,6.535991,5.753841,0.022393
126.762133,120.187634,6.574499,127.749367,121.218648,6.530719,5.630671,0.024000
126.663776,120.096020,6.567756,127.682773,121.123289,6.559485,5.970990,0.023155
126.844944,120.283254,6.561690,127.828141,121.275754,6.552387,5.681766,0.024421
126.716004,120.139526,6.576477,128.007884,121.465097,6.542787,6.405434,0.020337
126.672406,120.102831,6.569575,128.146142,121.622661,6.523481,5.409717,0.023130
126.712237,120.139656,6.572580,127.734417,121.181884,6.552533,5.513129,0.021874
126.618353,120.048264,6.570089,127.659136,121.111972,6.547163,5.322173,0.024145
126.656245,120.094655,6.561590,127.581396,121.022585,6.558811,5.606593,0.022587
126.645206,120.059605,6.585601,127.446563,120.862791,6.583772,5.914761,0.024262
126.677361,120.100845,6.576517,127.158750,120.592084,6.566666,5.564259,0.024330
126.560741,119.995016,6.565725,127.850253,121.333194,6.517059,5.996145,0.023106
126.784353,120.231851,6.552503,127.628465,121.058044,6.570421,5.891694,0.022306
126.626539,120.064989,6.561550,127.746119,121.190834,6.555285,5.676787,0.023752
126.461985,119.876049,6.585936,127.496006,120.933574,6.562433,5.427069,0.024467
126.585214,120.010186,6.575028,127.723440,121.191744,6.531695,5.808016,0.021416
126.657964,120.082128,6.575836,127.496980,120.941207,6.555773,5.900972,0.021305
126.501867,119.909649,6.592219,127.509778,120.954689,6.555089,5.363578,0.023833
126.562572,119.991206,6.571366,128.076360,121.554298,6.522061,5.819864,0.024500
126.666822,120.105086,6.561735,128.036280,121.521085,6.515195,5.789154,0.025777
126.490037,119.918501,6.571537,127.404990,120.856360,6.548629,6.160404,0.021552
126.547885,119.982488,6.565397,127.820612,121.309606,6.511006,5.724774,0.026898
126.703106,120.137105,6.566001,127.740302,121.198461,6.541842,5.397812,0.026787
126.486380,119.907308,6.579072,127.768483,121.220738,6.547745,5.806305,0.024150
126.449346,119.874949,6.574397,127.671153,121.168024,6.503128,6.063155,0.021869
126.458952,119.891159,6.567793,127.685643,121.116287,6.569356,5.999813,0.021051
126.344993,119.753423,6.591570,127.531646,120.988420,6.543227,6.234787,0.021356
126.388353,119.807031,6.581323,127.781127,121.241581,6.539546,5.813779,0.024584
126.561746,119.986603,6.575143,127.543364,120.989997,6.553367,5.369590,0.024413
