259.359260,255.430588,3.928671,194.692181,192.178974,2.513207,3.752666,0.008263
190.138963,186.477299,3.661664,181.068326,175.512789,5.555537,2.820995,0.013757
171.316912,163.579669,7.737242,159.819587,149.680712,10.138875,2.916581,0.016523
155.752459,144.929336,10.823123,150.674556,139.384975,11.289581,3.152030,0.017684
147.399626,135.287163,12.112463,142.756206,129.887793,12.868413,3.201262,0.019364
141.264379,128.008950,13.255429,138.933151,125.072868,13.860282,2.915867,0.021438
137.326194,123.413371,13.912823,134.741542,120.449733,14.291809,3.121030,0.020275
134.254920,119.830624,14.424296,131.629976,116.950160,14.679816,3.417006,0.021199
131.705829,116.932762,14.773068,129.588666,114.702863,14.885803,3.342527,0.021462
129.606913,114.420546,15.186366,127.861633,112.435381,15.426252,3.159546,0.021603
127.779039,112.203481,15.575558,126.198966,110.472277,15.726689,3.296615,0.021786
126.271614,110.334950,15.936665,124.579646,108.443169,16.136476,3.442199,0.020981
124.823202,108.568723,16.254479,123.206209,106.823856,16.382353,3.405442,0.020731
123.652788,107.221515,16.431273,122.579518,106.038384,16.541134,3.235029,0.021723
122.490637,105.921556,16.569082,121.092887,104.354289,16.738598,3.396247,0.021249
121.526574,104.723418,16.803156,120.321125,103.525136,16.795989,3.278663,0.021278
120.604365,103.690768,16.913598,119.529227,102.519366,17.009862,3.222681,0.021473
119.823159,102.793915,17.029244,118.787574,101.738102,17.049472,3.323676,0.021613
118.922971,101.781000,17.141971,118.188181,100.989318,17.198863,3.280635,0.019804
118.308582,101.065370,17.243213,117.439076,100.099742,17.339334,3.390118,0.021515
117.690216,100.327583,17.362633,116.975589,99.550158,17.425431,3.418817,0.020437
117.070214,99.646836,17.423378,116.199052,98.774961,17.424091,3.528024,0.019449
116.584243,99.078808,17.505435,115.774371,98.241126,17.533245,3.311692,0.021238
116.062386,98.512320,17.550066,115.604675,98.081811,17.522865,3.416332,0.019532
115.610278,97.978678,17.631600,114.825884,97.180208,17.645675,3.469174,0.019293
115.152195,97.493264,17.658930,114.769787,97.109261,17.660526,3.474780,0.019939
114.769798,97.047838,17.721960,114.470977,96.819036,17.651942,3.363947,0.020222
114.398158,96.643520,17.754638,113.832172,96.092559,17.739613,3.560754,0.019597
113.952574,96.163385,17.789189,113.645497,95.857183,17.788313,3.314988,0.020224
113.628106,95.795377,17.832729,113.169190,95.375071,17.794119,3.458969,0.019793
113.266851,95.401716,17.865134,113.015933,95.168226,17.847707,3.429688,0.020667
112.863184,94.963238,17.899947,112.481787,94.525688,17.956100,3.454132,0.019780
112.580551,94.682173,17.898378,112.476091,94.569922,17.906169,3.411566,0.020757
112.301847,94.349934,17.951913,111.919489,93.961614,17.957876,3.614729,0.018576
111.939216,93.949299,17.989918,111.740560,93.719329,18.021232,3.472403,0.019085
111.644598,93.646976,17.997622,111.545844,93.541365,18.004479,3.590313,0.018220
111.401768,93.403678,17.998090,111.258513,93.291077,17.967435,3.569164,0.019590
111.105318,93.048200,18.057118,110.923500,92.826324,18.097176,3.512260,0.019247
110.746295,92.711967,18.034328,110.945483,92.928692,18.016791,3.332316,0.021178
110.589195,92.523881,18.065315,110.384244,92.273994,18.110249,3.470759,0.019407
110.354973,92.280610,18.074362,110.182554,92.125232,18.057322,3.611746,0.019400
110.052154,91.928861,18.123293,110.042654,91.901875,18.140780,3.586787,0.018801
109.913754,91.724503,18.189251,109.643406,91.523484,18.119923,3.523332,0.019628
109.593923,91.437853,18.156069,109.503737,91.369988,18.133749,3.399263,0.019742
109.395385,91.280461,18.114925,109.201769,91.015823,18.185945,3.347499,0.020354
109.103409,90.963694,18.139715,109.149467,91.032226,18.117241,3.452863,0.019557
109.010465,90.847363,18.163103,109.130519,91.024758,18.105761,3.634488,0.017959
108.777873,90.631751,18.146121,108.700070,90.549520,18.150550,3.637301,0.017985
108.630662,90.452258,18.178404,108.657102,90.414752,18.242350,3.497711,0.019020
108.287834,90.069078,18.218755,108.532332,90.257530,18.274801,3.562500,0.019115
108.138593,89.919724,18.218869,108.371959,90.248618,18.123340,3.383705,0.020208
107.990998,89.762426,18.228572,108.181308,89.990419,18.190889,3.483708,0.020060
107.772829,89.501834,18.270995,107.837938,89.627043,18.210894,3.534215,0.019210
107.614391,89.372567,18.241824,107.897004,89.689935,18.207069,3.514088,0.019400
107.467183,89.235795,18.231387,107.580468,89.308197,18.272271,3.550419,0.018220
107.288760,89.057937,18.230822,107.447468,89.264121,18.183347,3.505659,0.018365
107.132366,88.889009,18.243358,107.498302,89.255403,18.242900,3.538487,0.019588
106.946540,88.629037,18.317503,107.155983,88.812158,18.343825,3.549012,0.019480
106.806373,88.504078,18.302295,107.111181,88.845134,18.266047,3.634959,0.019127
106.636579,88.337031,18.299548,106.900903,88.624110,18.276793,3.529147,0.020166
106.571074,88.228562,18.342512,106.732323,88.421724,18.310599,3.564787,0.018552
106.383150,88.047602,18.335548,106.804547,88.510846,18.293701,3.426303,0.018612
106.319821,87.980638,18.339183,106.457026,88.140590,18.316436,3.566126,0.018363
106.135469,87.802887,18.332581,106.622009,88.211174,18.410836,3.478318,0.018897
105.986906,87.627592,18.359314,106.416682,88.162394,18.254288,3.673709,0.017568
105.895839,87.502266,18.393574,106.261856,87.887583,18.374272,3.678805,0.017300
105.674956,87.286922,18.388034,106.034342,87.742005,18.292337,3.590811,0.020308
105.598595,87.244503,18.354092,106.069942,87.742416,18.327526,3.647555,0.017829
105.492398,87.116223,18.376175,105.981084,87.681042,18.300042,3.566732,0.019218
105.383073,87.040248,18.342824,105.944211,87.620955,18.323256,3.603446,0.017859
105.321878,86.974882,18.346996,105.856890,87.510998,18.345892,3.512972,0.018945
105.200257,86.828943,18.371313,105.672747,87.314267,18.358480,3.367585,0.019968
105.025107,86.675951,18.349155,105.785944,87.490126,18.295818,3.480182,0.020076
104.888750,86.578642,18.310108,105.253158,86.998438,18.254720,3.648338,0.018566
104.861770,86.542664,18.319106,105.123868,86.843852,18.280016,3.602899,0.017033
104.741945,86.380488,18.361457,105.352795,87.055510,18.297285,3.441766,0.019009
104.658336,86.341627,18.316709,105.169345,86.876479,18.292866,3.535605,0.018845
104.548810,86.197607,18.351203,105.223818,86.958427,18.265391,3.743499,0.017960
104.518119,86.210367,18.307752,105.050662,86.790534,18.260128,3.692522,0.017566
104.318040,85.986009,18.332030,104.874062,86.531595,18.342467,3.548895,0.016714
104.294786,85.944424,18.350361,104.948831,86.712433,18.236397,3.613176,0.018243
104.273831,85.916620,18.357211,105.027636,86.685926,18.341710,3.399092,0.019309
104.156157,85.788601,18.367556,104.775007,86.432331,18.342677,3.630782,0.018465
104.092006,85.700254,18.391752,104.837000,86.478218,18.358782,3.606729,0.017680
103.988470,85.585915,18.402555,104.790906,86.406297,18.384610,3.624354,0.018088
103.930566,85.501111,18.429456,104.669860,86.340599,18.329260,3.534747,0.018603
103.877575,85.436033,18.441542,104.735763,86.359930,18.375833,3.538621,0.019612
103.860681,85.434148,18.426533,104.657891,86.283946,18.373945,3.810187,0.016765
103.766549,85.319933,18.446616,104.450469,86.039075,18.411394,3.487595,0.019444
103.659740,85.194882,18.464858,104.446903,86.000831,18.446073,3.731048,0.020286
103.629974,85.186788,18.443186,104.491158,86.062440,18.428717,3.611254,0.018143
103.576284,85.129804,18.446479,104.549873,86.093419,18.456453,3.606730,0.018458
103.560866,85.023691,18.537175,104.271645,85.839632,18.432012,3.552328,0.018120
103.464553,84.937722,18.526831,104.421882,85.893674,18.528208,3.654865,0.018425
103.440210,84.911697,18.528513,104.332503,85.870108,18.462395,3.616990,0.018422
103.340947,84.809720,18.531226,104.223794,85.718508,18.505286,3.859165,0.016408
103.295869,84.782500,18.513370,104.385952,85.876778,18.509175,3.469231,0.018667
103.193261,84.672257,18.521004,104.139833,85.703176,18.436657,3.756413,0.019257
103.202805,84.694277,18.508528,104.248545,85.721645,18.526900,3.552035,0.017746
103.163101,84.618287,18.544813,103.859712,85.317968,18.541744,3.611360,0.018042
103.036895,84.496262,18.540632,104.136740,85.643135,18.493605,3.739565,0.017484
103.035473,84.461083,18.574389,104.169514,85.642071,18.527443,3.643553,0.018521
102.962489,84.387711,18.574778,103.879024,85.362693,18.516332,3.677349,0.018460
102.899258,84.292374,18.606884,103.939855,85.400847,18.539008,3.567504,0.018722
102.862849,84.233538,18.629311,103.833575,85.252985,18.580590,3.682191,0.017274
102.848487,84.246727,18.601761,103.931777,85.346380,18.585397,3.753980,0.017133
102.763077,84.165907,18.597171,103.924485,85.391293,18.533192,3.570514,0.017948
102.766781,84.160727,18.606055,103.796119,85.265822,18.530298,3.512636,0.019127
102.698152,84.068721,18.629431,103.787410,85.252434,18.534975,3.529489,0.019756
102.692652,84.096931,18.595721,103.851196,85.277501,18.573694,3.842795,0.018447
102.627759,84.007872,18.619887,103.763087,85.158636,18.604451,3.740966,0.018040
102.657357,84.002891,18.654466,103.865034,85.224724,18.640310,3.848434,0.016705
102.597429,83.915261,18.682168,103.648382,84.992728,18.655654,3.738981,0.017013
102.550595,83.873620,18.676975,103.696764,84.954723,18.742041,3.641347,0.018129
102.457743,83.750808,18.706934,103.634346,84.893891,18.740455,3.482014,0.018216
102.474730,83.792994,18.681736,104.059279,85.455436,18.603843,3.533434,0.018079
102.509518,83.790248,18.719270,103.518201,84.816202,18.702000,3.706534,0.018518
102.421027,83.712403,18.708624,103.453046,84.710710,18.742336,3.729501,0.017408
102.313826,83.591744,18.722082,103.604576,84.894681,18.709895,3.729106,0.017370
102.313316,83.600637,18.712679,103.527457,84.792341,18.735115,3.671398,0.017095
102.270557,83.530987,18.739570,103.379045,84.579800,18.799246,3.634523,0.017678
102.226639,83.483499,18.743139,103.534187,84.810764,18.723423,3.850205,0.017260
102.250332,83.460897,18.789435,103.569289,84.874271,18.695018,3.512351,0.018725
102.188944,83.452522,18.736422,103.484984,84.771210,18.713775,3.982166,0.017847
102.140502,83.349135,18.791367,103.429137,84.755037,18.674100,3.789257,0.016167
102.159432,83.392619,18.766813,103.429527,84.672872,18.756655,3.720107,0.018450
102.084556,83.341286,18.743270,103.545648,84.815761,18.729887,3.854637,0.018109
102.043007,83.224217,18.818790,103.260697,84.400153,18.860544,3.731855,0.017053
102.088181,83.263497,18.824684,103.347745,84.631999,18.715746,3.733888,0.017081
102.013356,83.241803,18.771553,103.316505,84.580031,18.736474,3.878223,0.018635
101.970285,83.155331,18.814954,103.422263,84.603698,18.818565,3.760831,0.017568
101.951816,83.138578,18.813238,103.264893,84.454308,18.810585,3.627991,0.018514
101.948857,83.122270,18.826587,103.295563,84.537624,18.757939,3.563418,0.018300
101.911966,83.090727,18.821239,103.357707,84.643448,18.714260,3.734503,0.018143
101.857762,82.983298,18.874465,103.312919,84.504044,18.808876,3.766299,0.017119
101.817671,83.004776,18.812895,103.330476,84.606691,18.723785,3.708516,0.018409
101.837046,82.993952,18.843094,103.149048,84.343465,18.805583,3.696240,0.017720
101.808750,82.948137,18.860613,103.372333,84.513879,18.858454,3.673226,0.018180
101.715832,82.854970,18.860863,103.169023,84.312474,18.856550,3.713891,0.017907
101.711064,82.847446,18.863617,103.264112,84.447010,18.817101,3.596729,0.018753
101.653024,82.782734,18.870290,103.250540,84.366804,18.883736,3.696581,0.017195
101.627916,82.789937,18.837979,103.113960,84.357377,18.756583,3.801512,0.018455
101.613596,82.774255,18.839342,103.133259,84.386978,18.746281,3.938533,0.015731
101.601931,82.730295,18.871636,103.044599,84.139550,18.905049,3.483691,0.018631
101.568540,82.702832,18.865708,103.114403,84.313447,18.800957,3.593268,0.018537
101.591300,82.683854,18.907447,102.875412,84.022600,18.852812,3.717220,0.018336
101.587390,82.686437,18.900953,102.907154,84.058544,18.848610,3.809018,0.019287
101.530792,82.654831,18.875961,103.051103,84.263080,18.788023,3.757623,0.017944
101.540953,82.639493,18.901460,103.049073,84.172945,18.876129,3.689449,0.017141
101.512128,82.605254,18.906874,103.140349,84.246451,18.893898,3.691281,0.017703
101.488844,82.554962,18.933882,103.304310,84.435901,18.868409,3.675547,0.017606
101.485579,82.560285,18.925294,103.068221,84.143211,18.925011,3.692099,0.017197
101.520751,82.586804,18.933947,103.046284,84.144876,18.901409,3.692906,0.017982
101.449823,82.511252,18.938572,102.900852,83.936214,18.964638,3.670474,0.017657
101.390057,82.436902,18.953155,102.872723,84.024835,18.847889,3.740868,0.017795
101.343580,82.383047,18.960533,102.985320,84.045999,18.939321,3.726333,0.016943
101.281067,82.340952,18.940114,102.812341,83.971588,18.840752,3.663126,0.018959
101.281680,82.372648,18.909032,102.760306,83.968452,18.791853,3.834676,0.018568
101.314044,82.367414,18.946629,102.895813,84.017885,18.877928,3.717618,0.017133
101.288013,82.288423,18.999590,102.791143,83.863476,18.927667,3.639973,0.018679
