235.963338,234.037480,1.925859,193.652088,190.519241,3.132847,5.971092,0.005050
186.849698,182.159869,4.689829,174.996248,167.847658,7.148590,3.972303,0.009776
164.321570,154.891495,9.430076,154.132711,143.205311,10.927400,3.684806,0.013521
149.958490,137.974765,11.983725,145.091094,132.566910,12.524184,3.675451,0.014046
142.506413,129.518697,12.987716,138.607347,125.087030,13.520317,3.976340,0.014088
137.257984,123.372019,13.885965,134.363904,120.325156,14.038747,4.054577,0.015196
133.293832,118.819321,14.474511,131.092194,116.364834,14.727361,4.026498,0.015398
130.154862,115.192071,14.962791,127.713902,112.589437,15.124465,4.318719,0.014468
127.710169,112.363617,15.346552,126.089382,110.527369,15.562012,3.989995,0.015786
125.790173,110.119350,15.670823,124.128079,108.128722,15.999357,3.977656,0.016200
124.125937,108.208843,15.917094,122.790661,106.725615,16.065046,3.935802,0.014885
122.654010,106.538299,16.115711,121.337243,105.231684,16.105559,4.069427,0.015613
121.369922,105.100853,16.269069,120.484344,104.021224,16.463121,3.907329,0.015792
120.205760,103.798527,16.407232,119.081323,102.627697,16.453626,3.961425,0.016039
119.156478,102.661859,16.494618,118.132140,101.548842,16.583298,4.146012,0.015370
118.083685,101.533911,16.549774,117.160935,100.486281,16.674653,4.080390,0.014831
117.117236,100.544307,16.572930,116.411470,99.640621,16.770849,3.966545,0.015394
116.266469,99.556304,16.710165,115.701272,98.830335,16.870936,3.893005,0.016925
115.494553,98.744933,16.749620,115.103363,98.251915,16.851448,3.936428,0.016407
114.800322,97.947872,16.852450,114.438053,97.670190,16.767863,3.815906,0.017005
114.080860,97.243147,16.837713,113.525036,96.713954,16.811082,4.148388,0.015292
113.407497,96.566810,16.840687,113.284686,96.402573,16.882113,4.055627,0.015160
112.909377,96.012976,16.896401,112.470414,95.532897,16.937518,3.919761,0.015921
112.346766,95.392662,16.954104,112.134559,95.210230,16.924329,3.994004,0.015715
111.878266,94.922561,16.955706,111.599908,94.489616,17.110291,4.080234,0.015184
111.453037,94.482843,16.970194,111.630973,94.480112,17.150861,3.948812,0.015363
111.015689,93.949035,17.066654,111.045962,93.908218,17.137744,3.885638,0.016110
110.532877,93.472930,17.059947,110.756014,93.700735,17.055279,3.944811,0.016468
110.202532,93.159255,17.043277,110.299193,93.176324,17.122870,4.099594,0.014217
109.928560,92.809137,17.119423,110.216647,93.153373,17.063274,3.977531,0.016474
109.473491,92.361309,17.112182,109.588448,92.505086,17.083361,3.936877,0.015902
109.250843,92.135900,17.114942,109.687738,92.486136,17.201602,3.995658,0.016512
108.927288,91.790210,17.137078,109.147435,91.982862,17.164573,4.126493,0.014948
108.518812,91.358994,17.159818,108.995418,91.787367,17.208051,3.971970,0.014800
108.329473,91.151128,17.178345,108.766340,91.624192,17.142148,4.046010,0.015289
108.016439,90.821985,17.194454,108.356273,91.145691,17.210582,4.096133,0.014355
107.819434,90.620157,17.199277,108.515842,91.325893,17.189948,4.033206,0.014848
107.596116,90.327729,17.268386,108.088080,90.843201,17.244879,3.897466,0.014711
107.333553,89.994092,17.339460,108.078051,90.699953,17.378099,4.036315,0.016002
107.132100,89.770678,17.361422,107.758400,90.449792,17.308608,3.982727,0.014831
106.893460,89.520443,17.373017,107.724559,90.252211,17.472348,4.180076,0.014470
106.709818,89.316850,17.392968,107.468269,90.092422,17.375847,3.863279,0.015948
106.568927,89.106399,17.462528,107.251065,89.760658,17.490408,3.827113,0.016106
106.486821,89.022699,17.464122,107.009776,89.648709,17.361068,4.037446,0.014508
106.208346,88.768282,17.440064,107.114124,89.643674,17.470450,4.084274,0.014884
106.026624,88.612799,17.413825,106.930468,89.498825,17.431643,3.942951,0.015912
105.884541,88.404522,17.480019,106.736532,89.267350,17.469182,3.876203,0.015718
105.774013,88.290517,17.483496,106.498045,88.959025,17.539019,3.891778,0.016194
105.572227,88.015720,17.556508,106.513453,88.884862,17.628591,4.153855,0.014243
105.492721,87.925409,17.567311,106.648527,89.130374,17.518153,3.898540,0.015503
105.374494,87.773136,17.601359,106.368918,88.768750,17.600168,4.123411,0.014469
105.190505,87.618696,17.571809,106.146629,88.594102,17.552527,4.038865,0.015029
105.076597,87.483398,17.593198,106.216082,88.733615,17.482467,4.020787,0.015292
105.025183,87.330553,17.694630,106.003690,88.249532,17.754158,4.039032,0.014672
104.846405,87.148952,17.697453,106.007154,88.296968,17.710185,4.052703,0.015555
104.743752,87.046549,17.697203,105.800066,88.144604,17.655462,3.938416,0.015275
104.760187,87.038679,17.721509,105.927479,88.207964,17.719515,3.897691,0.015692
104.525122,86.766918,17.758204,105.604166,87.957147,17.647020,4.105854,0.014445
104.480738,86.722006,17.758731,105.706249,87.948798,17.757451,3.949826,0.014856
104.333706,86.566588,17.767118,105.462856,87.650519,17.812337,4.045132,0.014686
104.285033,86.480394,17.804639,105.338457,87.546898,17.791559,4.082558,0.015317
104.184657,86.375426,17.809231,105.313265,87.608723,17.704541,4.004477,0.014900
104.122099,86.372202,17.749897,105.405439,87.661649,17.743789,3.921800,0.014308
104.027362,86.220218,17.807144,105.261646,87.465357,17.796289,4.043949,0.015450
103.970570,86.143361,17.827209,105.268619,87.442436,17.826183,4.040990,0.014583
103.864232,86.032091,17.832141,105.212156,87.473371,17.738785,4.047417,0.014895
103.834777,86.021936,17.812841,105.295336,87.509602,17.785734,3.964971,0.014420
103.770372,85.915677,17.854695,105.076816,87.099276,17.977541,4.024218,0.013984
103.682063,85.825563,17.856499,105.180681,87.309078,17.871603,4.097785,0.014402
103.697016,85.820440,17.876577,104.859493,86.998812,17.860680,3.854311,0.015352
103.633811,85.741231,17.892580,104.924333,87.114596,17.809737,4.222406,0.014204
103.482399,85.556847,17.925552,104.865873,87.035004,17.830869,4.053269,0.014330
103.412824,85.522883,17.889940,105.092192,87.183985,17.908208,3.795098,0.015486
103.338944,85.460007,17.878937,105.128073,87.255169,17.872904,3.715855,0.015825
103.272831,85.390643,17.882188,104.594977,86.598156,17.996822,3.970260,0.013975
103.227135,85.308488,17.918648,104.863697,87.094147,17.769550,4.227509,0.014131
103.185145,85.258472,17.926673,104.679707,86.830505,17.849202,4.073515,0.014322
103.132946,85.213989,17.918958,104.592292,86.778214,17.814077,4.073517,0.015683
102.982501,85.106206,17.876295,104.731992,86.911632,17.820360,3.971822,0.014810
103.000658,85.105282,17.895376,104.488508,86.635018,17.853490,3.874262,0.016400
102.935055,85.042304,17.892751,104.525130,86.646371,17.878759,4.026467,0.015403
102.825125,84.930030,17.895095,104.582104,86.676220,17.905883,3.901113,0.014898
102.872031,84.942767,17.929264,104.406849,86.543750,17.863099,4.160262,0.013799
102.747452,84.830178,17.917274,104.520254,86.748247,17.772007,3.930451,0.015398
102.700538,84.764902,17.935635,104.367053,86.407088,17.959965,4.078310,0.013938
102.699030,84.782242,17.916788,104.239751,86.322158,17.917593,3.902667,0.016264
102.610691,84.720135,17.890556,104.387962,86.476143,17.911819,3.964983,0.014897
102.488748,84.540356,17.948392,104.364923,86.553186,17.811737,4.019685,0.015539
102.506902,84.625141,17.881761,104.352319,86.530938,17.821381,3.921024,0.014711
102.483797,84.565856,17.917941,104.294832,86.364765,17.930067,3.837258,0.015385
102.392192,84.457563,17.934629,104.129382,86.227522,17.901861,3.899576,0.014696
102.362720,84.469444,17.893276,104.037717,86.214594,17.823123,3.838178,0.015170
102.250567,84.308914,17.941653,104.151563,86.196055,17.955508,3.818735,0.015585
102.200260,84.342146,17.858114,104.212385,86.429259,17.783125,4.020786,0.015558
102.265103,84.410393,17.854709,103.965169,86.151125,17.814045,3.797669,0.015532
102.102891,84.210307,17.892584,104.107483,86.353296,17.754187,3.988160,0.015357
102.210703,84.353069,17.857635,103.932114,86.163384,17.768730,4.201838,0.013634
102.079398,84.208629,17.870769,104.001005,86.096667,17.904338,3.925120,0.016008
102.044542,84.169352,17.875189,104.009130,86.324680,17.684450,3.991217,0.015444
101.975308,84.138238,17.837071,104.021321,86.246066,17.775254,4.075334,0.015270
101.993797,84.180274,17.813523,104.031094,86.263276,17.767818,4.065784,0.013324
101.985014,84.165807,17.819208,103.943039,86.158315,17.784724,3.835423,0.016473
101.836028,83.982758,17.853270,103.725383,85.852991,17.872392,3.846076,0.015938
101.845554,83.980864,17.864689,103.790877,86.017157,17.773720,3.852597,0.015344
101.782446,83.919654,17.862792,103.611045,85.762429,17.848616,3.844715,0.016181
101.750723,83.897544,17.853180,103.806365,86.012935,17.793430,3.899401,0.015323
101.716241,83.838371,17.877870,103.635134,85.731909,17.903225,4.010345,0.014307
101.621052,83.772545,17.848508,103.789645,86.003475,17.786170,4.166323,0.014046
101.631628,83.795882,17.835746,103.562993,85.795252,17.767741,3.999641,0.015669
101.632501,83.792248,17.840253,103.584340,85.802939,17.781400,4.093154,0.013239
101.578194,83.746085,17.832109,103.510768,85.749817,17.760952,3.881104,0.015009
101.613009,83.803788,17.809221,103.614734,85.845033,17.769701,3.879341,0.015190
101.572829,83.722164,17.850665,103.525964,85.720963,17.805000,4.004762,0.013707
101.411069,83.566249,17.844820,103.518142,85.747352,17.770790,3.948357,0.014560
101.378586,83.551771,17.826815,103.487976,85.751341,17.736634,3.889001,0.015808
101.398550,83.570403,17.828147,103.594140,85.830832,17.763309,3.954636,0.015368
101.345395,83.508379,17.837016,103.676819,85.934731,17.742088,3.904230,0.016723
101.377384,83.516859,17.860525,103.495236,85.749603,17.745633,4.029893,0.014675
101.298295,83.482262,17.816032,103.329685,85.586504,17.743181,3.894161,0.015201
101.281787,83.447225,17.834562,103.305747,85.407781,17.897967,4.120209,0.015296
101.219510,83.353307,17.866202,103.344047,85.467406,17.876642,3.959534,0.014754
101.152136,83.289460,17.862676,103.521008,85.635469,17.885539,3.942892,0.014609
101.157738,83.305632,17.852106,103.411342,85.525095,17.886248,3.836273,0.016004
101.071632,83.254352,17.817280,103.243126,85.464291,17.778835,3.853164,0.014860
101.122634,83.257370,17.865264,103.217035,85.350357,17.866678,3.875180,0.015546
101.072858,83.209226,17.863632,103.081279,85.262526,17.818752,4.048610,0.014554
101.060893,83.190565,17.870328,103.120929,85.316335,17.804593,3.971977,0.014632
101.023700,83.169118,17.854582,103.437913,85.632756,17.805157,4.074020,0.014417
100.995275,83.159028,17.836246,103.133336,85.397108,17.736228,4.019539,0.015809
100.938700,83.078302,17.860399,103.327855,85.372657,17.955198,3.838872,0.014678
100.973784,83.103211,17.870573,103.212271,85.366825,17.845446,4.030768,0.015985
100.926975,83.039139,17.887836,103.159012,85.248833,17.910180,3.775836,0.015854
100.859498,82.961096,17.898402,102.995564,85.214192,17.781373,3.988856,0.015220
100.847823,82.956231,17.891592,103.307910,85.418384,17.889527,3.940982,0.015693
100.795600,82.893668,17.901932,103.016996,85.268566,17.748429,4.050984,0.014762
100.834984,82.952540,17.882444,103.153363,85.243274,17.910088,4.046109,0.014627
100.859558,82.961448,17.898109,102.804113,85.061964,17.742150,4.024881,0.014684
100.794474,82.921693,17.872780,103.143379,85.338497,17.804881,3.950160,0.014713
100.730104,82.829105,17.900999,103.216707,85.342555,17.874152,4.011229,0.014868
100.767091,82.887595,17.879495,103.054866,85.146732,17.908133,3.930322,0.014849
100.719904,82.808489,17.911415,103.032980,85.156883,17.876098,3.594265,0.016593
100.694456,82.768629,17.925827,103.055850,85.137376,17.918474,3.766180,0.015350
100.627154,82.699521,17.927633,102.866607,85.031721,17.834886,3.937130,0.015122
100.574914,82.659772,17.915142,102.970420,85.078869,17.891550,3.931338,0.015253
100.601371,82.682079,17.919292,102.968721,85.057442,17.911279,3.950065,0.014883
100.589131,82.672580,17.916551,102.944555,85.086427,17.858128,4.173851,0.013819
100.562925,82.623693,17.939231,102.959102,85.145783,17.813319,4.182753,0.014051
100.538934,82.619479,17.919454,102.822876,84.847498,17.975378,4.086849,0.014621
100.495202,82.542169,17.953033,102.933834,85.119702,17.814132,3.857830,0.014697
100.549279,82.645689,17.903590,102.851933,85.027562,17.824371,3.957558,0.015341
100.489000,82.582820,17.906180,103.020141,85.201966,17.818175,3.939346,0.015626
100.485526,82.553591,17.931935,102.942314,85.008215,17.934098,4.030215,0.014280
100.437312,82.484806,17.952505,102.787187,84.964663,17.822524,3.983109,0.014959
100.443247,82.488632,17.954616,103.138499,85.328094,17.810405,3.851270,0.015705
100.447890,82.537014,17.910875,103.049991,85.187308,17.862683,3.963648,0.016061
100.389386,82.480154,17.909231,102.945452,85.116318,17.829133,3.872422,0.016470
100.350399,82.431039,17.919360,102.823742,84.980583,17.843160,3.883135,0.014882
100.392307,82.403583,17.988724,102.637812,84.697274,17.940539,3.923867,0.014578
100.334890,82.391709,17.943181,102.773901,84.875880,17.898021,3.896119,0.015863
100.313273,82.382737,17.930537,102.731455,84.773986,17.957469,4.130321,0.014311
