208.371473,203.401536,4.969936,181.860562,174.578843,7.281718,2.803281,0.019035
168.936540,157.507780,11.428760,155.617244,140.966941,14.650304,2.513291,0.029071
151.413405,135.505504,15.907901,146.300164,129.319317,16.980847,2.596355,0.031835
143.599003,125.664573,17.934430,140.376373,121.501880,18.874492,2.556543,0.034375
138.712783,119.387922,19.324860,135.841147,116.012834,19.828313,2.907842,0.032138
135.298182,115.186442,20.111740,133.070406,112.539443,20.530963,2.693221,0.036149
132.587794,111.950377,20.637417,130.417081,109.628174,20.788907,2.969287,0.034348
130.424947,109.389797,21.035150,128.293012,107.044300,21.248712,3.002032,0.033319
128.553356,107.226643,21.326713,126.817894,105.238468,21.579425,2.811930,0.036920
127.138758,105.525697,21.613061,125.615363,103.928200,21.687163,3.021344,0.036860
125.933032,104.173999,21.759033,124.720350,102.733465,21.986886,2.888649,0.039850
124.913369,102.997981,21.915388,123.628297,101.608853,22.019444,2.866962,0.038204
123.976263,101.938093,22.038170,122.742874,100.713373,22.029501,2.918465,0.038960
123.239114,101.140458,22.098656,122.337674,100.237077,22.100597,3.032938,0.036318
122.509548,100.339725,22.169824,121.633099,99.515464,22.117636,3.018404,0.039390
121.919051,99.705685,22.213366,121.275147,98.997381,22.277766,2.886458,0.037750
121.370325,99.055684,22.314642,120.590944,98.216835,22.374109,2.894038,0.041926
120.812650,98.506466,22.306184,120.167815,97.797027,22.370788,3.100780,0.036171
120.384548,98.017263,22.367285,119.762945,97.313502,22.449442,3.058746,0.036876
119.956252,97.496703,22.459550,119.286871,96.818350,22.468521,3.217418,0.034936
119.468095,97.034467,22.433629,119.000514,96.567341,22.433173,3.069055,0.037613
119.174240,96.686017,22.488223,118.697438,96.192276,22.505162,3.078945,0.038128
118.702829,96.176698,22.526131,118.381386,95.930152,22.451234,3.134133,0.036729
118.341090,95.776525,22.564565,117.850631,95.332936,22.517695,3.188104,0.034811
118.034455,95.456691,22.577764,117.758806,95.153890,22.604916,3.074981,0.037201
117.687913,95.114360,22.573554,117.550603,95.015876,22.534727,3.064572,0.037307
117.404695,94.814264,22.590431,117.232683,94.607778,22.624905,3.082934,0.038847
117.149912,94.545356,22.604556,116.911131,94.292252,22.618879,3.169879,0.036858
116.902848,94.222410,22.680438,116.644775,94.156307,22.488468,3.058801,0.038103
116.577576,93.951433,22.626144,116.404396,93.813688,22.590708,3.219272,0.035278
116.295890,93.623773,22.672117,116.055876,93.391176,22.664700,3.150049,0.035877
116.055514,93.331796,22.723718,116.078530,93.365236,22.713294,3.237910,0.033562
115.814917,93.144342,22.670575,115.833125,93.167590,22.665535,3.134878,0.037644
115.593465,92.893927,22.699537,115.492693,92.750300,22.742394,3.189898,0.035912
115.375361,92.682890,22.692471,115.347489,92.652097,22.695393,3.247877,0.035488
115.133123,92.438583,22.694539,115.337110,92.596212,22.740898,3.211900,0.035226
114.923856,92.192646,22.731210,115.013462,92.336452,22.677010,3.428380,0.033545
114.746002,92.030641,22.715361,114.699673,91.942248,22.757425,3.096757,0.037037
114.549275,91.811822,22.737452,114.521078,91.789115,22.731963,3.095749,0.037528
114.296959,91.557567,22.739392,114.566668,91.911930,22.654738,3.264235,0.035813
114.204968,91.498248,22.706720,114.417547,91.769801,22.647746,3.250137,0.037666
114.008725,91.237748,22.770977,114.300146,91.581175,22.718971,3.096433,0.039320
113.794676,91.029979,22.764697,114.178594,91.388923,22.789671,3.144295,0.037581
113.625249,90.841870,22.783380,113.872011,91.135389,22.736623,3.375698,0.033304
113.408107,90.681742,22.726365,113.837956,91.153326,22.684631,3.314074,0.037806
113.289886,90.529285,22.760602,113.721382,90.950750,22.770632,3.115509,0.035203
113.106004,90.320481,22.785523,113.343521,90.564621,22.778900,3.138207,0.035134
112.890083,90.106763,22.783320,113.196409,90.418716,22.777693,3.253253,0.035937
112.766638,89.973524,22.793114,113.360758,90.618206,22.742553,3.210517,0.037818
112.591127,89.839239,22.751889,113.073692,90.276100,22.797591,3.229627,0.036639
112.497820,89.705279,22.792541,112.778391,90.061406,22.716985,3.354557,0.037200
112.329944,89.533091,22.796853,112.637709,89.932908,22.704802,3.180771,0.036894
112.092181,89.353203,22.738979,112.733386,90.117044,22.616342,3.262828,0.033744
112.001083,89.258286,22.742796,112.636993,89.999734,22.637260,3.381100,0.035394
111.888596,89.114075,22.774521,112.228517,89.473255,22.755262,3.251140,0.035846
111.723130,88.961485,22.761645,112.169642,89.488715,22.680928,3.157501,0.036054
111.587988,88.830254,22.757734,112.163817,89.520772,22.643045,3.181474,0.036030
111.482569,88.707450,22.775119,112.230716,89.617601,22.613115,3.246952,0.036109
111.317185,88.557751,22.759434,111.963843,89.302606,22.661237,3.281558,0.034182
111.185528,88.452287,22.733241,111.953259,89.213894,22.739365,3.209219,0.036803
111.039289,88.299694,22.739594,111.787017,89.164974,22.622043,3.310295,0.036125
110.984977,88.263987,22.720990,111.868696,89.283571,22.585125,3.326066,0.036034
110.795016,88.054098,22.740918,111.486224,88.790271,22.695953,3.208493,0.035688
110.708399,87.947232,22.761167,111.279153,88.606085,22.673068,3.277305,0.036516
110.583250,87.872012,22.711239,111.325251,88.740362,22.584888,3.237379,0.036691
110.475263,87.807958,22.667306,111.088915,88.440149,22.648766,3.380939,0.034531
110.350122,87.629652,22.720470,111.062784,88.392133,22.670651,3.135787,0.037591
110.289129,87.557688,22.731440,110.690699,88.110400,22.580299,3.569393,0.030994
110.113673,87.423319,22.690354,110.850449,88.170647,22.679803,3.331773,0.033542
110.000188,87.283251,22.716937,110.787823,88.108936,22.678887,3.405022,0.033006
109.884452,87.225799,22.658654,110.798210,88.122783,22.675426,3.374930,0.033018
109.796838,87.123286,22.673551,111.071214,88.503375,22.567839,3.246305,0.034391
109.708461,87.012871,22.695591,110.244606,87.645433,22.599174,3.422385,0.033787
109.562890,86.936228,22.626662,110.716326,88.080624,22.635702,3.248778,0.035210
109.469940,86.828949,22.640991,110.353437,87.890926,22.462510,3.367143,0.033121
109.399922,86.788752,22.611169,110.486245,87.948828,22.537417,3.220213,0.035558
109.301746,86.694337,22.607409,110.087613,87.479351,22.608262,3.221325,0.036876
109.196385,86.578406,22.617979,110.089821,87.559462,22.530360,3.255933,0.035942
109.036046,86.420249,22.615797,109.884034,87.321634,22.562400,3.353965,0.034325
108.948968,86.321348,22.627621,109.811088,87.347348,22.463740,3.449746,0.033693
108.911185,86.328906,22.582279,110.020720,87.523320,22.497400,3.279457,0.033749
108.764350,86.175611,22.588739,109.950905,87.359636,22.591269,3.335926,0.032770
108.589030,86.010189,22.578841,109.930816,87.491061,22.439755,3.381510,0.034780
108.618839,86.023173,22.595666,109.599011,87.058643,22.540368,3.256246,0.035060
108.507345,85.865261,22.642084,109.568358,87.040741,22.527617,3.461438,0.032130
108.391788,85.786060,22.605728,109.586702,87.086011,22.500691,3.209641,0.033915
108.291224,85.684969,22.606255,109.418254,86.796607,22.621647,3.199753,0.035528
108.225034,85.648361,22.576674,109.387053,86.918641,22.468412,3.319956,0.034229
108.088622,85.498269,22.590353,109.085386,86.462838,22.622548,3.429656,0.034013
108.056097,85.434722,22.621376,109.247539,86.724222,22.523318,3.273347,0.034232
107.955404,85.379007,22.576397,109.152945,86.651552,22.501393,3.355884,0.032577
107.867383,85.308024,22.559359,108.836326,86.268323,22.568003,3.334340,0.033536
107.788182,85.218631,22.569551,109.046839,86.536457,22.510382,3.246539,0.034180
107.637058,85.091066,22.545992,108.839008,86.484032,22.354976,3.205373,0.036777
107.624834,85.057109,22.567725,108.679313,86.146257,22.533056,3.347289,0.032479
107.505848,84.991606,22.514241,108.749319,86.332694,22.416625,3.343156,0.033456
107.492308,84.956538,22.535770,108.595423,86.110576,22.484846,3.263921,0.034652
107.362735,84.806599,22.556136,108.530938,86.052035,22.478903,3.203520,0.035774
107.315992,84.769098,22.546894,108.345276,85.725034,22.620242,3.377231,0.034034
107.194355,84.625994,22.568362,108.488425,85.906224,22.582201,3.429567,0.032809
107.174191,84.609645,22.564546,108.408700,85.964840,22.443860,3.218289,0.034821
107.066369,84.552000,22.514369,108.440652,86.004202,22.436450,3.353971,0.034395
106.947250,84.466293,22.480956,108.352854,85.956201,22.396652,3.423568,0.033259
106.918549,84.414779,22.503770,108.293712,85.918010,22.375701,3.404178,0.032282
106.890536,84.387864,22.502672,108.133230,85.724354,22.408876,3.379748,0.032997
106.784111,84.260715,22.523396,108.059731,85.722572,22.337159,3.463626,0.033450
106.765541,84.286650,22.478891,108.105925,85.774431,22.331494,3.307051,0.031988
106.691541,84.185579,22.505962,108.293600,85.753284,22.540316,3.235635,0.032202
106.592647,84.071887,22.520761,107.959379,85.589826,22.369554,3.252736,0.035118
106.503306,84.021613,22.481694,107.814380,85.423495,22.390885,3.506394,0.031668
106.449423,83.942224,22.507200,107.727054,85.340065,22.386988,3.403964,0.033144
106.433855,83.921847,22.512008,107.926122,85.447214,22.478908,3.366613,0.031206
106.312607,83.822964,22.489643,107.718263,85.331278,22.386985,3.294821,0.034127
106.238777,83.756052,22.482725,107.624076,85.228656,22.395421,3.383234,0.034047
106.222758,83.737429,22.485329,107.536492,85.170314,22.366177,3.417002,0.032246
106.092708,83.598755,22.493953,107.662747,85.285552,22.377196,3.465067,0.030071
106.084101,83.598870,22.485231,107.580703,85.198793,22.381910,3.481756,0.032231
105.975090,83.506637,22.468453,107.372707,85.040749,22.331958,3.463148,0.031432
105.950249,83.498885,22.451364,107.458216,85.011143,22.447073,3.293572,0.032772
105.875969,83.407898,22.468071,107.285846,84.926578,22.359268,3.331737,0.034424
105.801029,83.360698,22.440330,107.459712,85.082384,22.377328,3.208231,0.035480
105.796398,83.328813,22.467585,107.196526,84.803572,22.392953,3.279615,0.034009
105.771067,83.301837,22.469229,107.108073,84.754419,22.353654,3.285920,0.033207
105.646892,83.194878,22.452014,107.187155,84.813891,22.373265,3.244039,0.035081
105.602793,83.159767,22.443026,107.033760,84.662408,22.371352,3.332907,0.033441
105.602766,83.111067,22.491699,107.206309,84.737879,22.468430,3.242206,0.035268
105.512224,83.056998,22.455227,106.849581,84.488805,22.360776,3.389948,0.030040
105.456594,83.014959,22.441635,106.915348,84.570223,22.345126,3.306261,0.031649
105.371726,82.882751,22.488975,107.188933,84.880480,22.308453,3.343738,0.032235
105.346552,82.891630,22.454922,107.099703,84.688876,22.410827,3.360851,0.033273
105.316869,82.843362,22.473507,106.950140,84.548217,22.401923,3.251674,0.034477
105.259577,82.777139,22.482438,106.768393,84.393616,22.374777,3.339067,0.032786
105.250038,82.751932,22.498106,106.918169,84.481293,22.436876,3.308915,0.035795
105.139996,82.644708,22.495288,106.795306,84.371878,22.423428,3.264508,0.035881
105.112519,82.651026,22.461492,106.649203,84.305750,22.343454,3.291455,0.032721
105.057181,82.598633,22.458548,106.731991,84.362236,22.369755,3.290691,0.031166
105.053005,82.584544,22.468462,106.619548,84.144950,22.474597,3.350292,0.035131
104.982396,82.488522,22.493874,106.956666,84.557112,22.399554,3.435663,0.031869
104.934846,82.479642,22.455204,106.662455,84.233125,22.429331,3.271783,0.032916
104.881947,82.424280,22.457667,106.577759,84.165849,22.411911,3.193231,0.034318
104.840501,82.384347,22.456154,106.405774,84.086332,22.319442,3.315156,0.032217
104.843116,82.400318,22.442797,106.527322,84.220220,22.307102,3.352926,0.031209
104.796766,82.317074,22.479692,106.333009,83.953991,22.379018,3.546909,0.031375
104.708354,82.216823,22.491530,106.185320,83.821305,22.364016,3.316331,0.037645
104.642745,82.158191,22.484554,106.416689,84.076224,22.340464,3.336267,0.032434
104.625330,82.158316,22.467014,106.459352,84.078471,22.380881,3.458367,0.030719
104.537451,82.093267,22.444184,106.477920,84.154057,22.323862,3.221522,0.034048
104.557060,82.068597,22.488463,106.173621,83.791524,22.382097,3.227109,0.033149
104.489451,82.025342,22.464109,106.225439,83.790647,22.434792,3.458290,0.032034
104.495060,82.023251,22.471810,106.184298,83.798892,22.385406,3.253386,0.033309
104.425196,81.943754,22.481442,106.207594,83.799548,22.408046,3.394824,0.031659
104.401375,81.911224,22.490150,106.088033,83.695260,22.392773,3.289941,0.035310
104.375293,81.921450,22.453843,105.983608,83.596328,22.387280,3.501396,0.031303
104.284660,81.807233,22.477428,105.927868,83.511062,22.416806,3.421544,0.033591
104.264965,81.815833,22.449132,106.160311,83.739606,22.420704,3.403581,0.032609
104.281668,81.807873,22.473795,106.151689,83.777215,22.374474,3.473571,0.030108
104.210985,81.727910,22.483075,106.193268,83.783485,22.409783,3.580065,0.028859
104.156050,81.697774,22.458276,105.744049,83.424974,22.319075,3.353190,0.032079
104.112294,81.672973,22.439321,105.924585,83.603869,22.320717,3.303519,0.033261
104.107400,81.654475,22.452925,105.936691,83.542461,22.394230,3.321342,0.034141
