195.902848,192.344281,3.558568,170.113596,162.252447,7.861149,3.108173,0.012138
158.315577,148.520533,9.795043,147.686606,136.798874,10.887732,3.273442,0.016005
144.808258,133.390924,11.417335,140.605614,128.652279,11.953335,3.412919,0.015703
138.346392,125.882899,12.463493,134.781421,121.740908,13.040513,3.312004,0.019376
133.591634,120.287796,13.303837,131.255345,117.563431,13.691913,3.301698,0.018309
130.168653,116.288999,13.879654,127.914851,113.849308,14.065543,3.346710,0.018477
127.502552,113.178855,14.323696,125.590183,111.020814,14.569370,3.303924,0.018250
125.209635,110.605014,14.604621,123.740497,109.048753,14.691744,3.452844,0.017492
123.491959,108.713036,14.778923,122.173359,107.388923,14.784436,3.457347,0.018965
121.879763,106.960451,14.919312,120.942910,105.889713,15.053197,3.325199,0.019646
120.463689,105.437185,15.026504,119.332975,104.157810,15.175165,3.421227,0.018517
119.256944,104.134716,15.122228,118.535502,103.415260,15.120243,3.248948,0.019049
118.126206,102.912948,15.213258,117.641018,102.451814,15.189204,3.319667,0.018819
117.059571,101.770248,15.289324,116.342637,101.055329,15.287308,3.435410,0.018238
116.091009,100.707016,15.383992,115.373125,100.005691,15.367434,3.350010,0.018098
115.123358,99.627632,15.495726,114.606946,99.072957,15.533989,3.437101,0.018409
114.402185,98.834018,15.568167,113.988880,98.454441,15.534439,3.485878,0.017604
113.743315,98.114816,15.628499,113.390681,97.702918,15.687763,3.409037,0.018510
113.017418,97.294751,15.722667,112.995091,97.247610,15.747481,3.303672,0.018292
112.461485,96.698626,15.762859,112.143710,96.347587,15.796123,3.346577,0.017725
111.852784,96.032408,15.820376,111.726965,95.973636,15.753330,3.413110,0.017271
111.367086,95.518413,15.848673,111.323212,95.490564,15.832647,3.511190,0.017619
110.911081,95.059173,15.851908,110.913270,94.953418,15.959853,3.287475,0.018028
110.385769,94.447394,15.938374,110.489879,94.542470,15.947409,3.381484,0.018139
109.976994,94.005905,15.971090,110.094493,94.088067,16.006426,3.470372,0.016746
109.641904,93.668559,15.973345,109.838819,93.834394,16.004424,3.407419,0.017014
109.279646,93.301096,15.978551,109.516344,93.587109,15.929236,3.352595,0.017751
108.946377,92.954291,15.992086,109.154946,93.251611,15.903335,3.297118,0.017604
108.682143,92.642418,16.039726,108.943825,92.890071,16.053754,3.521493,0.017513
108.394468,92.298056,16.096412,108.804869,92.704117,16.100752,3.417764,0.016828
108.043791,91.909873,16.133918,108.723200,92.540654,16.182546,3.349832,0.017602
107.805040,91.645979,16.159061,108.210118,92.055036,16.155082,3.357237,0.017509
107.538681,91.416589,16.122093,107.978541,91.894550,16.083991,3.535086,0.015820
107.279975,91.086011,16.193964,107.868772,91.656317,16.212454,3.236618,0.018144
107.087537,90.881597,16.205941,107.682584,91.540282,16.142302,3.405410,0.017482
106.836935,90.617342,16.219593,107.576108,91.353575,16.222533,3.285251,0.017840
106.635006,90.322784,16.312222,107.221966,90.923558,16.298408,3.304708,0.018185
106.490414,90.229940,16.260474,106.945444,90.716858,16.228586,3.311579,0.017137
106.244999,90.015137,16.229862,107.122263,90.861888,16.260375,3.315347,0.017192
106.074957,89.779959,16.294998,106.774598,90.476163,16.298436,3.517936,0.016533
105.963099,89.686839,16.276260,106.713097,90.486050,16.227047,3.258718,0.017615
105.812182,89.509696,16.302486,106.435066,90.128025,16.307041,3.429993,0.017038
105.676199,89.362319,16.313880,106.242273,89.944383,16.297890,3.328329,0.016210
105.510936,89.130275,16.380661,106.337755,89.971488,16.366267,3.399139,0.016336
105.316159,88.978938,16.337220,106.535797,90.217421,16.318376,3.237348,0.017934
105.220671,88.884514,16.336157,106.104877,89.791089,16.313788,3.264847,0.017850
105.069040,88.695278,16.373763,106.274868,89.856405,16.418464,3.274365,0.016894
104.926086,88.554690,16.371396,105.959687,89.655143,16.304544,3.277409,0.017703
104.938385,88.520038,16.418347,105.604368,89.147664,16.456704,3.318941,0.016064
104.669617,88.240803,16.428815,105.773798,89.350510,16.423288,3.456827,0.017219
104.659836,88.173211,16.486625,105.701904,89.290524,16.411380,3.265628,0.017747
104.452134,87.974881,16.477252,105.598557,89.122772,16.475785,3.500207,0.016217
104.342201,87.843946,16.498255,105.392174,88.936611,16.455562,3.512537,0.016423
104.257093,87.800369,16.456724,105.566246,89.071865,16.494381,3.439564,0.016654
104.169515,87.687913,16.481601,105.482833,88.989581,16.493253,3.265110,0.018121
104.018576,87.530906,16.487670,105.037285,88.588150,16.449135,3.386227,0.017921
104.015044,87.507467,16.507577,105.168849,88.735660,16.433189,3.450715,0.016579
103.853306,87.387541,16.465765,105.127279,88.709074,16.418205,3.510696,0.016872
103.854404,87.323815,16.530589,104.937458,88.455513,16.481944,3.411199,0.016699
103.724510,87.184069,16.540441,104.883035,88.389963,16.493072,3.426492,0.016963
103.670949,87.125485,16.545464,104.876080,88.156844,16.719236,3.437199,0.017077
103.532577,86.970529,16.562048,104.843955,88.320601,16.523354,3.462416,0.016474
103.529666,86.988124,16.541542,105.197047,88.678508,16.518538,3.334730,0.017940
103.576972,86.927452,16.649520,104.686516,88.099205,16.587311,3.451200,0.016471
103.358150,86.761163,16.596986,104.568792,88.006382,16.562411,3.562260,0.016861
103.289584,86.686384,16.603200,104.694173,88.135567,16.558606,3.398340,0.017123
103.249730,86.649822,16.599908,104.822721,88.298084,16.524637,3.422736,0.016551
103.191748,86.554872,16.636877,104.601746,87.908084,16.693661,3.338614,0.017268
103.093712,86.461927,16.631784,104.579660,87.969069,16.610592,3.447021,0.016885
103.125077,86.504415,16.620662,104.584212,87.984939,16.599274,3.594499,0.016202
103.029689,86.378147,16.651542,104.597782,87.912202,16.685580,3.346740,0.016181
103.021079,86.346021,16.675058,104.448046,87.693163,16.754883,3.444542,0.015518
102.875919,86.168526,16.707393,104.685905,87.971975,16.713930,3.289785,0.018032
102.915656,86.235889,16.679767,104.486927,87.720866,16.766061,3.350816,0.016816
102.835990,86.113966,16.722024,104.306524,87.605129,16.701395,3.617131,0.015873
102.748530,86.016167,16.732364,104.147013,87.527077,16.619935,3.288032,0.018081
102.718605,86.009710,16.708895,104.176598,87.491429,16.685169,3.451275,0.016863
102.725946,85.967978,16.757969,104.040611,87.248297,16.792314,3.360238,0.017198
102.648137,85.887743,16.760394,104.351123,87.624325,16.726798,3.584096,0.015243
102.622147,85.827695,16.794451,104.241186,87.439980,16.801206,3.366096,0.016547
102.567164,85.807212,16.759952,104.251942,87.515845,16.736097,3.279649,0.017546
102.476391,85.696940,16.779452,103.992362,87.219604,16.772758,3.366965,0.019192
102.511336,85.709706,16.801629,104.394097,87.556476,16.837621,3.436149,0.016281
102.452740,85.684266,16.768474,104.107230,87.348823,16.758407,3.590600,0.017075
102.470829,85.693805,16.777024,104.210404,87.542549,16.667856,3.578860,0.017340
102.433875,85.690418,16.743457,104.191513,87.489698,16.701815,3.355420,0.016509
102.333105,85.556740,16.776365,104.074561,87.390006,16.684556,3.442402,0.018059
102.376006,85.593000,16.783006,104.181085,87.432161,16.748924,3.474501,0.016131
102.288445,85.504195,16.784250,103.871651,87.095480,16.776171,3.394485,0.017230
102.162779,85.371028,16.791750,103.817299,87.032007,16.785292,3.423688,0.016640
102.246555,85.460733,16.785822,103.858390,87.169929,16.688461,3.536871,0.017639
102.248010,85.468450,16.779560,104.242578,87.434342,16.808235,3.278760,0.016822
102.229170,85.388773,16.840397,103.881790,86.991330,16.890460,3.477729,0.016388
102.185208,85.362434,16.822773,103.951127,87.138836,16.812291,3.289455,0.017488
102.111078,85.239405,16.871673,103.790280,86.916487,16.873793,3.578093,0.015915
102.059832,85.248801,16.811030,103.994201,87.144543,16.849659,3.538095,0.016985
102.078895,85.238105,16.840790,103.947118,87.158251,16.788867,3.227891,0.017520
102.069018,85.233293,16.835725,103.718341,86.906439,16.811902,3.366777,0.017328
102.047481,85.218984,16.828497,103.843249,87.082114,16.761135,3.469368,0.016096
102.006143,85.191865,16.814279,103.751805,86.960050,16.791755,3.740746,0.016566
102.015809,85.141539,16.874270,103.559646,86.819380,16.740266,3.585813,0.016166
101.895945,85.048568,16.847377,103.891518,87.118739,16.772779,3.527107,0.015893
101.876408,85.050073,16.826335,103.820632,87.028860,16.791772,3.550383,0.016687
101.961715,85.096936,16.864779,103.647177,86.821445,16.825732,3.429683,0.015239
101.925762,85.061090,16.864672,103.986290,87.218746,16.767544,3.706869,0.016018
101.923806,85.095913,16.827893,103.841348,87.098454,16.742894,3.603190,0.016810
101.839441,84.963941,16.875500,103.586145,86.738147,16.847999,3.571216,0.015949
101.772640,84.953992,16.818648,104.059743,87.323206,16.736537,3.596911,0.016401
101.797807,84.971527,16.826280,103.768100,86.884796,16.883304,3.499713,0.016747
101.795324,84.932459,16.862865,103.700391,86.888732,16.811659,3.584069,0.016209
101.796020,84.935900,16.860120,103.689101,86.873335,16.815766,3.311892,0.018927
101.784507,84.954489,16.830018,103.704323,86.926241,16.778083,3.512347,0.017140
101.701196,84.851520,16.849676,103.556013,86.664766,16.891247,3.434481,0.017670
101.751872,84.910199,16.841673,103.923402,87.157576,16.765826,3.380312,0.017861
101.673240,84.800478,16.872762,103.755701,87.039695,16.716005,3.521373,0.017530
101.697942,84.854457,16.843485,103.829843,86.952663,16.877180,3.335813,0.018046
101.681638,84.802531,16.879107,103.753890,86.959611,16.794279,3.562452,0.017436
101.614412,84.758021,16.856392,103.815945,86.997181,16.818764,3.702258,0.016961
101.691646,84.798531,16.893115,103.618532,86.729958,16.888574,3.670497,0.016264
101.634950,84.739032,16.895918,103.726529,86.913969,16.812560,3.488176,0.015941
101.607651,84.686685,16.920966,103.700425,86.763596,16.936829,3.366276,0.016657
101.513404,84.609498,16.903906,103.706779,86.832351,16.874428,3.530734,0.015389
101.522326,84.653956,16.868370,103.671798,86.738529,16.933270,3.269005,0.017759
101.514887,84.637466,16.877421,103.650776,86.813563,16.837213,3.419549,0.016875
101.537778,84.647056,16.890722,103.470470,86.519369,16.951101,3.521960,0.016261
101.486456,84.592111,16.894345,103.425025,86.612852,16.812173,3.579391,0.016842
101.459195,84.557428,16.901768,103.784715,86.988540,16.796175,3.565129,0.014991
101.466411,84.584558,16.881853,103.559953,86.679125,16.880829,3.656662,0.016665
101.493279,84.602880,16.890399,103.601893,86.743377,16.858517,3.473127,0.017361
101.473848,84.561530,16.912318,103.493748,86.637047,16.856702,3.281783,0.017969
101.425764,84.497567,16.928197,103.722199,86.901003,16.821196,3.508361,0.017975
101.418224,84.469585,16.948639,103.531177,86.715249,16.815928,3.504829,0.019492
101.402610,84.461715,16.940895,103.739612,86.917539,16.822073,3.359342,0.017375
101.399586,84.497374,16.902213,103.377290,86.534553,16.842737,3.447683,0.015231
101.403801,84.478055,16.925747,103.641258,86.750591,16.890667,3.557801,0.015186
101.336451,84.424236,16.912216,103.414598,86.511230,16.903368,3.394606,0.017293
101.371671,84.421331,16.950340,103.710694,86.838074,16.872620,3.401278,0.017228
101.301460,84.345277,16.956183,103.642848,86.743672,16.899176,3.502268,0.016739
101.349184,84.424123,16.925062,103.408351,86.469102,16.939249,3.628027,0.015827
101.324583,84.374360,16.950223,103.582605,86.602249,16.980356,3.433133,0.016506
101.314864,84.382460,16.932403,103.459611,86.580850,16.878762,3.516046,0.016749
101.341324,84.413194,16.928130,103.483283,86.633947,16.849336,3.583215,0.016466
101.329673,84.392896,16.936777,103.525614,86.666480,16.859135,3.727873,0.015512
101.295201,84.369656,16.925545,103.534928,86.671552,16.863375,3.762850,0.016683
101.274385,84.361003,16.913382,103.465546,86.499616,16.965929,3.494962,0.015720
101.253828,84.285521,16.968307,103.590889,86.654694,16.936195,3.470408,0.016467
101.241473,84.292780,16.948692,103.441897,86.582038,16.859859,3.692364,0.016565
101.282667,84.342036,16.940631,103.537138,86.593898,16.943240,3.395931,0.016048
101.223141,84.249333,16.973809,103.502432,86.622234,16.880198,3.434869,0.016229
101.215344,84.262117,16.953227,103.535455,86.503617,17.031838,3.379100,0.015940
101.179461,84.229475,16.949986,103.495184,86.532788,16.962396,3.600312,0.015671
101.202300,84.244382,16.957919,103.430427,86.495508,16.934919,3.573712,0.016124
101.182196,84.232876,16.949320,103.447414,86.464120,16.983294,3.517094,0.015941
101.140673,84.154767,16.985907,103.566034,86.644141,16.921893,3.324028,0.017900
101.160801,84.204902,16.955900,103.461857,86.568233,16.893623,3.519229,0.016313
101.155951,84.180121,16.975830,103.368702,86.512756,16.855946,3.642689,0.016930
101.138108,84.167595,16.970513,103.513591,86.608858,16.904733,3.348828,0.018943
101.195930,84.216541,16.979389,103.402983,86.476151,16.926833,3.574398,0.016492
101.145211,84.188781,16.956430,103.456355,86.608618,16.847737,3.479853,0.017159
101.117455,84.166018,16.951437,103.456402,86.551832,16.904570,3.428808,0.016949
