200.099673,197.217737,2.881936,177.678586,172.215554,5.463032,3.598812,0.009108
163.162200,154.895217,8.266982,152.163684,142.546173,9.617511,3.254356,0.012840
147.438200,137.093478,10.344721,142.848778,131.995891,10.852888,3.372991,0.014910
140.696943,129.649085,11.047858,137.098671,125.706971,11.391700,3.442524,0.015729
135.685756,123.871346,11.814410,132.806431,120.597713,12.208718,3.326167,0.017795
131.874902,119.362383,12.512519,129.660340,116.846331,12.814009,3.785584,0.015028
129.091021,116.134553,12.956468,127.190355,114.039279,13.151075,3.663528,0.016314
126.730652,113.403241,13.327411,125.327434,111.793815,13.533619,3.313180,0.017933
124.744800,111.113432,13.631368,123.140472,109.401464,13.739009,3.522119,0.016862
123.015975,109.191444,13.824530,121.530700,107.543416,13.987283,3.608827,0.016590
121.563802,107.588395,13.975407,120.530343,106.512244,14.018099,3.559955,0.017868
120.319969,106.252777,14.067192,119.272036,105.230005,14.042031,3.539481,0.017522
119.216889,105.087967,14.128922,118.595810,104.411169,14.184641,3.473290,0.017454
118.215854,103.991348,14.224507,117.346949,102.996539,14.350409,3.510455,0.016968
117.343399,103.068603,14.274796,117.245198,102.882246,14.362952,3.485738,0.016421
116.528000,102.176809,14.351191,115.869526,101.479643,14.389883,3.544155,0.017288
115.815374,101.454448,14.360926,115.147593,100.829878,14.317715,3.672958,0.016946
115.197108,100.791460,14.405649,115.036740,100.572585,14.464156,3.580543,0.016716
114.599020,100.129416,14.469604,114.099779,99.541102,14.558677,3.598479,0.017813
113.995449,99.418198,14.577252,113.445359,98.844526,14.600833,3.727082,0.015732
113.451981,98.845769,14.606212,113.257427,98.651269,14.606158,3.568096,0.016449
112.983987,98.285366,14.698621,112.835271,98.114116,14.721154,3.473813,0.017639
112.517215,97.776216,14.740999,112.161099,97.399553,14.761547,3.707887,0.016735
112.107737,97.323141,14.784596,111.962398,97.242964,14.719435,3.612860,0.016296
111.758206,96.938479,14.819727,111.350634,96.518742,14.831892,3.617319,0.015845
111.402846,96.519847,14.882998,111.164156,96.221157,14.942999,3.566954,0.015839
111.037831,96.118868,14.918963,110.904350,96.095353,14.808997,3.475854,0.016860
110.637626,95.706818,14.930809,110.956651,95.994594,14.962056,3.425694,0.017884
110.419035,95.471295,14.947740,110.734552,95.813555,14.920998,3.570050,0.017205
110.090301,95.088396,15.001905,110.361954,95.307984,15.053970,3.789079,0.015966
109.852667,94.831281,15.021386,110.112982,95.085583,15.027400,3.552944,0.017463
109.584159,94.500108,15.084051,109.978699,94.832012,15.146687,3.721035,0.015863
109.365500,94.273901,15.091600,109.687099,94.589505,15.097594,3.722034,0.015388
109.076805,93.945219,15.131587,109.283210,94.172442,15.110768,3.548495,0.016274
108.938246,93.797721,15.140525,109.313849,94.117926,15.195923,3.759534,0.016340
108.696537,93.527908,15.168630,109.285723,94.060235,15.225488,3.613459,0.017698
108.475218,93.245103,15.230115,108.733362,93.537604,15.195758,3.744916,0.016085
108.360833,93.084682,15.276151,108.668210,93.405854,15.262356,3.614959,0.016420
108.031793,92.724561,15.307232,108.343705,93.013988,15.329717,3.606158,0.016399
107.902038,92.589240,15.312798,108.498049,93.188061,15.309989,3.533147,0.017985
107.672927,92.349039,15.323889,107.986635,92.665038,15.321597,3.637051,0.016252
107.651121,92.307837,15.343285,108.228386,92.851727,15.376659,3.652228,0.016066
107.400976,92.032506,15.368470,107.622100,92.222305,15.399795,3.724932,0.015076
107.249426,91.853108,15.396318,107.843509,92.458884,15.384625,3.560373,0.016854
107.197772,91.756426,15.441346,107.859935,92.369259,15.490676,3.568791,0.015807
107.020483,91.563176,15.457307,107.578320,92.148089,15.430230,3.515913,0.017045
106.876882,91.402707,15.474175,107.551241,92.083467,15.467774,3.597883,0.017416
106.726594,91.279239,15.447355,107.398402,91.880712,15.517691,3.589451,0.016302
106.680827,91.194426,15.486401,107.497953,91.970006,15.527947,3.725368,0.016248
106.531387,91.021381,15.510006,107.500368,92.018560,15.481809,3.572256,0.016253
106.523298,91.022187,15.501111,107.151538,91.524868,15.626669,3.643650,0.015861
106.376459,90.873838,15.502620,107.234074,91.718330,15.515744,3.861382,0.015721
106.332350,90.835398,15.496952,107.119809,91.660109,15.459700,3.768971,0.015348
106.166641,90.672623,15.494018,106.948782,91.490614,15.458168,3.860348,0.015359
106.032663,90.522403,15.510260,107.246443,91.764514,15.481930,3.784464,0.016185
106.026248,90.532937,15.493311,106.921235,91.505198,15.416037,3.670885,0.016060
105.902495,90.387436,15.515059,106.793319,91.208371,15.584948,3.770276,0.016056
105.876541,90.402122,15.474419,106.884821,91.459556,15.425265,3.786557,0.016125
105.802777,90.292294,15.510484,106.946018,91.434212,15.511807,3.895486,0.015868
105.694010,90.171784,15.522225,106.503295,90.996987,15.506308,3.697957,0.017277
105.602520,90.074446,15.528074,106.689496,91.214725,15.474771,3.887946,0.015733
105.644632,90.118041,15.526591,106.546686,91.015204,15.531482,3.653740,0.017014
105.537535,89.976367,15.561168,106.378372,90.805735,15.572637,3.844689,0.015430
105.454978,89.900765,15.554213,106.872712,91.212402,15.660310,3.550374,0.017778
105.361998,89.798162,15.563836,106.701164,91.098993,15.602171,3.705446,0.015317
105.379496,89.809545,15.569951,106.730942,91.137312,15.593631,3.678787,0.016334
105.311417,89.775427,15.535990,106.356534,90.810164,15.546369,4.022473,0.016235
105.126023,89.542708,15.583314,106.300384,90.810797,15.489587,3.964117,0.016197
105.206148,89.615048,15.591100,106.313578,90.728891,15.584686,3.848835,0.015743
105.096218,89.498467,15.597751,106.148062,90.555661,15.592402,3.478816,0.017433
105.102214,89.493964,15.608250,106.308689,90.654224,15.654466,3.811051,0.015911
104.958822,89.339861,15.618962,106.159082,90.564744,15.594338,3.875705,0.014473
104.857621,89.236668,15.620953,105.945028,90.405665,15.539363,3.884079,0.015561
104.845665,89.211713,15.633952,106.231658,90.563353,15.668305,3.616805,0.016041
104.819464,89.173284,15.646180,106.143728,90.517109,15.626619,3.665548,0.016056
104.779736,89.162743,15.616993,106.228221,90.577427,15.650794,3.746844,0.016913
104.837216,89.235732,15.601484,106.109402,90.490256,15.619145,3.746257,0.015725
104.760456,89.120069,15.640387,106.075398,90.479495,15.595903,3.924444,0.017042
104.721594,89.010449,15.711145,105.968391,90.271762,15.696629,3.740047,0.015991
104.510214,88.836158,15.674056,105.983505,90.307090,15.676415,3.552139,0.016359
104.516824,88.884594,15.632230,106.194503,90.615159,15.579343,3.767783,0.016227
104.425748,88.737761,15.687987,106.413376,90.799007,15.614369,3.584027,0.016433
104.492844,88.814751,15.678093,105.756384,90.079673,15.676711,3.720942,0.016228
104.353294,88.649264,15.704030,105.970182,90.273190,15.696991,3.772153,0.016490
104.413278,88.701234,15.712045,105.741108,90.134991,15.606117,3.868792,0.015216
104.306589,88.609263,15.697326,105.755983,90.178729,15.577254,3.902958,0.015542
104.221292,88.490324,15.730968,105.730858,90.102167,15.628691,3.846961,0.017160
104.338048,88.606458,15.731590,106.034911,90.294054,15.740858,3.661975,0.017494
104.240638,88.483346,15.757291,105.699193,89.995940,15.703253,4.211519,0.016428
104.209929,88.454261,15.755668,105.607679,89.811490,15.796189,3.761960,0.015731
104.099091,88.340954,15.758137,105.600686,89.787668,15.813018,3.605978,0.016466
104.066286,88.310961,15.755325,105.562738,89.838754,15.723984,4.000945,0.016133
103.978056,88.214718,15.763338,105.765237,89.985687,15.779550,3.683316,0.017579
104.012771,88.250988,15.761783,105.693504,89.947304,15.746199,3.747197,0.016697
103.997785,88.210612,15.787173,105.591630,89.820865,15.770765,4.103038,0.014969
104.062894,88.261188,15.801707,105.495104,89.787776,15.707328,3.980806,0.015814
104.003344,88.225564,15.777780,105.635715,89.880812,15.754902,3.995717,0.015435
103.882719,88.085359,15.797360,105.543879,89.815895,15.727984,4.071906,0.016271
103.937895,88.144167,15.793728,105.498395,89.700411,15.797984,3.953084,0.015478
103.820189,88.038852,15.781337,105.598002,89.751968,15.846034,3.741002,0.016481
103.818407,87.975375,15.843032,105.412579,89.528806,15.883773,4.122475,0.015524
103.774408,87.934107,15.840301,105.526761,89.794398,15.732364,3.835788,0.015106
103.761642,87.957740,15.803901,105.427965,89.563414,15.864551,4.022320,0.014501
103.654367,87.809199,15.845167,105.519415,89.699724,15.819691,3.945719,0.016194
103.670016,87.845871,15.824145,105.415578,89.638680,15.776899,3.754755,0.015792
103.640766,87.780725,15.860040,105.205619,89.357944,15.847675,3.946170,0.015134
103.611131,87.782978,15.828152,105.441896,89.656390,15.785505,3.818405,0.015889
103.644730,87.793884,15.850846,105.406822,89.575765,15.831057,3.906045,0.015563
103.657558,87.770142,15.887416,105.322357,89.385161,15.937196,3.599216,0.016277
103.541643,87.642578,15.899065,105.526011,89.681082,15.844929,3.798043,0.015776
103.550072,87.667385,15.882687,105.334705,89.480062,15.854643,3.905594,0.015086
103.483125,87.624112,15.859012,105.337933,89.472273,15.865660,3.782624,0.016321
103.441943,87.567893,15.874051,105.278244,89.423668,15.854576,4.102027,0.016629
103.449707,87.592362,15.857345,105.103463,89.274022,15.829441,4.011111,0.017145
103.431718,87.552360,15.879358,105.420676,89.619874,15.800802,3.888223,0.016317
103.433442,87.563074,15.870368,105.394650,89.533330,15.861320,3.741401,0.015796
103.355169,87.481495,15.873675,105.130343,89.321569,15.808773,3.786722,0.016395
103.318469,87.414973,15.903496,104.941769,89.095214,15.846555,3.902218,0.016146
103.316257,87.432073,15.884183,105.210927,89.358993,15.851933,3.942759,0.015447
103.310995,87.404114,15.906881,105.258862,89.271343,15.987519,3.654911,0.016425
103.186858,87.305683,15.881176,105.301746,89.402083,15.899663,3.796736,0.015834
103.180123,87.300558,15.879565,104.903195,89.037906,15.865289,3.918023,0.015488
103.191838,87.283757,15.908081,105.253615,89.296458,15.957157,3.710982,0.017024
103.189969,87.301952,15.888017,105.162609,89.253699,15.908910,3.752213,0.015994
103.154657,87.247958,15.906699,105.008949,89.097820,15.911130,3.672690,0.017200
103.163196,87.260224,15.902972,104.964408,89.154437,15.809970,3.955325,0.015186
103.050242,87.153337,15.896905,104.909846,89.002259,15.907588,3.816984,0.014995
103.051960,87.136681,15.915279,105.150070,89.305637,15.844433,4.027716,0.015197
103.069082,87.142060,15.927022,104.870174,88.989118,15.881056,3.626115,0.016564
102.963120,87.009935,15.953186,104.820240,88.936245,15.883995,3.842698,0.015223
102.951487,86.996236,15.955252,104.809007,88.915231,15.893776,3.643275,0.016492
102.972861,87.030223,15.942639,105.146652,89.258999,15.887654,3.916038,0.015626
102.925318,87.001649,15.923668,104.889756,88.955159,15.934596,4.041975,0.017483
102.906937,86.949109,15.957828,104.972952,89.053430,15.919521,4.135041,0.015367
102.861711,86.902733,15.958978,104.787502,88.875075,15.912427,4.182292,0.017001
102.822192,86.869000,15.953192,104.537581,88.638539,15.899042,3.924240,0.016171
102.778788,86.834784,15.944004,104.672276,88.747681,15.924595,3.903669,0.016942
102.722375,86.787342,15.935033,104.798814,88.951083,15.847731,4.143091,0.015827
102.728079,86.764082,15.963997,104.961186,88.952243,16.008943,3.734881,0.016385
102.720373,86.765749,15.954624,104.867271,88.879771,15.987500,3.965670,0.015644
102.743065,86.783325,15.959740,104.650310,88.731793,15.918518,3.841686,0.015781
102.747166,86.729089,16.018078,104.885116,88.918162,15.966954,4.019012,0.017727
102.710062,86.755957,15.954104,104.576941,88.655602,15.921339,3.632653,0.016148
102.670161,86.698265,15.971896,104.433630,88.537302,15.896328,4.122569,0.016138
102.706795,86.747880,15.958915,104.843292,88.840991,16.002301,3.743579,0.015405
102.628258,86.650742,15.977516,104.713697,88.780415,15.933283,3.904211,0.015943
102.558464,86.601958,15.956506,104.790172,88.815400,15.974772,3.917210,0.015641
102.618261,86.626091,15.992171,104.624969,88.697956,15.927014,3.832130,0.014887
102.555354,86.588612,15.966743,104.593597,88.641269,15.952328,3.836291,0.016336
102.592349,86.594229,15.998120,104.460166,88.454519,16.005647,3.831050,0.016227
102.518594,86.556481,15.962113,104.459484,88.472889,15.986596,3.857210,0.015209
102.490734,86.493834,15.996899,104.379130,88.394573,15.984557,3.824790,0.014955
102.508404,86.539954,15.968450,104.612476,88.641804,15.970671,3.788984,0.016033
102.484969,86.502067,15.982902,104.579204,88.652670,15.926534,3.791118,0.015553
102.421050,86.439039,15.982011,104.548726,88.616414,15.932311,3.863065,0.016058
102.497125,86.534496,15.962629,104.575778,88.625903,15.949876,3.825290,0.015528
102.521455,86.577411,15.944044,104.689804,88.777279,15.912524,3.927085,0.015780
102.513914,86.557140,15.956774,104.640547,88.684190,15.956358,3.955279,0.015823
102.473592,86.509346,15.964246,104.644809,88.603070,16.041739,3.759448,0.014721
102.419361,86.455867,15.963494,104.617388,88.712879,15.904509,4.062534,0.014882
