199.128029,195.860739,3.267290,173.975766,167.215316,6.760451,3.920526,0.013948
159.997269,150.101111,9.896158,149.014809,136.972669,12.042139,3.337748,0.019683
144.119151,131.106380,13.012770,139.257672,125.141371,14.116301,3.184386,0.022157
136.353540,121.653782,14.699758,133.197481,117.646054,15.551428,3.208317,0.022744
131.515301,115.697909,15.817392,128.780481,112.379619,16.400862,3.214542,0.021704
128.162413,111.604124,16.558289,126.002710,109.076396,16.926315,3.309079,0.020596
125.671265,108.474872,17.196393,124.282882,106.710357,17.572525,3.320612,0.020463
123.745391,106.134705,17.610686,122.070035,104.120567,17.949468,3.244209,0.021919
122.145365,104.135707,18.009658,120.718825,102.426889,18.291936,3.258926,0.020161
120.672062,102.337263,18.334799,119.578715,101.204954,18.373761,3.276261,0.021026
119.534914,100.997368,18.537546,118.502798,99.796077,18.706721,3.129399,0.021059
118.276079,99.478450,18.797630,117.591899,98.651959,18.939941,3.217973,0.020711
117.400901,98.434886,18.966015,116.716804,97.566571,19.150233,3.129307,0.020538
116.540267,97.381742,19.158525,116.120908,96.707644,19.413265,3.196279,0.019864
115.795635,96.393389,19.402246,115.141441,95.745172,19.396269,3.262812,0.019505
115.094146,95.593105,19.501041,115.141023,95.567394,19.573629,3.140306,0.020361
114.486152,94.850168,19.635984,114.069561,94.322704,19.746858,3.289904,0.019032
113.847044,94.056170,19.790874,113.311284,93.480844,19.830440,3.229789,0.019842
113.303549,93.491587,19.811962,113.133030,93.375123,19.757906,3.149249,0.020317
112.752631,92.863252,19.889378,112.762572,92.864653,19.897919,3.152510,0.019537
112.239905,92.238049,20.001856,111.834423,91.790379,20.044044,3.096168,0.019779
111.760467,91.683802,20.076665,111.599446,91.480501,20.118945,3.227449,0.018487
111.311717,91.202089,20.109628,111.285020,91.142900,20.142119,3.223805,0.019611
110.982035,90.785061,20.196973,110.763145,90.501006,20.262140,3.289556,0.019030
110.560146,90.273301,20.286845,110.652994,90.261990,20.391004,3.122290,0.019114
110.143256,89.723596,20.419661,110.395272,89.884624,20.510648,3.242167,0.019120
109.788234,89.370767,20.417466,110.260687,89.750503,20.510185,3.147688,0.019359
109.456765,89.037135,20.419630,109.937036,89.457890,20.479145,3.165605,0.019675
109.161134,88.673730,20.487404,109.507683,88.941495,20.566189,3.170940,0.019486
108.796678,88.318058,20.478620,109.265087,88.802735,20.462352,3.156783,0.018256
108.442954,87.908495,20.534459,109.052502,88.458469,20.594032,3.102673,0.018953
108.186548,87.649101,20.537446,108.828529,88.164420,20.664110,3.073989,0.018925
108.013779,87.414266,20.599513,108.553634,87.938268,20.615366,3.080458,0.018831
107.662857,87.065477,20.597380,108.181498,87.493452,20.688045,3.230140,0.017508
107.376227,86.778945,20.597282,108.398961,87.915911,20.483049,3.138914,0.018773
107.126921,86.571409,20.555512,107.819845,87.215160,20.604684,3.117266,0.018880
106.947955,86.369527,20.578428,108.053616,87.494563,20.559053,3.179774,0.018324
106.747145,86.155277,20.591868,107.453425,86.908451,20.544974,3.061625,0.019970
106.438079,85.809240,20.628839,107.467708,86.859657,20.608052,3.133173,0.018044
106.142697,85.536074,20.606623,107.009897,86.443523,20.566374,3.048040,0.019134
106.014698,85.463252,20.551446,106.757879,86.115787,20.642092,3.091712,0.017671
105.707816,85.099260,20.608556,106.602112,85.967786,20.634326,2.988891,0.019596
105.468395,84.856769,20.611626,106.479542,85.923755,20.555788,3.046046,0.018418
105.372429,84.829306,20.543124,106.501013,85.919412,20.581601,3.164291,0.017779
105.147406,84.557908,20.589498,105.833328,85.259340,20.573987,3.175584,0.017345
104.919464,84.356632,20.562831,106.019001,85.475502,20.543499,3.175399,0.017873
104.784445,84.147780,20.636664,106.114919,85.467660,20.647259,3.124302,0.019085
104.639390,83.943506,20.695884,105.773616,85.100405,20.673211,3.240618,0.016878
104.449922,83.764629,20.685293,105.753665,85.108689,20.644976,3.110131,0.018660
104.311385,83.613487,20.697898,105.266637,84.558933,20.707704,3.144982,0.017728
104.193181,83.513266,20.679915,105.311885,84.472193,20.839693,3.085190,0.017166
104.123205,83.400066,20.723139,105.183327,84.437557,20.745769,3.202409,0.016361
103.928889,83.183740,20.745149,105.048185,84.335353,20.712832,3.253671,0.017069
103.772894,83.034266,20.738628,104.864570,84.080508,20.784062,3.185657,0.016743
103.666995,82.883774,20.783221,104.860943,84.105601,20.755342,3.307565,0.016761
103.523852,82.773771,20.750080,104.727059,84.033805,20.693255,3.147704,0.016832
103.487512,82.680995,20.806516,104.801872,84.027146,20.774726,3.069285,0.017767
103.292298,82.510285,20.782013,104.454611,83.664201,20.790410,3.180408,0.017543
103.179315,82.398182,20.781133,104.587831,83.708703,20.879128,3.338413,0.016106
103.104000,82.308944,20.795056,104.521197,83.759561,20.761635,3.016799,0.018386
102.993475,82.201150,20.792325,104.286689,83.521286,20.765403,3.263583,0.016664
102.893174,82.075684,20.817490,104.286037,83.504109,20.781929,3.112813,0.017566
102.830418,81.982161,20.848257,104.348365,83.572932,20.775434,3.192049,0.017125
102.722615,81.871508,20.851107,104.398722,83.565075,20.833647,3.167547,0.016813
102.645212,81.810113,20.835099,104.414381,83.571191,20.843190,3.244107,0.016649
102.562850,81.717633,20.845217,104.189953,83.267618,20.922335,3.094715,0.017809
102.371679,81.499089,20.872590,103.852261,83.031475,20.820786,3.248517,0.016920
102.372867,81.545967,20.826900,104.099301,83.329192,20.770110,3.197875,0.017292
102.290573,81.490391,20.800182,104.012158,83.201370,20.810789,3.090298,0.018193
102.144259,81.321241,20.823018,103.919660,83.179845,20.739815,3.136416,0.017273
102.078923,81.226420,20.852503,103.867287,83.060110,20.807178,3.105734,0.016540
102.037010,81.177117,20.859893,103.697546,82.894238,20.803308,3.262772,0.015977
101.939679,81.081328,20.858351,103.813785,82.994611,20.819174,3.201761,0.016823
101.868206,80.983805,20.884401,103.704938,82.947761,20.757177,3.226346,0.016517
101.833394,80.962194,20.871200,103.798203,82.847892,20.950311,3.073076,0.017191
101.757559,80.867541,20.890018,103.856153,83.027753,20.828401,3.063636,0.017108
101.726554,80.829433,20.897121,103.535090,82.592387,20.942703,3.006511,0.017912
101.608668,80.665538,20.943131,103.591790,82.703974,20.887816,3.020665,0.017475
101.582406,80.642569,20.939837,103.562347,82.730962,20.831386,3.087107,0.016120
101.465856,80.553148,20.912709,103.468713,82.553862,20.914851,3.271285,0.016389
101.486739,80.533627,20.953112,103.524069,82.551770,20.972298,3.126579,0.016963
101.434723,80.480164,20.954560,103.409567,82.542352,20.867216,3.061186,0.017119
101.285156,80.333534,20.951622,103.313194,82.390881,20.922313,3.134714,0.016386
101.379112,80.374020,21.005092,103.319802,82.347839,20.971963,3.210655,0.015608
101.194138,80.138771,21.055367,103.258841,82.282665,20.976176,3.112481,0.015554
101.160596,80.182870,20.977726,103.178166,82.247975,20.930191,3.073411,0.016926
101.121881,80.148493,20.973388,103.328240,82.400898,20.927342,3.068516,0.017675
101.034599,80.068952,20.965647,103.226642,82.318767,20.907875,3.118808,0.016932
100.931881,80.021497,20.910384,103.291708,82.467480,20.824228,3.054740,0.017423
100.945248,79.965603,20.979644,103.271519,82.248927,21.022592,3.138383,0.015308
100.980499,79.967527,21.012971,103.278175,82.268671,21.009504,3.048665,0.016945
100.842494,79.872823,20.969671,103.102738,82.210494,20.892245,3.047737,0.017485
100.911384,79.905718,21.005666,103.198715,82.230695,20.968019,3.119326,0.015799
100.793330,79.754892,21.038438,102.911934,81.862304,21.049630,3.129909,0.017227
100.707321,79.645290,21.062031,102.948668,81.983418,20.965249,3.124234,0.016644
100.678828,79.695895,20.982933,103.163810,82.197057,20.966753,3.135795,0.016555
100.573743,79.567289,21.006454,103.108652,82.117510,20.991141,3.168470,0.015869
100.689202,79.712484,20.976718,102.876957,81.988457,20.888500,3.294229,0.015846
100.579582,79.577989,21.001594,102.795471,81.764925,21.030546,3.137234,0.016181
100.583811,79.551851,21.031960,102.998816,82.017042,20.981775,3.121151,0.016747
100.520676,79.447064,21.073612,103.216609,82.233653,20.982956,3.111774,0.016608
100.472734,79.424588,21.048146,103.147636,82.209672,20.937964,3.153319,0.016338
100.429914,79.380902,21.049012,103.038364,82.124116,20.914248,3.323570,0.015729
100.437735,79.412073,21.025662,102.871956,81.961362,20.910595,3.144906,0.016326
100.412730,79.385256,21.027474,102.814661,81.831789,20.982872,3.093752,0.016540
100.325648,79.257700,21.067947,102.931730,81.891656,21.040074,2.989046,0.016257
100.253596,79.247482,21.006115,102.812439,81.810185,21.002254,3.180785,0.015089
100.212913,79.168806,21.044106,102.898996,81.973291,20.925704,3.081797,0.016471
100.245502,79.210877,21.034625,102.615498,81.660510,20.954988,3.160623,0.017388
100.244352,79.235849,21.008503,103.109013,82.191025,20.917989,3.087045,0.017451
100.150317,79.140163,21.010154,102.798879,81.886600,20.912279,3.083200,0.016220
100.120493,79.124777,20.995715,102.462987,81.540453,20.922533,3.315245,0.015285
100.094293,79.079317,21.014976,102.618962,81.763520,20.855443,3.329715,0.015806
100.061742,79.075642,20.986099,102.678675,81.793016,20.885658,3.156850,0.016667
99.968168,78.979306,20.988862,102.882246,81.961765,20.920481,3.041372,0.016832
99.911607,78.959620,20.951987,102.768370,81.828659,20.939711,3.022167,0.016340
99.942180,78.995707,20.946473,102.436011,81.585507,20.850504,3.084369,0.016756
99.890432,78.903487,20.986946,102.670382,81.759972,20.910410,3.059901,0.017021
99.873293,78.926911,20.946383,102.391972,81.439454,20.952518,3.259686,0.015664
99.758907,78.766469,20.992438,102.509724,81.539475,20.970249,2.970751,0.017045
99.702794,78.721805,20.980989,102.406649,81.517897,20.888752,3.109771,0.015343
99.706664,78.748768,20.957895,102.451511,81.629173,20.822339,3.376354,0.016039
99.666139,78.714093,20.952046,102.436720,81.594680,20.842040,3.067063,0.016071
99.659725,78.687367,20.972357,102.333087,81.483549,20.849539,3.066979,0.016833
99.579150,78.629862,20.949287,102.517853,81.618551,20.899302,2.939666,0.016865
99.623573,78.628941,20.994632,102.391835,81.482701,20.909134,3.123163,0.015761
99.576149,78.603565,20.972584,102.477698,81.566875,20.910823,3.031131,0.015629
99.501750,78.554336,20.947414,102.360828,81.495808,20.865020,3.120211,0.015731
99.408985,78.482809,20.926177,102.422013,81.579701,20.842311,3.054532,0.016776
99.452784,78.535895,20.916889,102.242299,81.407024,20.835275,3.116801,0.016723
99.353206,78.401391,20.951815,102.162260,81.283365,20.878895,3.054225,0.015987
99.290446,78.328767,20.961679,101.927460,81.096980,20.830480,3.093761,0.016069
99.285331,78.376461,20.908870,102.101542,81.236657,20.864884,3.257906,0.015170
99.324044,78.358403,20.965640,102.395117,81.494423,20.900694,3.011633,0.015580
99.301353,78.345400,20.955952,102.380595,81.468681,20.911914,3.108713,0.016585
99.270313,78.326218,20.944095,102.077388,81.264806,20.812582,3.100967,0.016007
99.239563,78.300533,20.939030,102.200029,81.357832,20.842197,3.081683,0.017379
99.239392,78.329022,20.910370,102.132269,81.212872,20.919396,3.053367,0.016273
99.217526,78.271821,20.945705,102.285060,81.398447,20.886613,3.063245,0.016666
99.201952,78.216776,20.985177,101.945820,81.127279,20.818541,3.182186,0.014905
99.090238,78.161722,20.928516,102.326830,81.488256,20.838573,2.915606,0.017160
99.188335,78.209466,20.978869,101.990465,81.048212,20.942253,3.038953,0.017937
99.074747,78.100524,20.974223,102.107269,81.244517,20.862751,3.040475,0.016269
99.038888,78.004782,21.034106,102.073377,81.116972,20.956405,3.053589,0.016669
99.066190,78.036098,21.030092,102.086532,81.251514,20.835019,3.087326,0.015753
98.952903,77.957252,20.995652,101.914017,80.992475,20.921542,3.096541,0.016406
98.952546,77.990907,20.961639,102.156405,81.196147,20.960258,3.260767,0.014942
99.012509,78.017381,20.995129,101.958773,81.104426,20.854347,3.144309,0.015387
98.896621,77.926390,20.970232,101.923618,81.024542,20.899077,3.108697,0.015286
98.964216,77.920889,21.043326,102.168595,81.198014,20.970581,3.095888,0.015281
98.853583,77.847827,21.005756,102.018545,81.075826,20.942718,3.073455,0.016112
98.891644,77.847250,21.044394,102.163403,81.219162,20.944241,3.021370,0.016423
98.879355,77.856748,21.022607,102.099373,81.179184,20.920189,2.955647,0.016081
98.817197,77.773162,21.044035,101.936422,80.990463,20.945958,3.054322,0.016644
98.872246,77.820716,21.051530,101.866030,80.901825,20.964205,3.132128,0.016172
98.795551,77.763161,21.032390,101.999825,80.979060,21.020765,3.087763,0.016433
98.804273,77.762524,21.041749,102.145779,81.203236,20.942543,3.108113,0.016712
98.759039,77.739746,21.019293,101.982611,81.091492,20.891119,2.948030,0.017351
98.763212,77.739037,21.024175,102.141518,81.175135,20.966383,3.290440,0.014531
98.754006,77.693302,21.060705,101.995315,81.013410,20.981905,3.248777,0.014089
