253.801085,247.764101,6.036984,194.268943,191.415809,2.853134,6.479368,0.004551
190.844306,187.149969,3.694337,182.297476,176.569667,5.727808,4.766848,0.007712
173.482294,165.873067,7.609227,162.319187,152.759666,9.559520,3.951815,0.010947
155.557429,144.568130,10.989300,149.986494,138.175106,11.811389,3.692046,0.014337
146.923956,134.764845,12.159111,142.638207,130.080395,12.557812,3.811289,0.015370
140.654093,127.626313,13.027780,137.320694,123.667999,13.652695,3.682963,0.016175
135.829496,121.889486,13.940009,133.246895,118.885133,14.361762,3.856595,0.015687
132.313938,117.792852,14.521086,130.125764,115.268784,14.856981,3.817752,0.016620
129.601359,114.647989,14.953370,127.673059,112.559928,15.113131,3.916955,0.017071
127.491954,112.281256,15.210697,125.740041,110.256525,15.483516,3.948707,0.017141
125.649300,110.183091,15.466210,123.787007,108.069580,15.717427,3.961514,0.017418
124.067362,108.349942,15.717420,122.673308,106.846709,15.826599,3.934559,0.017938
122.684590,106.847332,15.837258,121.211730,105.206500,16.005231,4.026605,0.017049
121.449747,105.476234,15.973512,120.294357,104.218715,16.075643,4.003936,0.016895
120.366423,104.258288,16.108135,119.425240,103.189228,16.236012,3.843021,0.018233
119.430360,103.200387,16.229973,118.490561,102.291272,16.199289,4.130336,0.017615
118.507862,102.212886,16.294976,117.516597,101.183546,16.333050,4.000809,0.017056
117.626353,101.278081,16.348271,116.913957,100.561829,16.352128,4.230820,0.015775
116.856353,100.423593,16.432760,116.004918,99.419268,16.585650,4.043871,0.017536
116.132387,99.686703,16.445684,115.350245,98.805373,16.544872,4.032563,0.017191
115.502172,98.953318,16.548855,114.953282,98.379705,16.573578,3.878935,0.017769
114.821357,98.194746,16.626611,114.377818,97.651573,16.726245,4.047063,0.016479
114.384626,97.690378,16.694248,113.672800,96.922175,16.750624,4.098676,0.016176
113.732170,97.029115,16.703055,113.347479,96.686004,16.661474,3.873742,0.017702
113.354604,96.610710,16.743894,112.828156,96.035956,16.792200,4.056609,0.017765
112.804518,95.986662,16.817856,112.357744,95.395038,16.962707,3.936593,0.016701
112.339518,95.494400,16.845119,111.855295,95.075180,16.780115,4.241268,0.015286
111.873015,95.046829,16.826186,111.632784,94.778044,16.854740,3.997590,0.016895
111.456628,94.636386,16.820242,111.468773,94.708220,16.760553,4.023998,0.017355
111.124865,94.274681,16.850183,110.626924,93.722044,16.904879,4.217122,0.016252
110.671786,93.738930,16.932857,110.525205,93.621880,16.903325,4.146443,0.016095
110.397229,93.479249,16.917980,110.114187,93.169904,16.944282,4.042958,0.016583
110.000109,93.052205,16.947905,110.136824,93.185157,16.951667,4.022748,0.015183
109.666057,92.711927,16.954129,109.467594,92.471616,16.995977,4.241904,0.015693
109.346763,92.323461,17.023302,109.037642,92.079867,16.957775,4.222070,0.015760
109.008655,92.069551,16.939104,109.052199,92.047899,17.004300,4.033957,0.016598
108.741903,91.813987,16.927916,108.757393,91.796644,16.960750,4.095869,0.015197
108.431769,91.471850,16.959919,108.553356,91.606129,16.947227,4.090922,0.016286
108.104891,91.134446,16.970445,107.863494,90.951143,16.912352,4.160302,0.015464
107.802596,90.852340,16.950255,107.727808,90.771952,16.955856,4.087333,0.015794
107.499862,90.526444,16.973418,107.606751,90.682449,16.924303,3.953499,0.016846
107.224511,90.284904,16.939607,107.230641,90.380088,16.850553,4.257169,0.015194
106.926930,89.960416,16.966514,107.157318,90.244569,16.912750,4.097765,0.015340
106.625251,89.637567,16.987684,106.770226,89.838572,16.931654,4.180179,0.015252
106.416282,89.474145,16.942136,106.532770,89.655486,16.877284,4.023078,0.015558
106.174314,89.169816,17.004498,106.349989,89.389480,16.960510,4.148971,0.015729
105.855446,88.889614,16.965832,106.037740,89.102343,16.935397,4.062222,0.015373
105.637462,88.683973,16.953489,105.529365,88.613524,16.915840,4.211624,0.014900
105.472473,88.499581,16.972892,105.909105,88.984259,16.924845,4.068972,0.015168
105.237533,88.260941,16.976592,105.370060,88.404665,16.965395,3.882972,0.016395
105.035783,88.026415,17.009368,105.213305,88.289177,16.924129,4.158918,0.014689
104.749720,87.715939,17.033781,105.275880,88.408157,16.867723,4.047100,0.015591
104.568563,87.571153,16.997410,105.190961,88.188280,17.002682,4.062497,0.014885
104.416402,87.427668,16.988733,104.660914,87.673043,16.987871,4.073563,0.014619
104.205359,87.198260,17.007099,104.650911,87.642735,17.008176,4.115159,0.015843
104.103438,87.084078,17.019361,104.564897,87.558471,17.006426,3.937798,0.015602
103.923481,86.847958,17.075523,104.263608,87.273448,16.990161,3.935982,0.015501
103.760175,86.726764,17.033411,104.182366,87.226835,16.955531,4.065278,0.015379
103.638612,86.544263,17.094349,104.177432,87.254179,16.923254,3.961241,0.016226
103.502507,86.437350,17.065157,103.892731,86.825369,17.067362,4.036180,0.014711
103.329592,86.253708,17.075884,103.815238,86.821069,16.994168,4.074687,0.014732
103.173204,86.095299,17.077905,103.881966,86.874249,17.007716,4.101388,0.014407
103.130556,86.047472,17.083084,103.684194,86.727470,16.956725,3.970394,0.015224
102.960688,85.859039,17.101649,103.603192,86.471747,17.131445,4.174198,0.014935
102.872839,85.699642,17.173197,103.486234,86.380932,17.105301,4.056815,0.013659
102.719920,85.542082,17.177838,103.375640,86.310412,17.065229,3.996178,0.015286
102.639422,85.452742,17.186679,103.303892,86.077823,17.226069,4.082197,0.014151
102.505306,85.285472,17.219833,103.171183,86.027580,17.143603,4.085526,0.015978
102.391550,85.176209,17.215341,103.141979,86.035265,17.106714,3.935262,0.014434
102.303095,85.146468,17.156627,102.994923,85.884139,17.110785,4.095024,0.014448
102.186131,84.986788,17.199342,103.001152,85.808131,17.193022,3.923012,0.015039
102.067814,84.850892,17.216922,102.870637,85.714040,17.156598,3.997750,0.014893
101.970042,84.782733,17.187309,102.735839,85.566369,17.169470,3.956153,0.014699
101.892753,84.662397,17.230356,102.777198,85.672442,17.104757,3.900195,0.015682
101.800976,84.594874,17.206102,102.792701,85.635229,17.157472,4.084829,0.013886
101.732453,84.463235,17.269218,102.638486,85.505244,17.133242,4.142141,0.015401
101.680478,84.413663,17.266815,102.525956,85.198296,17.327660,3.941529,0.015058
101.537925,84.251665,17.286259,102.527760,85.321093,17.206667,3.885384,0.015163
101.507482,84.270641,17.236841,102.309149,85.078251,17.230897,3.966048,0.014636
101.406610,84.113788,17.292823,102.394792,85.194087,17.200705,3.927060,0.015020
101.299771,84.021277,17.278494,102.295609,85.071990,17.223620,4.111023,0.015571
101.270679,83.951525,17.319154,102.334056,85.070521,17.263535,3.854551,0.014696
101.212572,83.897432,17.315139,102.191844,84.905932,17.285912,4.060584,0.014020
101.086441,83.767016,17.319425,102.099492,84.829238,17.270254,4.085953,0.013665
101.046981,83.729919,17.317062,102.054251,84.774927,17.279325,3.880217,0.015593
100.992074,83.624663,17.367411,101.870765,84.555442,17.315323,4.085866,0.013654
100.859967,83.501996,17.357971,101.830898,84.557342,17.273556,3.978556,0.014964
100.832729,83.499409,17.333320,101.991168,84.704041,17.287127,3.783804,0.015467
100.748730,83.405399,17.343330,101.895465,84.650893,17.244572,4.122014,0.014513
100.717765,83.394992,17.322772,101.710260,84.406205,17.304056,4.147852,0.014337
100.602447,83.242866,17.359581,101.821258,84.541001,17.280256,4.009411,0.014331
100.544701,83.175899,17.368802,101.658745,84.272998,17.385746,3.996156,0.013571
100.472854,83.085404,17.387450,101.746507,84.432745,17.313762,4.201592,0.013569
100.436828,83.082941,17.353887,101.551175,84.359759,17.191417,3.895456,0.015104
100.333672,82.995177,17.338495,101.478563,84.235656,17.242906,4.010613,0.014580
100.301126,82.940778,17.360347,101.486470,84.226167,17.260303,4.035378,0.013863
100.276687,82.900476,17.376211,101.330316,83.951462,17.378854,4.055174,0.014483
100.231034,82.831484,17.399550,101.461613,84.223890,17.237723,4.072348,0.015172
100.152734,82.733232,17.419503,101.447602,84.122066,17.325536,3.996022,0.014471
100.090124,82.694626,17.395498,101.115573,83.751880,17.363694,4.135247,0.013356
99.954073,82.520708,17.433365,101.201688,83.818155,17.383533,3.846171,0.015271
99.923306,82.499805,17.423501,101.365738,83.989799,17.375939,3.882280,0.014570
99.857130,82.418773,17.438357,101.301385,83.908790,17.392595,3.940500,0.014953
99.809470,82.391556,17.417914,101.237957,83.887467,17.350490,3.921340,0.014753
99.722215,82.268034,17.454181,101.075820,83.732787,17.343032,3.983370,0.013674
99.741770,82.316004,17.425766,101.036508,83.660166,17.376341,3.965514,0.013929
99.713106,82.250750,17.462356,101.222454,83.854107,17.368347,3.885968,0.014768
99.704664,82.258586,17.446078,100.908204,83.480690,17.427514,3.834219,0.014334
99.620916,82.150270,17.470646,101.117306,83.795126,17.322181,4.117296,0.014356
99.517431,82.076316,17.441116,101.092506,83.764480,17.328027,3.943323,0.014946
99.578410,82.136852,17.441558,100.796515,83.432714,17.363801,4.065262,0.013775
99.446703,82.026483,17.420220,100.873471,83.440175,17.433297,4.131300,0.013886
99.450085,82.015342,17.434743,100.917378,83.498507,17.418871,4.047971,0.014166
99.371110,81.904311,17.466799,100.895559,83.483817,17.411742,3.924784,0.015819
99.355317,81.871173,17.484144,100.727763,83.342662,17.385102,3.863380,0.016068
99.258817,81.784522,17.474295,100.866518,83.498367,17.368151,3.844603,0.013838
99.304658,81.819624,17.485034,101.028115,83.662475,17.365639,4.095647,0.014129
99.222140,81.722338,17.499802,100.719665,83.296470,17.423195,4.162280,0.014089
99.126520,81.606395,17.520125,100.646658,83.231625,17.415034,3.888541,0.015376
99.113145,81.584828,17.528318,100.633927,83.188383,17.445545,3.991607,0.014141
99.072126,81.525918,17.546208,100.619015,83.251048,17.367967,3.896472,0.015586
99.073600,81.588364,17.485236,100.748464,83.375636,17.372828,3.994394,0.015103
99.090032,81.596910,17.493122,100.697947,83.204426,17.493521,3.830964,0.014202
98.957666,81.438741,17.518925,101.050736,83.579796,17.470940,4.032393,0.014772
98.934924,81.384963,17.549960,100.628984,83.142492,17.486492,3.999115,0.014032
98.885908,81.354948,17.530960,100.426409,82.940150,17.486259,4.000909,0.014408
98.857682,81.293824,17.563858,100.597124,83.072335,17.524790,3.863418,0.013320
98.798497,81.199958,17.598538,100.440845,82.916828,17.524018,4.143449,0.014459
98.772040,81.201675,17.570365,100.401991,82.959219,17.442772,3.871557,0.014673
98.783451,81.241625,17.541825,100.487215,83.086948,17.400267,4.030089,0.014521
98.783168,81.228838,17.554330,100.503667,83.057628,17.446039,4.049497,0.013490
98.731687,81.162333,17.569353,100.361289,82.812200,17.549089,3.935682,0.014321
98.692929,81.113887,17.579042,100.315506,82.692711,17.622794,3.876131,0.014038
98.619173,81.006200,17.612973,100.392831,82.866990,17.525841,4.030921,0.013288
98.598120,81.021487,17.576633,100.370197,82.907197,17.463000,4.008284,0.014249
98.544273,80.956415,17.587858,100.489780,82.911592,17.578188,3.831063,0.014267
98.535323,80.920432,17.614891,100.453802,82.905663,17.548139,3.695231,0.015223
98.531379,80.947633,17.583746,100.380295,82.835264,17.545031,3.913995,0.013966
98.498563,80.848533,17.650029,100.386756,82.776745,17.610011,3.748516,0.014374
98.506983,80.900704,17.606279,100.297571,82.717164,17.580407,4.113590,0.012886
98.381432,80.732736,17.648696,100.100776,82.515174,17.585602,3.942739,0.013823
98.368876,80.754500,17.614376,100.258805,82.763056,17.495748,3.928174,0.015336
98.400896,80.761590,17.639306,100.158588,82.583953,17.574635,3.902269,0.015910
98.363146,80.723164,17.639983,100.117297,82.574513,17.542783,4.029490,0.014276
98.294045,80.664619,17.629427,100.229507,82.615035,17.614472,3.773080,0.015453
98.255593,80.632067,17.623526,100.204264,82.627765,17.576499,3.956556,0.013412
98.204843,80.575762,17.629081,100.251468,82.740451,17.511018,3.934953,0.014932
98.231810,80.606575,17.625235,100.189561,82.666380,17.523180,4.168066,0.013657
98.237989,80.597270,17.640719,100.301172,82.703692,17.597480,3.834322,0.014891
98.212531,80.589587,17.622943,100.112530,82.565305,17.547226,3.918507,0.013284
98.152773,80.538960,17.613814,100.248895,82.679113,17.569782,3.996409,0.013933
98.173960,80.519789,17.654171,100.187226,82.600206,17.587019,3.778859,0.014939
98.067004,80.444647,17.622357,100.177600,82.665657,17.511943,3.972415,0.013429
98.118130,80.477722,17.640408,100.261383,82.718923,17.542460,3.957021,0.014230
98.105322,80.481476,17.623846,100.127209,82.608437,17.518772,4.025930,0.014223
98.093786,80.399695,17.694091,100.158656,82.534959,17.623697,3.830491,0.015184
98.010517,80.370134,17.640382,100.110626,82.539242,17.571384,3.962925,0.013527
98.020018,80.347152,17.672866,99.943482,82.324550,17.618932,4.011412,0.014703
97.958916,80.291107,17.667809,100.087739,82.426667,17.661072,4.119098,0.013290
97.969484,80.298204,17.671280,99.886576,82.295727,17.590848,3.864856,0.015284
