200.352650,197.404130,2.948521,177.344730,171.908713,5.436017,3.695290,0.010353
163.468454,155.239165,8.229289,150.505991,140.422553,10.083437,3.367380,0.014881
145.482362,134.384564,11.097798,140.021373,128.395140,11.626234,3.455140,0.016270
138.110430,126.005854,12.104576,134.223310,121.490144,12.733166,3.352983,0.017496
132.912419,119.969051,12.943368,130.069547,116.819259,13.250289,3.301134,0.018704
129.379568,116.021613,13.357955,126.902595,113.284050,13.618545,3.477882,0.016889
126.757415,113.020330,13.737085,124.700957,110.809808,13.891150,3.371241,0.017640
124.521388,110.439033,14.082354,122.933598,108.623379,14.310218,3.368820,0.018338
122.643991,108.304649,14.339343,121.392726,106.841456,14.551270,3.340230,0.019148
121.218828,106.589478,14.629350,120.000487,105.174094,14.826393,3.510938,0.017241
119.868118,105.041711,14.826406,119.057463,104.051466,15.005997,3.438997,0.018710
118.648563,103.687454,14.961109,117.527815,102.372976,15.154840,3.430005,0.018275
117.599770,102.526706,15.073064,116.499425,101.458158,15.041267,3.654037,0.016521
116.803428,101.698338,15.105089,115.654678,100.538984,15.115694,3.542950,0.017927
115.818554,100.639004,15.179549,114.919580,99.692375,15.227206,3.669476,0.016450
115.100379,99.870405,15.229974,114.317292,99.090550,15.226743,3.777657,0.016308
114.404572,99.154544,15.250028,114.018623,98.691031,15.327592,3.687231,0.016693
113.736826,98.439175,15.297652,113.219905,97.861391,15.358513,3.483040,0.018242
113.048975,97.656700,15.392275,112.482279,97.068591,15.413687,3.507678,0.017283
112.407732,96.906378,15.501354,111.833096,96.283354,15.549742,3.628284,0.016234
111.943492,96.426345,15.517146,111.521288,95.956874,15.564414,3.546788,0.017890
111.363360,95.771051,15.592309,111.193000,95.591344,15.601656,3.524121,0.017920
110.912718,95.267740,15.644978,110.758490,95.106183,15.652306,3.707094,0.016728
110.493731,94.779944,15.713786,110.251946,94.544232,15.707715,3.573091,0.016954
110.075778,94.323108,15.752670,109.995645,94.292957,15.702689,3.711619,0.015836
109.730224,93.937730,15.792494,109.484164,93.648171,15.835994,3.494270,0.016927
109.360229,93.495574,15.864655,109.305831,93.496055,15.809776,3.540120,0.016702
108.964421,93.075451,15.888970,109.058215,93.136518,15.921698,3.616487,0.017810
108.645725,92.712800,15.932924,108.608726,92.726578,15.882148,3.681802,0.017085
108.409982,92.481575,15.928407,108.343660,92.385024,15.958636,3.784346,0.015813
108.158425,92.203340,15.955084,108.203598,92.217923,15.985676,3.391121,0.018256
107.934205,91.950723,15.983482,108.134106,92.156882,15.977225,3.671821,0.015886
107.561070,91.549645,16.011424,107.931215,91.940349,15.990866,3.693462,0.015802
107.455941,91.473319,15.982623,107.664564,91.709147,15.955417,3.553923,0.016600
107.219799,91.205115,16.014684,107.819202,91.893638,15.925564,3.731313,0.015402
107.038947,91.027409,16.011537,107.450304,91.564547,15.885757,3.722641,0.016916
106.837134,90.852643,15.984491,107.183250,91.223380,15.959870,3.502799,0.016802
106.679623,90.654390,16.025233,107.051141,91.009697,16.041444,3.564226,0.017105
106.405121,90.329976,16.075146,106.955908,90.780650,16.175258,3.499453,0.016875
106.214844,90.107877,16.106966,106.769840,90.657201,16.112639,3.523448,0.017858
106.133503,89.989264,16.144239,106.716731,90.617638,16.099093,3.617386,0.016527
105.927087,89.769806,16.157281,106.642934,90.446292,16.196643,3.602829,0.016524
105.787063,89.594955,16.192108,106.233634,90.073385,16.160250,3.670090,0.015506
105.555544,89.344779,16.210765,106.361218,90.165389,16.195829,3.388430,0.017373
105.473921,89.228771,16.245150,106.025316,89.803647,16.221669,3.653508,0.016759
105.347608,89.099644,16.247965,106.226107,90.106415,16.119693,3.638526,0.016783
105.352124,89.065261,16.286863,106.337472,90.037982,16.299490,3.471863,0.017945
105.030937,88.736997,16.293940,105.871083,89.660763,16.210320,3.534661,0.016633
105.030853,88.695875,16.334978,106.060719,89.868010,16.192708,3.491809,0.017384
104.813835,88.462600,16.351235,105.702503,89.419497,16.283006,3.558896,0.016910
104.675217,88.356973,16.318243,105.686236,89.418517,16.267719,3.618999,0.016311
104.679882,88.309815,16.370068,105.289872,88.817101,16.472770,3.566536,0.014702
104.499057,88.125951,16.373106,105.274163,88.849558,16.424605,3.723983,0.015216
104.406925,87.985354,16.421571,105.403397,89.045494,16.357903,3.719070,0.014549
104.322719,87.883818,16.438901,105.326820,88.962962,16.363858,3.753567,0.016378
104.287269,87.890228,16.397040,105.537682,89.134395,16.403288,3.573146,0.016130
104.150781,87.743153,16.407628,105.184159,88.825614,16.358544,3.800799,0.015720
104.071536,87.647075,16.424461,105.020134,88.681236,16.338899,3.809196,0.016298
104.004124,87.559124,16.445000,105.022432,88.623742,16.398690,3.796376,0.015079
103.980038,87.528703,16.451336,105.259724,88.885031,16.374693,3.535641,0.016594
103.875884,87.410259,16.465625,105.049308,88.596163,16.453146,3.737120,0.015820
103.771950,87.299942,16.472008,105.126555,88.638050,16.488505,3.744541,0.016897
103.621964,87.182604,16.439360,104.825886,88.372229,16.453657,3.603256,0.016458
103.660213,87.194182,16.466031,105.066008,88.567428,16.498580,3.452573,0.017093
103.584973,87.120110,16.464863,104.767521,88.345521,16.422001,3.677306,0.015625
103.518676,87.001936,16.516740,104.761616,88.256416,16.505200,3.620824,0.017262
103.467363,86.923739,16.543625,104.524174,88.083401,16.440773,3.711749,0.016203
103.360826,86.870383,16.490443,104.713168,88.233980,16.479188,3.826499,0.015702
103.386695,86.890404,16.496292,104.808677,88.312733,16.495944,3.733657,0.016673
103.179725,86.649804,16.529922,104.553914,88.036055,16.517860,3.662883,0.016182
103.205153,86.668820,16.536332,104.621609,88.163221,16.458388,3.676986,0.016671
103.178704,86.614866,16.563838,104.558898,88.079067,16.479830,3.824520,0.015095
103.153126,86.621722,16.531404,104.597213,88.040739,16.556474,3.979952,0.014856
103.017702,86.441376,16.576326,104.318115,87.863304,16.454811,3.676607,0.016126
103.037933,86.467211,16.570722,104.691171,88.152869,16.538302,3.446600,0.016657
102.982813,86.373640,16.609173,104.342086,87.818213,16.523873,3.498152,0.017485
102.857048,86.309086,16.547962,104.436554,87.912499,16.524055,3.709825,0.016022
102.958300,86.322357,16.635943,104.435107,87.812404,16.622703,3.609658,0.016485
102.803200,86.195932,16.607269,104.197186,87.678909,16.518278,4.006079,0.015980
102.704088,86.077291,16.626798,104.163910,87.497597,16.666313,3.869980,0.014982
102.740448,86.147052,16.593396,104.642161,87.962599,16.679562,3.467420,0.018362
102.620530,85.967283,16.653247,104.125455,87.486333,16.639121,3.890289,0.015140
102.601876,85.981711,16.620164,104.210907,87.589568,16.621339,3.556332,0.016309
102.569201,85.928065,16.641136,104.099228,87.493194,16.606033,3.625147,0.016194
102.542711,85.884716,16.657995,104.220448,87.568285,16.652163,3.625525,0.016045
102.427601,85.760436,16.667165,103.943365,87.362386,16.580979,4.035222,0.016021
102.429345,85.774759,16.654586,103.936187,87.305975,16.630211,3.711118,0.016366
102.395213,85.729236,16.665977,104.235621,87.575767,16.659853,3.620450,0.016566
102.320365,85.663466,16.656899,104.234232,87.616010,16.618222,3.647074,0.016847
102.334904,85.606365,16.728539,104.158825,87.442527,16.716298,3.654256,0.016309
102.250173,85.490717,16.759456,103.908249,87.254915,16.653335,3.572659,0.016523
102.306462,85.602264,16.704198,104.125586,87.497789,16.627798,3.552698,0.015643
102.204654,85.499481,16.705173,104.211684,87.521616,16.690067,3.525265,0.015928
102.192616,85.459359,16.733257,103.988727,87.297225,16.691502,3.615476,0.016816
102.127278,85.404313,16.722965,103.842320,87.106581,16.735739,3.704071,0.015599
102.071403,85.283134,16.788269,103.890184,87.199386,16.690798,3.782806,0.015818
102.016183,85.271288,16.744895,103.801827,87.113129,16.688699,3.713012,0.015491
102.024502,85.292455,16.732047,103.613077,86.882053,16.731024,3.467674,0.016296
101.970828,85.238316,16.732512,103.801901,87.190351,16.611549,3.752417,0.015476
101.985548,85.228497,16.757051,103.651064,86.922241,16.728823,3.575428,0.016244
101.938628,85.206714,16.731914,103.967458,87.268465,16.698993,3.382232,0.017472
101.919150,85.193654,16.725497,103.648659,86.952441,16.696219,4.000937,0.014853
101.861300,85.101549,16.759751,103.670539,86.983450,16.687090,3.747632,0.015319
101.800973,85.099490,16.701483,103.780357,87.184074,16.596283,3.871041,0.015802
101.883127,85.146016,16.737111,103.618518,86.846167,16.772352,3.498527,0.016330
101.774722,85.039200,16.735522,103.771275,87.124010,16.647265,3.712165,0.015502
101.732295,84.990290,16.742006,103.746586,86.988779,16.757807,3.609011,0.016851
101.780053,85.049902,16.730151,103.774370,87.096728,16.677642,3.530503,0.017433
101.673766,84.946425,16.727341,103.577349,86.883230,16.694119,3.665296,0.016147
101.620139,84.905334,16.714805,103.449070,86.761846,16.687224,3.683596,0.015376
101.579569,84.881173,16.698396,103.681850,86.969171,16.712679,3.520711,0.016028
101.556222,84.865156,16.691066,103.499342,86.899040,16.600301,3.711472,0.016167
101.456985,84.753057,16.703928,103.495954,86.888400,16.607554,3.719117,0.015955
101.533768,84.836068,16.697700,103.401220,86.784985,16.616235,3.693522,0.016621
101.533246,84.850460,16.682786,103.526165,86.899838,16.626327,3.704021,0.016115
101.474006,84.826557,16.647448,103.537277,86.901632,16.635644,3.786126,0.016035
101.511669,84.834844,16.676825,103.384345,86.777188,16.607157,3.422479,0.016663
101.408889,84.695964,16.712925,103.355471,86.704020,16.651451,3.569733,0.016861
101.517731,84.812500,16.705232,103.471589,86.797087,16.674502,3.567256,0.017095
101.374817,84.658198,16.716618,103.778662,87.088391,16.690271,3.521355,0.017787
101.451203,84.727813,16.723390,103.577879,86.965206,16.612672,3.903350,0.016492
101.346586,84.680891,16.665695,103.530300,86.955164,16.575135,3.596757,0.016080
101.341266,84.651966,16.689300,103.555094,86.856481,16.698614,3.724663,0.016775
101.299797,84.599342,16.700456,103.692821,87.103472,16.589348,3.600712,0.017094
101.334740,84.647579,16.687161,103.575822,86.913979,16.661843,3.646297,0.017022
101.280563,84.586697,16.693866,103.309261,86.692470,16.616791,3.861087,0.016101
101.232797,84.542959,16.689838,103.392845,86.706741,16.686105,3.962180,0.016303
101.234509,84.541066,16.693443,103.479751,86.875382,16.604369,4.017352,0.015846
101.211402,84.535929,16.675473,103.763017,87.090154,16.672864,3.499711,0.016462
101.238749,84.499335,16.739414,103.408327,86.740523,16.667804,3.676836,0.016171
101.196986,84.524939,16.672048,103.749000,87.070361,16.678639,3.501675,0.018028
101.147401,84.420880,16.726521,103.134711,86.505912,16.628799,3.637737,0.016080
101.077300,84.386836,16.690464,103.351214,86.744136,16.607078,3.745985,0.016789
101.189434,84.511102,16.678332,103.267786,86.556856,16.710929,3.969334,0.014619
101.139289,84.433359,16.705930,103.438235,86.755486,16.682749,3.479155,0.016624
101.104142,84.397687,16.706455,103.292035,86.694523,16.597512,3.483944,0.016666
101.050157,84.351438,16.698719,103.360349,86.708156,16.652193,3.534733,0.018105
101.005291,84.258136,16.747155,103.097655,86.435959,16.661696,3.583421,0.015814
101.037932,84.317083,16.720849,103.277245,86.676787,16.600458,3.599430,0.017146
101.017849,84.298670,16.719179,103.247007,86.543347,16.703660,3.762820,0.015712
100.985109,84.259513,16.725596,103.538885,86.857990,16.680896,3.661358,0.018655
100.999388,84.287699,16.711690,103.488388,86.832483,16.655905,3.625241,0.016976
100.992998,84.268440,16.724558,103.141864,86.441774,16.700090,3.708345,0.016117
100.918587,84.208485,16.710102,103.291465,86.635681,16.655785,3.843120,0.016319
100.984819,84.254447,16.730372,103.163602,86.507557,16.656045,3.818242,0.015700
100.939134,84.208817,16.730317,103.434530,86.795015,16.639514,3.835364,0.015999
100.931617,84.201005,16.730612,103.232392,86.601726,16.630666,3.857058,0.015947
100.933943,84.194344,16.739599,103.231820,86.538100,16.693721,3.672328,0.015898
100.824937,84.097265,16.727672,103.325407,86.635124,16.690284,3.648337,0.017473
100.865443,84.109488,16.755956,103.299744,86.603733,16.696011,3.650258,0.016731
100.803715,84.055445,16.748270,103.447149,86.731739,16.715410,3.608046,0.016227
100.792009,84.072486,16.719523,103.359756,86.705392,16.654364,3.822720,0.016976
100.800437,84.068132,16.732304,103.138196,86.442887,16.695309,3.721182,0.016788
100.778728,84.022767,16.755961,103.219168,86.511310,16.707858,3.525903,0.016110
100.789045,84.043467,16.745578,103.229982,86.546844,16.683138,3.610641,0.016557
100.722182,83.986588,16.735593,103.030088,86.295283,16.734805,3.790510,0.016628
100.702004,84.006145,16.695858,103.073604,86.378742,16.694861,3.657470,0.017217
100.696291,83.946972,16.749319,103.082315,86.411949,16.670367,3.628232,0.016214
100.742455,84.006341,16.736115,103.248556,86.499912,16.748644,3.824119,0.015526
100.795714,84.034530,16.761184,103.485951,86.788980,16.696972,3.723724,0.015013
