275.162434,268.995515,6.166920,213.601279,205.947260,7.654019,4.343094,0.002423
207.070743,198.956956,8.113787,204.695108,196.552912,8.142197,4.664432,0.004959
203.956509,195.862782,8.093727,200.678065,192.624280,8.053784,9.961351,0.005041
198.881952,190.931824,7.950128,191.476187,183.728698,7.747489,5.293240,0.008452
188.964370,181.186522,7.777848,185.995842,178.178190,7.817652,5.655930,0.009649
184.788788,176.960333,7.828455,183.065261,175.210749,7.854512,7.736445,0.010668
182.857867,175.088468,7.769399,178.315274,170.632426,7.682848,7.241122,0.011644
177.942760,170.267478,7.675282,176.732922,169.025998,7.706924,7.870567,0.014433
175.347916,167.704450,7.643465,172.518348,164.904259,7.614089,7.710345,0.015624
171.649890,164.034696,7.615194,169.579543,162.017209,7.562334,6.975527,0.014529
167.721746,160.300116,7.421630,161.615629,154.475522,7.140107,5.850301,0.015734
157.845305,150.923483,6.921822,153.158204,146.298610,6.859595,4.716219,0.019778
151.410793,144.644200,6.766593,148.543884,141.862010,6.681874,4.804298,0.018012
147.797006,141.096674,6.700332,146.461601,139.780457,6.681144,4.686028,0.021254
145.794250,139.155214,6.639035,144.421243,137.777930,6.643313,4.836934,0.020177
144.383854,137.739086,6.644768,142.895384,136.208001,6.687384,4.658216,0.020164
143.363493,136.730548,6.632946,142.300944,135.654381,6.646563,4.593307,0.023977
142.469819,135.853386,6.616433,141.726057,135.143286,6.582770,5.202620,0.019991
141.770517,135.188348,6.582169,140.716771,134.157109,6.559661,4.909946,0.021784
140.706988,134.180835,6.526152,139.898510,133.368253,6.530257,4.450606,0.022545
140.089752,133.580017,6.509734,138.890580,132.379645,6.510935,5.203393,0.020270
139.499964,133.001066,6.498898,139.034800,132.558831,6.475970,5.491133,0.018458
138.980136,132.483141,6.496996,138.010463,131.477303,6.533160,5.114892,0.020821
138.524872,132.029874,6.494998,137.616536,131.092931,6.523605,5.204234,0.021594
138.034576,131.542841,6.491735,137.096118,130.579851,6.516267,5.532104,0.021000
137.700648,131.212619,6.488029,136.667831,130.150847,6.516984,4.960535,0.024231
137.310873,130.820716,6.490157,136.518966,130.022267,6.496698,5.238173,0.024684
137.074057,130.600665,6.473392,136.497441,130.010841,6.486599,5.137134,0.021644
136.757608,130.277927,6.479681,135.985775,129.482318,6.503458,4.980210,0.022337
136.296002,129.807524,6.488478,135.716782,129.202226,6.514557,5.404386,0.021200
136.207907,129.726391,6.481515,135.443304,128.931068,6.512237,5.464847,0.022054
135.918913,129.431195,6.487718,135.198458,128.689497,6.508960,5.739835,0.022849
135.759797,129.276562,6.483235,135.288393,128.794305,6.494088,5.790615,0.022820
135.507761,129.039943,6.467818,135.203773,128.778169,6.425604,5.590824,0.024094
135.262806,128.810458,6.452348,134.799231,128.343840,6.455390,5.654197,0.021025
134.969009,128.520287,6.448722,134.485717,128.006261,6.479455,5.110642,0.022274
134.731199,128.281846,6.449352,134.622169,128.158401,6.463769,4.909849,0.022410
134.511680,128.058771,6.452910,134.130950,127.687038,6.443912,5.561140,0.022469
134.446611,128.008794,6.437817,134.124935,127.691198,6.433736,5.731834,0.020010
134.280216,127.837545,6.442672,133.644091,127.189945,6.454146,5.454077,0.020842
134.132240,127.682704,6.449536,134.084206,127.629884,6.454322,5.467329,0.023037
134.034564,127.592748,6.441816,133.678536,127.224031,6.454506,5.037964,0.024008
133.826945,127.374118,6.452827,133.009456,126.511290,6.498166,5.687117,0.023196
133.624105,127.171376,6.452729,133.006224,126.512026,6.494199,5.772102,0.024191
133.431889,126.964220,6.467669,133.134526,126.681068,6.453458,5.468967,0.026505
133.340275,126.881146,6.459128,133.057998,126.603545,6.454453,6.122744,0.023638
133.318075,126.868086,6.449989,133.070052,126.646564,6.423488,5.691641,0.022632
133.196463,126.748568,6.447895,133.186994,126.719395,6.467598,5.616445,0.022253
133.076979,126.620564,6.456415,133.020448,126.552360,6.468088,5.344143,0.022729
133.076648,126.644088,6.432559,132.771752,126.321461,6.450290,5.319756,0.019936
132.848903,126.407894,6.441009,132.657435,126.197569,6.459865,5.489535,0.025207
132.827486,126.390361,6.437126,133.151810,126.724450,6.427360,5.832287,0.022803
132.743418,126.301623,6.441796,132.366587,125.921295,6.445292,5.641863,0.022851
132.652729,126.208274,6.444456,132.669169,126.227728,6.441441,5.516146,0.022710
132.518769,126.078169,6.440600,132.424202,126.016128,6.408074,5.605427,0.022158
132.519259,126.094719,6.424540,132.436872,126.018628,6.418244,5.443644,0.023995
132.432018,126.001063,6.430955,132.291481,125.873999,6.417483,5.875221,0.022974
132.378030,125.946624,6.431405,132.308750,125.889658,6.419093,5.757671,0.023238
132.245289,125.802706,6.442583,132.282752,125.829211,6.453541,5.813413,0.024008
132.308750,125.873526,6.435225,132.540963,126.145676,6.395287,6.205746,0.022748
132.171408,125.728887,6.442521,132.126168,125.704645,6.421523,5.609491,0.025362
132.084660,125.644527,6.440134,132.459666,126.031931,6.427735,6.048130,0.021328
132.004199,125.562817,6.441381,131.922982,125.481968,6.441013,5.758731,0.024414
132.042172,125.609967,6.432205,131.564522,125.090224,6.474298,5.952730,0.020964
131.843544,125.400750,6.442795,131.565733,125.133155,6.432578,5.573574,0.021776
131.872967,125.433592,6.439374,131.945661,125.497678,6.447983,5.635674,0.022868
131.864972,125.426406,6.438566,131.862851,125.438884,6.423967,6.150800,0.023672
131.849194,125.403790,6.445403,131.888392,125.450322,6.438070,5.646687,0.023206
131.733380,125.299269,6.434111,131.463168,125.035868,6.427300,5.604033,0.021566
131.673521,125.249938,6.423583,132.011737,125.607359,6.404378,5.635777,0.024427
131.697567,125.275516,6.422051,131.532348,125.102862,6.429486,6.059934,0.023160
131.709574,125.274302,6.435273,131.119287,124.651057,6.468231,5.745117,0.021262
131.616575,125.178513,6.438062,131.629990,125.217514,6.412477,6.313272,0.020795
131.551488,125.119334,6.432154,131.537297,125.083817,6.453479,5.644206,0.024683
131.454453,125.018154,6.436299,131.675402,125.259741,6.415661,6.114679,0.021345
131.350396,124.907466,6.442930,131.624804,125.192840,6.431964,5.813622,0.022613
131.468566,125.043698,6.424867,131.868130,125.457221,6.410909,6.279155,0.023966
131.478616,125.055893,6.422722,131.236835,124.795514,6.441321,5.396289,0.022009
131.483794,125.046492,6.437302,131.319762,124.901495,6.418267,5.758976,0.022508
131.486024,125.071364,6.414660,131.973832,125.591643,6.382190,5.569707,0.027251
131.350840,124.926679,6.424161,131.029838,124.578669,6.451169,6.024606,0.022685
131.248469,124.820241,6.428228,131.355956,124.934433,6.421522,5.640832,0.025590
131.320970,124.905288,6.415682,131.294695,124.848554,6.446141,5.657032,0.022771
131.175470,124.742374,6.433097,131.217195,124.788181,6.429013,6.034148,0.022122
131.142187,124.718567,6.423619,131.631947,125.222556,6.409391,5.480977,0.023150
131.091360,124.667667,6.423693,130.801203,124.360407,6.440796,6.022604,0.021699
131.053411,124.626065,6.427346,131.401227,124.983767,6.417461,5.885954,0.023039
131.284821,124.875488,6.409332,130.975889,124.515822,6.460066,5.536245,0.023563
131.104770,124.671516,6.433254,131.291862,124.839153,6.452709,5.887009,0.022997
131.054450,124.638109,6.416341,131.718534,125.341752,6.376782,5.998755,0.021825
131.103061,124.693809,6.409252,131.127512,124.699267,6.428246,6.102956,0.021982
131.020487,124.593360,6.427127,131.329738,124.948115,6.381623,6.178170,0.022994
130.976269,124.554487,6.421782,130.849972,124.431125,6.418847,5.615448,0.022261
131.099297,124.686670,6.412627,131.625498,125.228465,6.397033,5.820230,0.024125
131.019277,124.602599,6.416678,131.077084,124.641530,6.435554,5.474325,0.025476
130.894635,124.470159,6.424476,130.767319,124.351713,6.415607,6.315370,0.019060
130.948097,124.527000,6.421097,131.062336,124.653932,6.408403,6.054069,0.023903
130.850825,124.439067,6.411757,130.976178,124.569013,6.407165,6.279106,0.022316
130.935039,124.536222,6.398817,131.589732,125.223656,6.366076,5.399367,0.023310
130.814850,124.402978,6.411872,131.134304,124.735264,6.399040,6.284064,0.024569
130.980167,124.579811,6.400356,131.304823,124.896082,6.408741,5.921234,0.022085
130.984897,124.577226,6.407670,130.954732,124.555158,6.399575,6.164955,0.020783
130.799669,124.383799,6.415870,131.057260,124.655148,6.402112,5.932567,0.024523
130.845631,124.431430,6.414201,131.293427,124.897145,6.396282,5.830503,0.024838
130.849378,124.449203,6.400176,130.758847,124.339015,6.419832,5.740265,0.021059
130.840528,124.433736,6.406792,131.129264,124.744697,6.384567,5.326963,0.023352
130.747425,124.346781,6.400643,130.768712,124.353244,6.415468,5.992764,0.024528
130.838026,124.448625,6.389401,131.185115,124.815475,6.369641,6.282820,0.023691
130.777683,124.375318,6.402365,130.977190,124.580375,6.396815,6.317568,0.022009
130.664563,124.276910,6.387653,130.712751,124.283955,6.428796,5.985376,0.021443
130.698864,124.297886,6.400978,130.879906,124.459169,6.420737,6.032467,0.021861
130.743232,124.351188,6.392044,130.583540,124.181873,6.401666,6.338621,0.023081
130.720889,124.329888,6.391001,130.908877,124.512239,6.396639,5.646685,0.023733
130.639959,124.228113,6.411846,130.662122,124.266190,6.395932,6.454935,0.022976
130.675297,124.282435,6.392863,131.102568,124.726331,6.376236,5.960983,0.023366
130.642153,124.241977,6.400176,130.790678,124.396012,6.394666,5.974834,0.022066
130.638891,124.239082,6.399809,130.868311,124.456227,6.412083,6.036620,0.022545
130.616508,124.200652,6.415856,130.821472,124.434612,6.386860,6.029493,0.024055
130.614316,124.215819,6.398497,130.672183,124.261655,6.410527,6.123712,0.024416
130.553705,124.165644,6.388060,130.809323,124.422107,6.387216,5.798454,0.025953
130.534842,124.130260,6.404582,130.612734,124.207517,6.405217,5.861708,0.022690
130.486160,124.089947,6.396213,131.006898,124.628594,6.378304,5.840546,0.022843
130.663212,124.259529,6.403683,130.648899,124.227001,6.421898,5.827609,0.022356
130.459659,124.062320,6.397339,130.806181,124.416536,6.389645,5.994032,0.022166
130.427451,124.009724,6.417727,130.634419,124.236000,6.398419,5.671409,0.022777
130.495093,124.095609,6.399483,130.780407,124.403441,6.376966,5.793939,0.021296
130.466037,124.063505,6.402533,130.824881,124.420422,6.404460,5.813319,0.024543
130.523589,124.120080,6.403509,131.173024,124.799876,6.373147,6.422207,0.023369
130.475442,124.074290,6.401152,130.522660,124.121960,6.400699,6.181352,0.023195
130.508503,124.115825,6.392679,131.006594,124.639648,6.366945,6.333438,0.023865
130.478286,124.084015,6.394270,130.924737,124.538695,6.386042,6.291369,0.020545
130.406575,124.007269,6.399305,130.597584,124.191556,6.406028,6.025775,0.023252
130.513601,124.129883,6.383718,130.975523,124.586670,6.388854,5.520691,0.024502
130.398993,124.000076,6.398918,131.127646,124.737718,6.389928,6.261056,0.023666
130.512424,124.115557,6.396867,130.800957,124.427304,6.373654,6.018998,0.021452
130.585888,124.209159,6.376730,131.022104,124.637751,6.384353,6.274531,0.022442
130.480702,124.087114,6.393588,130.760093,124.384561,6.375531,5.806100,0.023084
130.461718,124.076151,6.385568,130.612785,124.249024,6.363761,5.393340,0.024009
130.390132,123.998790,6.391342,130.671806,124.279947,6.391859,5.751213,0.024292
130.250119,123.833570,6.416549,130.140522,123.708139,6.432383,6.094860,0.023443
130.395465,124.009214,6.386252,130.650291,124.237186,6.413105,5.892538,0.023018
130.367499,123.979113,6.388386,130.952778,124.569576,6.383202,5.937365,0.024335
130.463483,124.072399,6.391084,130.835931,124.450821,6.385110,5.836742,0.024265
130.329403,123.922018,6.407385,130.702432,124.333262,6.369170,6.019078,0.022450
130.315424,123.909779,6.405645,130.821241,124.459849,6.361392,6.265909,0.021857
130.397631,124.021123,6.376508,130.645007,124.248176,6.396830,6.240675,0.024062
130.321526,123.928730,6.392796,130.945592,124.581331,6.364262,5.991046,0.022257
130.376595,123.989038,6.387558,130.562972,124.182362,6.380609,5.809966,0.023891
130.390850,124.011933,6.378917,130.508754,124.131744,6.377011,6.034520,0.022247
130.372193,123.987690,6.384504,130.555787,124.195526,6.360261,6.113254,0.023469
130.324787,123.920485,6.404302,130.010050,123.590722,6.419328,6.272790,0.020698
130.273179,123.888584,6.384595,130.840770,124.465361,6.375409,6.369133,0.020053
130.286455,123.896768,6.389688,130.605896,124.203317,6.402579,5.924090,0.023892
130.377793,123.996010,6.381783,130.838336,124.441093,6.397243,5.900258,0.023486
130.285560,123.899574,6.385986,130.611845,124.228719,6.383126,5.679505,0.022849
130.278359,123.896914,6.381445,130.589913,124.204829,6.385083,6.302862,0.022710
130.328843,123.947623,6.381220,130.762476,124.386730,6.375746,6.126244,0.021112
130.247756,123.847420,6.400336,130.574367,124.210036,6.364330,6.002115,0.022719
130.200469,123.823747,6.376722,130.535751,124.170515,6.365237,5.977323,0.023116
130.352492,123.978045,6.374447,131.095818,124.767748,6.328069,6.113944,0.022298
