189.796021,182.345905,7.450117,158.770066,144.097956,14.672110,2.116236,0.033687
150.273226,133.130511,17.142715,143.842661,125.360133,18.482528,2.205615,0.039197
139.986688,120.200549,19.786139,135.003306,114.253315,20.749991,2.476513,0.039432
133.320953,112.004603,21.316350,130.232365,108.457145,21.775218,2.403981,0.040577
129.346445,107.290787,22.055658,127.112142,104.799077,22.313065,2.332443,0.044563
126.725066,104.249371,22.475695,124.922674,102.290452,22.632221,2.455506,0.042399
124.901870,102.195116,22.706754,123.619800,100.762518,22.857282,2.609313,0.041623
123.481186,100.628083,22.853104,122.173278,99.231754,22.941524,2.412412,0.044979
122.300622,99.353535,22.947087,121.577800,98.612099,22.965701,2.382576,0.046867
121.290668,98.291284,22.999384,120.496373,97.413752,23.082620,2.476863,0.046342
120.528073,97.478964,23.049109,119.907612,96.853029,23.054583,2.628134,0.042093
119.778408,96.727354,23.051054,118.950394,95.761468,23.188926,2.619081,0.042145
119.078871,95.958237,23.120634,118.852028,95.683595,23.168434,2.575613,0.044277
118.520984,95.408734,23.112250,118.004263,94.895955,23.108308,2.599490,0.044279
118.007456,94.864687,23.142769,118.255065,95.038093,23.216972,2.517044,0.047467
117.572951,94.427791,23.145160,117.873710,94.793746,23.079964,2.551678,0.046814
117.178315,94.029892,23.148424,117.022931,93.871674,23.151256,2.724562,0.043101
116.801673,93.568444,23.233229,116.841778,93.619994,23.221784,2.586479,0.047133
116.404703,93.209100,23.195603,116.537542,93.439573,23.097969,2.717703,0.043836
116.049911,92.868300,23.181611,116.186999,93.059380,23.127619,2.741805,0.041818
115.803246,92.602061,23.201185,115.962024,92.770591,23.191434,2.595223,0.044603
115.454874,92.274683,23.180191,115.781077,92.658336,23.122741,2.900810,0.040677
115.209808,92.066143,23.143665,115.206280,92.149444,23.056837,2.788381,0.042745
114.982659,91.799112,23.183546,115.323603,92.145307,23.178295,2.696707,0.046179
114.687631,91.501581,23.186050,115.069051,91.835938,23.233114,2.745847,0.042948
114.474432,91.256664,23.217768,114.893382,91.589728,23.303655,2.640242,0.044447
114.123482,90.959766,23.163716,114.612385,91.457802,23.154583,2.728438,0.044287
114.016290,90.840524,23.175766,114.561891,91.417544,23.144347,2.775179,0.041148
113.814591,90.622910,23.191682,114.392792,91.338489,23.054303,2.736820,0.043471
113.571297,90.368325,23.202972,114.258704,91.176661,23.082043,2.678648,0.043067
113.482947,90.309520,23.173427,114.016213,90.875163,23.141050,2.674400,0.041333
113.311121,90.097685,23.213436,113.656395,90.412513,23.243882,2.821949,0.040284
113.070091,89.896069,23.174022,113.794932,90.763521,23.031412,2.704867,0.043653
112.921614,89.789430,23.132183,113.547999,90.439806,23.108193,2.605597,0.046640
112.745642,89.572022,23.173620,113.627724,90.562565,23.065160,2.908897,0.041973
112.622574,89.469851,23.152723,113.865240,90.826121,23.039119,2.779919,0.044803
112.491223,89.347396,23.143827,113.596374,90.548368,23.048006,2.642320,0.049335
112.314171,89.180384,23.133788,113.285776,90.178996,23.106780,2.613753,0.046932
112.087555,89.000759,23.086796,112.696975,89.718186,22.978789,2.821086,0.042049
111.985068,88.937768,23.047300,112.786462,89.761386,23.025076,2.836026,0.041796
111.798013,88.721511,23.076503,112.691611,89.716472,22.975139,2.815624,0.040304
111.698016,88.602742,23.095274,112.745148,89.811015,22.934133,2.752617,0.044875
111.602567,88.551462,23.051106,112.647184,89.697412,22.949771,2.738999,0.041410
111.406282,88.368758,23.037525,112.509164,89.571923,22.937242,2.726034,0.045583
111.337239,88.265815,23.071424,112.266860,89.346565,22.920295,2.821726,0.040665
111.095747,88.082947,23.012800,112.181393,89.153498,23.027894,2.743263,0.044621
111.071571,88.046213,23.025359,112.401528,89.553108,22.848420,2.678757,0.043366
110.932685,87.881895,23.050791,111.578173,88.710719,22.867453,2.819940,0.041831
110.792548,87.739144,23.053404,111.553573,88.518886,23.034687,2.823657,0.042365
110.620855,87.565967,23.054888,111.684111,88.799062,22.885049,2.660498,0.042375
110.575310,87.570036,23.005275,111.911485,88.920568,22.990917,2.765933,0.040521
110.435042,87.444973,22.990069,111.502481,88.588099,22.914382,2.884851,0.043045
110.347207,87.341606,23.005600,111.582336,88.628475,22.953862,2.728484,0.042577
110.145276,87.167461,22.977816,110.988070,88.094021,22.894049,2.857006,0.044162
110.025006,87.051601,22.973405,111.078453,88.247192,22.831261,2.793571,0.040177
109.963671,86.968559,22.995112,110.972583,88.011785,22.960798,2.740925,0.041584
109.765469,86.803474,22.961995,111.000244,87.946294,23.053950,2.738196,0.043142
109.714860,86.741933,22.972926,110.880616,88.108411,22.772205,2.766399,0.043679
109.576272,86.615763,22.960509,110.683474,87.843740,22.839733,3.063893,0.038303
109.549315,86.627064,22.922252,110.850758,87.959330,22.891429,3.003170,0.039998
109.368407,86.456281,22.912125,110.662415,87.780611,22.881804,2.859210,0.041996
109.339483,86.391629,22.947855,110.718094,87.860034,22.858060,2.817861,0.041909
109.298198,86.372128,22.926070,110.487332,87.598601,22.888731,2.993790,0.041937
109.123758,86.200621,22.923137,110.734969,87.855590,22.879378,2.790505,0.042957
109.059205,86.105430,22.953775,110.768430,87.997062,22.771369,3.041671,0.036655
109.105934,86.164451,22.941482,110.548045,87.710032,22.838013,2.872754,0.045397
108.946028,86.015075,22.930953,110.464622,87.738543,22.726079,2.750115,0.045021
108.886625,85.971903,22.914722,110.259345,87.369033,22.890311,2.782348,0.042851
108.761828,85.829469,22.932359,110.196124,87.348676,22.847448,2.824837,0.042702
108.636721,85.708942,22.927778,110.045467,87.074449,22.971019,2.797111,0.042427
108.639155,85.725786,22.913369,110.066339,87.217926,22.848413,2.842408,0.042552
108.542799,85.657511,22.885288,109.904416,87.083376,22.821040,2.848195,0.041752
108.500290,85.570006,22.930285,110.135374,87.411929,22.723444,2.881257,0.040345
108.438541,85.537830,22.900710,110.038723,87.269244,22.769479,2.879355,0.041904
108.359570,85.446693,22.912877,109.864448,87.106233,22.758216,2.933283,0.041563
108.241235,85.311457,22.929778,109.598312,86.781096,22.817217,2.878826,0.038178
108.196010,85.292619,22.903391,110.197641,87.400903,22.796738,2.776641,0.047788
108.167488,85.284417,22.883072,109.838898,87.013401,22.825497,2.815380,0.039847
108.092655,85.202498,22.890158,110.165121,87.352960,22.812161,2.803026,0.043884
107.968409,85.090130,22.878278,109.596471,86.838744,22.757728,2.675771,0.044482
107.892244,85.015884,22.876360,109.772046,86.975031,22.797015,2.761863,0.040415
107.855102,84.981628,22.873474,109.758391,87.031208,22.727184,2.894247,0.040225
107.856244,84.964196,22.892048,109.695193,86.888574,22.806619,2.782390,0.042368
107.730521,84.831358,22.899164,109.351288,86.625204,22.726084,2.918030,0.038393
107.747645,84.860179,22.887466,109.091396,86.254006,22.837390,3.027909,0.042297
107.742691,84.882425,22.860266,109.388441,86.550142,22.838298,2.731712,0.040714
107.554538,84.673175,22.881363,109.363012,86.564700,22.798312,2.880834,0.043929
107.511210,84.662788,22.848422,109.209596,86.511954,22.697641,2.932042,0.041633
107.521632,84.659048,22.862585,109.071845,86.282742,22.789103,3.083256,0.037542
107.519632,84.678821,22.840811,109.418760,86.708526,22.710235,2.848727,0.040687
107.402180,84.527236,22.874944,109.027595,86.214778,22.812817,2.789922,0.041126
107.396591,84.504975,22.891615,108.956045,86.176475,22.779570,2.938954,0.039062
107.408713,84.493350,22.915363,109.068566,86.317568,22.750998,2.870597,0.044098
107.251245,84.401682,22.849563,109.072394,86.463387,22.609007,2.926566,0.040904
107.168999,84.323099,22.845901,109.116320,86.343732,22.772588,2.940473,0.041663
107.168172,84.314450,22.853723,108.760596,86.031230,22.729366,3.215885,0.042237
107.119474,84.261528,22.857946,108.899286,86.157680,22.741606,2.921072,0.039905
107.216411,84.358530,22.857881,109.045153,86.290187,22.754966,2.885071,0.040197
107.092986,84.222288,22.870698,109.367263,86.592075,22.775188,2.807072,0.042041
107.069675,84.190078,22.879598,109.032589,86.182178,22.850411,2.773364,0.043304
107.015879,84.154900,22.860978,108.696507,85.968622,22.727884,2.958808,0.044152
106.977718,84.151719,22.825999,108.904329,86.082242,22.822086,2.942627,0.038224
106.867426,84.007263,22.860163,108.416845,85.612510,22.804335,2.882556,0.040820
106.861479,83.986404,22.875075,108.644158,85.925407,22.718751,2.939758,0.040846
106.800727,83.935899,22.864828,108.569905,85.789572,22.780332,2.887793,0.042355
106.816283,83.972940,22.843343,108.501911,85.762220,22.739691,2.865580,0.039159
106.726416,83.893408,22.833008,108.518827,85.701368,22.817458,2.917793,0.038830
106.635980,83.781519,22.854461,108.988563,86.035170,22.953393,2.813378,0.037744
106.684379,83.813017,22.871362,108.372124,85.593954,22.778170,2.829118,0.041166
106.596677,83.730260,22.866417,108.386379,85.548556,22.837823,2.914077,0.042285
106.596999,83.704900,22.892099,108.511733,85.692229,22.819504,2.746311,0.038859
106.512987,83.616184,22.896803,108.309162,85.510241,22.798921,2.716883,0.043825
106.471240,83.580612,22.890628,108.337809,85.599225,22.738583,2.806882,0.042667
106.462526,83.613744,22.848782,108.431928,85.627162,22.804765,2.869467,0.041441
106.348620,83.491634,22.856986,108.217588,85.454856,22.762732,3.001594,0.041872
106.406409,83.521160,22.885249,108.228044,85.420375,22.807669,2.790496,0.041374
106.429091,83.496304,22.932788,108.382477,85.463206,22.919271,2.927739,0.042729
106.404219,83.450130,22.954088,108.200290,85.349783,22.850508,2.899267,0.042520
106.348047,83.384244,22.963802,108.342827,85.376429,22.966398,2.911325,0.039872
106.166375,83.259634,22.906742,108.141462,85.318846,22.822617,2.737949,0.043315
106.178345,83.257345,22.921000,108.382118,85.597629,22.784489,2.946478,0.039366
106.133518,83.247957,22.885562,108.172566,85.476933,22.695633,2.771823,0.045348
106.090664,83.240309,22.850355,107.892690,85.106522,22.786168,3.066733,0.037432
106.103206,83.192947,22.910260,107.586787,84.798145,22.788643,2.940573,0.040201
106.047866,83.207944,22.839921,108.230569,85.470436,22.760133,2.845553,0.041149
106.074025,83.157734,22.916291,108.519890,85.670756,22.849134,2.813663,0.043041
105.969783,83.090708,22.879075,107.896521,85.176985,22.719536,2.794152,0.043644
106.028616,83.158699,22.869917,108.124703,85.432201,22.692503,2.907784,0.041462
105.941076,83.041477,22.899599,107.961867,85.117238,22.844629,2.815260,0.039225
105.834811,82.957724,22.877087,108.015046,85.153562,22.861485,2.833609,0.041203
105.893906,83.015971,22.877936,107.685682,84.852449,22.833233,2.890455,0.039638
105.872526,83.008929,22.863598,108.108759,85.244610,22.864150,2.662385,0.043915
105.855627,82.948432,22.907195,107.615784,84.878237,22.737547,2.988050,0.038929
105.758570,82.895251,22.863319,108.123263,85.320218,22.803045,3.053176,0.038000
105.687570,82.845916,22.841654,107.668113,84.989752,22.678361,2.913499,0.044476
105.632262,82.823774,22.808488,107.733592,85.082519,22.651073,3.094083,0.037104
105.826718,83.000616,22.826102,107.587951,84.787280,22.800671,2.882518,0.045385
105.662006,82.777141,22.884865,107.674051,84.825203,22.848848,2.947772,0.042767
105.594542,82.726211,22.868331,107.635330,84.915205,22.720125,2.932676,0.041665
105.553592,82.728811,22.824781,107.515831,84.788073,22.727758,2.905591,0.038734
105.538384,82.718081,22.820303,107.470445,84.842289,22.628157,2.930881,0.038018
105.591601,82.779523,22.812078,108.122655,85.309286,22.813370,2.996192,0.041120
105.529790,82.694892,22.834897,107.412713,84.583425,22.829288,3.066089,0.038940
105.449529,82.649323,22.800206,107.351568,84.633560,22.718009,3.025760,0.038162
105.388956,82.555780,22.833177,107.373124,84.678973,22.694151,3.174424,0.037879
105.427163,82.607957,22.819206,107.554313,84.813494,22.740819,2.833519,0.041702
105.460734,82.629268,22.831466,107.318211,84.564906,22.753305,2.774041,0.045479
105.381618,82.522611,22.859007,107.500564,84.747324,22.753240,3.090920,0.039286
105.330294,82.508599,22.821695,107.433930,84.676760,22.757170,3.028561,0.039554
105.367479,82.553303,22.814176,107.589161,84.881012,22.708149,2.796757,0.043848
105.332958,82.509369,22.823589,107.133838,84.312112,22.821726,3.138269,0.040431
105.364939,82.536145,22.828794,107.410881,84.705816,22.705065,2.963994,0.041672
105.239588,82.450528,22.789060,107.378815,84.720456,22.658359,2.911267,0.043214
105.210109,82.421576,22.788533,107.707286,84.826133,22.881153,3.079239,0.037739
105.123852,82.322644,22.801209,107.257787,84.571137,22.686650,3.003661,0.040196
105.113551,82.346377,22.767174,107.079027,84.428757,22.650269,2.965990,0.041053
105.121427,82.360208,22.761219,107.412986,84.727798,22.685189,3.052349,0.040555
105.205367,82.393943,22.811424,106.937600,84.299404,22.638195,3.158952,0.039072
105.039513,82.220480,22.819033,106.952725,84.233372,22.719352,3.106289,0.040927
105.059576,82.266188,22.793388,107.074188,84.373584,22.700604,3.093404,0.038938
