205.097347,200.386292,4.711055,180.774306,173.504217,7.270089,2.833948,0.014220
167.434366,155.777351,11.657015,155.821142,141.189927,14.631216,2.394011,0.024064
150.094066,133.929846,16.164220,145.218688,127.768042,17.450646,2.362020,0.030400
141.793343,123.648937,18.144406,138.076896,118.778110,19.298786,2.630275,0.031951
136.321669,116.694381,19.627288,133.349663,113.043106,20.306557,2.850726,0.029890
132.640036,112.178268,20.461768,130.126823,109.298714,20.828109,2.907658,0.032151
129.996186,108.975081,21.021105,127.813666,106.454150,21.359516,2.994990,0.031763
128.065083,106.609363,21.455721,126.769505,105.157927,21.611578,2.869875,0.033505
126.438195,104.769794,21.668400,125.145417,103.322188,21.823229,3.106477,0.031697
125.243330,103.355104,21.888226,124.287241,102.269127,22.018115,3.050503,0.033172
124.176576,102.087483,22.089094,123.382390,101.237936,22.144454,2.804878,0.036580
123.208943,100.988114,22.220830,122.239265,100.067412,22.171854,3.087230,0.034016
122.430521,100.184729,22.245792,121.903728,99.689060,22.214668,3.048120,0.033164
121.732099,99.371159,22.360939,120.950108,98.733473,22.216636,3.248495,0.031255
121.094866,98.668273,22.426593,120.817556,98.340088,22.477469,2.992805,0.034620
120.703964,98.162391,22.541573,120.261069,97.785233,22.475836,3.024464,0.035107
120.105523,97.507499,22.598024,120.046506,97.610697,22.435808,3.127318,0.035893
119.739976,97.132916,22.607060,119.609809,96.963566,22.646244,3.073404,0.031606
119.229803,96.585835,22.643967,119.174515,96.567624,22.606891,3.143170,0.032296
118.873947,96.195344,22.678603,118.475389,95.707636,22.767753,3.129621,0.035948
118.454323,95.750512,22.703811,118.308190,95.714443,22.593747,3.173315,0.033603
118.134939,95.405723,22.729216,118.559617,95.898084,22.661533,3.121969,0.033767
117.838750,95.094566,22.744185,117.878142,95.072122,22.806020,3.014051,0.036902
117.571584,94.807081,22.764503,117.517568,94.792856,22.724712,3.070993,0.035272
117.269186,94.499527,22.769659,117.646731,95.025176,22.621556,2.970682,0.039592
116.959130,94.165729,22.793401,117.147366,94.479128,22.668239,3.182647,0.033987
116.806366,93.973467,22.832899,116.973264,94.043397,22.929867,3.035625,0.035090
116.398506,93.564239,22.834267,116.812104,94.046952,22.765152,3.350161,0.033165
116.277195,93.423115,22.854081,116.450810,93.671931,22.778879,3.340019,0.031726
115.966613,93.161270,22.805343,116.282430,93.525058,22.757373,3.369454,0.031714
115.785187,92.957663,22.827523,116.263280,93.486608,22.776672,3.285195,0.036165
115.605635,92.778361,22.827275,115.903382,93.104563,22.798819,3.320073,0.034560
115.303270,92.531252,22.772018,116.025164,93.268024,22.757141,3.147911,0.035272
115.196775,92.376926,22.819850,115.780975,93.010928,22.770047,3.306474,0.032857
114.993871,92.193559,22.800311,115.434185,92.602141,22.832045,3.334417,0.032009
114.799648,91.958987,22.840661,115.756440,92.841460,22.914980,3.229862,0.032859
114.699375,91.864584,22.834791,115.205426,92.362286,22.843140,3.396141,0.031850
114.389537,91.541615,22.847922,115.155450,92.266302,22.889148,3.400595,0.031884
114.194881,91.309631,22.885250,114.971082,92.170967,22.800115,3.295484,0.031378
114.125165,91.249807,22.875358,114.946773,92.243159,22.703613,3.243858,0.034511
113.871482,91.047997,22.823485,114.479613,91.742383,22.737230,3.372212,0.032809
113.740327,90.868943,22.871384,114.460873,91.681702,22.779171,3.306420,0.033173
113.654401,90.809799,22.844601,114.500269,91.760116,22.740154,3.368697,0.029624
113.493584,90.694494,22.799090,114.460542,91.666222,22.794321,3.362873,0.033416
113.282353,90.460902,22.821451,114.214047,91.389818,22.824230,3.253837,0.036544
113.193742,90.380123,22.813619,114.237821,91.489490,22.748331,3.443867,0.030254
112.963581,90.147574,22.816007,113.819287,91.119912,22.699374,3.452979,0.030576
112.915904,90.148013,22.767891,113.916270,91.222348,22.693922,3.295980,0.032929
112.704062,89.909634,22.794428,113.702432,90.971928,22.730504,3.368131,0.033433
112.585478,89.784072,22.801405,113.652266,90.979250,22.673016,3.354880,0.034270
112.528262,89.738547,22.789716,113.631799,90.864613,22.767185,3.335747,0.031258
112.432653,89.680097,22.752556,113.187586,90.474968,22.712619,3.331526,0.030883
112.162339,89.374708,22.787631,113.191899,90.581157,22.610742,3.331143,0.032579
112.079844,89.364188,22.715657,113.149998,90.595825,22.554173,3.442503,0.029701
112.010670,89.274838,22.735832,113.054622,90.511619,22.543003,3.239162,0.034226
111.849093,89.104613,22.744480,112.921510,90.313442,22.608068,3.236761,0.035266
111.712261,89.026411,22.685850,113.030283,90.326131,22.704152,3.135651,0.035995
111.522808,88.867621,22.655187,112.833382,90.227924,22.605458,3.378185,0.034270
111.446536,88.815685,22.630850,112.825868,90.266474,22.559395,3.224144,0.031827
111.347787,88.699422,22.648365,112.373983,89.706165,22.667818,3.270443,0.034595
111.239356,88.509576,22.729780,112.609521,90.106678,22.502843,3.426958,0.030186
111.193735,88.475208,22.718527,112.545666,89.923202,22.622464,3.143876,0.034745
110.994104,88.293965,22.700139,112.093979,89.623272,22.470708,3.483206,0.032707
110.948193,88.296955,22.651238,112.349235,89.856072,22.493163,3.441526,0.033481
110.862329,88.214176,22.648152,112.227946,89.530356,22.697589,3.115926,0.034971
110.725598,88.085167,22.640431,112.319920,89.673746,22.646174,3.255183,0.034803
110.651329,87.970126,22.681204,112.106346,89.553903,22.552442,3.547281,0.032139
110.601614,87.952499,22.649115,111.774930,89.334648,22.440282,3.302545,0.034369
110.429736,87.829636,22.600101,111.861752,89.365760,22.495992,3.381033,0.032151
110.336896,87.686955,22.649941,111.910971,89.466851,22.444120,3.305470,0.033134
110.273659,87.707877,22.565782,111.573797,89.175604,22.398193,3.328898,0.034510
110.171240,87.545898,22.625342,111.696524,89.185263,22.511261,3.538993,0.030115
110.124030,87.460781,22.663249,111.340573,88.817319,22.523253,3.289412,0.032100
109.996236,87.373554,22.622682,111.408011,88.939004,22.469007,3.229553,0.035972
109.890419,87.282386,22.608033,111.375330,88.923793,22.451537,3.216895,0.033723
109.814080,87.251329,22.562751,111.388868,88.996275,22.392593,3.430099,0.031680
109.767779,87.252488,22.515291,111.307837,88.759997,22.547840,3.322145,0.032382
109.618322,87.057443,22.560880,111.230552,88.794405,22.436147,3.431661,0.031448
109.541199,86.988879,22.552320,111.025541,88.603603,22.421939,3.419688,0.030762
109.416298,86.862760,22.553538,111.130073,88.704570,22.425502,3.589985,0.029615
109.380366,86.866526,22.513840,110.767106,88.302370,22.464736,3.327760,0.031046
109.274172,86.769170,22.505002,110.998343,88.614068,22.384275,3.352475,0.033491
109.195246,86.652694,22.542552,110.769290,88.413332,22.355957,3.243562,0.033150
109.156408,86.644616,22.511792,111.019472,88.658374,22.361099,3.240359,0.034393
109.044522,86.513622,22.530900,110.806852,88.461478,22.345373,3.204781,0.032387
108.970665,86.444237,22.526429,110.546541,88.140263,22.406279,3.173800,0.031616
108.903193,86.405134,22.498059,110.369707,87.993192,22.376515,3.434221,0.031721
108.782431,86.277085,22.505346,110.333266,87.904047,22.429219,3.288956,0.032488
108.657586,86.169201,22.488384,110.657736,88.204266,22.453469,3.312562,0.033624
108.673003,86.161872,22.511131,110.569063,88.243449,22.325614,3.380808,0.032109
108.661388,86.188082,22.473306,110.408214,87.954697,22.453516,3.284796,0.032877
108.534778,86.050254,22.484523,110.138488,87.720791,22.417697,3.385505,0.031014
108.500929,86.055084,22.445844,110.414485,88.148877,22.265609,3.397861,0.030922
108.383766,85.910892,22.472874,110.122557,87.831561,22.290997,3.441770,0.030210
108.365876,85.918564,22.447312,110.003248,87.573213,22.430035,3.314227,0.032802
108.208371,85.795483,22.412888,109.953094,87.679697,22.273397,3.448146,0.030681
108.241665,85.832551,22.409114,110.086520,87.839230,22.247290,3.564740,0.028932
108.116102,85.747665,22.368437,109.808474,87.676500,22.131974,3.381337,0.031810
108.033736,85.605876,22.427860,109.814509,87.504353,22.310157,3.421920,0.031366
107.965831,85.536770,22.429061,109.787030,87.490302,22.296727,3.356779,0.030536
107.967638,85.571181,22.396457,109.853781,87.603183,22.250598,3.309063,0.031746
107.868082,85.469022,22.399059,109.672067,87.381589,22.290479,3.073229,0.034761
107.797338,85.411624,22.385714,109.749717,87.492967,22.256750,3.398867,0.029888
107.655025,85.265126,22.389899,109.788710,87.448847,22.339863,3.390059,0.031021
107.656882,85.243228,22.413654,109.667165,87.492206,22.174959,3.444459,0.032072
107.666266,85.249310,22.416956,109.467485,87.179152,22.288333,3.387690,0.030796
107.614737,85.231157,22.383580,109.472588,87.250248,22.222341,3.267733,0.032411
107.477510,85.133510,22.344001,109.167335,86.928016,22.239319,3.339020,0.031078
107.457248,85.086945,22.370303,109.373632,87.163496,22.210136,3.266122,0.034470
107.408715,85.057596,22.351119,109.390494,87.213045,22.177449,3.388536,0.029242
107.357231,84.993397,22.363834,109.406422,87.199869,22.206553,3.637894,0.028937
107.255005,84.829095,22.425910,109.203038,87.040528,22.162511,3.358511,0.031540
107.218251,84.803199,22.415053,109.090584,86.810271,22.280313,3.385271,0.032222
107.153807,84.832809,22.320998,108.949911,86.616513,22.333397,3.574108,0.030805
107.038753,84.682657,22.356096,109.139624,86.911780,22.227844,3.547349,0.028871
107.023765,84.679278,22.344487,109.341842,87.130476,22.211366,3.297850,0.031311
107.054232,84.718049,22.336183,109.025218,86.844206,22.181012,3.419452,0.032342
106.929319,84.587930,22.341389,109.436309,87.304560,22.131749,3.297186,0.032554
106.862738,84.520150,22.342588,108.912495,86.730576,22.181918,3.299879,0.031985
106.779938,84.430819,22.349119,109.129473,87.030771,22.098702,3.521327,0.029273
106.781490,84.523724,22.257766,108.901756,86.773193,22.128563,3.360413,0.032266
106.735455,84.437235,22.298220,108.855764,86.796752,22.059012,3.401464,0.032142
106.702724,84.439702,22.263022,108.862772,86.644348,22.218424,3.474217,0.027594
106.626314,84.339281,22.287033,108.763659,86.721987,22.041672,3.403397,0.030070
106.532073,84.281877,22.250196,108.742209,86.639430,22.102779,3.291315,0.031236
106.546536,84.254444,22.292093,108.838791,86.659639,22.179153,3.326495,0.033360
106.435514,84.160304,22.275210,108.670739,86.624349,22.046390,3.360045,0.030665
106.389373,84.107054,22.282319,108.466123,86.308618,22.157506,3.298650,0.031795
106.373562,84.088530,22.285032,108.505202,86.386999,22.118203,3.398470,0.029758
106.322979,84.048054,22.274924,108.452488,86.351970,22.100518,3.357894,0.030966
106.223921,83.956668,22.267254,108.559403,86.462859,22.096544,3.387701,0.031268
106.222796,83.946249,22.276547,108.356257,86.193502,22.162755,3.278500,0.032104
106.196176,83.948891,22.247286,108.308085,86.314079,21.994006,3.482880,0.030818
106.073332,83.804489,22.268843,108.182945,86.058553,22.124393,3.311555,0.031055
106.071288,83.827538,22.243750,108.200410,86.131701,22.068710,3.476843,0.029106
106.009492,83.732106,22.277387,108.119241,86.049074,22.070166,3.339082,0.030756
105.932837,83.662625,22.270212,108.168002,86.077307,22.090695,3.327099,0.032139
105.906743,83.672623,22.234120,108.328744,86.275729,22.053015,3.429358,0.030202
105.865754,83.586746,22.279008,108.170248,86.043565,22.126683,3.419339,0.032608
105.756737,83.484828,22.271909,108.039741,86.078389,21.961353,3.533037,0.028921
105.792230,83.536799,22.255430,108.069228,85.992870,22.076359,3.596345,0.027972
105.720231,83.476317,22.243914,107.826180,85.805972,22.020207,3.426393,0.026819
105.756769,83.495645,22.261124,108.154881,85.961163,22.193718,3.267912,0.032537
105.627806,83.339795,22.288011,108.003623,85.899232,22.104391,3.336811,0.032986
105.616190,83.350699,22.265490,107.701357,85.655387,22.045970,3.358270,0.030437
105.523962,83.255238,22.268724,107.753703,85.623484,22.130219,3.469274,0.029100
105.505550,83.244503,22.261047,107.603272,85.455344,22.147928,3.391431,0.029997
105.405102,83.133466,22.271636,107.559835,85.487125,22.072710,3.277072,0.032593
105.372574,83.142297,22.230277,107.880078,85.806317,22.073761,3.116664,0.036241
105.316693,83.053374,22.263318,107.724991,85.643774,22.081217,3.384265,0.030152
105.308611,83.084210,22.224401,107.473473,85.379944,22.093528,3.518289,0.030611
105.244483,82.982690,22.261793,107.446962,85.305511,22.141450,3.426740,0.030046
105.196952,82.918244,22.278708,107.637878,85.560106,22.077771,3.381852,0.029876
105.171628,82.919378,22.252251,107.583869,85.409045,22.174824,3.483939,0.031405
105.121834,82.889952,22.231883,107.379164,85.265446,22.113718,3.450215,0.029705
105.061683,82.788185,22.273498,107.493836,85.341190,22.152646,3.224884,0.033911
105.018311,82.705682,22.312629,107.283650,85.119826,22.163824,3.524775,0.028502
104.998151,82.700149,22.298002,107.323597,85.131801,22.191796,3.304565,0.031787
104.977258,82.634270,22.342988,107.112986,84.930611,22.182375,3.384388,0.032276
104.952286,82.601676,22.350611,107.372934,85.204047,22.168887,3.513320,0.028920
