253.332512,246.131381,7.201131,214.526364,206.208615,8.317749,3.339494,0.000004
214.836253,206.518492,8.317762,214.399590,206.081826,8.317765,3.975126,0.000000
214.770723,206.452959,8.317766,214.457747,206.139983,8.317766,nan,0.000000
214.701592,206.383828,8.317766,214.255367,205.937603,8.317766,nan,0.000000
214.657801,206.340037,8.317766,214.407190,206.089426,8.317766,nan,0.000000
214.651813,206.334049,8.317766,214.354871,206.037107,8.317766,nan,0.000000
214.615757,206.297993,8.317766,214.417197,206.099433,8.317766,nan,0.000000
214.590297,206.272533,8.317766,214.323333,206.005569,8.317766,nan,0.000000
214.597469,206.279705,8.317766,214.316618,205.998854,8.317766,nan,0.000000
214.579532,206.261768,8.317766,214.427305,206.109540,8.317766,nan,0.000000
214.532279,206.214515,8.317766,214.250932,205.933168,8.317766,nan,0.000000
214.534954,206.217189,8.317766,214.410962,206.093198,8.317766,nan,0.000000
214.540796,206.223032,8.317766,214.394251,206.076487,8.317766,nan,0.000000
214.517583,206.199819,8.317766,214.253083,205.935319,8.317766,nan,0.000000
214.503383,206.185619,8.317766,214.259432,205.941668,8.317766,nan,0.000000
214.489546,206.171782,8.317766,214.190831,205.873067,8.317766,nan,0.000000
214.486621,206.168857,8.317766,214.222407,205.904642,8.317766,nan,0.000000
214.491509,206.173744,8.317766,214.146349,205.828585,8.317766,nan,0.000000
214.466298,206.148534,8.317766,214.202697,205.884933,8.317766,nan,0.000000
214.479478,206.161714,8.317766,214.227120,205.909356,8.317766,nan,0.000000
214.465337,206.147573,8.317766,214.216225,205.898461,8.317766,nan,0.000000
214.445358,206.127594,8.317766,214.239780,205.922015,8.317766,nan,0.000000
214.448362,206.130598,8.317766,214.191056,205.873292,8.317766,nan,0.000000
214.446615,206.128851,8.317766,214.228962,205.911198,8.317766,nan,0.000000
214.446698,206.128934,8.317766,214.188433,205.870668,8.317766,nan,0.000000
214.440078,206.122314,8.317766,214.232146,205.914381,8.317766,nan,0.000000
214.441183,206.123418,8.317766,214.165192,205.847428,8.317766,nan,0.000000
214.435796,206.118032,8.317766,214.148357,205.830592,8.317766,nan,0.000000
214.431824,206.114060,8.317766,214.218350,205.900585,8.317766,nan,0.000000
214.429263,206.111499,8.317766,214.226716,205.908952,8.317766,nan,0.000000
214.431666,206.113902,8.317766,214.159172,205.841407,8.317766,nan,0.000000
214.426300,206.108536,8.317766,214.181457,205.863693,8.317766,nan,0.000000
214.416925,206.099160,8.317766,214.201517,205.883752,8.317766,nan,0.000000
214.425734,206.107970,8.317766,214.217612,205.899848,8.317766,nan,0.000000
214.426554,206.108789,8.317766,214.200523,205.882758,8.317766,nan,0.000000
214.420996,206.103232,8.317766,214.156144,205.838380,8.317766,nan,0.000000
214.416292,206.098528,8.317766,214.274459,205.956695,8.317766,nan,0.000000
214.431184,206.113420,8.317766,214.180994,205.863229,8.317766,nan,0.000000
214.412800,206.095036,8.317766,214.124198,205.806433,8.317766,nan,0.000000
214.416238,206.098474,8.317766,214.160136,205.842372,8.317766,nan,0.000000
214.413435,206.095670,8.317766,214.170710,205.852946,8.317766,nan,0.000000
214.409831,206.092066,8.317766,214.179402,205.861638,8.317766,nan,0.000000
214.411160,206.093395,8.317766,214.207802,205.890038,8.317766,nan,0.000000
214.405064,206.087300,8.317766,214.155952,205.838188,8.317766,nan,0.000000
214.415926,206.098162,8.317766,214.333583,206.015819,8.317766,nan,0.000000
214.417520,206.099755,8.317766,214.178132,205.860368,8.317766,nan,0.000000
214.411057,206.093292,8.317766,214.129939,205.812175,8.317766,nan,0.000000
214.403999,206.086235,8.317766,214.162906,205.845142,8.317766,nan,0.000000
214.408396,206.090632,8.317766,214.166951,205.849187,8.317766,nan,0.000000
214.404354,206.086589,8.317766,214.253043,205.935279,8.317766,nan,0.000000
214.408691,206.090927,8.317766,214.231556,205.913791,8.317766,nan,0.000000
214.405297,206.087533,8.317766,214.169393,205.851629,8.317766,nan,0.000000
214.405248,206.087483,8.317766,214.199312,205.881548,8.317766,nan,0.000000
214.401709,206.083945,8.317766,214.193889,205.876125,8.317766,nan,0.000000
214.404315,206.086551,8.317766,214.190746,205.872982,8.317766,nan,0.000000
214.401926,206.084162,8.317766,214.160365,205.842601,8.317766,nan,0.000000
214.400932,206.083168,8.317766,214.182529,205.864764,8.317766,nan,0.000000
214.405218,206.087454,8.317766,214.173075,205.855310,8.317766,nan,0.000000
214.400572,206.082807,8.317766,214.142428,205.824663,8.317766,nan,0.000000
214.400915,206.083151,8.317766,214.150263,205.832499,8.317766,nan,0.000000
214.401357,206.083593,8.317766,214.161881,205.844117,8.317766,nan,0.000000
214.403355,206.085591,8.317766,214.156654,205.838890,8.317766,nan,0.000000
214.400275,206.082510,8.317766,214.131158,205.813394,8.317766,nan,0.000000
214.402027,206.084263,8.317766,214.212722,205.894957,8.317766,nan,0.000000
214.398183,206.080418,8.317766,214.156605,205.838840,8.317766,nan,0.000000
214.398890,206.081126,8.317766,214.172531,205.854767,8.317766,nan,0.000000
214.403072,206.085308,8.317766,214.180296,205.862532,8.317766,nan,0.000000
214.399677,206.081912,8.317766,214.167189,205.849425,8.317766,nan,0.000000
214.402596,206.084832,8.317766,214.177905,205.860141,8.317766,nan,0.000000
214.404480,206.086716,8.317766,214.189231,205.871466,8.317766,nan,0.000000
214.401983,206.084219,8.317766,214.133965,205.816200,8.317766,nan,0.000000
214.398783,206.081018,8.317766,214.215296,205.897531,8.317766,nan,0.000000
214.398878,206.081114,8.317766,214.148256,205.830492,8.317766,nan,0.000000
214.400253,206.082489,8.317766,214.125914,205.808149,8.317766,nan,0.000000
214.398486,206.080722,8.317766,214.144545,205.826781,8.317766,nan,0.000000
214.394973,206.077209,8.317766,214.169192,205.851428,8.317766,nan,0.000000
214.395617,206.077853,8.317766,214.164029,205.846264,8.317766,nan,0.000000
214.396944,206.079180,8.317766,214.160436,205.842672,8.317766,nan,0.000000
214.395090,206.077325,8.317766,214.143717,205.825953,8.317766,nan,0.000000
214.399435,206.081670,8.317766,214.166171,205.848407,8.317766,nan,0.000000
214.392794,206.075030,8.317766,214.127577,205.809812,8.317766,nan,0.000000
214.393767,206.076003,8.317766,214.150457,205.832693,8.317766,nan,0.000000
214.389496,206.071732,8.317766,214.167000,205.849236,8.317766,nan,0.000000
214.398714,206.080950,8.317766,214.142955,205.825190,8.317766,nan,0.000000
214.396332,206.078567,8.317766,214.165302,205.847538,8.317766,nan,0.000000
214.399532,206.081767,8.317766,214.145776,205.828012,8.317766,nan,0.000000
214.400494,206.082730,8.317766,214.214616,205.896852,8.317766,nan,0.000000
214.401568,206.083804,8.317766,214.166421,205.848656,8.317766,nan,0.000000
214.393792,206.076028,8.317766,214.180078,205.862314,8.317766,nan,0.000000
214.392295,206.074531,8.317766,214.171382,205.853617,8.317766,nan,0.000000
214.400876,206.083112,8.317766,214.139996,205.822231,8.317766,nan,0.000000
214.399778,206.082013,8.317766,214.216318,205.898553,8.317766,nan,0.000000
214.390447,206.072683,8.317766,214.179100,205.861336,8.317766,nan,0.000000
214.394645,206.076881,8.317766,214.174739,205.856975,8.317766,nan,0.000000
214.393228,206.075463,8.317766,214.219095,205.901330,8.317766,nan,0.000000
214.398989,206.081225,8.317766,214.176483,205.858719,8.317766,nan,0.000000
214.388523,206.070759,8.317766,214.105407,205.787643,8.317766,nan,0.000000
214.393299,206.075535,8.317766,214.179509,205.861745,8.317766,nan,0.000000
214.387021,206.069257,8.317766,214.137925,205.820161,8.317766,nan,0.000000
214.389407,206.071642,8.317766,214.140224,205.822460,8.317766,nan,0.000000
214.391812,206.074047,8.317766,214.155930,205.838166,8.317766,nan,0.000000
214.392353,206.074588,8.317766,214.251157,205.933393,8.317766,nan,0.000000
214.403042,206.085278,8.317766,214.147910,205.830146,8.317766,nan,0.000000
214.389501,206.071737,8.317766,214.158728,205.840963,8.317766,nan,0.000000
214.393069,206.075305,8.317766,214.184491,205.866727,8.317766,nan,0.000000
214.390961,206.073197,8.317766,214.166694,205.848930,8.317766,nan,0.000000
214.391195,206.073430,8.317766,214.162714,205.844949,8.317766,nan,0.000000
214.390418,206.072654,8.317766,214.145300,205.827535,8.317766,nan,0.000000
214.390233,206.072469,8.317766,214.150871,205.833106,8.317766,nan,0.000000
214.388844,206.071080,8.317766,214.167380,205.849616,8.317766,nan,0.000000
214.388262,206.070497,8.317766,214.165640,205.847876,8.317766,nan,0.000000
214.388459,206.070695,8.317766,214.142429,205.824664,8.317766,nan,0.000000
214.393774,206.076010,8.317766,214.119761,205.801996,8.317766,nan,0.000000
214.395928,206.078163,8.317766,214.113071,205.795307,8.317766,nan,0.000000
214.389388,206.071623,8.317766,214.160135,205.842370,8.317766,nan,0.000000
214.387546,206.069781,8.317766,214.185983,205.868218,8.317766,nan,0.000000
214.387677,206.069913,8.317766,214.210942,205.893177,8.317766,nan,0.000000
214.390621,206.072857,8.317766,214.175820,205.858056,8.317766,nan,0.000000
214.391742,206.073978,8.317766,214.157337,205.839573,8.317766,nan,0.000000
214.390646,206.072882,8.317766,214.200189,205.882425,8.317766,nan,0.000000
214.386161,206.068396,8.317766,214.121504,205.803740,8.317766,nan,0.000000
214.387038,206.069274,8.317766,214.149580,205.831816,8.317766,nan,0.000000
214.386305,206.068541,8.317766,214.208686,205.890922,8.317766,nan,0.000000
214.386114,206.068349,8.317766,214.151051,205.833286,8.317766,nan,0.000000
214.384194,206.066430,8.317766,214.178990,205.861226,8.317766,nan,0.000000
214.393299,206.075535,8.317766,214.160727,205.842962,8.317766,nan,0.000000
214.391885,206.074121,8.317766,214.167556,205.849792,8.317766,nan,0.000000
214.383713,206.065949,8.317766,214.118353,205.800589,8.317766,nan,0.000000
214.386967,206.069203,8.317766,214.143725,205.825961,8.317766,nan,0.000000
214.384950,206.067186,8.317766,214.185602,205.867838,8.317766,nan,0.000000
214.384134,206.066370,8.317766,214.127927,205.810162,8.317766,nan,0.000000
214.383148,206.065384,8.317766,214.198372,205.880608,8.317766,nan,0.000000
214.387386,206.069622,8.317766,214.154131,205.836367,8.317766,nan,0.000000
214.392635,206.074871,8.317766,214.149250,205.831486,8.317766,nan,0.000000
214.384830,206.067065,8.317766,214.135780,205.818015,8.317766,nan,0.000000
214.385438,206.067674,8.317766,214.166150,205.848386,8.317766,nan,0.000000
214.387226,206.069462,8.317766,214.142283,205.824519,8.317766,nan,0.000000
214.384738,206.066973,8.317766,214.157144,205.839379,8.317766,nan,0.000000
214.387314,206.069550,8.317766,214.159907,205.842143,8.317766,nan,0.000000
214.385599,206.067835,8.317766,214.153879,205.836114,8.317766,nan,0.000000
214.386120,206.068355,8.317766,214.154613,205.836849,8.317766,nan,0.000000
214.384212,206.066447,8.317766,214.201133,205.883369,8.317766,nan,0.000000
214.386298,206.068534,8.317766,214.134396,205.816632,8.317766,nan,0.000000
214.381709,206.063945,8.317766,214.123363,205.805599,8.317766,nan,0.000000
214.384130,206.066366,8.317766,214.121560,205.803796,8.317766,nan,0.000000
214.387049,206.069285,8.317766,214.131257,205.813492,8.317766,nan,0.000000
214.382742,206.064977,8.317766,214.143273,205.825509,8.317766,nan,0.000000
214.387981,206.070217,8.317766,214.155091,205.837327,8.317766,nan,0.000000
214.385038,206.067273,8.317766,214.161970,205.844206,8.317766,nan,0.000000
214.387902,206.070138,8.317766,214.145646,205.827882,8.317766,nan,0.000000
214.383398,206.065634,8.317766,214.143768,205.826004,8.317766,nan,0.000000
214.384230,206.066465,8.317766,214.177971,205.860207,8.317766,nan,0.000000
214.382339,206.064575,8.317766,214.156230,205.838465,8.317766,nan,0.000000
214.388465,206.070700,8.317766,214.176696,205.858932,8.317766,nan,0.000000
214.385870,206.068106,8.317766,214.114916,205.797151,8.317766,nan,0.000000
214.382602,206.064838,8.317766,214.178154,205.860390,8.317766,nan,0.000000
214.383410,206.065645,8.317766,214.154919,205.837155,8.317766,nan,0.000000
214.382248,206.064484,8.317766,214.130023,205.812259,8.317766,nan,0.000000
214.384994,206.067229,8.317766,214.180565,205.862800,8.317766,nan,0.000000
214.382705,206.064941,8.317766,214.205543,205.887778,8.317766,nan,0.000000
