211.222840,207.649380,3.573459,190.846114,185.576612,5.269501,3.021437,0.010584
180.193955,171.047238,9.146716,169.716422,157.509957,12.206465,2.629726,0.019580
162.436304,147.564276,14.872027,154.963989,137.731549,17.232439,2.579526,0.025028
151.693261,133.419918,18.273343,147.667138,128.441101,19.226036,2.634515,0.027019
145.890927,125.837102,20.053825,142.611156,121.700004,20.911152,2.866594,0.025548
141.581180,120.124217,21.456963,138.936698,116.566139,22.370559,2.703063,0.028111
138.322781,115.624311,22.698470,136.043148,112.622525,23.420622,2.543027,0.029584
135.842636,112.058046,23.784590,133.715307,109.406094,24.309214,2.781673,0.027440
133.631054,109.081253,24.549801,131.976540,106.966408,25.010132,2.536225,0.031023
131.998554,106.737219,25.261336,130.392739,104.762321,25.630418,2.512845,0.031124
130.418197,104.633501,25.784697,128.999847,102.847989,26.151858,2.795998,0.028400
129.304859,103.124317,26.180542,128.481601,102.031452,26.450148,2.472729,0.034062
128.275346,101.690329,26.585016,127.134781,100.265517,26.869265,2.802672,0.029430
127.224319,100.435832,26.788487,126.208099,99.089103,27.118996,2.853432,0.029714
126.425031,99.427043,26.997988,125.473694,98.283058,27.190636,2.792300,0.032560
125.598486,98.478748,27.119737,124.878183,97.521208,27.356975,2.945085,0.028796
124.903700,97.609039,27.294661,124.240940,96.662728,27.578212,2.869941,0.031153
124.449104,96.894612,27.554492,123.699749,96.080265,27.619483,2.763245,0.031285
123.744517,96.142147,27.602370,123.270356,95.561901,27.708455,2.860619,0.030715
123.203436,95.456136,27.747300,122.662076,94.737164,27.924912,2.893683,0.030437
122.716686,94.887254,27.829432,121.952305,94.117205,27.835101,3.011813,0.028124
122.303498,94.339608,27.963889,121.573251,93.737762,27.835489,2.916431,0.029774
121.781309,93.810792,27.970518,121.294173,93.303449,27.990724,2.960416,0.029835
121.399891,93.300428,28.099462,121.063012,92.927543,28.135469,2.850837,0.032196
121.155759,92.898089,28.257670,120.528793,92.284533,28.244260,2.877763,0.030198
120.755003,92.446144,28.308859,120.356631,92.150532,28.206099,2.790917,0.031056
120.364173,92.025134,28.339038,120.109593,91.878962,28.230630,2.849915,0.030170
120.016237,91.655158,28.361079,119.875062,91.480744,28.394318,3.077832,0.028269
119.714859,91.314314,28.400546,119.472919,91.201179,28.271740,2.873698,0.031115
119.351772,90.911401,28.440371,119.024237,90.630097,28.394139,2.859654,0.031030
119.061011,90.649888,28.411122,118.737081,90.338726,28.398356,3.083140,0.027627
118.807337,90.368246,28.439092,118.564653,90.149765,28.414888,2.903806,0.029796
118.471462,89.976888,28.494574,118.054630,89.607218,28.447412,3.003446,0.029897
118.236508,89.741492,28.495015,117.800373,89.451415,28.348958,3.044191,0.029280
118.025902,89.538875,28.487028,117.795707,89.480351,28.315356,3.067842,0.028508
117.695754,89.273145,28.422609,117.263056,88.948596,28.314460,3.021372,0.028852
117.433989,88.985578,28.448410,117.633413,89.164487,28.468926,3.007118,0.030554
117.296089,88.802389,28.493700,117.279962,88.888828,28.391134,2.868564,0.031407
116.950738,88.496837,28.453902,116.744577,88.349659,28.394918,3.067763,0.027601
116.779409,88.371088,28.408320,116.780980,88.585550,28.195430,2.905997,0.030755
116.523019,88.086146,28.436874,116.546256,88.139797,28.406459,3.064974,0.028868
116.250485,87.923780,28.326704,116.362718,88.024487,28.338231,3.070482,0.028767
116.091740,87.752469,28.339271,116.100624,87.898076,28.202548,3.087600,0.028312
115.814029,87.529858,28.284171,115.890260,87.739102,28.151158,3.005721,0.029447
115.712663,87.406556,28.306107,115.560360,87.333864,28.226497,2.984304,0.028712
115.455521,87.149153,28.306369,115.346702,87.174102,28.172599,3.117980,0.027583
115.267775,87.028682,28.239094,115.502497,87.279595,28.222902,2.978523,0.029486
115.112111,86.833095,28.279016,115.289484,87.115963,28.173520,3.124053,0.029947
114.947668,86.714769,28.232899,114.879848,86.756829,28.123019,3.095935,0.028759
114.777504,86.534533,28.242971,114.837251,86.685800,28.151451,3.137283,0.026291
114.539185,86.356847,28.182338,114.511362,86.520794,27.990567,3.056025,0.029113
114.377901,86.224441,28.153460,114.572464,86.459680,28.112785,3.020492,0.028958
114.159504,86.048748,28.110757,114.253075,86.237979,28.015097,2.869761,0.029300
114.017777,85.933560,28.084217,114.212807,86.197744,28.015063,3.263369,0.025829
113.846830,85.752410,28.094420,113.761026,85.929964,27.831063,3.067604,0.026917
113.676258,85.596612,28.079646,113.980513,85.990195,27.990318,3.175488,0.026930
113.485582,85.475774,28.009808,113.718600,85.859996,27.858605,3.116198,0.027008
113.294673,85.295022,27.999650,113.527114,85.645819,27.881295,2.954077,0.030291
113.150863,85.204337,27.946526,113.352560,85.532392,27.820168,3.026768,0.028960
112.957639,85.068583,27.889055,113.096927,85.363692,27.733235,3.116442,0.027172
112.874823,84.988526,27.886297,113.282452,85.502805,27.779648,3.208487,0.026621
112.685422,84.807410,27.878012,112.838765,85.057532,27.781234,3.194234,0.026417
112.574212,84.732652,27.841561,112.758705,84.992296,27.766409,3.210782,0.025500
112.346058,84.574093,27.771964,112.659331,84.957819,27.701512,3.043494,0.031373
112.188934,84.414948,27.773986,112.546370,84.756704,27.789665,3.231955,0.026764
112.063231,84.321395,27.741836,112.508136,84.898691,27.609445,3.124638,0.027172
111.870722,84.150066,27.720656,112.298036,84.733049,27.564987,3.040674,0.028762
111.781978,84.073915,27.708063,112.165986,84.683630,27.482357,3.080876,0.029579
111.629084,83.983990,27.645094,111.923821,84.419955,27.503865,3.257742,0.026106
111.481006,83.901312,27.579694,111.908417,84.600811,27.307606,3.178035,0.025039
111.306980,83.804303,27.502677,111.588178,84.341844,27.246333,3.171275,0.027240
111.225663,83.723979,27.501684,111.564539,84.345896,27.218643,3.195578,0.026032
111.035592,83.556477,27.479115,111.425178,84.097822,27.327356,3.300795,0.025633
110.989572,83.487547,27.502024,111.181396,83.910756,27.270641,3.206002,0.025623
110.765361,83.342551,27.422809,111.342854,84.140444,27.202410,3.401727,0.024291
110.668569,83.305048,27.363521,111.297902,84.017016,27.280886,3.291130,0.027507
110.518444,83.168539,27.349905,110.933227,83.653776,27.279451,3.134219,0.027671
110.444832,83.091255,27.353576,111.003074,83.827855,27.175218,3.115854,0.025673
110.290418,83.010933,27.279484,110.627980,83.515319,27.112661,3.194925,0.026386
110.123905,82.875565,27.248340,110.683436,83.562259,27.121177,3.209232,0.026347
110.056884,82.806769,27.250115,110.309097,83.123230,27.185867,3.230886,0.027441
109.944372,82.690568,27.253804,110.338616,83.343774,26.994842,3.207910,0.025802
109.851572,82.636719,27.214853,110.278755,83.123942,27.154814,3.197983,0.025743
109.710066,82.522365,27.187701,110.180957,83.118492,27.062466,3.020706,0.026841
109.545309,82.396282,27.149027,110.155094,83.202854,26.952240,3.326186,0.026395
109.484826,82.352082,27.132743,109.958003,82.957128,27.000875,3.372320,0.028204
109.352774,82.252378,27.100396,109.696264,82.806716,26.889547,3.254024,0.025358
109.238385,82.108587,27.129798,109.669416,82.731236,26.938180,3.212037,0.026330
109.136187,82.078920,27.057267,109.647281,82.818526,26.828755,3.275229,0.025345
109.055687,81.989082,27.066605,109.577257,82.575199,27.002058,3.226844,0.027230
108.879195,81.827783,27.051412,109.342362,82.567567,26.774796,3.434734,0.024959
108.788997,81.837709,26.951288,109.256687,82.334892,26.921794,3.073091,0.026523
108.701598,81.713891,26.987708,109.264562,82.526419,26.738142,3.191094,0.026434
108.574296,81.632129,26.942167,109.046046,82.399391,26.646655,3.318376,0.027841
108.490750,81.560989,26.929761,109.264695,82.495868,26.768827,3.020646,0.031463
108.337578,81.441285,26.896293,109.269146,82.521256,26.747890,3.110152,0.027560
108.239649,81.364612,26.875037,108.728292,82.145123,26.583169,3.198417,0.026795
108.198281,81.306051,26.892229,108.756991,81.994660,26.762331,3.313990,0.023982
108.091954,81.237400,26.854555,108.492934,81.915720,26.577214,3.168403,0.025449
107.957983,81.137286,26.820697,108.633344,81.945746,26.687598,3.315058,0.025613
107.902688,81.088838,26.813850,108.621053,82.022884,26.598169,3.274940,0.026292
107.777434,80.982789,26.794645,108.425152,81.871294,26.553859,3.260922,0.025570
107.710266,80.903117,26.807150,108.254606,81.752029,26.502578,3.362612,0.025455
107.627504,80.862068,26.765436,108.316033,81.650146,26.665886,3.220623,0.025783
107.464518,80.738313,26.726205,108.214953,81.631274,26.583678,3.320482,0.025220
107.404741,80.671182,26.733559,107.916234,81.423098,26.493136,3.372104,0.025303
107.259643,80.601238,26.658405,108.193336,81.593974,26.599362,3.206711,0.025219
107.210002,80.562627,26.647375,107.768667,81.304545,26.464124,3.233396,0.026494
107.149717,80.522769,26.626949,107.729607,81.203935,26.525672,3.305267,0.024020
106.999691,80.408111,26.591580,107.693288,81.206603,26.486684,3.377427,0.025303
106.906551,80.297681,26.608871,107.677274,81.202792,26.474482,3.349237,0.025065
106.855812,80.296581,26.559231,107.662247,81.348458,26.313788,3.201209,0.026065
106.748874,80.219807,26.529067,107.416298,81.095230,26.321068,3.208330,0.026142
106.697483,80.145970,26.551512,107.202509,80.779911,26.422598,3.205149,0.023950
106.579332,80.070535,26.508796,107.401098,80.972892,26.428206,3.185671,0.024483
106.460247,79.982055,26.478193,107.261484,80.964417,26.297068,3.346183,0.023875
106.467436,79.956219,26.511216,107.270895,80.948845,26.322050,3.266044,0.026691
106.361767,79.870814,26.490953,107.205717,80.867506,26.338211,3.258873,0.026816
106.296543,79.813549,26.482994,106.965588,80.777727,26.187861,3.423182,0.022685
106.234139,79.775890,26.458249,107.028051,80.680081,26.347969,3.228650,0.025682
106.169543,79.709829,26.459715,106.646465,80.378573,26.267892,3.343605,0.026045
106.118320,79.649659,26.468661,106.827936,80.595802,26.232134,3.336990,0.024249
105.938250,79.537971,26.400280,106.802947,80.593795,26.209152,3.349340,0.023322
105.914542,79.548333,26.366208,106.841676,80.670725,26.170951,3.206965,0.024302
105.866106,79.465452,26.400654,106.561086,80.254067,26.307018,3.264903,0.023225
105.785348,79.404928,26.380421,106.660802,80.453126,26.207677,3.120483,0.024523
105.697701,79.320102,26.377599,106.684846,80.436177,26.248669,3.315686,0.022492
105.644387,79.273139,26.371247,106.478093,80.352422,26.125672,3.403523,0.025482
105.498000,79.138856,26.359144,106.414953,80.177867,26.237086,3.381552,0.024971
105.520649,79.168896,26.351753,106.255154,80.010876,26.244277,3.285294,0.023152
105.464923,79.123671,26.341251,106.412732,80.068995,26.343737,3.213058,0.023164
105.445588,79.069198,26.376390,106.107094,79.956203,26.150892,3.405913,0.023715
105.355132,79.023934,26.331198,106.019457,79.908964,26.110493,3.376988,0.022106
105.257367,78.942837,26.314530,106.119851,79.776599,26.343253,3.387915,0.023750
105.213518,78.861567,26.351951,106.181142,79.894873,26.286269,3.366127,0.024541
105.164579,78.800519,26.364060,105.967771,79.747902,26.219869,3.250755,0.023561
105.024216,78.735343,26.288873,105.777125,79.885813,25.891312,3.156216,0.027027
105.059143,78.750359,26.308785,105.914877,79.851013,26.063864,3.450991,0.023215
105.000419,78.696528,26.303891,105.800876,79.635388,26.165488,3.405702,0.024491
104.886261,78.602512,26.283749,105.877355,79.673713,26.203641,3.481493,0.022556
104.824365,78.559249,26.265115,105.770061,79.660151,26.109910,3.480610,0.022011
104.794923,78.527545,26.267377,105.822794,79.606759,26.216034,3.323135,0.022332
104.637996,78.395725,26.242270,105.612281,79.522807,26.089475,3.278534,0.023617
104.672362,78.420859,26.251503,105.482420,79.353501,26.128918,3.383795,0.023348
104.606417,78.404480,26.201938,105.597615,79.541270,26.056345,3.333469,0.025282
104.571684,78.330761,26.240922,105.552995,79.514054,26.038941,3.178925,0.026413
104.490870,78.269418,26.221452,105.396963,79.346943,26.050020,3.330923,0.022920
104.456627,78.219157,26.237471,105.218227,79.210601,26.007627,3.386403,0.024957
104.398871,78.179035,26.219836,105.508427,79.440107,26.068319,3.417358,0.023002
104.397220,78.206504,26.190716,105.177314,79.229082,25.948232,3.377927,0.023512
104.308696,78.133517,26.175179,105.388013,79.355475,26.032538,3.247814,0.024645
104.280434,78.075417,26.205017,105.299103,79.046177,26.252926,3.516106,0.022235
104.241941,78.039377,26.202563,105.476676,79.246121,26.230556,3.284456,0.024120
104.255704,78.029287,26.226417,105.113245,79.078358,26.034887,3.355235,0.023991
104.140942,77.947819,26.193123,105.333460,79.098682,26.234778,3.373784,0.026691
104.119472,77.950870,26.168602,105.221886,79.044745,26.177141,3.437303,0.022707
104.071943,77.916069,26.155874,104.935920,79.023382,25.912538,3.391299,0.023621
104.080335,77.878667,26.201668,104.874413,78.879075,25.995338,3.384061,0.023776
103.971057,77.788088,26.182969,105.024224,79.029874,25.994350,3.374620,0.021930
103.891201,77.724705,26.166497,105.108998,78.973002,26.135996,3.492213,0.022564
