192.512013,184.229678,8.282335,160.060065,145.347080,14.712985,2.298296,0.023589
151.257946,133.839124,17.418822,144.288658,125.106740,19.181918,2.261757,0.032563
140.004929,119.660420,20.344509,135.135823,113.691608,21.444214,2.421494,0.035482
133.444141,111.459403,21.984738,130.812689,108.285470,22.527219,2.442115,0.036375
129.894140,107.194046,22.700094,127.757193,104.936932,22.820261,2.549097,0.035684
127.517317,104.520581,22.996736,126.122929,102.955976,23.166954,2.539016,0.040306
125.840722,102.631026,23.209696,124.532452,101.276323,23.256129,2.633223,0.038072
124.542248,101.177620,23.364628,123.560290,100.091322,23.468969,2.756072,0.034923
123.528810,100.075548,23.453263,122.746826,99.276762,23.470064,2.421409,0.044189
122.612125,99.055379,23.556747,122.096076,98.651290,23.444786,2.539306,0.041842
121.930518,98.320734,23.609784,121.329257,97.660105,23.669153,2.764974,0.038554
121.229070,97.639211,23.589859,120.756515,97.158815,23.597701,2.612154,0.041096
120.661023,97.045998,23.615026,120.533667,96.986948,23.546719,2.500698,0.045083
120.170022,96.570030,23.599993,120.346111,96.728495,23.617617,2.633351,0.038965
119.644803,96.022647,23.622157,119.851980,96.253324,23.598656,2.686270,0.041247
119.359015,95.702905,23.656110,119.362839,95.806072,23.556767,2.761653,0.040598
118.964969,95.335585,23.629384,119.302710,95.560078,23.742632,2.693817,0.039108
118.537012,94.880002,23.657010,118.780314,95.178952,23.601362,2.946152,0.038817
118.361090,94.694871,23.666220,118.519809,94.864159,23.655650,2.655926,0.040113
117.984626,94.315139,23.669487,118.502242,94.904853,23.597389,2.826229,0.040439
117.806743,94.137892,23.668851,118.310207,94.686724,23.623484,2.710068,0.041349
117.478489,93.891514,23.586976,118.187520,94.629637,23.557883,2.624026,0.042133
117.203857,93.593693,23.610164,117.890973,94.386577,23.504396,2.770406,0.042296
117.014885,93.401244,23.613641,117.981032,94.437392,23.543640,2.779029,0.040339
116.827477,93.220652,23.606825,117.345994,93.842716,23.503278,2.824258,0.041021
116.508678,92.898647,23.610031,117.388137,93.907015,23.481122,2.842948,0.039464
116.364119,92.788798,23.575321,117.299629,93.819117,23.480513,2.675732,0.044373
116.122812,92.558920,23.563893,117.075046,93.536412,23.538634,2.750036,0.042427
116.021841,92.499016,23.522825,116.777676,93.384610,23.393066,2.821506,0.040899
115.717892,92.190272,23.527619,116.792073,93.361895,23.430177,2.921787,0.039866
115.597388,92.107500,23.489889,116.421621,92.893686,23.527934,2.910295,0.037963
115.452188,91.957848,23.494340,116.239801,92.865513,23.374288,2.815334,0.041004
115.246892,91.768336,23.478557,116.250264,92.775963,23.474300,2.775941,0.039649
115.132037,91.639178,23.492859,115.954994,92.515831,23.439164,2.829585,0.045021
114.935613,91.515610,23.420003,116.065250,92.719087,23.346163,2.919028,0.038842
114.790688,91.395204,23.395484,116.076498,92.658576,23.417922,2.675068,0.043173
114.617868,91.210903,23.406965,115.858854,92.752080,23.106775,2.765958,0.042093
114.522747,91.148501,23.374246,116.098808,92.816949,23.281859,2.962476,0.038999
114.430573,91.041516,23.389057,115.432924,92.224064,23.208861,2.912552,0.038323
114.244322,90.861698,23.382624,115.418293,92.050565,23.367728,2.916262,0.041293
114.145674,90.768701,23.376973,115.358070,92.151363,23.206707,2.872908,0.043696
114.059704,90.731969,23.327735,115.429397,92.104936,23.324460,2.885907,0.038265
113.894732,90.523495,23.371237,115.338969,92.128536,23.210433,2.770603,0.038950
113.673929,90.387885,23.286044,115.127144,91.917489,23.209655,2.973530,0.036009
113.588358,90.284459,23.303899,115.281915,92.199311,23.082603,3.043962,0.037853
113.544849,90.256900,23.287949,114.824996,91.621594,23.203401,2.872318,0.039346
113.404114,90.119721,23.284394,114.842041,91.603973,23.238068,2.867784,0.041997
113.272224,90.054321,23.217903,115.153267,92.044949,23.108318,2.828808,0.040247
113.221828,89.997451,23.224377,114.707421,91.679234,23.028188,3.108295,0.037948
113.106245,89.880796,23.225449,114.530256,91.375248,23.155008,3.088588,0.034670
113.004898,89.799216,23.205682,114.301270,91.148749,23.152521,3.021801,0.038810
112.956750,89.749812,23.206938,114.718407,91.615883,23.102524,2.998236,0.041376
112.858830,89.646206,23.212623,114.230828,91.178585,23.052243,2.950377,0.039676
112.729718,89.533908,23.195810,114.395331,91.405315,22.990017,2.999305,0.039210
112.698920,89.497717,23.201203,114.375038,91.262605,23.112432,2.933584,0.041813
112.563082,89.404798,23.158283,114.140976,91.029046,23.111929,2.874084,0.039856
112.435123,89.292458,23.142666,114.052999,91.062879,22.990120,2.837213,0.039442
112.355090,89.226636,23.128454,114.038821,91.030802,23.008019,2.869558,0.039342
112.261995,89.140854,23.121141,113.941930,91.015162,22.926768,2.942877,0.042089
112.224410,89.106998,23.117412,113.952153,91.061962,22.890191,2.889491,0.041647
112.129838,89.024184,23.105654,113.852647,90.872595,22.980052,3.114676,0.040802
112.072853,88.955707,23.117146,113.598503,90.512131,23.086372,2.846582,0.039716
111.986847,88.875522,23.111326,113.709488,90.751355,22.958133,2.957174,0.035940
111.918110,88.813495,23.104615,113.863493,90.968787,22.894706,2.978025,0.037401
111.823300,88.743513,23.079788,113.419056,90.531698,22.887358,2.871835,0.038624
111.719801,88.637305,23.082496,113.521043,90.531058,22.989984,3.001657,0.035079
111.691916,88.637730,23.054185,113.053511,90.075498,22.978013,3.027226,0.038426
111.541651,88.506554,23.035098,113.164043,90.318286,22.845756,3.059038,0.038399
111.510248,88.454908,23.055340,113.122605,90.108965,23.013640,3.036659,0.042463
111.380364,88.334046,23.046319,113.221519,90.254410,22.967110,2.945609,0.036773
111.245598,88.254929,22.990669,113.134161,90.380001,22.754160,2.690852,0.045715
111.276479,88.281918,22.994562,113.168451,90.200599,22.967852,3.128291,0.040860
111.234473,88.251338,22.983135,112.996303,90.261418,22.734884,2.918213,0.038718
111.113180,88.165625,22.947555,113.276361,90.472206,22.804155,2.988739,0.039017
111.017687,88.056553,22.961134,112.790295,89.996463,22.793832,3.019784,0.036495
111.013174,88.077934,22.935240,112.723776,89.873380,22.850395,3.075780,0.040956
110.977542,87.985873,22.991670,112.949914,90.191581,22.758333,2.997443,0.037873
110.850228,87.883837,22.966391,112.862794,89.980556,22.882238,2.847471,0.038888
110.745230,87.817863,22.927368,112.692177,89.902479,22.789698,2.965670,0.037653
110.691999,87.773757,22.918242,112.559744,89.953974,22.605770,3.100605,0.036374
110.713985,87.816379,22.897606,112.763417,90.103941,22.659476,2.992030,0.036419
110.589386,87.680155,22.909232,112.364004,89.592935,22.771068,3.029647,0.036181
110.432799,87.522680,22.910119,112.459666,89.760818,22.698848,2.984198,0.037710
110.373922,87.501530,22.872392,112.536353,89.889061,22.647292,2.960158,0.039252
110.322147,87.468887,22.853260,112.162689,89.437169,22.725521,3.142987,0.036534
110.222870,87.370484,22.852386,112.313924,89.599652,22.714271,3.071376,0.035802
110.134398,87.263517,22.870881,112.306966,89.622621,22.684345,2.960077,0.037089
110.164684,87.311164,22.853520,112.632792,89.959556,22.673236,2.890425,0.039707
110.050108,87.211041,22.839067,112.121522,89.407163,22.714359,2.965654,0.040807
109.973581,87.140593,22.832988,111.953967,89.345703,22.608263,3.144717,0.036650
109.908614,87.068190,22.840424,111.933926,89.198000,22.735926,2.950721,0.039425
109.975954,87.165256,22.810699,111.927636,89.425598,22.502038,3.050658,0.035404
109.806925,87.034059,22.772866,111.802123,89.092498,22.709624,3.172690,0.038831
109.704241,86.905604,22.798637,111.747036,89.126259,22.620777,3.053962,0.037057
109.697710,86.899406,22.798304,111.587300,88.840413,22.746887,2.941456,0.038310
109.621826,86.803721,22.818105,111.703640,89.141278,22.562362,2.998141,0.039765
109.563551,86.796681,22.766871,111.734189,89.054454,22.679736,2.937899,0.040293
109.485029,86.789548,22.695481,111.782887,89.243304,22.539584,3.097373,0.038894
109.475178,86.745486,22.729692,111.578634,89.010788,22.567845,2.949541,0.036846
109.360913,86.595441,22.765472,111.493588,88.887909,22.605680,3.063172,0.039776
109.376536,86.632877,22.743659,111.501756,88.817856,22.683900,3.189876,0.033654
109.355030,86.621324,22.733706,111.143289,88.624660,22.518629,3.064240,0.036559
109.234196,86.492589,22.741607,111.252968,88.623796,22.629171,2.918600,0.036534
109.087266,86.367444,22.719822,111.055590,88.419419,22.636171,2.779328,0.041710
109.100010,86.395339,22.704671,111.648920,89.005809,22.643110,3.019500,0.039909
109.046921,86.354050,22.692872,111.206222,88.633944,22.572278,3.032986,0.036400
108.976425,86.334106,22.642319,111.166173,88.638051,22.528123,2.892146,0.038097
108.927391,86.299169,22.628222,110.958147,88.482680,22.475467,3.171666,0.037468
108.924846,86.265362,22.659485,111.061318,88.599183,22.462134,2.903501,0.037486
108.815643,86.196055,22.619588,110.991223,88.391377,22.599846,3.225504,0.035488
108.784343,86.149578,22.634766,110.973277,88.440375,22.532901,3.187848,0.036994
108.745303,86.068903,22.676399,110.711491,88.187847,22.523644,3.181515,0.037318
108.710013,86.077004,22.633009,110.998813,88.545693,22.453121,2.924410,0.038780
108.687235,86.068338,22.618897,110.657843,88.179153,22.478691,2.913289,0.039543
108.574688,85.927823,22.646865,110.583656,88.080614,22.503043,3.203639,0.033879
108.523886,85.901923,22.621964,110.577057,88.129008,22.448049,3.120888,0.035516
108.509140,85.953355,22.555785,110.475012,87.963184,22.511828,3.003567,0.039347
108.432366,85.832569,22.599797,110.343413,87.920822,22.422590,3.179984,0.037843
108.395700,85.760508,22.635193,110.514091,88.038917,22.475175,3.087849,0.036740
108.352994,85.755820,22.597174,110.564680,87.936534,22.628146,3.135545,0.036349
108.222344,85.632396,22.589948,110.352046,87.819256,22.532789,2.918788,0.038983
108.208339,85.651255,22.557084,110.540001,88.132327,22.407673,3.097996,0.037313
108.144791,85.559613,22.585178,110.103671,87.649579,22.454092,3.148480,0.031787
108.117595,85.525630,22.591965,110.431876,88.073977,22.357900,2.961825,0.036748
107.989214,85.453580,22.535634,110.209315,87.922073,22.287242,3.061765,0.035489
108.052466,85.543900,22.508566,110.180874,87.790328,22.390546,3.084250,0.035642
107.976487,85.402802,22.573684,110.149804,87.809737,22.340067,3.162565,0.035487
107.873085,85.335107,22.537978,110.251625,87.904936,22.346690,3.136928,0.036881
107.829723,85.331665,22.498059,109.974670,87.600532,22.374138,2.895627,0.035778
107.903055,85.331834,22.571221,110.064076,87.604334,22.459742,3.073287,0.035944
107.747052,85.196754,22.550298,109.994270,87.553592,22.440678,3.175456,0.032976
107.763167,85.248163,22.515004,109.873222,87.401520,22.471702,3.026107,0.036741
107.718134,85.223717,22.494417,110.029651,87.596043,22.433608,3.089299,0.038154
107.581252,85.073463,22.507788,109.962684,87.606757,22.355927,2.943679,0.039425
107.547992,85.032064,22.515928,109.605177,87.236079,22.369099,3.079777,0.040058
107.559271,85.073140,22.486131,109.638035,87.334994,22.303041,2.966338,0.034509
107.463483,84.955287,22.508196,109.493427,87.163351,22.330076,3.171584,0.034920
107.432690,84.970978,22.461712,109.555218,87.281926,22.273293,3.081649,0.038935
107.365823,84.944786,22.421038,109.523951,87.183713,22.340238,3.157095,0.037258
107.332160,84.846482,22.485679,109.543260,87.183912,22.359348,2.984236,0.038348
107.276818,84.826796,22.450022,109.433902,87.163054,22.270849,2.999099,0.035369
107.258952,84.823731,22.435221,109.357619,87.011291,22.346328,3.024663,0.033635
107.134097,84.759099,22.374999,109.440590,87.166498,22.274091,3.318607,0.033949
107.115281,84.742713,22.372568,109.388487,87.111373,22.277114,2.879590,0.035565
107.049693,84.658812,22.390881,109.148837,87.040340,22.108498,3.129307,0.036486
107.008428,84.607327,22.401102,109.177426,86.910044,22.267382,3.224669,0.030872
106.889960,84.510590,22.379370,109.427987,87.097281,22.330706,3.001193,0.039292
106.938104,84.505151,22.432952,109.181333,86.792004,22.389329,3.223163,0.035651
106.781380,84.363493,22.417887,108.792059,86.529010,22.263050,3.066058,0.035827
106.815092,84.408436,22.406657,109.052260,86.795509,22.256750,3.113652,0.033428
106.772631,84.401099,22.371531,108.949306,86.651972,22.297334,2.911783,0.036441
106.643158,84.277987,22.365171,109.071180,86.794461,22.276719,3.162018,0.036765
106.690735,84.317715,22.373020,109.073592,86.797482,22.276110,2.919705,0.039148
106.618250,84.237984,22.380267,108.727465,86.434016,22.293449,3.082511,0.034880
106.593314,84.208894,22.384421,108.790739,86.569418,22.221322,2.864987,0.036993
106.534943,84.180731,22.354212,108.593446,86.348469,22.244977,3.222034,0.033866
106.458960,84.121361,22.337599,108.873979,86.648179,22.225800,3.327549,0.034093
106.410746,84.035071,22.375676,108.557088,86.275243,22.281845,3.098068,0.034419
106.355679,84.035223,22.320456,108.416103,86.289202,22.126901,3.425168,0.033015
106.297660,83.931396,22.366264,108.602430,86.483476,22.118954,3.236866,0.035461
