241.276717,238.668758,2.607958,190.192059,186.090990,4.101069,2.860545,0.014905
175.520932,168.891712,6.629220,161.367918,152.417189,8.950729,3.037696,0.024213
156.714495,146.936934,9.777561,151.681046,141.045851,10.635196,3.222308,0.028772
148.179983,137.023962,11.156021,143.451452,131.726068,11.725384,3.138654,0.027034
141.287874,128.986601,12.301274,137.279386,124.577376,12.702010,3.048530,0.027648
136.077331,123.153201,12.924130,133.067500,119.769326,13.298175,2.953557,0.029173
131.970469,118.479985,13.490484,129.354664,115.731908,13.622757,2.995573,0.026762
128.886242,115.079668,13.806574,126.632128,112.754486,13.877642,2.926858,0.026890
126.342132,112.305018,14.037114,123.993889,109.769817,14.224072,2.913194,0.027699
124.155308,109.964719,14.190589,122.495203,108.185351,14.309852,3.090237,0.025607
122.389585,108.026306,14.363279,121.239114,106.649098,14.590016,2.813650,0.028002
120.811638,106.189289,14.622349,119.312110,104.620455,14.691654,2.966539,0.026961
119.390091,104.635539,14.754551,117.975841,103.011250,14.964592,2.824650,0.027717
118.212730,103.290874,14.921856,117.011460,102.030889,14.980571,3.056202,0.026952
117.097120,101.964038,15.133082,116.039018,100.855274,15.183744,2.962029,0.026462
116.173277,100.955091,15.218186,115.401147,100.172508,15.228638,2.922133,0.025482
115.238374,99.843442,15.394932,114.488211,99.136099,15.352112,2.981873,0.026258
114.678100,99.233593,15.444507,113.881890,98.375124,15.506766,2.982809,0.025599
113.962697,98.432713,15.529985,113.487563,97.913586,15.573977,2.966005,0.026563
113.294271,97.733676,15.560595,112.712336,97.240879,15.471457,2.830301,0.027622
112.692754,97.048061,15.644693,111.938285,96.185116,15.753169,3.108960,0.024772
112.094437,96.389816,15.704621,111.370213,95.555657,15.814556,3.042681,0.024212
111.631154,95.877323,15.753831,111.019284,95.211056,15.808228,3.028742,0.024905
111.132176,95.358316,15.773860,110.431819,94.532915,15.898904,3.094587,0.024091
110.669165,94.785891,15.883274,110.271798,94.397314,15.874484,2.919134,0.026067
110.214361,94.353508,15.860853,109.857470,94.009848,15.847623,2.931433,0.024764
109.830969,93.928476,15.902493,109.729527,93.898010,15.831518,3.054253,0.025523
109.477316,93.544999,15.932317,109.487551,93.604911,15.882640,3.034868,0.025117
109.186615,93.271968,15.914647,109.061985,93.067950,15.994035,2.960154,0.024744
108.910630,92.958203,15.952427,109.028412,93.185847,15.842566,2.935378,0.024648
108.649171,92.685252,15.963919,108.752675,92.931539,15.821136,2.975403,0.025758
108.371860,92.352796,16.019064,108.418706,92.359254,16.059452,2.861634,0.025669
108.044381,92.014886,16.029496,108.069874,91.962634,16.107241,2.922803,0.024055
107.795232,91.688184,16.107047,107.919638,91.828478,16.091160,2.908136,0.023444
107.550431,91.429047,16.121384,107.705380,91.502442,16.202939,2.817796,0.024351
107.300978,91.139171,16.161807,107.569886,91.464133,16.105753,2.925692,0.024312
107.210422,91.073760,16.136662,107.358356,91.230841,16.127515,2.846956,0.025632
106.948591,90.704950,16.243641,107.416176,91.257680,16.158496,3.039401,0.022624
106.817964,90.569762,16.248202,107.110649,90.767280,16.343370,3.046793,0.024366
106.575549,90.299732,16.275816,107.072306,90.870935,16.201371,2.985964,0.023074
106.483752,90.214015,16.269737,107.071837,90.901741,16.170096,3.021799,0.022959
106.250169,89.999132,16.251037,106.658050,90.430791,16.227260,2.945761,0.023942
106.123234,89.878637,16.244597,106.429961,90.202318,16.227643,2.976504,0.024974
105.967785,89.690796,16.276989,106.657977,90.464375,16.193602,2.903198,0.023945
105.871399,89.523707,16.347692,106.424925,90.209405,16.215520,2.983754,0.024391
105.744207,89.360522,16.383686,106.486146,90.181280,16.304866,2.911568,0.023595
105.673275,89.308634,16.364641,106.036375,89.705018,16.331357,2.868113,0.025391
105.427002,89.034187,16.392815,106.217286,89.879303,16.337983,2.998343,0.023182
105.417695,89.029197,16.388498,106.107098,89.822830,16.284269,2.911663,0.025288
105.325906,88.968355,16.357551,106.069132,89.740481,16.328651,2.997983,0.022739
105.242512,88.828762,16.413750,105.700039,89.315033,16.385006,2.907034,0.023062
105.166233,88.722448,16.443785,105.525904,89.222665,16.303239,3.089840,0.022629
105.047450,88.575286,16.472164,105.526567,88.990938,16.535629,2.982323,0.022750
104.921645,88.445785,16.475860,105.748513,89.372622,16.375891,2.870213,0.023768
104.897276,88.435406,16.461870,105.567291,89.175512,16.391779,3.151762,0.021621
104.779441,88.334362,16.445079,105.441289,89.047330,16.393959,2.962455,0.024167
104.710096,88.213647,16.496449,105.266429,88.815164,16.451265,2.956176,0.024398
104.595756,88.078360,16.517396,105.403606,88.871525,16.532082,2.937801,0.023241
104.572623,88.039161,16.533462,105.460871,89.032306,16.428565,3.132384,0.021626
104.465822,87.959418,16.506404,105.187819,88.627244,16.560575,2.896576,0.022954
104.489092,87.877733,16.611360,105.249901,88.669013,16.580887,2.944484,0.023935
104.373890,87.779209,16.594681,105.214868,88.707843,16.507025,2.904673,0.024423
104.368449,87.753383,16.615066,105.327852,88.755539,16.572313,2.976485,0.023285
104.233699,87.604037,16.629663,105.520654,88.966727,16.553927,2.829985,0.025654
104.144632,87.510180,16.634451,105.232539,88.616877,16.615663,2.900908,0.024037
104.156962,87.451835,16.705127,105.422297,88.846319,16.575979,2.861944,0.025643
104.093218,87.408553,16.684665,105.288893,88.638691,16.650201,2.914586,0.023918
104.001467,87.337529,16.663939,104.979125,88.340098,16.639027,2.937460,0.022295
104.015414,87.299608,16.715806,105.057376,88.412539,16.644836,2.909338,0.024666
103.967136,87.204041,16.763095,105.073492,88.352173,16.721320,2.913963,0.024285
104.005307,87.237957,16.767350,104.869036,88.207057,16.661979,2.997241,0.025687
103.913676,87.101038,16.812638,104.839428,88.034388,16.805040,2.885484,0.025284
103.884453,87.049891,16.834563,104.970635,88.169691,16.800944,2.966442,0.023473
103.842875,87.045534,16.797341,105.205390,88.410918,16.794473,3.017596,0.022836
103.811363,86.996580,16.814782,104.827774,87.984607,16.843167,2.837312,0.025242
103.765028,86.927048,16.837980,104.837335,88.082742,16.754592,2.918723,0.024359
103.740336,86.911058,16.829279,105.063961,88.299613,16.764349,2.879658,0.024078
103.712609,86.835851,16.876758,105.112663,88.357450,16.755214,2.983551,0.025064
103.650353,86.737293,16.913060,104.906614,87.974872,16.931742,2.845550,0.024136
103.572931,86.642121,16.930810,104.648151,87.703887,16.944264,2.948318,0.023082
103.555192,86.571367,16.983825,104.684293,87.778737,16.905556,2.887062,0.023430
103.598895,86.649748,16.949147,104.637492,87.735745,16.901747,3.110959,0.022949
103.489261,86.549910,16.939351,104.836301,88.009228,16.827073,2.885031,0.025165
103.485315,86.466750,17.018565,104.553918,87.599755,16.954163,2.845690,0.024545
103.387286,86.351374,17.035912,104.986029,87.986799,16.999230,2.896295,0.023751
103.376507,86.337775,17.038731,104.647025,87.595442,17.051583,2.760713,0.023938
103.321963,86.267743,17.054219,104.685825,87.685067,17.000758,2.957590,0.022084
103.241998,86.144686,17.097312,104.601006,87.530029,17.070977,2.925395,0.024336
103.180297,86.089998,17.090299,104.767898,87.761926,17.005971,2.863977,0.024821
103.201610,86.053272,17.148339,104.605474,87.575056,17.030418,3.006560,0.023839
103.087513,85.955658,17.131856,104.419984,87.242225,17.177758,2.877864,0.025803
103.135975,86.024410,17.111566,104.736653,87.725656,17.010997,2.783424,0.025868
103.124461,85.966890,17.157571,104.432837,87.289052,17.143785,2.941523,0.023141
103.043502,85.849222,17.194281,104.590972,87.495171,17.095801,2.823819,0.027379
103.123209,85.986426,17.136784,104.448740,87.323781,17.124959,2.966032,0.024475
103.056080,85.899653,17.156427,104.450659,87.349587,17.101072,2.857132,0.024229
103.027931,85.819801,17.208130,104.236930,87.072374,17.164557,2.832481,0.026705
102.965595,85.694638,17.270958,104.576152,87.315894,17.260258,2.886626,0.024522
102.936374,85.676231,17.260143,104.232832,87.017586,17.215246,3.042666,0.022792
102.920927,85.600270,17.320657,104.460875,87.195600,17.265274,2.755609,0.024816
102.926837,85.616209,17.310628,104.241178,86.956213,17.284965,3.010354,0.022980
102.856695,85.516591,17.340104,104.196936,86.899308,17.297628,2.927020,0.023267
102.865501,85.533051,17.332450,104.275607,86.991622,17.283986,2.917664,0.022969
102.783889,85.395348,17.388541,104.526560,87.128078,17.398482,2.980206,0.022412
102.762585,85.344395,17.418190,104.235822,86.823259,17.412563,2.977847,0.022850
102.788204,85.394993,17.393212,104.254686,86.949593,17.305093,2.963566,0.023087
102.788222,85.378029,17.410192,104.384133,87.071110,17.313023,3.009106,0.022554
102.763399,85.383829,17.379571,104.289470,87.086094,17.203377,3.000609,0.023690
102.724704,85.297785,17.426919,104.249114,86.912484,17.336630,2.941721,0.024011
102.767757,85.306205,17.461552,104.263279,86.787573,17.475706,3.066200,0.022545
102.693633,85.223264,17.470368,104.426231,86.985731,17.440499,2.960456,0.027691
102.712259,85.252186,17.460073,104.579864,87.287371,17.292492,2.871629,0.025531
102.774409,85.289606,17.484804,104.566312,87.203788,17.362525,3.077624,0.022575
102.837688,85.321864,17.515824,104.686407,87.136076,17.550331,2.979939,0.025074
102.758483,85.235163,17.523320,104.251394,86.817039,17.434354,3.116187,0.021933
102.708245,85.185257,17.522987,104.500721,87.056567,17.444154,2.904345,0.026781
102.778718,85.201671,17.577047,104.362491,86.876168,17.486324,2.983138,0.024429
102.718157,85.128247,17.589910,104.687381,87.143608,17.543773,2.915982,0.023417
102.743792,85.143808,17.599983,104.211049,86.741764,17.469284,2.904181,0.024497
102.731175,85.153751,17.577424,104.465729,86.969100,17.496629,2.925233,0.023750
102.742945,85.088532,17.654412,104.638109,87.106270,17.531839,3.023937,0.022415
102.702405,85.084678,17.617727,104.180835,86.614295,17.566540,2.890136,0.025418
102.712745,85.075001,17.637744,104.461065,86.909618,17.551446,2.876625,0.024605
102.775728,85.076388,17.699340,104.380295,86.812895,17.567401,2.996145,0.022607
102.726887,85.042045,17.684842,104.575842,87.023407,17.552435,2.951616,0.024647
102.701499,85.032329,17.669169,104.474193,86.902913,17.571280,3.090750,0.022754
102.675723,85.014812,17.660911,104.553531,86.830201,17.723330,3.111105,0.022114
102.754321,85.025940,17.728381,104.794071,87.128425,17.665646,2.860008,0.022927
102.694534,84.930888,17.763646,104.754122,86.978929,17.775193,2.953068,0.022779
102.678165,84.919447,17.758718,104.426521,86.763270,17.663251,2.908620,0.022725
102.616149,84.850804,17.765345,104.537517,86.911709,17.625807,2.941719,0.026163
102.669473,84.945856,17.723616,104.721295,87.018209,17.703086,2.842368,0.022607
102.694321,84.887987,17.806334,104.396049,86.712606,17.683443,2.929198,0.023324
102.646318,84.792121,17.854196,104.649566,86.856311,17.793254,2.955127,0.022499
102.561693,84.733950,17.827743,104.633268,86.920905,17.712364,3.006644,0.023456
102.617050,84.784911,17.832139,104.571309,86.837064,17.734244,2.891468,0.024172
102.610892,84.786271,17.824621,104.525593,86.777820,17.747773,2.891215,0.025204
102.546544,84.699852,17.846692,104.476083,86.749094,17.726989,2.998229,0.023931
102.602463,84.744878,17.857585,104.402268,86.613935,17.788332,3.011703,0.022733
102.479404,84.633633,17.845771,104.408914,86.740191,17.668724,2.979502,0.022548
102.556976,84.684970,17.872006,104.526785,86.700080,17.826705,2.925096,0.025453
102.623551,84.726749,17.896802,104.388749,86.631964,17.756786,2.919720,0.023110
102.582991,84.644232,17.938759,104.449908,86.597179,17.852729,2.978591,0.022857
102.467811,84.511899,17.955912,104.678191,86.819971,17.858220,2.956636,0.023817
102.523884,84.578855,17.945029,104.526139,86.651119,17.875020,2.918626,0.023240
102.440555,84.463464,17.977091,104.478747,86.577784,17.900964,2.957313,0.022577
102.446479,84.457100,17.989379,104.675057,86.762521,17.912537,2.714413,0.024949
102.393739,84.455205,17.938534,103.964075,85.957571,18.006504,2.781014,0.025975
102.319059,84.386407,17.932652,104.549750,86.716123,17.833627,2.826028,0.028189
102.361563,84.419174,17.942389,104.208897,86.214096,17.994801,3.054131,0.022035
102.340638,84.322334,18.018305,104.434086,86.598323,17.835763,2.849494,0.024422
102.384424,84.391960,17.992464,104.257431,86.242945,18.014486,3.011816,0.021962
102.215962,84.199184,18.016778,104.243347,86.321883,17.921465,2.713624,0.025237
102.268987,84.213274,18.055713,104.399686,86.482016,17.917669,2.814136,0.024793
102.208335,84.173856,18.034479,104.358036,86.411014,17.947022,3.035115,0.022050
102.250466,84.253571,17.996895,104.186183,86.259611,17.926572,2.906562,0.023360
102.248064,84.211226,18.036838,104.343456,86.319221,18.024235,2.966357,0.023920
102.167522,84.099817,18.067705,104.384601,86.378848,18.005754,2.934944,0.023270
102.262641,84.126091,18.136550,104.458599,86.326779,18.131820,2.812929,0.026051
102.191495,84.122412,18.069083,104.297833,86.386377,17.911456,3.038353,0.021533
