207.902776,200.596610,7.306167,186.302020,178.971070,7.330950,7.275917,0.014616
170.059646,163.243672,6.815973,157.923035,150.928238,6.994798,5.861972,0.025774
153.818535,146.787127,7.031408,149.476427,142.438627,7.037799,5.393165,0.027643
148.004986,140.958599,7.046387,146.050488,139.038246,7.012243,6.615837,0.025713
144.953170,137.899358,7.053812,143.103911,136.052814,7.051096,6.011073,0.026813
142.639436,135.577143,7.062293,141.615777,134.609270,7.006506,5.948565,0.033069
141.078739,133.984341,7.094398,140.057504,133.001983,7.055521,6.222410,0.027151
139.827592,132.714894,7.112698,138.645845,131.525894,7.119952,5.203845,0.030610
138.731913,131.596718,7.135195,138.174025,131.041646,7.132379,6.870415,0.025565
137.945406,130.820111,7.125296,137.187856,130.092198,7.095658,6.294932,0.027566
137.239821,130.087576,7.152244,136.641252,129.507113,7.134139,7.594593,0.027349
136.550651,129.396623,7.154028,136.072434,128.937027,7.135408,7.250776,0.024799
136.144882,128.995136,7.149746,135.501749,128.318571,7.183178,6.723243,0.031552
135.444872,128.294494,7.150378,135.204382,128.073734,7.130648,6.800463,0.032002
134.919931,127.771495,7.148436,134.341376,127.220736,7.120640,6.477562,0.034179
134.567764,127.411620,7.156144,134.144651,127.016742,7.127909,6.684654,0.030502
134.121471,126.963158,7.158313,133.362893,126.213206,7.149686,7.800948,0.026686
133.759730,126.592569,7.167160,133.290874,126.104632,7.186242,7.322929,0.028987
133.271222,126.095517,7.175705,133.285380,126.111297,7.174082,8.031125,0.028102
133.057896,125.872714,7.185182,132.698969,125.515866,7.183103,7.765137,0.028571
132.705432,125.512756,7.192676,132.808052,125.652730,7.155322,7.894497,0.030518
132.529881,125.341484,7.188398,131.993856,124.821948,7.171908,7.212554,0.025332
132.316265,125.126366,7.189899,131.777573,124.600317,7.177256,6.786824,0.031771
132.022241,124.829089,7.193151,132.022121,124.847628,7.174494,6.775833,0.033375
131.876008,124.681130,7.194879,131.483628,124.290533,7.193095,6.276341,0.032419
131.628996,124.401494,7.227502,131.319768,124.137028,7.182740,8.297715,0.035218
131.400987,124.185020,7.215966,131.876444,124.682339,7.194105,6.509714,0.032306
131.204854,123.984062,7.220792,131.017553,123.841430,7.176124,8.430369,0.028027
131.144701,123.925731,7.218970,131.383525,124.185221,7.198304,7.207058,0.033218
131.028652,123.813194,7.215457,131.018048,123.805646,7.212402,7.605194,0.030774
130.842811,123.600192,7.242620,130.550989,123.323418,7.227571,7.933769,0.028670
130.635041,123.396553,7.238488,130.794141,123.601134,7.193008,7.457398,0.029569
130.519706,123.290411,7.229296,130.753600,123.529580,7.224020,8.298893,0.029264
130.270720,123.009112,7.261607,130.309912,123.084749,7.225162,9.033715,0.030392
130.178290,122.939329,7.238961,130.860824,123.647883,7.212941,7.749402,0.028065
130.158525,122.915789,7.242736,130.418552,123.209110,7.209442,8.631007,0.030095
130.006362,122.762319,7.244044,130.277714,123.070612,7.207101,8.022799,0.028378
129.990726,122.737317,7.253409,130.091586,122.849134,7.242452,8.467156,0.030054
129.788009,122.548044,7.239965,130.367770,123.158784,7.208986,6.989620,0.036730
129.605120,122.344500,7.260619,130.114273,122.901017,7.213256,8.483234,0.031726
129.595279,122.339736,7.255543,130.355824,123.151244,7.204581,8.341281,0.027863
129.642874,122.370726,7.272148,129.882278,122.637529,7.244750,7.947225,0.027576
129.452117,122.169908,7.282209,129.629820,122.387486,7.242334,10.455313,0.030361
129.430571,122.155272,7.275299,129.846381,122.602628,7.243753,6.921529,0.030096
129.302307,122.019520,7.282787,129.901592,122.652101,7.249491,7.728409,0.031016
129.160562,121.877661,7.282900,129.730915,122.476153,7.254763,8.770374,0.027018
129.118565,121.836073,7.282492,129.584758,122.352586,7.232172,8.005632,0.031671
129.062699,121.798058,7.264641,129.771503,122.533801,7.237702,7.598880,0.029408
129.065648,121.798841,7.266807,129.458154,122.224788,7.233366,9.710098,0.029717
128.855285,121.585129,7.270155,129.427515,122.214077,7.213438,8.894000,0.034272
128.780816,121.511891,7.268925,129.774681,122.547583,7.227098,7.891011,0.030970
128.864703,121.590922,7.273781,129.364324,122.109846,7.254479,8.844397,0.029161
128.624345,121.332011,7.292334,129.610235,122.334383,7.275853,9.016187,0.030297
128.630947,121.336169,7.294778,129.505891,122.287187,7.218703,7.493916,0.033599
128.546608,121.274187,7.272421,129.555342,122.298864,7.256479,9.138460,0.029240
128.433218,121.159155,7.274063,129.546675,122.338841,7.207833,6.715439,0.036060
128.405630,121.118398,7.287232,129.066880,121.802540,7.264339,7.707306,0.032386
128.276362,120.988212,7.288149,128.972325,121.738082,7.234244,9.828715,0.026324
128.289344,121.009047,7.280297,129.292169,122.084594,7.207575,7.458848,0.029424
128.273614,120.999865,7.273749,129.062147,121.821265,7.240882,8.131970,0.028000
128.033172,120.720503,7.312669,128.977378,121.693928,7.283450,7.875608,0.035773
128.012279,120.693005,7.319274,129.010734,121.761500,7.249234,7.867782,0.029448
127.928040,120.643822,7.284219,129.060392,121.825166,7.235225,8.578374,0.028678
127.896817,120.594930,7.301888,129.064107,121.806224,7.257884,8.783253,0.030267
127.790492,120.471129,7.319362,128.696386,121.410111,7.286274,8.487403,0.028632
127.861870,120.542469,7.319401,128.843094,121.560315,7.282778,8.307571,0.028112
127.672479,120.359213,7.313265,128.649263,121.401881,7.247382,7.757981,0.033569
127.596682,120.273013,7.323669,128.791516,121.529968,7.261548,7.655996,0.033026
127.584501,120.274847,7.309654,128.623029,121.363145,7.259885,7.780111,0.032357
127.428460,120.107102,7.321358,128.512203,121.240317,7.271885,6.563540,0.033859
127.517115,120.201037,7.316077,128.518804,121.219179,7.299625,8.472146,0.023344
127.429616,120.093802,7.335814,128.213921,120.920811,7.293110,7.315493,0.035812
127.420456,120.088976,7.331479,128.438497,121.150496,7.288002,8.792420,0.030377
127.383559,120.055775,7.327784,128.485722,121.202829,7.282893,9.346099,0.029550
127.261822,119.927270,7.334552,128.740139,121.453611,7.286528,7.063460,0.032733
127.206558,119.880535,7.326023,128.248609,120.956728,7.291881,8.437151,0.027016
127.295716,119.967680,7.328036,128.750155,121.473012,7.277142,9.083137,0.033492
127.315880,119.993017,7.322864,128.771354,121.519645,7.251708,7.759734,0.032566
127.203723,119.894670,7.309052,128.529119,121.252206,7.276913,7.852671,0.034246
127.244904,119.926025,7.318879,128.357850,121.084837,7.273013,7.816056,0.032033
127.076173,119.748974,7.327199,128.119256,120.838127,7.281129,8.298477,0.029829
127.007350,119.680428,7.326922,128.273972,120.990290,7.283682,6.931053,0.035198
127.042882,119.703250,7.339632,128.295469,120.989040,7.306429,7.634449,0.038123
126.912333,119.545748,7.366585,128.118183,120.790468,7.327715,8.863320,0.025399
126.915123,119.548248,7.366875,128.382483,121.076644,7.305839,8.786954,0.027123
126.802324,119.455544,7.346780,128.201357,120.897101,7.304256,9.026278,0.031438
126.861406,119.509018,7.352389,128.050554,120.739190,7.311364,9.247469,0.027498
126.791675,119.444192,7.347483,128.199785,120.923477,7.276308,10.056794,0.025293
126.920552,119.586645,7.333907,127.938803,120.643255,7.295547,7.109211,0.028218
126.731824,119.374502,7.357323,128.006130,120.698220,7.307909,10.387243,0.026818
126.853273,119.509651,7.343622,128.034744,120.722670,7.312075,8.847638,0.031064
126.725295,119.369116,7.356179,128.291216,120.986214,7.305002,7.860567,0.030274
126.841550,119.479752,7.361799,127.901898,120.575608,7.326291,7.420498,0.034007
126.656276,119.308163,7.348113,127.986831,120.706358,7.280473,8.758221,0.025195
126.755424,119.423467,7.331957,128.200852,120.917236,7.283617,8.167730,0.029342
126.727789,119.384665,7.343124,128.112534,120.807463,7.305072,8.478406,0.036069
126.547513,119.181551,7.365962,128.059249,120.748017,7.311232,8.895267,0.028626
126.615460,119.258550,7.356910,128.455220,121.171616,7.283605,7.822600,0.035680
126.619158,119.260253,7.358905,128.215362,120.927991,7.287370,8.671036,0.026451
126.598447,119.239563,7.358884,128.209415,120.907352,7.302063,8.101898,0.033210
126.581086,119.230028,7.351058,127.895720,120.605663,7.290057,7.722898,0.036755
126.518258,119.174544,7.343714,128.374372,121.109697,7.264675,6.744148,0.038051
126.536596,119.184314,7.352282,127.999986,120.703978,7.296009,8.401155,0.031393
126.544415,119.182034,7.362381,128.125756,120.818702,7.307054,10.745000,0.028016
126.383445,119.022105,7.361340,127.743937,120.436585,7.307352,9.992075,0.024614
126.404331,119.047704,7.356627,128.127622,120.814463,7.313159,7.963366,0.029928
126.447501,119.072551,7.374951,127.993266,120.679217,7.314049,10.101789,0.025320
126.371864,119.005115,7.366749,128.121675,120.822095,7.299580,9.882468,0.032704
126.403585,119.043512,7.360074,128.138913,120.831755,7.307158,10.794875,0.031797
126.431493,119.072297,7.359196,128.052637,120.755802,7.296836,8.260404,0.029147
126.355956,119.003322,7.352635,128.062164,120.762350,7.299815,12.010060,0.026061
126.373436,119.015814,7.357622,128.000880,120.699934,7.300945,7.903755,0.032122
126.234548,118.859257,7.375292,127.653878,120.331224,7.322654,8.575589,0.029707
126.197045,118.823935,7.373110,128.046013,120.722841,7.323171,7.749207,0.029423
126.222281,118.845860,7.376421,127.804037,120.494539,7.309498,9.427232,0.029760
126.296245,118.940735,7.355510,128.113313,120.817153,7.296159,9.097876,0.034099
126.245626,118.877746,7.367879,127.988446,120.664838,7.323608,7.362549,0.030231
126.254151,118.894260,7.359891,128.077014,120.773927,7.303087,8.266973,0.031844
126.141064,118.767333,7.373731,127.939023,120.628271,7.310752,7.698250,0.030500
126.062040,118.701625,7.360414,128.099477,120.799618,7.299859,9.446781,0.027039
126.167295,118.801702,7.365593,128.161256,120.875035,7.286221,11.070011,0.035196
126.204196,118.834627,7.369569,127.792599,120.479213,7.313386,8.196884,0.030795
126.328135,118.966954,7.361181,128.135086,120.823111,7.311975,9.231971,0.033508
126.226079,118.855798,7.370282,127.803172,120.448678,7.354494,7.192594,0.033398
126.051141,118.656387,7.394754,127.908488,120.577994,7.330494,8.057967,0.031098
126.038273,118.647553,7.390720,128.021040,120.693007,7.328033,9.355240,0.032020
126.154903,118.774579,7.380324,128.038611,120.716297,7.322313,6.909310,0.030486
126.068019,118.677149,7.390870,127.944627,120.608117,7.336511,7.376875,0.032166
125.985323,118.593902,7.391421,127.619380,120.270907,7.348473,7.508785,0.035711
125.953794,118.554304,7.399489,127.583027,120.228063,7.354964,7.898830,0.028560
126.119087,118.731751,7.387336,128.012204,120.690091,7.322112,7.555251,0.037515
126.029613,118.633151,7.396462,127.637256,120.281918,7.355339,8.677212,0.025869
126.045556,118.656489,7.389067,127.754102,120.410311,7.343792,9.241808,0.032503
126.037385,118.658164,7.379221,127.664807,120.355467,7.309339,7.123320,0.029293
125.976354,118.590476,7.385879,127.632710,120.299405,7.333306,8.580600,0.029167
125.967416,118.590451,7.376965,127.779631,120.465503,7.314128,7.753846,0.031668
126.032336,118.654118,7.378218,127.690778,120.362863,7.327915,10.380651,0.028736
125.954238,118.549549,7.404689,127.804314,120.471817,7.332497,7.824823,0.032822
125.974034,118.580288,7.393746,127.719574,120.375620,7.343954,8.971697,0.029358
125.795852,118.401274,7.394578,127.707041,120.379552,7.327490,8.346129,0.029239
125.851074,118.468389,7.382686,127.796088,120.468848,7.327239,6.645804,0.039585
125.843786,118.457094,7.386692,127.770587,120.448129,7.322458,7.547924,0.032126
125.945176,118.563310,7.381866,127.841449,120.534047,7.307401,8.029097,0.029915
125.760879,118.363806,7.397073,127.676047,120.304925,7.371123,7.191924,0.026917
125.821762,118.423826,7.397936,127.728170,120.395861,7.332309,11.581676,0.028912
125.832874,118.451467,7.381406,127.682329,120.350381,7.331948,8.119455,0.028044
125.810678,118.419076,7.391601,127.919785,120.580991,7.338794,9.044673,0.031574
125.803318,118.408031,7.395287,127.797766,120.450680,7.347085,10.194973,0.025933
125.746062,118.338895,7.407166,127.928808,120.585305,7.343503,8.125200,0.026360
125.752848,118.350387,7.402461,127.814249,120.484494,7.329754,9.532411,0.035547
125.764876,118.381477,7.383399,127.489155,120.153721,7.335433,10.164785,0.031365
125.623704,118.227748,7.395956,127.558323,120.228304,7.330019,8.949134,0.027111
125.626200,118.219280,7.406920,127.270281,119.906044,7.364237,7.818582,0.030828
125.586066,118.171853,7.414212,127.526234,120.172262,7.353972,7.497149,0.034646
125.501215,118.094455,7.406760,127.697651,120.356551,7.341100,7.310711,0.028966
125.725586,118.326819,7.398767,127.604499,120.263660,7.340839,7.800536,0.030193
125.619561,118.234891,7.384670,127.740687,120.416416,7.324271,8.657061,0.030735
125.619384,118.227820,7.391564,128.061515,120.741050,7.320465,8.340778,0.029577
125.663008,118.279630,7.383379,127.951303,120.624412,7.326890,8.364925,0.035397
125.632590,118.248237,7.384353,127.889943,120.573123,7.316820,9.171123,0.028763
