287.742714,274.129403,13.613310,217.177864,198.996754,18.181110,3.109774,0.005679
211.173779,192.647669,18.526109,207.430732,188.967752,18.462980,3.823916,0.005665
201.347611,183.364937,17.982674,192.060793,175.314968,16.745826,3.740569,0.007621
185.132847,168.757295,16.375553,177.052990,160.370484,16.682505,3.726874,0.009358
171.408696,154.373745,17.034951,165.446955,147.928072,17.518883,3.989660,0.010782
162.193809,144.491977,17.701831,157.844673,139.894847,17.949825,4.141543,0.011376
155.678552,137.587101,18.091452,152.587149,134.073101,18.514048,3.737778,0.013456
150.843831,132.200891,18.642941,147.971236,128.920051,19.051185,4.119589,0.013109
147.018811,127.850245,19.168566,144.155555,124.909497,19.246057,4.114988,0.013821
143.890147,124.419393,19.470754,141.839810,122.145266,19.694544,4.261129,0.013690
141.549571,121.785081,19.764489,139.872820,119.988136,19.884684,3.996561,0.014711
139.623199,119.690499,19.932700,137.833926,117.810846,20.023079,4.039012,0.014699
137.958635,117.952360,20.006275,136.128032,116.015921,20.112112,4.239617,0.014455
136.429522,116.277800,20.151723,134.968484,114.697827,20.270657,4.225764,0.014719
135.102187,114.851765,20.250422,133.991373,113.643395,20.347978,4.298658,0.014531
133.792658,113.548372,20.244287,132.332024,112.139253,20.192771,4.363761,0.014317
132.623940,112.409969,20.213972,131.598847,111.372552,20.226295,4.278656,0.014747
131.650830,111.342665,20.308165,130.465007,110.089913,20.375094,4.333745,0.014615
130.675795,110.353091,20.322704,129.168606,108.920940,20.247666,4.334971,0.015031
129.769276,109.507047,20.262230,128.863980,108.512275,20.351705,4.595578,0.013445
129.006842,108.727011,20.279831,127.908840,107.522580,20.386261,4.562216,0.014986
128.192137,107.968341,20.223796,127.460287,107.284486,20.175801,4.468348,0.014155
127.419670,107.448345,19.971325,126.286238,106.393963,19.892275,4.490868,0.014719
126.684781,106.881188,19.803593,125.671291,105.931113,19.740177,4.480079,0.014427
125.853487,106.218645,19.634842,125.078519,105.441669,19.636850,4.367396,0.014638
125.178034,105.641686,19.536349,124.232120,104.754658,19.477462,4.521860,0.014026
124.475960,105.113545,19.362414,123.939672,104.614528,19.325143,4.625586,0.013693
123.772953,104.514484,19.258469,123.076205,103.873187,19.203018,4.794388,0.013567
123.210241,104.036399,19.173841,122.497512,103.336174,19.161338,4.591693,0.013846
122.594640,103.587787,19.006854,121.647050,102.747748,18.899303,4.686977,0.014060
121.977027,103.222033,18.754993,121.084418,102.297960,18.786459,4.710060,0.013164
121.419073,102.863277,18.555796,120.710771,102.187276,18.523495,4.888608,0.013306
120.864697,102.475567,18.389130,120.162898,101.876189,18.286708,4.824178,0.013545
120.256923,102.155287,18.101636,119.571981,101.602442,17.969539,4.690851,0.013447
119.686584,101.726787,17.959797,118.926116,101.129294,17.796822,4.747580,0.014170
119.170079,101.319490,17.850589,118.825159,101.082498,17.742661,4.800956,0.013934
118.728909,100.994240,17.734668,118.156588,100.614410,17.542178,4.885717,0.013969
118.312289,100.765438,17.546851,117.538369,100.033978,17.504391,4.803677,0.013477
117.787746,100.346761,17.440985,117.141436,99.757081,17.384355,4.811714,0.013626
117.337440,100.027915,17.309524,116.860622,99.678309,17.182313,4.977793,0.013555
116.960761,99.827419,17.133343,116.310770,99.216526,17.094244,4.946339,0.013520
116.476003,99.471022,17.004980,115.960706,99.131844,16.828863,4.908568,0.012611
116.058940,99.147422,16.911518,115.719770,98.896766,16.823004,5.024909,0.012556
115.735271,98.983263,16.752008,115.061340,98.493615,16.567726,4.991664,0.013078
115.221335,98.742445,16.478889,114.668975,98.345917,16.323058,5.288408,0.012599
114.805611,98.457629,16.347982,114.869849,98.655312,16.214537,4.961170,0.013330
114.494360,98.225977,16.268383,114.348105,98.147555,16.200549,5.142831,0.012272
114.238411,98.029769,16.208642,114.142718,97.945662,16.197056,5.268066,0.011536
113.869800,97.724738,16.145063,113.542989,97.450582,16.092407,5.257902,0.012726
113.523185,97.420825,16.102360,113.286254,97.220207,16.066047,4.977334,0.012599
113.198835,97.126662,16.072173,112.885395,96.858433,16.026962,5.170773,0.012525
112.940902,96.924030,16.016872,112.689957,96.782168,15.907789,5.223575,0.012648
112.652650,96.709359,15.943291,112.431547,96.529816,15.901731,5.296892,0.012295
112.481308,96.558534,15.922774,112.188967,96.311548,15.877419,5.384137,0.011418
112.180890,96.239690,15.941201,112.104807,96.174652,15.930156,5.321186,0.011930
111.978716,96.076874,15.901843,111.814185,95.893989,15.920196,5.184819,0.012796
111.792316,95.864081,15.928235,111.711482,95.855581,15.855901,5.452073,0.012209
111.591131,95.675544,15.915587,111.711937,95.925136,15.786801,5.093781,0.012902
111.435594,95.538201,15.897393,111.233560,95.333175,15.900385,5.598380,0.011897
111.211263,95.290827,15.920437,111.279067,95.435653,15.843415,5.204337,0.011954
111.038308,95.136689,15.901619,111.066646,95.148246,15.918401,5.352505,0.011703
110.767649,94.852844,15.914806,111.006923,95.130145,15.876779,5.407659,0.012106
110.645730,94.734498,15.911232,110.718313,94.901208,15.817106,5.324241,0.012241
110.486485,94.592844,15.893641,110.538738,94.670774,15.867965,5.202318,0.012662
110.318543,94.426227,15.892316,110.195529,94.390455,15.805074,5.373956,0.011747
110.121706,94.241422,15.880284,110.153232,94.276065,15.877167,5.365146,0.012033
109.994139,94.094585,15.899555,109.982780,94.087291,15.895489,5.580277,0.011351
109.824233,93.897893,15.926340,109.973002,94.111593,15.861409,5.061563,0.012696
109.721547,93.841810,15.879737,109.861985,94.006587,15.855399,5.512953,0.011342
109.589606,93.692166,15.897440,109.750586,94.052707,15.697879,5.394966,0.011619
109.431198,93.541705,15.889494,109.847352,93.944851,15.902502,5.412609,0.011619
109.284827,93.356898,15.927928,109.167520,93.343661,15.823859,5.491885,0.012270
109.149348,93.237021,15.912327,109.256116,93.373855,15.882261,5.612494,0.010871
109.009722,93.052442,15.957280,109.164396,93.279351,15.885045,5.626337,0.011674
108.841432,92.918956,15.922476,108.920417,93.072785,15.847633,5.573428,0.011450
108.703085,92.764481,15.938604,108.864240,93.040991,15.823249,5.646322,0.011621
108.653550,92.714680,15.938870,108.869339,92.974500,15.894839,5.644748,0.011605
108.509009,92.585470,15.923539,108.750459,92.956033,15.794426,5.502625,0.012110
108.461107,92.529947,15.931160,108.576331,92.706976,15.869356,5.718386,0.011796
108.261768,92.303591,15.958177,108.547360,92.626373,15.920987,5.563356,0.011703
108.168991,92.200735,15.968256,108.412049,92.540939,15.871110,5.504153,0.012168
108.087940,92.126507,15.961433,108.267032,92.412029,15.855003,5.383297,0.011809
107.980619,91.996977,15.983642,108.332218,92.335934,15.996284,5.278116,0.012411
107.907123,91.889514,16.017608,108.203698,92.231607,15.972091,5.379138,0.010945
107.754285,91.751925,16.002360,108.080680,92.117144,15.963537,5.406177,0.011614
107.645383,91.627169,16.018214,108.019784,92.055761,15.964022,5.540642,0.012178
107.620830,91.624846,15.995985,107.832451,91.833448,15.999003,5.318480,0.011702
107.476769,91.508166,15.968603,107.701581,91.871468,15.830114,5.292326,0.012146
107.387763,91.374609,16.013155,107.503111,91.459244,16.043867,5.554506,0.011440
107.239374,91.204996,16.034378,107.768569,91.729180,16.039389,5.588658,0.010673
107.199634,91.162474,16.037161,107.555849,91.551030,16.004820,5.501041,0.011586
107.090387,91.034858,16.055529,107.333175,91.375904,15.957271,5.624236,0.011122
106.965449,90.948479,16.016970,107.423380,91.512016,15.911364,5.767553,0.011571
106.912084,90.883697,16.028387,107.294915,91.308272,15.986643,5.455694,0.011190
106.829183,90.807934,16.021249,107.510701,91.586337,15.924364,5.313302,0.011423
106.817406,90.799146,16.018260,107.187667,91.239378,15.948290,5.990833,0.011205
106.712416,90.696163,16.016253,107.256604,91.294829,15.961775,5.644623,0.011292
106.656657,90.625564,16.031092,107.291678,91.284747,16.006932,5.745240,0.011128
106.548418,90.547963,16.000456,107.129147,91.130731,15.998416,5.578069,0.012508
106.461834,90.416877,16.044958,107.129976,91.132037,15.997939,5.723231,0.011334
106.393391,90.348961,16.044431,107.028869,91.046758,15.982111,5.745578,0.010836
106.313351,90.299899,16.013451,106.997019,90.982758,16.014261,5.774118,0.011341
106.310533,90.274761,16.035773,106.808140,90.825188,15.982952,5.394678,0.011900
106.204564,90.165308,16.039256,106.685117,90.636871,16.048247,5.563163,0.010360
106.108855,90.032219,16.076636,106.808936,90.766577,16.042359,5.488810,0.010902
106.062550,89.991016,16.071535,106.787336,90.736772,16.050564,5.417812,0.011507
105.924040,89.866928,16.057112,106.735766,90.800551,15.935215,5.512951,0.011271
105.908835,89.891769,16.017066,106.608857,90.704603,15.904255,5.634679,0.012057
105.882450,89.828810,16.053640,106.486187,90.458725,16.027462,5.699152,0.010776
105.749957,89.679324,16.070633,106.507757,90.515658,15.992099,5.589245,0.011322
105.685713,89.624150,16.061563,106.542502,90.554115,15.988387,5.545753,0.011430
105.625665,89.548333,16.077332,106.224110,90.250636,15.973475,5.725914,0.011253
105.522471,89.419439,16.103032,106.201814,90.233764,15.968050,5.659688,0.010953
105.494634,89.430236,16.064398,106.308548,90.332371,15.976177,5.532840,0.011769
105.463930,89.381001,16.082929,106.125709,90.078419,16.047289,5.569593,0.011758
105.348670,89.271480,16.077189,106.137879,90.164704,15.973175,5.732941,0.010995
105.390194,89.295094,16.095099,105.946628,89.913854,16.032774,5.673340,0.010961
105.249897,89.152698,16.097198,106.059594,90.096151,15.963443,5.787342,0.011006
105.165495,89.094062,16.071433,105.832720,89.811913,16.020807,5.789016,0.011723
105.164583,89.097620,16.066964,105.911426,89.894565,16.016862,5.488105,0.012623
105.123142,89.036873,16.086269,105.841391,89.907786,15.933605,5.566604,0.011451
104.993200,88.929134,16.064066,105.689911,89.697785,15.992127,5.695684,0.010613
104.966773,88.865093,16.101680,105.659164,89.642375,16.016789,5.659530,0.011524
104.911170,88.804272,16.106898,105.865603,89.836627,16.028976,5.766349,0.011014
104.897325,88.801968,16.095356,105.762482,89.729239,16.033243,5.789207,0.010825
104.833021,88.759433,16.073588,105.732880,89.679375,16.053506,5.888114,0.010318
104.743357,88.630277,16.113080,105.477219,89.385586,16.091634,5.561007,0.011518
104.654304,88.556867,16.097437,105.623360,89.620585,16.002775,5.826282,0.010937
104.657559,88.578525,16.079034,105.478081,89.417998,16.060083,5.858644,0.010128
104.640245,88.530527,16.109719,105.791730,89.715450,16.076280,6.068543,0.010618
104.491123,88.397796,16.093327,105.457815,89.467452,15.990362,5.727870,0.010877
104.541953,88.477222,16.064731,105.315721,89.314899,16.000822,5.767463,0.009994
104.403125,88.328820,16.074305,105.184266,89.168527,16.015738,5.826044,0.010257
104.373242,88.262539,16.110703,105.284111,89.216346,16.067765,5.377719,0.012473
104.415640,88.301715,16.113925,105.251399,89.196243,16.055157,5.526239,0.011325
104.270303,88.127034,16.143270,105.127067,89.132165,15.994902,5.682565,0.011320
104.270607,88.155508,16.115099,105.096789,89.089835,16.006955,5.697715,0.010315
104.233645,88.117380,16.116266,105.365489,89.375751,15.989738,5.764960,0.011111
104.179037,88.060652,16.118385,105.253063,89.168848,16.084214,5.579111,0.012324
104.173143,88.029435,16.143708,105.164274,89.114649,16.049625,5.578459,0.012199
104.190143,88.054326,16.135817,105.032871,88.997271,16.035601,5.453627,0.010641
104.009929,87.831401,16.178528,105.038285,88.979216,16.059069,5.896214,0.010301
103.955311,87.785782,16.169529,104.946639,88.785566,16.161072,5.775868,0.010849
103.904578,87.743147,16.161431,104.929229,88.791675,16.137553,5.843757,0.010077
103.844884,87.640416,16.204469,104.903243,88.838674,16.064569,5.467742,0.011783
103.810426,87.655721,16.154705,104.968015,88.926519,16.041495,5.378612,0.011615
103.821328,87.700190,16.121138,104.826308,88.803369,16.022940,5.533073,0.011384
103.793169,87.652841,16.140328,104.723880,88.614230,16.109650,5.605653,0.011139
103.623024,87.432026,16.190998,104.868542,88.836380,16.032163,5.534419,0.011988
103.654092,87.509072,16.145020,104.806153,88.724605,16.081548,5.592997,0.010281
103.654559,87.506730,16.147829,104.954570,88.893658,16.060912,5.670527,0.011490
103.664514,87.485041,16.179473,104.805457,88.644268,16.161189,5.652382,0.011334
103.513573,87.315168,16.198405,104.723403,88.565774,16.157628,5.654490,0.011162
103.530940,87.298960,16.231980,104.613312,88.458550,16.154762,5.897571,0.009832
103.489955,87.283247,16.206708,104.629822,88.471667,16.158155,5.626089,0.011691
103.409654,87.211566,16.198088,104.414569,88.380789,16.033780,5.511409,0.011738
103.394363,87.193980,16.200384,104.419862,88.286156,16.133706,5.647596,0.011179
103.308046,87.090754,16.217292,104.421909,88.283679,16.138231,5.428412,0.010837
103.305260,87.132043,16.173217,104.383732,88.226672,16.157060,5.789856,0.011131
103.316892,87.116171,16.200720,104.471367,88.365884,16.105483,5.780192,0.011777
