275.459336,254.610838,20.848498,217.936195,192.051129,25.885066,2.610725,0.017009
206.923221,179.504105,27.419116,190.417842,160.872464,29.545379,2.832224,0.027877
181.960677,152.564956,29.395722,175.726956,146.531011,29.195945,2.751220,0.030923
170.912052,142.405902,28.506150,165.979881,137.586820,28.393061,2.885427,0.033558
163.844953,135.641235,28.203717,160.461112,132.496122,27.964990,2.722163,0.035685
158.729350,130.691771,28.037579,156.146808,127.983681,28.163125,2.712447,0.038112
154.493030,126.294193,28.198837,151.858915,123.514055,28.344860,2.832144,0.041282
151.028817,122.612418,28.416399,148.801261,120.222902,28.578358,2.845201,0.042886
148.196428,120.111670,28.084758,145.586196,117.482932,28.103264,3.145804,0.040206
145.421217,117.520754,27.900463,143.092936,115.262525,27.830412,2.962912,0.042771
143.302794,115.346373,27.956420,141.617970,113.542316,28.075654,3.153019,0.039070
141.682272,113.593180,28.089092,139.665965,111.973657,27.692308,3.123858,0.042164
139.276201,111.971862,27.304339,137.926676,110.632504,27.294171,3.275437,0.042311
137.859466,110.625517,27.233949,135.558708,108.699869,26.858839,3.186269,0.041376
135.943822,109.108623,26.835199,134.914276,107.941464,26.972812,3.216303,0.040965
135.139753,108.069630,27.070122,134.145834,106.963912,27.181921,2.908842,0.046689
134.317854,107.094953,27.222901,133.351318,106.046323,27.304996,3.062551,0.046475
133.561096,106.243006,27.318089,132.764280,105.405568,27.358711,3.272620,0.041324
132.843611,105.458875,27.384737,132.148901,104.781949,27.366952,3.320954,0.039256
131.866187,104.791829,27.074358,130.812523,103.826727,26.985797,3.246805,0.044384
130.976093,103.986152,26.989941,130.047287,103.076840,26.970448,3.305318,0.040952
130.340103,103.276634,27.063470,129.571106,102.486442,27.084664,3.146619,0.042979
129.549999,102.608676,26.941323,129.230787,102.342564,26.888223,3.037746,0.042934
128.847434,101.985485,26.861949,128.222756,101.359286,26.863470,3.333037,0.041703
128.324685,101.474713,26.849971,127.594865,101.090539,26.504326,3.190359,0.042431
127.200244,100.881499,26.318746,126.781548,100.577281,26.204267,3.011626,0.044784
126.511836,100.264744,26.247092,125.923726,99.736016,26.187711,3.214740,0.043601
125.855020,99.668737,26.186283,125.274922,99.044876,26.230046,3.441682,0.040464
125.244486,99.112626,26.131860,124.874693,98.786588,26.088105,3.308343,0.039703
124.342080,98.587071,25.755009,123.362146,97.877897,25.484248,3.060946,0.043651
123.413441,98.011738,25.401703,122.985561,97.544289,25.441271,3.128675,0.046332
123.071552,97.546647,25.524905,122.685897,97.121844,25.564053,3.116230,0.042490
122.650504,97.068403,25.582101,122.370479,96.782733,25.587747,3.322110,0.037990
122.311677,96.659326,25.652351,122.046242,96.350815,25.695426,3.211051,0.040182
122.056294,96.354920,25.701374,121.823438,96.110524,25.712914,3.157611,0.040959
121.778310,96.007074,25.771237,121.705856,95.832671,25.873185,3.259914,0.040747
121.468007,95.645902,25.822106,121.596607,95.867001,25.729605,3.122111,0.042928
121.225137,95.376333,25.848804,120.925226,95.062826,25.862400,3.188638,0.039512
120.989180,95.144514,25.844666,121.159443,95.312711,25.846733,3.082049,0.043271
120.357215,94.785937,25.571278,119.644608,94.761760,24.882848,3.377368,0.039841
118.669642,94.387557,24.282085,118.172346,94.375709,23.796637,3.110643,0.041509
117.857646,94.002218,23.855429,117.664749,93.890384,23.774365,3.202605,0.040168
117.583330,93.699426,23.883903,117.668062,93.853380,23.814681,3.402889,0.038063
117.406713,93.485992,23.920721,117.457735,93.387051,24.070685,3.015237,0.042178
117.173439,93.143351,24.030088,117.243760,93.207182,24.036577,3.149755,0.040938
116.416889,92.879453,23.537436,116.038846,92.892089,23.146756,3.195865,0.040793
115.627657,92.543176,23.084481,115.396846,92.374415,23.022430,3.202236,0.039988
115.196152,92.190660,23.005491,115.360824,92.374601,22.986223,3.293271,0.037678
115.017369,91.961803,23.055566,115.181175,92.092072,23.089102,3.087360,0.044339
114.799430,91.619925,23.179505,115.087965,91.893774,23.194192,3.258210,0.037464
114.698549,91.448439,23.250110,115.099076,91.812071,23.287005,2.930619,0.042922
114.452804,91.192659,23.260146,114.547073,91.252928,23.294145,3.547444,0.037466
114.300937,90.955950,23.344988,114.300282,90.947738,23.352544,3.187852,0.037381
114.142694,90.732802,23.409891,114.289447,90.923620,23.365828,3.320419,0.037793
114.019054,90.561688,23.457366,114.199959,90.749231,23.450728,3.350919,0.035219
113.809747,90.282771,23.526976,114.361897,90.773797,23.588101,3.185676,0.038642
113.677905,90.150559,23.527346,113.897738,90.207288,23.690451,3.173810,0.038805
113.499853,89.908364,23.591490,113.916376,90.238349,23.678028,3.243657,0.038241
113.423695,89.785633,23.638062,113.753129,90.136118,23.617010,3.243128,0.038139
113.255504,89.598096,23.657408,113.597986,89.974731,23.623254,3.042012,0.043156
113.166408,89.452920,23.713488,113.713141,89.960562,23.752579,3.085229,0.040679
112.981354,89.256375,23.724979,113.608651,89.909782,23.698870,3.311633,0.035685
112.829158,89.095153,23.734005,113.365187,89.664834,23.700354,3.251483,0.038101
112.704019,88.979781,23.724239,113.251514,89.504823,23.746691,3.090184,0.044425
112.599238,88.822295,23.776943,113.107066,89.299739,23.807327,3.128903,0.039642
112.497379,88.695914,23.801464,113.183082,89.368342,23.814740,3.046595,0.041503
112.436874,88.611388,23.825486,112.963469,89.114294,23.849176,3.185048,0.038726
112.288578,88.421720,23.866859,112.882076,89.029082,23.852994,3.113456,0.039451
112.259176,88.411232,23.847944,112.676120,88.779853,23.896267,3.146216,0.039160
112.083854,88.197908,23.885946,112.780540,88.846847,23.933693,3.137744,0.038208
111.995008,88.101707,23.893301,112.590387,88.691442,23.898944,3.232886,0.038839
111.872504,87.962395,23.910108,112.684715,88.771741,23.912974,3.198290,0.038575
111.839174,87.927217,23.911957,112.415378,88.543334,23.872044,3.496795,0.034876
111.663743,87.773987,23.889757,112.333263,88.405705,23.927558,3.013739,0.042016
111.638048,87.692508,23.945539,112.221129,88.272745,23.948385,3.241712,0.036797
111.532639,87.546070,23.986569,112.228164,88.265808,23.962357,3.288343,0.033573
111.421963,87.464766,23.957197,112.142984,88.151821,23.991164,3.232419,0.040036
111.243114,87.269404,23.973711,111.943528,88.088497,23.855032,3.133474,0.040628
111.216529,87.231094,23.985436,111.879196,87.969551,23.909645,3.215372,0.040192
111.108239,87.112334,23.995905,112.040788,88.067738,23.973049,3.258533,0.036807
111.064275,87.077813,23.986462,111.766438,87.765778,24.000660,3.314138,0.038739
110.922821,86.892950,24.029870,111.957908,88.105232,23.852677,3.283696,0.039373
110.925026,86.922965,24.002062,111.780846,87.706580,24.074266,2.988651,0.039806
110.812876,86.772686,24.040190,111.561366,87.503775,24.057591,3.109102,0.039824
110.658146,86.652704,24.005442,111.634551,87.682620,23.951931,3.191426,0.038420
110.607748,86.598747,24.009002,111.588926,87.610351,23.978575,3.391364,0.035857
110.611714,86.574278,24.037435,111.528589,87.452513,24.076077,3.023424,0.039324
110.484579,86.451625,24.032953,111.406950,87.395078,24.011872,3.042054,0.041309
110.440859,86.398262,24.042598,111.457456,87.437950,24.019506,3.358679,0.037942
110.366113,86.297815,24.068298,111.201783,87.097639,24.104144,3.092754,0.038299
110.257631,86.179354,24.078277,111.220113,87.175653,24.044461,3.302205,0.037339
110.201159,86.122625,24.078535,111.183714,87.128115,24.055598,2.984075,0.038948
110.122662,86.031003,24.091659,111.377277,87.272794,24.104484,3.272106,0.036379
110.139066,86.062410,24.076656,111.298357,87.211166,24.087191,3.212175,0.036303
110.014081,85.929606,24.084475,111.038379,86.967220,24.071159,3.118095,0.040370
109.953204,85.799901,24.153303,111.031589,86.900508,24.131080,3.101249,0.040706
109.920202,85.798071,24.122130,111.009432,86.842705,24.166727,3.274997,0.037214
109.842744,85.720985,24.121759,111.029176,86.948675,24.080501,3.170890,0.041841
109.726612,85.637523,24.089088,110.772288,86.703907,24.068381,3.370958,0.036207
109.720361,85.614556,24.105805,110.982356,86.917921,24.064435,3.152633,0.036847
109.639073,85.526196,24.112877,110.696532,86.644784,24.051747,3.252988,0.039262
109.509103,85.400405,24.108698,110.633118,86.563844,24.069274,3.291382,0.037911
109.535329,85.395619,24.139710,110.604166,86.502268,24.101898,3.262320,0.037072
109.457290,85.322465,24.134826,110.615010,86.536099,24.078911,3.512017,0.035536
109.398805,85.270772,24.128033,110.406671,86.268825,24.137845,3.292304,0.040328
109.286675,85.147286,24.139389,110.408570,86.270641,24.137929,3.195964,0.038901
109.298658,85.185598,24.113060,110.592879,86.523440,24.069439,3.272850,0.035352
109.314366,85.189318,24.125048,110.650701,86.474118,24.176583,3.189035,0.038383
109.164834,84.998792,24.166042,110.464016,86.321910,24.142106,3.341071,0.037695
109.198461,85.023827,24.174633,110.358035,86.258141,24.099894,3.136302,0.036615
109.092515,84.956580,24.135936,110.541593,86.374973,24.166620,3.354884,0.035365
109.080470,84.903137,24.177334,110.264660,86.194923,24.069737,3.351917,0.036450
109.025774,84.877514,24.148259,110.283384,86.187977,24.095407,3.221919,0.037039
108.932277,84.753711,24.178567,109.998492,85.826895,24.171596,3.319944,0.037571
108.867955,84.678971,24.188983,110.247750,86.038046,24.209704,3.305038,0.036838
108.799444,84.644831,24.154613,110.095959,86.005010,24.090949,3.217178,0.039118
108.825565,84.660244,24.165322,110.145282,85.961585,24.183697,3.230728,0.038872
108.714218,84.552675,24.161543,110.162420,86.030786,24.131634,3.320355,0.037011
108.745546,84.552685,24.192861,110.254343,86.038395,24.215948,3.225657,0.040083
108.683487,84.499850,24.183637,110.122911,85.972118,24.150793,3.229273,0.040164
108.629733,84.459619,24.170114,110.045175,85.916767,24.128408,3.098191,0.040987
108.581883,84.399143,24.182740,109.775197,85.668357,24.106841,3.240748,0.039777
108.571249,84.379092,24.192156,109.983224,85.823138,24.160085,3.037829,0.039768
108.479224,84.271987,24.207236,110.032910,85.828937,24.203973,2.985327,0.040264
108.422992,84.190045,24.232947,109.758191,85.562197,24.195993,3.213723,0.037108
108.437112,84.228044,24.209068,109.777042,85.558373,24.218668,3.408569,0.033118
108.326586,84.116326,24.210260,109.776533,85.589072,24.187460,3.224328,0.036221
108.304611,84.089394,24.215218,109.710354,85.571225,24.139128,3.086072,0.038675
108.296608,84.071829,24.224779,109.892903,85.738419,24.154484,3.066227,0.036934
108.191311,84.003481,24.187830,109.566751,85.459527,24.107224,3.354614,0.033962
108.160267,83.982561,24.177706,109.616584,85.458533,24.158051,3.268018,0.038890
108.167063,83.959966,24.207098,109.704896,85.567073,24.137823,3.161590,0.038679
108.067394,83.830800,24.236594,109.857346,85.621915,24.235432,3.070741,0.041308
108.078776,83.843760,24.235016,109.602216,85.419573,24.182643,3.275950,0.040213
108.012148,83.762460,24.249687,109.672896,85.405511,24.267385,3.257829,0.036621
108.002894,83.751793,24.251101,109.774422,85.563151,24.211271,3.295459,0.036160
107.964856,83.729267,24.235589,109.545577,85.353125,24.192452,3.286561,0.034578
107.872676,83.630847,24.241829,109.524116,85.324016,24.200100,3.391187,0.035065
107.819639,83.596641,24.222998,109.286081,85.137507,24.148574,3.241447,0.036690
107.867381,83.623156,24.244225,109.378014,85.107305,24.270709,3.214556,0.036061
107.765190,83.523840,24.241351,109.339942,85.147385,24.192557,3.354126,0.035072
107.758095,83.518038,24.240057,109.336745,85.148667,24.188078,3.272819,0.040100
107.708277,83.473894,24.234383,109.377096,85.197018,24.180077,2.941332,0.045093
107.718753,83.438048,24.280705,109.283768,85.009888,24.273880,3.373528,0.036236
107.676201,83.409019,24.267182,109.218570,84.976893,24.241678,3.266248,0.038001
107.633063,83.345625,24.287439,109.203422,84.970349,24.233073,3.174137,0.041800
107.530796,83.259743,24.271054,109.281241,85.074840,24.206401,3.030696,0.044431
107.552876,83.286216,24.266661,109.329957,85.141819,24.188138,3.197177,0.035912
107.478513,83.217496,24.261017,109.256567,84.991304,24.265263,3.285172,0.035724
107.525190,83.200598,24.324591,109.162151,84.829367,24.332785,3.118259,0.036668
107.440997,83.120995,24.320002,109.081009,84.851866,24.229143,3.230720,0.033757
107.419589,83.107875,24.311713,109.162615,84.873965,24.288651,3.303632,0.038469
107.426162,83.104861,24.321301,109.099434,84.823125,24.276309,3.206722,0.037639
107.375317,83.057213,24.318104,109.048453,84.791417,24.257035,3.170706,0.037997
107.400215,83.098945,24.301270,109.032415,84.733653,24.298762,3.239568,0.038461
107.222533,82.913709,24.308824,109.119814,84.883569,24.236245,3.288089,0.035054
107.278622,82.984295,24.294327,109.143372,84.828795,24.314577,3.040318,0.038546
107.218350,82.910849,24.307502,108.942431,84.660614,24.281817,3.392305,0.033106
107.186900,82.851009,24.335891,109.140792,84.824852,24.315940,3.223624,0.037764
107.190749,82.853123,24.337626,109.051338,84.727505,24.323833,3.190079,0.039134
