215.379363,206.790480,8.588883,184.750380,177.626876,7.123504,2.612847,0.015341
172.835967,162.325637,10.510330,160.378388,146.562771,13.815618,2.419656,0.024316
155.069851,139.980192,15.089659,149.198611,132.912783,16.285828,2.444473,0.026886
146.268378,129.005998,17.262381,142.025315,123.760668,18.264647,2.651467,0.030921
140.557763,121.854009,18.703754,137.476812,118.167753,19.309059,2.719525,0.031270
136.464784,116.804888,19.659896,133.869742,113.752512,20.117229,2.743554,0.032530
133.486261,113.083225,20.403036,131.370389,110.669732,20.700657,2.793859,0.033278
131.338657,110.509797,20.828860,129.695235,108.410864,21.284371,2.776383,0.035128
129.646911,108.449048,21.197863,128.154363,106.719851,21.434511,3.029986,0.030761
128.213814,106.793820,21.419993,126.739241,105.164944,21.574297,2.946926,0.032949
127.054588,105.440532,21.614056,125.599381,103.765345,21.834037,2.986917,0.033495
125.971292,104.152335,21.818957,124.935640,102.912936,22.022704,2.879635,0.035160
125.057225,103.105841,21.951384,123.603300,101.693247,21.910053,3.031175,0.033679
124.239308,102.201050,22.038258,123.414936,101.254441,22.160495,2.935024,0.036376
123.492042,101.347748,22.144294,122.586209,100.381575,22.204634,3.067853,0.034093
122.880165,100.663633,22.216532,122.228610,99.914173,22.314437,2.910066,0.035928
122.285872,99.969330,22.316542,121.440671,99.064061,22.376610,3.057603,0.034394
121.823954,99.484001,22.339953,120.999172,98.595360,22.403811,3.065276,0.034689
121.271770,98.874559,22.397211,120.849143,98.491364,22.357780,2.874905,0.037566
120.840185,98.411343,22.428843,120.429668,98.021680,22.407989,3.154104,0.034443
120.379369,97.906180,22.473190,120.274282,97.681902,22.592380,3.102435,0.034398
120.131597,97.625994,22.505603,119.353772,96.789941,22.563831,3.288290,0.034609
119.634944,97.090439,22.544505,119.097039,96.597513,22.499526,3.140784,0.036647
119.309367,96.783694,22.525673,118.769307,96.187458,22.581848,3.105293,0.033538
118.965349,96.413627,22.551722,119.019613,96.442143,22.577471,3.164878,0.034326
118.702995,96.157815,22.545180,118.160534,95.635750,22.524784,3.155563,0.035923
118.477563,95.879062,22.598501,118.442942,95.856396,22.586546,3.087552,0.034943
118.146688,95.563642,22.583047,117.904598,95.292453,22.612146,3.145205,0.035769
117.817146,95.241232,22.575913,117.423476,94.826907,22.596569,3.057324,0.035034
117.570370,94.980537,22.589833,117.201221,94.483525,22.717696,3.171790,0.034910
117.320023,94.687594,22.632428,116.980705,94.292220,22.688486,3.183116,0.034922
117.087823,94.416771,22.671052,117.029449,94.305918,22.723531,3.335110,0.035046
116.825044,94.187766,22.637278,116.996079,94.388539,22.607540,3.090475,0.034903
116.552119,93.916864,22.635255,116.719186,94.057791,22.661396,3.334163,0.032289
116.356689,93.688381,22.668308,116.270709,93.595568,22.675142,3.272751,0.035097
116.162507,93.495256,22.667251,116.242628,93.518730,22.723899,3.330833,0.033137
116.056207,93.377922,22.678285,115.876341,93.246248,22.630093,3.265750,0.033936
115.739924,93.027551,22.712373,115.911462,93.186059,22.725403,3.266962,0.034040
115.552215,92.853030,22.699186,115.651851,92.930017,22.721834,3.365126,0.033277
115.382894,92.686646,22.696248,115.550132,92.911019,22.639113,3.414134,0.032452
115.205834,92.516912,22.688922,115.181014,92.470440,22.710575,3.365889,0.033834
115.095118,92.371062,22.724056,115.116083,92.447405,22.668678,3.333601,0.035362
114.904837,92.159625,22.745212,114.917783,92.204159,22.713625,3.322614,0.036111
114.706692,91.971336,22.735356,115.083508,92.404222,22.679286,3.245013,0.036334
114.534317,91.811705,22.722611,114.831109,92.095708,22.735401,3.402485,0.031819
114.331469,91.587919,22.743550,114.691542,91.930721,22.760820,3.293181,0.034997
114.207488,91.473616,22.733873,114.589474,91.942287,22.647187,3.174616,0.036436
114.013477,91.313798,22.699680,114.600322,91.988860,22.611462,3.320095,0.032708
113.889280,91.209672,22.679608,114.192955,91.519310,22.673645,3.405593,0.032124
113.807623,91.075005,22.732618,114.314331,91.523693,22.790638,3.254483,0.033725
113.575943,90.821356,22.754587,114.093731,91.430908,22.662823,3.383695,0.033391
113.489288,90.750460,22.738829,113.770243,91.062770,22.707473,3.492081,0.030925
113.357061,90.667061,22.690000,113.695169,90.983145,22.712024,3.389060,0.033728
113.220665,90.513676,22.706989,113.713827,90.973572,22.740256,3.230093,0.035241
113.126911,90.394596,22.732315,113.672122,90.934909,22.737214,3.322659,0.032498
112.933645,90.188318,22.745327,113.523807,90.834819,22.688988,3.218553,0.035343
112.835876,90.096924,22.738952,113.461842,90.770775,22.691068,3.479381,0.031010
112.765799,90.044809,22.720989,113.303277,90.576864,22.726413,3.351948,0.031419
112.641581,89.886986,22.754595,113.359090,90.653858,22.705233,3.366035,0.032992
112.552293,89.807755,22.744539,113.115992,90.365332,22.750660,3.367375,0.031773
112.440073,89.643237,22.796836,113.030648,90.359317,22.671332,3.156789,0.035942
112.285033,89.591924,22.693109,112.784398,90.106483,22.677915,3.420097,0.033005
112.218506,89.523384,22.695122,113.027285,90.356697,22.670587,3.320630,0.035360
112.090560,89.368910,22.721650,112.735668,90.128670,22.606998,3.382863,0.033350
111.984919,89.295800,22.689119,112.793018,90.245923,22.547096,3.305296,0.033784
111.950300,89.263334,22.686966,112.570583,89.895212,22.675370,3.305718,0.035214
111.789497,89.048135,22.741362,112.461387,89.753097,22.708290,3.328390,0.033222
111.661006,88.922203,22.738803,112.467785,89.785360,22.682425,3.224794,0.036391
111.581790,88.858623,22.723167,112.268444,89.555807,22.712636,3.373608,0.033217
111.443345,88.738612,22.704734,112.224387,89.599474,22.624913,3.248166,0.034173
111.408457,88.662824,22.745633,112.219067,89.525110,22.693958,3.278995,0.034443
111.260725,88.524022,22.736703,112.017254,89.394703,22.622551,3.348287,0.035563
111.148479,88.466766,22.681713,111.876132,89.255570,22.620562,3.287436,0.033116
111.127158,88.440507,22.686651,111.884223,89.162476,22.721748,3.200171,0.035233
111.033368,88.335114,22.698255,112.064012,89.457361,22.606651,3.261789,0.037265
110.910594,88.206115,22.704479,111.737672,89.116842,22.620830,3.379519,0.035190
110.814525,88.150320,22.664205,111.709965,89.039537,22.670428,3.389639,0.033631
110.724288,88.049488,22.674800,111.630005,88.937457,22.692547,3.315681,0.033555
110.664655,87.972980,22.691675,111.509567,88.877336,22.632230,3.257834,0.034453
110.596550,87.910274,22.686276,111.629294,88.968542,22.660752,3.319601,0.032236
110.474961,87.807545,22.667416,111.401346,88.806456,22.594889,3.350091,0.033198
110.434376,87.786065,22.648311,111.344538,88.741493,22.603045,3.393430,0.032281
110.381680,87.720589,22.661091,111.244077,88.631853,22.612223,3.390993,0.032503
110.238202,87.562442,22.675760,111.176716,88.601537,22.575178,3.212454,0.034001
110.181829,87.523025,22.658804,111.170974,88.575937,22.595037,3.501500,0.033014
110.127303,87.442224,22.685079,111.342244,88.795373,22.546871,3.194128,0.035218
110.082321,87.426998,22.655323,111.168952,88.556103,22.612849,3.348680,0.035503
110.000388,87.345398,22.654990,110.956213,88.343388,22.612825,3.275917,0.034795
109.888736,87.225794,22.662943,110.987729,88.415760,22.571970,3.306756,0.036002
109.831578,87.185470,22.646108,110.956033,88.445329,22.510704,3.403197,0.032748
109.781228,87.138687,22.642541,110.922055,88.340075,22.581980,3.387892,0.034681
109.702388,87.106167,22.596222,110.990621,88.460950,22.529671,3.300509,0.036115
109.678873,87.026496,22.652377,110.718872,88.147625,22.571248,3.529731,0.032924
109.562974,86.921199,22.641774,110.505328,87.906086,22.599242,3.328555,0.032940
109.491914,86.872857,22.619058,110.742065,88.202532,22.539532,3.247329,0.032598
109.369692,86.766551,22.603141,110.391086,87.850996,22.540089,3.385732,0.032615
109.325322,86.711433,22.613889,110.501666,88.025391,22.476274,3.376846,0.029311
109.347497,86.743634,22.603863,110.406216,87.868230,22.537986,3.435920,0.032811
109.260917,86.658428,22.602489,110.157367,87.626155,22.531212,3.587277,0.031485
109.205443,86.543726,22.661717,110.461680,87.847712,22.613968,3.477437,0.032172
109.111048,86.498178,22.612870,110.404197,87.879521,22.524675,3.236367,0.035121
109.048765,86.438361,22.610404,110.376468,87.860905,22.515564,3.293638,0.034067
108.976709,86.402651,22.574058,110.243911,87.799650,22.444261,3.294599,0.035204
108.879035,86.299231,22.579804,110.232392,87.690613,22.541779,3.234869,0.036009
108.832284,86.248664,22.583620,110.220668,87.700278,22.520390,3.432892,0.033128
108.804168,86.208027,22.596142,110.195855,87.627023,22.568832,3.442377,0.033161
108.792687,86.201771,22.590916,109.900557,87.420812,22.479744,3.486717,0.031833
108.700274,86.084480,22.615794,109.783349,87.218125,22.565224,3.421085,0.031220
108.656849,86.072166,22.584683,109.911849,87.399650,22.512199,3.456437,0.031520
108.585822,86.006726,22.579096,110.037946,87.504372,22.533574,3.213043,0.036635
108.519108,85.946010,22.573098,109.704323,87.211583,22.492740,3.395021,0.035093
108.459149,85.889190,22.569959,109.917048,87.437267,22.479781,3.448689,0.030883
108.414628,85.805612,22.609016,109.707739,87.143770,22.563969,3.300651,0.033136
108.283763,85.716472,22.567291,109.634491,87.097157,22.537334,3.413931,0.031873
108.327453,85.708413,22.619041,109.568020,86.972168,22.595853,3.156012,0.033532
108.241851,85.648224,22.593628,109.357915,86.754484,22.603431,3.429496,0.030885
108.133519,85.557953,22.575566,109.258573,86.745246,22.513327,3.462376,0.033579
108.118025,85.528170,22.589854,109.624871,87.056808,22.568063,3.427906,0.033653
108.098383,85.541587,22.556797,109.586915,87.057263,22.529652,3.347792,0.031458
108.051332,85.469619,22.581714,109.428529,86.838415,22.590114,3.576595,0.029981
108.017711,85.419603,22.598109,109.345256,86.781475,22.563782,3.514062,0.031783
107.939111,85.330382,22.608729,109.210437,86.692317,22.518120,3.444579,0.031289
107.919989,85.351829,22.568160,109.507663,86.918524,22.589139,3.289905,0.033106
107.848820,85.247941,22.600879,109.344194,86.767882,22.576313,3.247993,0.034503
107.804974,85.222207,22.582767,109.320081,86.802809,22.517272,3.458810,0.031719
107.684502,85.101680,22.582822,109.157902,86.567137,22.590765,3.384551,0.034127
107.678078,85.068593,22.609485,108.989253,86.389840,22.599413,3.410793,0.032635
107.659314,85.058253,22.601061,109.188506,86.582893,22.605614,3.449110,0.034771
107.567887,84.994352,22.573536,108.934834,86.485390,22.449444,3.516713,0.031021
107.590565,84.974729,22.615836,109.202876,86.618666,22.584211,3.462946,0.032820
107.561799,84.946302,22.615497,109.028549,86.435703,22.592846,3.535668,0.029253
107.501420,84.871093,22.630327,109.144063,86.569425,22.574639,3.449508,0.031694
107.416813,84.810729,22.606085,108.919977,86.408369,22.511607,3.489118,0.031614
107.390375,84.833827,22.556548,108.885356,86.402307,22.483049,3.409163,0.033607
107.290065,84.764429,22.525635,109.034734,86.563758,22.470975,3.460497,0.032952
107.271392,84.711184,22.560209,108.938274,86.439632,22.498641,3.257075,0.034286
107.262292,84.697703,22.564589,108.961219,86.490070,22.471149,3.294903,0.032631
107.239585,84.651967,22.587618,108.706422,86.093011,22.613411,3.337799,0.032124
107.139770,84.572657,22.567113,108.829426,86.322520,22.506907,3.425542,0.031738
107.141814,84.563689,22.578125,108.713762,86.229253,22.484509,3.537023,0.033258
107.119372,84.529873,22.589498,108.618521,86.084932,22.533589,3.313463,0.033927
107.045675,84.449734,22.595941,108.410974,85.888245,22.522729,3.450160,0.032552
107.024858,84.434016,22.590843,108.644206,86.146842,22.497365,3.619959,0.030868
106.989646,84.422999,22.566646,108.632360,86.067789,22.564570,3.410036,0.031188
106.971554,84.369587,22.601967,108.561658,86.158374,22.403284,3.434285,0.032306
106.880010,84.346251,22.533760,108.487965,85.936271,22.551693,3.433013,0.030637
106.805183,84.232791,22.572392,108.567490,86.061891,22.505599,3.566902,0.030221
106.829972,84.218337,22.611635,108.719137,86.141246,22.577891,3.202463,0.034840
106.772942,84.170871,22.602071,108.298676,85.767113,22.531564,3.257997,0.031916
106.715463,84.131354,22.584109,108.583808,86.111871,22.471937,3.398832,0.032332
106.762142,84.189641,22.572501,108.426453,85.836735,22.589718,3.454072,0.033536
106.658341,84.042061,22.616280,108.400930,85.861904,22.539026,3.422267,0.032088
106.683620,84.044894,22.638726,108.312755,85.760142,22.552613,3.530496,0.032116
106.646727,84.028720,22.618007,108.283903,85.798879,22.485024,3.277131,0.032534
106.562073,83.916611,22.645462,108.117406,85.586602,22.530804,3.434270,0.032836
106.542627,83.930301,22.612325,108.252214,85.686706,22.565507,3.437076,0.032295
106.537437,83.909252,22.628185,108.101380,85.544987,22.556393,3.300478,0.034099
106.446949,83.837880,22.609069,108.011788,85.452911,22.558877,3.569848,0.029847
106.488241,83.900543,22.587699,108.101637,85.541463,22.560174,3.462749,0.032823
106.470291,83.868214,22.602078,108.100876,85.504530,22.596347,3.433340,0.031044
