264.758846,242.581990,22.176856,214.079271,187.728708,26.350562,2.434321,0.016897
197.001729,169.227582,27.774146,179.740341,152.677769,27.062572,2.701351,0.027045
170.385413,143.199253,27.186160,161.890705,134.902938,26.987768,2.777529,0.029397
158.211440,131.345940,26.865501,153.772934,126.631691,27.141242,2.671553,0.035230
151.404988,124.208458,27.196530,148.039735,120.598047,27.441688,2.764224,0.036020
146.867352,119.361099,27.506253,143.291637,116.096523,27.195114,2.906478,0.038979
142.519918,115.664363,26.855556,139.694929,112.853616,26.841313,2.970741,0.038285
139.617907,112.638553,26.979354,137.566803,110.241300,27.325504,3.007008,0.038264
137.526588,110.403639,27.122949,136.466703,109.242125,27.224577,2.668233,0.044910
135.831741,108.716286,27.115456,133.916510,107.118062,26.798449,2.986103,0.043165
133.869265,107.078853,26.790413,132.618665,105.799831,26.818833,2.868659,0.040062
132.570281,105.761086,26.809195,131.380658,104.525750,26.854909,3.089736,0.040896
131.257409,104.608705,26.648704,129.705875,103.728252,25.977623,3.050926,0.039784
128.295448,103.411859,24.883589,126.369844,102.305169,24.064674,3.085182,0.040046
126.200613,102.158550,24.042063,125.139840,101.174441,23.965399,3.058623,0.037807
125.034105,100.968991,24.065114,123.948119,99.809243,24.138876,2.918408,0.041879
124.090110,99.909103,24.181007,123.569498,99.247947,24.321551,3.031996,0.037603
123.260542,98.979717,24.280825,122.815343,98.524269,24.291074,2.903677,0.041142
122.661073,98.287749,24.373324,122.017834,97.735005,24.282829,3.111849,0.037815
121.989049,97.622435,24.366614,121.423867,97.143076,24.280790,3.062409,0.037014
121.174676,96.937378,24.237298,120.868295,96.662243,24.206052,3.053713,0.038485
120.602637,96.345516,24.257121,120.175516,95.869610,24.305906,3.045648,0.038871
120.106469,95.816202,24.290267,119.933590,95.614233,24.319357,3.226627,0.038762
119.641121,95.355499,24.285622,119.483676,95.173042,24.310634,2.945579,0.040354
119.242029,94.897712,24.344317,118.953352,94.628646,24.324706,2.918301,0.039925
118.730958,94.523141,24.207817,118.717150,94.628569,24.088581,3.046421,0.037859
118.332349,94.108451,24.223898,118.436483,94.341648,24.094835,3.055562,0.039518
117.980702,93.813501,24.167201,118.059106,93.947358,24.111748,3.004183,0.040102
117.534582,93.396505,24.138077,117.787794,93.829522,23.958271,3.097465,0.038652
117.249779,93.070935,24.178845,117.034516,92.968786,24.065730,3.128924,0.038128
116.839903,92.756311,24.083591,117.245341,93.252650,23.992691,3.214094,0.035073
116.576826,92.559695,24.017131,116.968514,92.968277,24.000236,3.101418,0.037301
116.180957,92.189450,23.991507,116.554196,92.661267,23.892929,3.027360,0.037693
115.890436,91.995416,23.895020,116.091944,92.239851,23.852092,2.968148,0.041969
115.585100,91.712017,23.873084,115.854207,91.961437,23.892770,3.135118,0.037919
115.246082,91.366097,23.879985,115.619827,91.965616,23.654211,3.006774,0.041876
115.026867,91.168720,23.858147,115.493985,91.720622,23.773363,2.991386,0.038687
114.837496,91.007098,23.830398,115.287857,91.571878,23.715979,3.142328,0.037737
114.588502,90.742378,23.846124,115.077272,91.337621,23.739651,2.987623,0.039143
114.353261,90.531662,23.821599,114.964559,91.188894,23.775665,3.081048,0.036506
114.166480,90.345631,23.820849,114.598406,90.822745,23.775661,3.345433,0.035790
113.936835,90.150449,23.786386,114.729610,90.963121,23.766489,3.101953,0.036348
113.689005,89.898498,23.790507,114.359019,90.613549,23.745470,3.101252,0.036035
113.495001,89.736266,23.758735,114.069462,90.306871,23.762591,3.095674,0.037031
113.379792,89.613989,23.765803,114.073667,90.407337,23.666330,3.013259,0.038485
113.094355,89.385782,23.708573,113.872887,90.232798,23.640088,2.928963,0.037797
112.835932,89.203169,23.632762,113.666727,90.151930,23.514797,3.307175,0.032474
112.572671,89.017320,23.555351,113.363796,89.911518,23.452278,3.043544,0.040612
112.391898,88.862009,23.529889,113.316267,89.781137,23.535130,3.208628,0.034310
112.250778,88.702775,23.548003,113.041058,89.492009,23.549049,3.150795,0.035750
112.057340,88.501428,23.555912,112.892759,89.428857,23.463902,3.257814,0.037677
111.880154,88.361620,23.518534,112.683020,89.190488,23.492533,3.236851,0.034707
111.716373,88.241654,23.474720,112.508060,89.012977,23.495083,3.104516,0.036083
111.532238,88.086187,23.446051,112.670013,89.267483,23.402530,3.062418,0.036680
111.337416,87.920142,23.417275,112.189028,88.857689,23.331339,3.218966,0.035973
111.226439,87.786865,23.439574,112.047582,88.604172,23.443410,2.874555,0.039778
111.031379,87.572784,23.458595,112.093399,88.746947,23.346453,3.164087,0.037155
110.963102,87.517592,23.445510,111.918455,88.569947,23.348509,3.289259,0.036259
110.754575,87.330878,23.423697,111.980386,88.517576,23.462810,3.151448,0.037959
110.631811,87.224212,23.407598,111.946416,88.603541,23.342875,3.149747,0.035568
110.556030,87.111490,23.444540,111.674760,88.219923,23.454836,2.988663,0.040633
110.544592,87.067782,23.476811,111.455679,88.042537,23.413142,3.198411,0.035471
110.345369,86.938593,23.406776,111.349026,88.027152,23.321874,3.271176,0.036578
110.231469,86.793919,23.437550,111.460315,88.042412,23.417903,3.074790,0.036016
110.143436,86.739304,23.404132,111.096644,87.817197,23.279447,3.088805,0.036785
109.992814,86.668880,23.323934,111.176380,87.908529,23.267852,3.130718,0.033251
109.831013,86.519630,23.311383,110.986122,87.823261,23.162861,3.090899,0.034773
109.710544,86.409822,23.300722,111.045964,87.836309,23.209655,3.217231,0.035366
109.640580,86.335005,23.305575,110.948230,87.626881,23.321348,3.162213,0.038126
109.534274,86.212249,23.322025,110.755555,87.466045,23.289511,2.967607,0.039191
109.433143,86.098815,23.334329,110.656636,87.405466,23.251170,3.277543,0.033799
109.333325,85.976211,23.357114,110.589735,87.271197,23.318538,3.058469,0.035023
109.191260,85.793944,23.397316,110.346285,87.067756,23.278530,3.078963,0.039258
109.175425,85.784822,23.390604,110.461095,87.167666,23.293430,3.199168,0.032853
109.011711,85.686067,23.325644,110.212875,86.914546,23.298329,3.119519,0.035358
108.875213,85.553800,23.321413,110.389771,87.048018,23.341753,2.981733,0.041307
108.927179,85.602965,23.324214,110.249256,86.965201,23.284055,3.111908,0.038302
108.813342,85.488680,23.324662,110.377272,87.124446,23.252826,3.123410,0.041456
108.709128,85.356768,23.352360,110.143195,86.992701,23.150494,3.093467,0.033750
108.651801,85.346740,23.305061,110.127373,86.781451,23.345922,3.217864,0.035255
108.510362,85.166827,23.343536,110.040362,86.777126,23.263236,3.152026,0.035537
108.498316,85.149423,23.348893,109.568787,86.360062,23.208725,3.250200,0.037179
108.389397,85.076684,23.312714,109.924202,86.658041,23.266161,3.269377,0.034098
108.332633,85.026219,23.306413,109.916820,86.701785,23.215035,3.325877,0.036458
108.213028,84.926564,23.286464,109.951598,86.776696,23.174903,3.110300,0.036200
108.152258,84.909203,23.243055,109.725736,86.563377,23.162359,3.031698,0.035488
107.999252,84.761177,23.238076,109.649150,86.400497,23.248653,3.212467,0.038213
108.016275,84.777919,23.238356,109.771331,86.646387,23.124945,3.090124,0.034259
107.911681,84.700032,23.211649,109.124503,85.943326,23.181177,3.156033,0.034996
107.860912,84.603108,23.257803,109.509099,86.337169,23.171930,3.333428,0.034794
107.737543,84.495055,23.242488,109.560135,86.291290,23.268845,3.092001,0.038001
107.700667,84.494109,23.206559,109.221560,86.001715,23.219845,3.178051,0.033778
107.702188,84.446398,23.255790,109.393550,86.169993,23.223557,3.111515,0.034646
107.671240,84.419445,23.251795,108.993085,85.743111,23.249975,3.054062,0.037964
107.567913,84.283010,23.284903,108.991589,85.798498,23.193091,3.199638,0.033598
107.452274,84.193028,23.259246,109.047781,85.903741,23.144040,3.056453,0.038912
107.397347,84.164198,23.233149,108.838730,85.734503,23.104227,3.202955,0.037534
107.354457,84.082698,23.271759,109.332164,86.115251,23.216912,2.911438,0.037212
107.277969,84.080710,23.197259,108.836360,85.680176,23.156184,3.303326,0.031945
107.325331,84.040880,23.284452,108.703671,85.524843,23.178828,3.376595,0.032812
107.227171,83.913749,23.313422,108.995636,85.847115,23.148521,3.302934,0.032702
107.171863,83.906342,23.265521,108.725290,85.499012,23.226278,3.212495,0.034221
107.124819,83.896639,23.228180,108.822946,85.601053,23.221893,3.121419,0.033606
107.054017,83.781812,23.272206,108.627539,85.374635,23.252904,3.344870,0.033991
106.993087,83.713382,23.279705,108.683571,85.510324,23.173247,3.316064,0.033667
107.030998,83.753672,23.277327,108.577781,85.378610,23.199170,3.289286,0.031645
106.840215,83.611433,23.228782,108.758736,85.706866,23.051870,3.155346,0.035688
106.865878,83.654189,23.211690,108.392109,85.182908,23.209202,3.253823,0.034602
106.711118,83.503186,23.207932,108.404371,85.114587,23.289785,3.030059,0.037222
106.680338,83.400822,23.279516,108.586103,85.401456,23.184648,3.168260,0.033945
106.704848,83.450623,23.254226,108.489543,85.260925,23.228618,3.226205,0.036134
106.566620,83.358110,23.208510,108.330502,85.305524,23.024978,3.169007,0.035778
106.627721,83.395324,23.232397,108.306869,85.156191,23.150677,3.360657,0.035953
106.539125,83.308983,23.230142,108.196894,85.090858,23.106036,3.079152,0.036843
106.456207,83.239194,23.217013,108.116932,85.075151,23.041781,3.115930,0.038262
106.496012,83.255220,23.240792,108.158199,85.079176,23.079023,3.111269,0.038427
106.489024,83.217961,23.271062,108.455967,85.209735,23.246232,3.097532,0.036975
106.412611,83.167205,23.245407,108.257638,84.937873,23.319765,3.231691,0.035370
106.312786,83.021021,23.291766,108.480721,85.267410,23.213312,3.267173,0.035681
106.262041,83.017477,23.244564,108.253990,85.021004,23.232987,3.129554,0.035203
106.263350,83.006193,23.257157,108.151016,85.039272,23.111744,3.336050,0.034152
106.176725,82.957229,23.219495,108.046626,84.833078,23.213548,3.096734,0.034647
106.083403,82.841441,23.241962,108.232791,85.026971,23.205820,3.146873,0.036061
106.084955,82.854505,23.230451,108.018516,84.892280,23.126236,3.238826,0.036705
106.071211,82.856551,23.214660,108.145165,84.976302,23.168862,3.276030,0.033479
106.095064,82.838127,23.256937,108.084767,85.001100,23.083667,3.210188,0.034785
106.066823,82.870432,23.196390,108.103355,84.882606,23.220749,3.327859,0.028957
105.979246,82.745529,23.233717,107.883799,84.746668,23.137130,3.324899,0.033704
105.927008,82.676759,23.250249,108.057464,84.878081,23.179383,3.175712,0.037074
105.880148,82.624827,23.255321,107.875638,84.711786,23.163852,3.091638,0.038179
105.768785,82.525602,23.243183,107.843935,84.658882,23.185054,3.210147,0.035797
105.787152,82.546763,23.240389,107.722363,84.522808,23.199555,3.376062,0.033255
105.759467,82.523888,23.235579,108.220323,85.017904,23.202419,3.171279,0.036890
105.852519,82.640229,23.212290,107.768864,84.704850,23.064014,3.391901,0.031951
105.695283,82.466002,23.229281,107.575831,84.452826,23.123004,3.289220,0.032513
105.609734,82.388244,23.221490,107.608660,84.557408,23.051253,3.407483,0.035083
105.623868,82.383317,23.240551,107.477792,84.316093,23.161699,3.100948,0.038364
105.678536,82.480715,23.197821,107.490116,84.368076,23.122040,3.248432,0.033074
105.545262,82.324515,23.220748,107.763791,84.655731,23.108060,3.211123,0.035685
105.596466,82.333072,23.263395,107.528686,84.344038,23.184647,3.210751,0.033803
105.504862,82.295549,23.209313,107.713215,84.514780,23.198435,3.079776,0.036163
105.487969,82.287898,23.200071,107.395504,84.187839,23.207665,3.192644,0.036207
105.414904,82.158667,23.256237,107.466566,84.358439,23.108126,3.346000,0.031654
105.390986,82.195011,23.195976,107.348382,84.141967,23.206415,3.254938,0.033744
105.359048,82.160710,23.198338,107.498316,84.366440,23.131875,3.333757,0.033447
105.311387,82.107552,23.203835,107.268134,84.240641,23.027494,3.130370,0.033490
105.220982,82.065402,23.155580,107.318359,84.275052,23.043307,3.177383,0.034203
105.250876,82.062020,23.188856,107.450793,84.336629,23.114164,3.249610,0.032658
105.147396,81.989024,23.158372,107.264075,84.116227,23.147848,3.239920,0.034344
105.319282,82.084037,23.235245,107.262463,84.207615,23.054848,3.296228,0.031037
105.195307,81.989146,23.206161,107.569718,84.384778,23.184939,3.236779,0.033156
105.105806,81.924840,23.180965,107.177509,84.125977,23.051533,3.241232,0.034571
105.203243,82.023683,23.179560,107.406761,84.203225,23.203536,3.361600,0.029714
104.977852,81.793670,23.184182,107.169077,84.121237,23.047840,3.123409,0.037331
105.048865,81.868566,23.180299,107.094598,83.936608,23.157991,3.140536,0.036820
104.976727,81.795872,23.180855,107.222481,84.117960,23.104521,3.117862,0.036241
105.077277,81.860733,23.216544,107.258175,84.184435,23.073741,3.161342,0.037210
104.939429,81.790581,23.148848,107.243778,84.171842,23.071936,3.286217,0.033347
104.939672,81.766382,23.173291,107.321454,84.138246,23.183207,3.072422,0.035839
104.893644,81.690455,23.203189,107.081195,83.793590,23.287605,3.074553,0.035222
