211.030519,207.197553,3.832966,190.811343,185.636317,5.175025,2.947420,0.010537
179.975243,170.629900,9.345344,168.709799,155.417245,13.292555,2.516643,0.020682
161.555828,146.275053,15.280775,154.235775,136.687105,17.548671,2.458339,0.024762
151.528484,133.317590,18.210893,147.560748,128.569834,18.990914,2.623180,0.025386
145.780993,125.887316,19.893677,142.924267,122.019940,20.904328,2.660024,0.026694
141.533142,119.916623,21.616520,138.241967,115.947628,22.294340,2.522778,0.028758
137.968930,115.010408,22.958523,135.604958,112.101784,23.503174,2.553156,0.030016
135.393338,111.378227,24.015111,133.368734,108.695002,24.673733,2.648767,0.028549
133.305895,108.448671,24.857224,131.585938,106.222254,25.363683,2.685770,0.029481
131.651291,106.212448,25.438843,129.996085,104.179791,25.816294,2.677875,0.030648
130.269535,104.307463,25.962072,128.560184,102.260691,26.299494,2.649694,0.029742
129.077744,102.699824,26.377920,127.869291,101.206358,26.662933,2.670633,0.030752
128.126568,101.331702,26.794866,127.095094,100.208574,26.886521,2.561255,0.033362
127.221863,100.168175,27.053688,125.929142,98.837759,27.091383,2.687318,0.032103
126.433068,99.155532,27.277536,125.257719,97.888103,27.369615,2.815238,0.031032
125.637063,98.155912,27.481151,124.540732,97.040010,27.500722,2.754896,0.031406
125.045818,97.348992,27.696826,124.322868,96.518935,27.803933,2.698596,0.033271
124.478731,96.630744,27.847987,123.702060,95.728913,27.973147,2.697012,0.032562
123.941746,95.875331,28.066416,123.486713,95.351244,28.135469,2.872250,0.030787
123.395584,95.274133,28.121451,122.645289,94.538894,28.106395,2.693821,0.031219
122.958134,94.678962,28.279172,122.293062,94.076166,28.216896,2.734530,0.032945
122.478651,94.163065,28.315587,122.042352,93.555651,28.486700,2.734550,0.033457
122.063090,93.655539,28.407551,121.691796,93.249584,28.442212,2.742033,0.031586
121.720542,93.177667,28.542875,121.076804,92.650569,28.426235,3.008487,0.030953
121.411553,92.861528,28.550025,121.252369,92.672306,28.580064,2.694350,0.033804
121.124342,92.442708,28.681634,120.598955,91.969460,28.629495,2.843542,0.032616
120.705163,91.984356,28.720807,120.291178,91.686051,28.605127,2.906101,0.031375
120.416385,91.663069,28.753316,120.073221,91.303095,28.770126,2.821939,0.032068
120.131853,91.310157,28.821696,120.148475,91.323693,28.824782,2.853859,0.033196
119.813255,90.968280,28.844975,119.692204,90.850766,28.841438,2.762839,0.033346
119.616082,90.677600,28.938482,119.307118,90.425947,28.881172,2.842410,0.030530
119.337672,90.341921,28.995750,119.032256,90.183047,28.849209,2.812026,0.030608
119.146784,90.125400,29.021384,118.967524,89.871379,29.096145,2.821590,0.031348
118.900305,89.829443,29.070862,118.641466,89.498224,29.143242,2.968189,0.029333
118.532815,89.402491,29.130324,118.469049,89.423354,29.045696,2.935995,0.030417
118.375146,89.246952,29.128194,118.223363,89.177393,29.045971,2.862558,0.032574
118.203869,89.051004,29.152865,117.985213,88.976984,29.008229,2.913646,0.030432
117.946086,88.796913,29.149173,117.807216,88.759604,29.047612,2.929703,0.030177
117.750543,88.572522,29.178021,117.537304,88.389944,29.147360,2.923903,0.031201
117.534908,88.311801,29.223107,117.674442,88.585957,29.088484,2.807398,0.033681
117.297310,88.074774,29.222536,117.343369,88.235089,29.108280,2.878637,0.030777
117.190952,87.956410,29.234541,117.073692,87.933434,29.140258,2.973935,0.029304
117.001881,87.754789,29.247092,117.023263,87.902430,29.120833,2.990196,0.031069
116.789219,87.528423,29.260796,116.956953,87.803715,29.153239,3.008239,0.029834
116.656022,87.397258,29.258764,116.628879,87.502992,29.125888,3.007884,0.031012
116.467905,87.203992,29.263913,116.508548,87.428881,29.079668,2.760876,0.032047
116.283833,87.011551,29.272282,116.393989,87.229767,29.164222,3.053971,0.030621
116.104401,86.845212,29.259189,116.297131,87.086512,29.210618,3.033444,0.030388
116.024472,86.729523,29.294949,116.208271,87.051748,29.156523,2.943238,0.029566
115.855282,86.595836,29.259446,115.835281,86.781079,29.054202,2.974226,0.028366
115.731865,86.475340,29.256525,115.977173,86.809901,29.167272,3.018317,0.030599
115.515115,86.259653,29.255462,115.593297,86.526924,29.066372,3.031838,0.028993
115.361316,86.091735,29.269581,115.774021,86.547021,29.227001,3.068515,0.028900
115.235687,85.985142,29.250545,115.737776,86.681892,29.055883,2.933870,0.029936
115.239780,85.970955,29.268825,115.363611,86.216756,29.146854,3.009521,0.031160
115.007297,85.737366,29.269931,115.450002,86.299557,29.150445,3.071865,0.029519
114.929779,85.684587,29.245192,115.033570,85.827845,29.205724,2.916727,0.029880
114.770303,85.518787,29.251516,114.984821,85.840355,29.144465,2.859771,0.031142
114.576247,85.309042,29.267205,114.721854,85.686644,29.035210,3.024690,0.029848
114.401883,85.184562,29.217322,115.088723,85.953462,29.135261,2.904118,0.032986
114.418268,85.156276,29.261992,114.838043,85.784526,29.053516,2.920882,0.032555
114.248191,85.020798,29.227393,114.469485,85.474979,28.994507,3.055262,0.028404
114.125812,84.905378,29.220433,114.449072,85.364164,29.084908,3.002050,0.030476
113.985395,84.827848,29.157547,114.585331,85.481835,29.103496,2.982685,0.028193
113.964799,84.731133,29.233666,114.360447,85.210016,29.150430,3.073365,0.029601
113.816132,84.605404,29.210728,114.267802,85.166362,29.101440,3.030511,0.030459
113.666283,84.498021,29.168262,114.222896,85.129911,29.092985,3.033853,0.029942
113.530194,84.382784,29.147410,114.195689,85.139546,29.056142,2.988742,0.030544
113.430573,84.266855,29.163719,113.957031,84.941381,29.015650,3.040556,0.028789
113.326457,84.163169,29.163288,113.908185,84.841057,29.067128,2.905742,0.032597
113.256447,84.129724,29.126723,113.752751,84.756506,28.996246,3.015151,0.030278
113.145792,83.968522,29.177271,113.951601,84.881008,29.070593,3.157887,0.028147
113.000100,83.909659,29.090441,113.614493,84.628762,28.985732,2.930870,0.030088
112.886538,83.820367,29.066170,113.585962,84.739015,28.846946,3.294780,0.024685
112.831562,83.750074,29.081487,113.454160,84.502789,28.951371,3.126489,0.028659
112.742879,83.650017,29.092861,113.398602,84.372043,29.026559,3.109300,0.026843
112.676518,83.577212,29.099305,113.104500,84.089443,29.015057,3.009995,0.028696
112.509016,83.445838,29.063178,113.200740,84.129081,29.071659,3.002782,0.028914
112.419022,83.358573,29.060449,113.334921,84.366881,28.968041,3.052976,0.030682
112.301572,83.276491,29.025081,112.826218,83.929861,28.896357,3.096520,0.028406
112.255552,83.228349,29.027203,112.736013,83.863649,28.872365,3.080336,0.030670
112.173103,83.156508,29.016595,112.905814,83.982140,28.923674,3.208465,0.026353
111.983722,82.990690,28.993032,112.772824,83.913197,28.859626,3.018048,0.029588
111.863391,82.932079,28.931313,112.591488,83.816387,28.775100,3.011316,0.031716
111.810847,82.878686,28.932162,112.291519,83.493438,28.798081,2.969951,0.029278
111.719870,82.785533,28.934337,112.333695,83.475927,28.857767,3.115840,0.029012
111.678514,82.741581,28.936933,112.400612,83.624446,28.776166,3.059162,0.029327
111.499663,82.589616,28.910047,112.074823,83.400074,28.674749,3.214935,0.028350
111.413306,82.545678,28.867628,112.248787,83.589191,28.659595,3.042207,0.029161
111.365723,82.530046,28.835677,112.083474,83.430272,28.653202,3.082258,0.029701
111.289626,82.482986,28.806641,112.003029,83.282562,28.720467,3.243953,0.026359
111.181129,82.379707,28.801422,111.837238,83.207022,28.630215,3.186877,0.028128
111.083679,82.321312,28.762367,111.859995,83.255802,28.604194,3.074957,0.029535
111.016611,82.244631,28.771980,111.689080,83.164672,28.524408,3.221837,0.027949
110.876343,82.175278,28.701065,111.465750,82.948175,28.517575,3.252223,0.026370
110.792356,82.111024,28.681332,111.594091,83.113812,28.480279,3.078221,0.028702
110.797391,82.077743,28.719648,111.560793,82.993884,28.566909,3.127222,0.027268
110.622417,81.957450,28.664967,111.240359,82.763989,28.476369,3.251983,0.026397
110.591939,81.957834,28.634105,111.582383,83.058807,28.523576,3.205305,0.029298
110.553575,81.878999,28.674575,111.301267,82.621512,28.679755,3.128821,0.028563
110.396246,81.804996,28.591249,111.123466,82.698760,28.424705,3.249574,0.026648
110.322216,81.765987,28.556229,111.093719,82.649541,28.444178,3.151752,0.027040
110.245044,81.715877,28.529167,111.155487,82.709397,28.446091,3.107827,0.026550
110.114852,81.614373,28.500479,110.848622,82.466874,28.381748,3.121701,0.028860
110.067348,81.598004,28.469344,110.940522,82.486460,28.454062,3.225240,0.025779
109.996886,81.494845,28.502041,111.080567,82.698526,28.382041,3.034247,0.029246
109.947298,81.439244,28.508054,110.819153,82.433718,28.385435,3.154205,0.027007
109.835646,81.387774,28.447872,110.552922,82.286136,28.266785,3.184395,0.028729
109.813815,81.375019,28.438796,110.531685,82.299227,28.232459,3.136953,0.028450
109.661880,81.270215,28.391665,110.521193,82.237159,28.284034,3.225185,0.027921
109.596483,81.204454,28.392030,110.474627,82.203936,28.270691,3.315049,0.026861
109.554014,81.166540,28.387474,110.413704,82.097803,28.315900,3.209080,0.026478
109.493358,81.118450,28.374909,110.383417,82.188107,28.195309,3.151983,0.026818
109.421270,81.110697,28.310573,110.309715,82.059336,28.250379,3.126958,0.026755
109.352815,81.056236,28.296580,110.258741,81.953862,28.304879,3.100671,0.029106
109.322344,80.996736,28.325608,110.151317,82.014643,28.136674,3.271916,0.025061
109.188785,80.915404,28.273380,109.979948,81.821653,28.158294,3.190616,0.028270
109.078487,80.820305,28.258181,109.891009,81.822397,28.068612,3.214840,0.028471
109.022089,80.807001,28.215088,110.060266,82.051756,28.008511,3.152165,0.026752
108.953217,80.762835,28.190382,109.992170,81.989933,28.002238,3.200840,0.026323
108.850666,80.653858,28.196808,109.747790,81.823380,27.924409,3.120449,0.027062
108.810557,80.664075,28.146482,109.803545,81.760816,28.042729,3.165775,0.027738
108.722638,80.600801,28.121837,109.689325,81.759541,27.929784,3.474507,0.024969
108.672532,80.575414,28.097119,109.656752,81.655379,28.001373,3.266290,0.026930
108.620287,80.543949,28.076338,109.591169,81.551131,28.040037,3.263667,0.025927
108.515681,80.473004,28.042676,109.374392,81.559337,27.815055,3.270530,0.027943
108.457764,80.440878,28.016886,109.362950,81.514166,27.848785,3.179167,0.027314
108.382970,80.398397,27.984573,109.286765,81.390294,27.896471,3.178493,0.027944
108.314968,80.283449,28.031519,109.225084,81.333788,27.891296,3.302650,0.027666
108.300843,80.336984,27.963859,109.379818,81.369237,28.010580,3.219352,0.026569
108.206628,80.276756,27.929872,109.196879,81.302048,27.894831,3.222593,0.026525
108.131944,80.199566,27.932378,109.119725,81.390607,27.729118,3.231454,0.028400
108.108807,80.179428,27.929379,109.129724,81.401720,27.728004,3.189119,0.024880
107.986975,80.103633,27.883343,109.042862,81.269947,27.772914,3.254328,0.026425
107.971507,80.127945,27.843562,108.925853,81.302927,27.622925,3.179052,0.026824
107.910587,80.086451,27.824136,108.904306,81.279791,27.624515,3.288247,0.028888
107.812553,79.989548,27.823005,108.949710,81.305811,27.643900,3.232715,0.027665
107.724080,79.971036,27.753044,108.721818,81.064304,27.657515,3.246176,0.026009
107.653580,79.926086,27.727494,108.624119,81.006872,27.617248,3.334874,0.025931
107.617618,79.867071,27.750547,108.536193,80.915751,27.620441,3.281050,0.024926
107.636818,79.877529,27.759289,108.604491,80.947642,27.656848,3.188419,0.027317
107.549793,79.851675,27.698119,108.719182,81.216970,27.502213,3.180436,0.028756
107.459284,79.775355,27.683929,108.482261,81.043845,27.438415,3.277314,0.025749
107.351072,79.718720,27.632352,108.417641,80.854059,27.563583,3.179401,0.027901
107.382036,79.715159,27.666876,108.413748,80.901706,27.512042,3.386260,0.027509
107.323051,79.658359,27.664692,108.518278,81.060506,27.457772,3.052262,0.027741
107.146536,79.624071,27.522465,108.364595,80.949659,27.414936,3.291916,0.026118
107.179145,79.655679,27.523466,108.332794,80.996975,27.335819,3.397360,0.027165
107.116894,79.573246,27.543648,108.285256,80.758354,27.526902,3.167342,0.027435
107.080554,79.555821,27.524733,108.084750,80.642515,27.442234,3.199300,0.026124
106.989011,79.450951,27.538061,108.071267,80.595363,27.475904,3.156706,0.026748
106.939018,79.433944,27.505074,108.198040,80.875281,27.322759,3.340737,0.025059
106.870172,79.401065,27.469107,108.009462,80.782991,27.226471,3.358526,0.025483
106.869185,79.421709,27.447476,107.906400,80.638413,27.267987,3.387966,0.024729
106.796345,79.341032,27.455314,107.893508,80.601875,27.291633,3.322573,0.027021
106.734570,79.297949,27.436621,107.938644,80.650648,27.287995,3.312306,0.026828
106.674247,79.282957,27.391291,107.880882,80.599830,27.281052,3.251971,0.025716
106.661292,79.286167,27.375125,107.796370,80.698014,27.098356,3.131412,0.027716
106.635896,79.279446,27.356450,107.739213,80.420722,27.318492,3.355557,0.024613
106.591346,79.191203,27.400143,107.585266,80.382019,27.203247,3.206124,0.027150
