269.401750,268.468745,0.933004,201.184478,199.749342,1.435136,7.244775,0.003495
195.301296,193.033387,2.267909,191.508407,188.549434,2.958974,8.436416,0.005251
189.185593,185.621134,3.564460,182.125568,176.926970,5.198598,5.630635,0.009099
174.050299,167.151774,6.898525,167.197696,158.985704,8.211992,4.830691,0.012197
161.908186,152.745166,9.163020,155.746729,145.681690,10.065040,4.933501,0.013494
153.766535,143.065247,10.701288,150.339360,139.364583,10.974777,4.535082,0.014040
148.892541,137.482441,11.410100,146.175185,134.224897,11.950288,4.285820,0.014449
145.104468,132.808218,12.296250,142.858410,130.052071,12.806339,4.083460,0.016330
141.897608,128.708376,13.189231,139.585895,126.126264,13.459631,3.951919,0.016388
138.804892,124.857227,13.947664,136.629699,122.213645,14.416054,4.187727,0.015935
136.317273,121.530203,14.787070,134.555481,119.333606,15.221875,4.055416,0.016130
134.240834,118.823916,15.416918,132.571968,116.815511,15.756456,4.002461,0.016185
132.366447,116.482256,15.884190,130.936278,114.863848,16.072429,4.087994,0.016043
131.010944,114.728786,16.282158,129.659699,113.215523,16.444176,4.130363,0.016468
129.891676,113.194757,16.696919,129.184547,112.248207,16.936341,3.870922,0.017875
128.951294,111.924528,17.026766,127.614684,110.422787,17.191898,4.211974,0.014823
128.139930,110.833011,17.306920,127.193813,109.694601,17.499213,4.065382,0.016011
127.255344,109.732918,17.522425,126.091295,108.494941,17.596354,3.965239,0.017128
126.481296,108.732624,17.748671,125.932497,108.114653,17.817845,3.862109,0.017598
125.748606,107.770381,17.978225,124.908558,106.793711,18.114847,4.034244,0.015836
125.161300,106.903623,18.257677,124.248107,105.878048,18.370058,4.071120,0.015679
124.546849,106.123125,18.423724,123.640744,105.165843,18.474902,4.071513,0.014862
123.852375,105.245591,18.606784,123.483122,104.722336,18.760787,3.928267,0.017052
123.386085,104.667539,18.718546,122.940858,104.020441,18.920417,3.829406,0.017415
122.879679,103.970102,18.909578,122.164356,103.189164,18.975191,4.041347,0.016067
122.478516,103.436576,19.041940,121.665554,102.492774,19.172780,3.712836,0.017109
122.044824,102.870552,19.174272,121.262492,102.040000,19.222493,4.035126,0.017453
121.557546,102.289929,19.267617,120.974658,101.660126,19.314531,3.972098,0.015780
121.202622,101.790082,19.412541,120.931340,101.400084,19.531256,3.855699,0.017883
120.873209,101.331784,19.541424,120.630201,101.027824,19.602377,4.024527,0.014909
120.391870,100.751162,19.640708,119.966540,100.300902,19.665639,3.981754,0.015322
120.069544,100.380738,19.688806,119.604278,99.929436,19.674842,3.974681,0.015937
119.813963,99.980791,19.833172,119.465941,99.652753,19.813188,3.963722,0.016041
119.427589,99.482404,19.945185,119.472480,99.433837,20.038643,3.845836,0.015169
119.196609,99.171371,20.025239,119.462291,99.485773,19.976518,3.844565,0.015752
118.898991,98.798345,20.100646,119.029399,98.938896,20.090503,3.965739,0.015900
118.589965,98.423877,20.166088,118.710787,98.586961,20.123825,4.000834,0.014503
118.224010,98.017745,20.206265,118.780205,98.561007,20.219198,3.624578,0.017137
118.320113,97.998978,20.321135,117.948412,97.570876,20.377537,3.947252,0.016332
117.957579,97.574245,20.383334,118.114509,97.695684,20.418825,4.021314,0.014313
117.630082,97.213816,20.416266,117.499696,97.062127,20.437570,3.948782,0.014588
117.319124,96.883452,20.435672,117.501278,96.969177,20.532100,3.952613,0.014989
117.069970,96.566827,20.503143,117.077879,96.567652,20.510227,3.995947,0.015173
116.830360,96.296034,20.534326,117.119796,96.583485,20.536311,3.737331,0.016206
116.716109,96.113949,20.602160,116.886311,96.227169,20.659141,4.048297,0.014745
116.440972,95.800516,20.640456,116.424552,95.877179,20.547374,4.107898,0.013872
116.318775,95.622138,20.696636,116.593537,95.918019,20.675518,3.848252,0.015413
116.139728,95.363833,20.775896,116.616741,95.730345,20.886395,3.905101,0.013796
115.877454,95.076357,20.801097,115.906506,95.140846,20.765659,3.803417,0.015248
115.728021,94.863294,20.864727,116.134583,95.244732,20.889851,3.954649,0.014693
115.497299,94.610638,20.886662,116.130853,95.177806,20.953047,4.075258,0.014661
115.496122,94.550067,20.946055,116.323179,95.309217,21.013962,3.782722,0.015033
115.392182,94.397785,20.994397,115.802793,94.842173,20.960620,4.071249,0.013911
115.168508,94.099448,21.069060,115.757789,94.728728,21.029061,3.986755,0.014463
115.127369,94.037217,21.090152,115.445790,94.423138,21.022652,3.840532,0.014495
114.786267,93.658446,21.127820,115.667304,94.441601,21.225703,3.910179,0.015366
114.681906,93.515506,21.166399,114.995713,93.875024,21.120689,3.934303,0.014153
114.324299,93.190040,21.134259,114.939933,93.730239,21.209695,3.990765,0.014385
114.317190,93.134469,21.182721,114.833122,93.692319,21.140804,3.951657,0.014001
114.122307,92.881984,21.240323,114.497320,93.308164,21.189156,3.979551,0.014806
113.960492,92.714403,21.246089,115.044801,93.790998,21.253802,4.139227,0.013494
113.784658,92.488402,21.296256,114.844540,93.496635,21.347904,3.887169,0.014728
113.696854,92.339070,21.357785,114.398123,93.012470,21.385653,4.112989,0.013530
113.605792,92.257508,21.348285,114.227902,92.840285,21.387616,3.912315,0.014792
113.644446,92.257983,21.386463,114.552662,93.245015,21.307647,4.025949,0.014341
113.516888,92.075741,21.441147,113.933990,92.563449,21.370541,3.959972,0.014712
113.087894,91.633476,21.454417,114.129043,92.689365,21.439679,4.085396,0.012835
113.215212,91.704252,21.510960,114.046869,92.495381,21.551488,4.019052,0.013140
113.081404,91.555458,21.525946,113.806274,92.304845,21.501429,4.241564,0.013079
112.906578,91.350678,21.555899,113.861458,92.316622,21.544836,3.854190,0.014450
112.777376,91.256021,21.521355,113.395596,91.940493,21.455104,4.070049,0.013008
112.707286,91.138921,21.568364,113.635789,92.065908,21.569881,3.901149,0.013751
112.679576,91.049533,21.630043,113.432919,91.761453,21.671466,4.172810,0.012987
112.542410,90.911209,21.631201,113.280471,91.712655,21.567816,3.963615,0.014314
112.389771,90.725807,21.663964,113.522646,91.926860,21.595787,3.912439,0.014537
112.303335,90.676014,21.627321,113.202496,91.588978,21.613518,3.922093,0.014079
112.150668,90.514934,21.635734,113.218289,91.498890,21.719400,4.103247,0.013555
112.024815,90.358385,21.666430,113.176817,91.523095,21.653721,4.193811,0.012743
112.016094,90.327361,21.688733,113.091967,91.474507,21.617461,4.002435,0.013219
111.848422,90.065696,21.782725,112.968030,91.291471,21.676559,3.955582,0.013809
111.739598,89.941260,21.798338,113.223229,91.368813,21.854416,3.968350,0.013934
111.719388,89.886867,21.832522,112.734079,91.012902,21.721178,3.991194,0.013924
111.692577,89.909483,21.783095,112.834430,91.052684,21.781746,4.029592,0.012841
111.780591,89.963701,21.816891,112.870226,91.064384,21.805841,4.039645,0.013175
111.431594,89.554122,21.877472,112.443507,90.658149,21.785358,4.056917,0.013314
111.253523,89.403528,21.849995,112.527528,90.657101,21.870428,3.957546,0.013217
111.406156,89.491029,21.915127,112.363151,90.542714,21.820437,4.022075,0.012286
111.202242,89.276121,21.926121,112.206532,90.349473,21.857060,3.970095,0.013380
111.104221,89.163483,21.940739,112.514194,90.611532,21.902663,3.932832,0.013088
111.048569,89.056869,21.991699,112.238909,90.295515,21.943394,4.055248,0.013356
111.036614,88.981684,22.054929,112.440863,90.523663,21.917200,3.944689,0.012566
111.064378,89.034695,22.029683,112.123733,90.163789,21.959944,3.966755,0.012233
110.779465,88.733480,22.045986,112.333787,90.365321,21.968466,3.902118,0.013273
110.679845,88.611598,22.068248,112.068277,90.140163,21.928115,3.704827,0.013750
110.702956,88.594887,22.108068,112.136603,90.093996,22.042608,3.800503,0.014015
110.450175,88.316099,22.134076,111.855382,89.761845,22.093538,4.213796,0.011912
110.524574,88.365247,22.159327,111.889134,89.830144,22.058990,3.959946,0.012004
110.387751,88.239953,22.147798,112.034114,89.829883,22.204231,3.768354,0.014486
110.292060,88.098119,22.193941,111.713517,89.526501,22.187016,3.838557,0.013658
110.281300,88.114983,22.166317,112.270561,90.221410,22.049150,3.929669,0.013076
110.389034,88.193931,22.195103,111.798302,89.635663,22.162639,3.770728,0.013807
110.298789,88.065743,22.233045,111.756712,89.621990,22.134722,3.992499,0.012580
110.112448,87.884597,22.227852,111.680660,89.438542,22.242118,3.955103,0.012373
109.949954,87.686672,22.263282,111.701951,89.551473,22.150478,4.027118,0.012964
109.868963,87.643424,22.225539,111.694698,89.451765,22.242933,4.104195,0.012708
109.806543,87.488041,22.318502,111.357268,89.102760,22.254507,3.939698,0.013548
109.813828,87.496138,22.317690,111.304358,89.077874,22.226483,3.774550,0.013677
109.835066,87.542516,22.292551,111.585589,89.285107,22.300482,3.876428,0.012474
109.770402,87.404953,22.365449,111.188134,88.906638,22.281496,4.160565,0.011277
109.657381,87.275851,22.381531,111.633546,89.335769,22.297777,3.816922,0.013667
109.817516,87.405045,22.412471,111.182018,88.837176,22.344842,3.902792,0.012943
109.477418,87.047637,22.429781,111.395477,89.030571,22.364907,4.022921,0.012793
109.501899,87.102929,22.398970,111.160463,88.877410,22.283053,4.124116,0.011837
109.494472,87.060482,22.433990,111.612193,89.222097,22.390095,3.992285,0.012824
109.571032,87.096068,22.474963,111.287597,88.914396,22.373201,3.944961,0.012463
109.460188,86.991820,22.468368,111.122050,88.804202,22.317848,4.241119,0.011663
109.215050,86.742653,22.472397,111.096559,88.551598,22.544961,4.160101,0.012622
109.289950,86.794172,22.495778,111.237658,88.790426,22.447232,3.949301,0.013183
109.198781,86.731763,22.467018,110.999810,88.590146,22.409663,3.899893,0.012698
109.081817,86.639778,22.442040,111.110226,88.655467,22.454760,4.062870,0.011470
109.068242,86.561010,22.507232,111.262772,88.844321,22.418451,3.851087,0.012461
108.963436,86.504879,22.458558,110.995087,88.640686,22.354401,3.853314,0.012539
108.956562,86.523320,22.433241,110.796637,88.342842,22.453795,3.993991,0.013431
108.860017,86.340370,22.519647,110.861133,88.500934,22.360199,3.885012,0.012618
109.069434,86.577159,22.492275,110.818658,88.356542,22.462116,3.864899,0.012882
108.873538,86.369614,22.503923,111.070833,88.615493,22.455340,3.949759,0.012512
108.953884,86.416429,22.537456,110.911954,88.462401,22.449552,4.001626,0.011869
108.799586,86.286076,22.513510,110.959815,88.530947,22.428868,3.786029,0.012985
108.719998,86.129609,22.590388,110.738583,88.210219,22.528364,3.881825,0.011812
108.628977,86.070679,22.558299,110.749930,88.312467,22.437463,4.240276,0.010961
108.626735,86.068364,22.558371,110.787900,88.245585,22.542315,4.015177,0.012383
108.557370,85.942232,22.615138,110.839208,88.280681,22.558526,3.968149,0.012299
108.638491,86.033088,22.605402,110.727168,88.134528,22.592640,3.982230,0.012721
108.486865,85.923861,22.563004,110.524183,88.006080,22.518103,3.850474,0.012704
108.331016,85.779253,22.551763,110.648624,88.153398,22.495226,4.250092,0.010526
108.531166,85.946742,22.584424,110.603549,88.023556,22.579993,4.251023,0.011920
108.332553,85.699549,22.633005,110.571660,88.016063,22.555597,4.198591,0.011465
108.366078,85.729810,22.636268,110.611415,88.056899,22.554515,3.958006,0.012768
108.313218,85.695500,22.617718,110.645745,88.145295,22.500450,3.793813,0.012525
108.361643,85.704386,22.657257,110.282312,87.722438,22.559875,3.977338,0.012753
108.156037,85.533333,22.622705,110.477538,87.941919,22.535619,4.043685,0.011609
108.178212,85.520382,22.657830,110.557122,87.985430,22.571692,4.213019,0.012179
108.281466,85.620655,22.660811,110.539650,87.908010,22.631639,3.986540,0.013479
108.343937,85.611596,22.732341,110.541052,87.934575,22.606477,3.989041,0.011428
108.088507,85.382390,22.706118,110.388058,87.767605,22.620453,4.075763,0.010827
108.237806,85.533692,22.704113,110.285858,87.562887,22.722971,4.119873,0.010774
108.085432,85.342027,22.743404,110.412377,87.729182,22.683195,4.075871,0.011711
108.073296,85.338657,22.734639,110.351604,87.753101,22.598502,3.850062,0.012618
107.962767,85.187232,22.775535,110.312525,87.557633,22.754892,3.982330,0.012553
107.846229,85.066870,22.779359,110.256454,87.628667,22.627788,4.049728,0.011967
107.807589,85.077867,22.729722,110.478318,87.831535,22.646782,4.170548,0.011213
107.809548,85.076987,22.732562,110.255391,87.583094,22.672297,4.228205,0.010679
107.741554,84.984978,22.756577,110.291638,87.568167,22.723472,3.911139,0.012273
107.710147,84.934074,22.776074,110.355535,87.648848,22.706687,3.995737,0.012310
107.677717,84.894633,22.783084,110.074656,87.398060,22.676596,3.863660,0.012447
107.710974,84.936310,22.774664,110.168046,87.458333,22.709713,4.009372,0.012064
107.654610,84.880040,22.774569,110.004226,87.328395,22.675831,4.008831,0.012089
107.551624,84.781023,22.770601,110.321953,87.573783,22.748169,4.136711,0.011414
107.526474,84.677628,22.848846,109.946756,87.142377,22.804379,4.279323,0.011149
107.453798,84.632920,22.820878,109.872073,87.139443,22.732629,4.168595,0.010494
