260.389240,239.249292,21.139948,214.070547,189.070634,24.999912,2.626828,0.015869
192.760062,165.758308,27.001754,173.498834,146.559516,26.939318,2.596457,0.029854
164.712297,139.073764,25.638533,157.434340,132.162242,25.272098,2.481875,0.035293
153.564630,128.422554,25.142076,149.089985,123.600016,25.489969,2.447936,0.038313
147.078019,121.410022,25.667997,142.602355,117.603385,24.998970,2.651867,0.039312
141.214585,116.333914,24.880671,138.347974,113.328526,25.019448,2.409258,0.043850
137.221157,111.998799,25.222358,135.100038,109.591333,25.508705,2.592559,0.044052
134.717768,109.116382,25.601386,132.979232,107.229327,25.749906,2.580330,0.042675
132.786546,106.963115,25.823432,131.279711,105.324484,25.955228,2.639511,0.043958
131.316819,105.369929,25.946890,129.841293,103.877759,25.963535,2.675018,0.048447
129.995191,103.984521,26.010670,129.174483,103.129949,26.044534,2.520648,0.051748
128.985954,102.937705,26.048250,127.902354,101.843527,26.058827,2.708296,0.044827
128.041004,101.944170,26.096834,126.885641,100.749001,26.136640,2.676481,0.048870
127.090855,100.959916,26.130939,126.278066,100.239870,26.038196,2.858156,0.044109
126.224650,100.231489,25.993161,125.149344,99.153005,25.996339,2.888976,0.043181
125.280715,99.480273,25.800443,124.288840,98.755779,25.533061,2.719643,0.044539
124.086143,98.598691,25.487452,123.113920,98.019651,25.094270,2.722123,0.049767
122.443935,97.715295,24.728640,121.740072,97.008219,24.731852,2.864225,0.042476
121.801303,96.936836,24.864467,121.344517,96.319062,25.025455,2.655299,0.045697
121.257577,96.281779,24.975798,120.823986,95.832189,24.991797,2.875507,0.043290
120.645737,95.623335,25.022403,120.533568,95.485564,25.048003,2.881562,0.042102
120.313912,95.226124,25.087789,119.843378,94.750105,25.093273,2.897994,0.042841
119.980432,94.863637,25.116795,119.850248,94.722470,25.127778,2.815396,0.045151
119.475827,94.353355,25.122472,119.571131,94.322976,25.248155,2.792110,0.042552
119.091651,93.935670,25.155981,118.880734,93.752659,25.128075,2.930843,0.044445
118.595420,93.546497,25.048922,118.805333,93.828829,24.976503,2.950926,0.040201
118.017785,93.188003,24.829782,117.858654,93.043993,24.814661,2.712470,0.047870
117.533694,92.716715,24.816980,117.797735,93.040394,24.757342,2.852476,0.042874
116.743667,92.339251,24.404416,116.944133,92.712888,24.231245,2.896303,0.042722
116.383211,92.040413,24.342798,116.376630,92.271280,24.105350,2.847264,0.040826
115.670254,91.554350,24.115904,115.540160,91.507126,24.033034,2.923390,0.043897
115.274638,91.201103,24.073534,115.556914,91.530805,24.026109,3.015075,0.038918
114.964199,90.875612,24.088586,115.273039,91.154951,24.118088,2.865846,0.044313
114.661782,90.579682,24.082101,114.881558,90.837454,24.044104,2.929062,0.039046
114.410563,90.299059,24.111504,114.778452,90.638463,24.139989,2.869042,0.040940
114.207234,90.056916,24.150317,114.749142,90.734507,24.014635,2.740891,0.042971
113.858236,89.784024,24.074212,114.399138,90.422974,23.976165,2.889545,0.038366
113.575931,89.571790,24.004141,113.983804,90.106789,23.877015,2.963147,0.040949
113.242095,89.247727,23.994368,113.762610,89.883406,23.879204,2.725451,0.044560
113.135266,89.119185,24.016080,113.818568,89.806914,24.011653,2.989532,0.039838
112.982381,88.980601,24.001780,113.462036,89.457607,24.004430,2.971947,0.042544
112.810685,88.800381,24.010304,113.422063,89.580661,23.841402,2.800240,0.044121
112.546392,88.549785,23.996607,113.230961,89.229548,24.001414,3.012069,0.040052
112.434201,88.382915,24.051286,113.061230,89.119420,23.941809,2.989037,0.038092
112.253726,88.242881,24.010845,112.811336,88.877514,23.933822,2.935854,0.044639
112.082475,88.052782,24.029693,113.071765,89.082354,23.989411,2.828778,0.039267
111.999183,87.936067,24.063116,112.656964,88.646105,24.010859,2.891058,0.040247
111.881878,87.837504,24.044375,112.373737,88.397222,23.976515,3.184961,0.040820
111.682862,87.670406,24.012457,112.559626,88.554912,24.004714,2.955214,0.043279
111.572076,87.509393,24.062683,112.642844,88.556238,24.086605,2.955642,0.041305
111.430163,87.361164,24.068999,112.273917,88.221546,24.052371,2.807878,0.042382
111.312062,87.263158,24.048905,112.344470,88.263107,24.081362,2.940182,0.040871
111.150826,87.086416,24.064410,112.125549,88.062496,24.063053,3.089926,0.037078
111.081971,87.017476,24.064495,112.108374,88.123382,23.984992,3.021019,0.042198
110.987017,86.929485,24.057533,111.987541,87.875499,24.112042,2.780328,0.044696
110.851554,86.779892,24.071662,111.693615,87.790978,23.902638,3.055807,0.039842
110.737374,86.634185,24.103188,111.553709,87.482920,24.070790,3.004893,0.038421
110.616182,86.523563,24.092619,111.652711,87.606588,24.046122,3.042373,0.040016
110.557316,86.503335,24.053981,111.708438,87.656151,24.052287,2.927374,0.040557
110.417745,86.311670,24.106075,111.514912,87.526123,23.988789,3.083690,0.040741
110.366143,86.316456,24.049687,111.818074,87.746772,24.071302,2.903489,0.042268
110.241136,86.179116,24.062021,111.339357,87.357467,23.981890,2.887517,0.041624
110.122485,86.072976,24.049509,111.353611,87.351887,24.001724,3.027775,0.041615
109.991726,85.932940,24.058786,111.314760,87.282026,24.032733,2.989481,0.042086
109.976981,85.931190,24.045791,111.166787,87.174337,23.992450,3.067459,0.040961
109.871517,85.822521,24.048996,111.159476,87.122596,24.036881,3.210316,0.040262
109.809814,85.734897,24.074917,111.103641,87.075537,24.028104,2.992721,0.044824
109.808947,85.724142,24.084806,111.091207,86.975811,24.115396,2.998380,0.040969
109.657505,85.562671,24.094834,111.040134,87.008777,24.031357,2.965804,0.041655
109.541570,85.474736,24.066834,110.853760,86.838720,24.015040,3.013108,0.037807
109.539740,85.455212,24.084529,110.835592,86.771123,24.064468,3.060352,0.038315
109.432789,85.334431,24.098359,110.992948,86.850869,24.142079,3.005536,0.039327
109.353903,85.286165,24.067737,110.665353,86.709653,23.955700,2.915411,0.043128
109.207633,85.160574,24.047058,110.659839,86.623527,24.036312,2.888986,0.042428
109.223714,85.116863,24.106850,110.506448,86.432740,24.073709,2.990607,0.041246
109.142231,85.020176,24.122056,110.481014,86.438438,24.042576,2.844814,0.042054
109.078899,84.926517,24.152381,110.374062,86.284579,24.089483,3.034928,0.041036
109.057769,84.904612,24.153157,110.381692,86.325864,24.055828,2.885770,0.041935
108.915073,84.800560,24.114513,110.552446,86.431417,24.121030,2.984392,0.040606
108.898824,84.790987,24.107837,110.420209,86.300648,24.119561,3.092656,0.040507
108.845057,84.685386,24.159672,110.300241,86.216198,24.084043,3.112161,0.040478
108.732254,84.622499,24.109755,110.298161,86.208737,24.089423,3.028713,0.041954
108.710328,84.554890,24.155438,110.246746,86.140537,24.106208,3.017556,0.040281
108.647444,84.479863,24.167581,110.125806,86.074698,24.051108,3.038460,0.043667
108.563648,84.422138,24.141511,110.273764,86.211034,24.062731,3.149661,0.040021
108.575853,84.410693,24.165160,110.229804,86.081901,24.147903,2.941432,0.041265
108.496381,84.341004,24.155377,110.161964,86.052701,24.109263,2.871088,0.046867
108.445638,84.283335,24.162302,109.933059,85.897016,24.036043,3.011039,0.042113
108.300872,84.159139,24.141733,110.105790,86.010165,24.095625,2.928080,0.045732
108.292393,84.141587,24.150806,110.008648,85.788183,24.220465,2.966288,0.041008
108.329131,84.173835,24.155296,110.096897,86.059034,24.037864,2.896475,0.043535
108.162029,84.042508,24.119521,109.948273,85.908588,24.039685,2.920330,0.039908
108.104243,83.984431,24.119811,109.842148,85.841711,24.000437,3.195951,0.041189
108.125591,83.960919,24.164672,109.806385,85.714064,24.092321,3.099698,0.038831
107.945332,83.804504,24.140829,110.108782,86.046502,24.062280,3.033774,0.039075
107.943785,83.769869,24.173916,109.882094,85.740555,24.141539,3.002556,0.039814
107.890405,83.731288,24.159117,109.637232,85.527291,24.109941,2.844517,0.042164
107.848663,83.667212,24.181450,109.757055,85.641049,24.116006,2.905969,0.040041
107.821368,83.642271,24.179097,109.571484,85.474665,24.096818,2.977907,0.042355
107.780362,83.581241,24.199121,109.500202,85.380634,24.119568,3.079730,0.039436
107.717660,83.541673,24.175987,109.495117,85.396223,24.098894,3.127813,0.039835
107.716119,83.533010,24.183110,109.503197,85.389472,24.113726,2.976718,0.042299
107.704905,83.484143,24.220762,109.461172,85.236943,24.224229,3.113461,0.040688
107.597934,83.399554,24.198380,109.529783,85.350063,24.179720,3.157533,0.038146
107.588767,83.358924,24.229843,109.387396,85.208711,24.178685,2.999203,0.041665
107.527964,83.324643,24.203320,109.358486,85.290302,24.068184,3.036009,0.047456
107.486056,83.241167,24.244890,109.161183,84.998903,24.162280,2.898565,0.038272
107.447910,83.208725,24.239186,109.345367,85.175005,24.170361,3.103408,0.040244
107.451938,83.235383,24.216555,109.192776,85.068125,24.124651,2.937188,0.043351
107.365388,83.159349,24.206039,109.268350,85.106339,24.162012,3.014061,0.042192
107.351020,83.123568,24.227452,109.279637,85.062350,24.217288,2.851389,0.039975
107.304690,83.075600,24.229090,109.368699,85.217362,24.151337,3.040698,0.039802
107.219804,83.004499,24.215305,109.002310,84.873897,24.128413,3.109823,0.038125
107.236174,83.033824,24.202350,109.284227,85.119380,24.164847,3.036322,0.041681
107.195885,82.950294,24.245591,109.216210,85.046116,24.170093,3.000393,0.041436
107.082889,82.889511,24.193378,109.057118,84.941136,24.115981,3.102819,0.037051
107.131477,82.922508,24.208969,109.152507,84.966535,24.185972,2.980384,0.042309
107.125955,82.894525,24.231430,109.145913,84.915786,24.230128,3.153229,0.039774
107.088238,82.848676,24.239562,109.087527,84.848732,24.238795,3.005984,0.042187
107.031698,82.777801,24.253896,109.128495,84.954362,24.174133,3.073711,0.041836
106.980872,82.744226,24.236647,108.971078,84.751856,24.219222,3.063536,0.041665
106.997336,82.751086,24.246250,109.129582,84.927106,24.202476,3.165662,0.040724
106.936049,82.679380,24.256670,109.036271,84.831290,24.204981,3.104839,0.040678
106.894536,82.646034,24.248502,108.790685,84.601431,24.189253,2.880602,0.042223
106.932019,82.690306,24.241713,108.953992,84.749258,24.204734,3.107437,0.042148
106.873236,82.642430,24.230806,109.119433,84.978030,24.141403,3.057837,0.039091
106.805731,82.573128,24.232604,109.019299,84.901463,24.117836,3.139429,0.036360
106.843123,82.616787,24.226336,108.959108,84.803205,24.155903,3.317665,0.036131
106.754397,82.504617,24.249779,109.096912,84.849133,24.247779,3.062702,0.037574
106.749185,82.473594,24.275591,108.719242,84.498195,24.221046,3.050815,0.037577
106.710814,82.463863,24.246951,109.057399,84.923223,24.134176,3.041899,0.044760
106.629912,82.390558,24.239354,108.782145,84.608835,24.173310,2.868484,0.041839
106.687146,82.414540,24.272606,108.978359,84.749627,24.228732,2.958830,0.041148
106.635072,82.370710,24.264363,108.826012,84.669980,24.156032,3.134856,0.043372
106.624126,82.344471,24.279655,108.712522,84.537505,24.175016,3.018448,0.038180
106.599342,82.360820,24.238521,108.920811,84.727694,24.193117,2.982592,0.039629
106.597759,82.310600,24.287159,108.983627,84.838432,24.145195,2.914866,0.045266
106.594429,82.343095,24.251334,108.714952,84.512750,24.202203,3.127076,0.038117
106.496098,82.247682,24.248415,108.650946,84.418083,24.232863,3.102304,0.037615
106.499940,82.244232,24.255709,108.693974,84.504278,24.189695,3.016382,0.039172
106.423333,82.184897,24.238435,108.606601,84.342557,24.264044,3.031427,0.041504
106.498455,82.230988,24.267468,108.710213,84.503900,24.206313,3.312969,0.036286
106.432350,82.152728,24.279622,108.809070,84.603656,24.205413,3.078028,0.041552
106.367659,82.108628,24.259032,108.728659,84.596857,24.131801,3.071006,0.043420
106.355664,82.107895,24.247769,108.558737,84.347995,24.210742,3.176902,0.038239
106.392200,82.117207,24.274993,108.547192,84.281364,24.265828,3.053727,0.039703
106.284202,82.027252,24.256950,108.723526,84.554290,24.169236,2.944566,0.040868
106.343278,82.071157,24.272120,108.701897,84.566762,24.135135,3.080112,0.040777
106.346310,82.062318,24.283992,108.555283,84.322001,24.233282,2.935651,0.043413
106.284971,82.017643,24.267328,108.614147,84.419922,24.194225,3.110115,0.042385
106.268800,82.002794,24.266005,108.472345,84.252680,24.219666,3.071171,0.039051
106.181863,81.924287,24.257575,108.618936,84.452779,24.166157,2.928259,0.044565
106.222997,81.959910,24.263087,108.453687,84.263349,24.190337,3.179255,0.036843
106.171000,81.897562,24.273438,108.464578,84.267251,24.197327,3.043243,0.040077
106.164229,81.863364,24.300865,108.482079,84.292403,24.189675,2.982456,0.043940
106.147441,81.867617,24.279823,108.541458,84.307913,24.233545,3.380900,0.037337
106.099226,81.803238,24.295988,108.573065,84.316188,24.256877,3.022347,0.037531
106.163344,81.841887,24.321457,108.488415,84.182214,24.306202,3.142000,0.039471
106.101161,81.776892,24.324268,108.488305,84.214362,24.273942,3.212516,0.041109
106.119031,81.808982,24.310048,108.284921,84.064785,24.220136,3.239402,0.039723
