246.014956,243.067259,2.947697,193.090990,190.205885,2.885105,5.656872,0.009131
185.012719,180.065340,4.947379,172.580741,164.869571,7.711169,4.325997,0.016003
164.535957,155.231639,9.304318,155.199991,144.479563,10.720428,3.837305,0.020809
151.250185,139.620342,11.629844,146.101058,133.532569,12.568489,4.158031,0.021573
143.332500,130.323116,13.009384,139.188694,125.590697,13.597997,4.159481,0.022376
137.984988,123.899600,14.085389,134.774582,120.125040,14.649542,4.128022,0.023143
134.031086,119.164360,14.866725,131.909652,116.742533,15.167119,4.117917,0.024476
131.326341,115.981502,15.344840,129.005285,113.280782,15.724503,4.288865,0.023345
128.861031,113.087898,15.773132,127.284676,111.201682,16.082994,4.223010,0.024681
126.980659,110.942017,16.038642,125.350005,108.983722,16.366282,4.158650,0.024011
125.399619,109.124645,16.274974,123.814103,107.422100,16.392004,4.356781,0.023616
123.904165,107.469672,16.434493,122.592418,106.143364,16.449054,4.324938,0.023434
122.674055,106.105481,16.568574,121.860640,105.329190,16.531450,4.171131,0.024838
121.543653,104.812377,16.731277,120.356576,103.664010,16.692566,4.439123,0.024361
120.569731,103.722125,16.847606,119.350048,102.505369,16.844679,4.423904,0.023370
119.449635,102.574788,16.874848,118.664344,101.879771,16.784573,4.166481,0.024327
118.697146,101.777994,16.919152,117.667747,100.737559,16.930188,4.272524,0.025061
117.908692,100.899943,17.008749,117.366960,100.662251,16.704710,4.329582,0.024507
117.281666,100.315810,16.965855,116.686717,99.540864,17.145853,4.238860,0.025046
116.426559,99.404330,17.022228,115.878609,99.032551,16.846058,4.371778,0.024733
115.902562,98.817632,17.084930,115.175339,98.107738,17.067601,4.358684,0.023134
115.235705,98.075492,17.160213,114.437496,97.448455,16.989042,4.488952,0.022894
114.630531,97.498249,17.132282,114.346525,97.196490,17.150034,4.269151,0.024919
114.056111,96.917787,17.138324,113.506617,96.464534,17.042083,4.546465,0.022875
113.560612,96.480289,17.080323,112.957936,95.862347,17.095589,4.225641,0.024267
113.124289,95.988594,17.135695,112.738604,95.599023,17.139582,4.387711,0.022985
112.590258,95.456845,17.133413,112.362604,95.389119,16.973485,4.391234,0.022969
112.117019,94.989000,17.128019,111.885396,94.835020,17.050375,4.323345,0.023286
111.790395,94.668318,17.122077,111.403339,94.465494,16.937845,4.424464,0.023085
111.302895,94.197417,17.105478,111.310554,94.344099,16.966455,4.434272,0.021509
110.991095,93.819316,17.171780,110.642902,93.451236,17.191667,4.454378,0.020188
110.573912,93.435479,17.138433,110.559514,93.498808,17.060706,4.413557,0.021201
110.063174,92.945831,17.117344,110.266131,93.125054,17.141077,4.309303,0.022171
109.848384,92.740072,17.108313,109.511065,92.541409,16.969656,4.353142,0.022202
109.378292,92.294128,17.084164,109.564450,92.583582,16.980867,4.412682,0.022465
109.041924,91.924140,17.117784,108.979526,92.019845,16.959682,4.467436,0.019951
108.790589,91.698127,17.092462,108.514578,91.460335,17.054243,4.475461,0.021692
108.374660,91.211192,17.163468,108.154837,91.074677,17.080160,4.579724,0.019847
108.139296,90.993643,17.145654,108.714209,91.664353,17.049856,4.557893,0.021301
107.912657,90.753531,17.159126,107.958315,90.823730,17.134586,4.394707,0.021513
107.676730,90.532669,17.144061,108.053588,91.047292,17.006296,4.385570,0.020754
107.387623,90.210418,17.177204,107.389017,90.212154,17.176863,4.363002,0.020334
107.130455,89.853275,17.277180,107.350257,90.182893,17.167363,4.467763,0.020775
106.849149,89.565240,17.283909,107.000709,89.851111,17.149598,4.331746,0.020961
106.678247,89.477006,17.201241,106.945116,89.761230,17.183885,4.435569,0.019757
106.400301,89.161986,17.238315,107.095380,89.884599,17.210781,4.217963,0.020678
106.189928,88.925283,17.264646,106.580282,89.228907,17.351375,4.368101,0.020566
106.047819,88.703005,17.344814,106.346293,89.177032,17.169262,4.282234,0.020632
105.914719,88.631135,17.283583,106.214214,88.985155,17.229059,4.390811,0.021854
105.609629,88.249495,17.360134,106.092386,88.804730,17.287657,4.352829,0.019579
105.475631,88.199939,17.275692,106.043670,88.893300,17.150371,4.217234,0.022448
105.325766,88.058854,17.266912,105.706727,88.513813,17.192914,4.310000,0.020707
105.183388,87.895619,17.287769,105.627040,88.355884,17.271156,4.495723,0.020717
104.925793,87.573701,17.352092,105.343600,87.955746,17.387854,4.323718,0.021018
104.834857,87.492878,17.341979,105.452382,88.174211,17.278171,4.537970,0.019745
104.681705,87.336542,17.345162,105.306006,88.013604,17.292402,4.401682,0.020190
104.625187,87.292305,17.332883,105.050434,87.848187,17.202248,4.365891,0.020017
104.391771,87.053841,17.337931,104.872052,87.574452,17.297600,4.422042,0.020402
104.283621,86.895958,17.387663,105.008642,87.558621,17.450021,4.349968,0.021232
104.140002,86.754239,17.385763,104.492529,87.132313,17.360216,4.336733,0.019091
103.955687,86.535136,17.420551,104.501604,87.240991,17.260613,4.403647,0.020525
103.843783,86.409728,17.434055,104.453678,86.981457,17.472221,4.483454,0.020056
103.691075,86.283310,17.407765,104.506604,87.235219,17.271385,4.254010,0.021089
103.578855,86.198249,17.380606,104.250033,86.894806,17.355228,4.396164,0.019294
103.511972,86.062984,17.448988,103.992458,86.629366,17.363092,4.171435,0.020837
103.360253,85.881063,17.479190,104.358065,86.858544,17.499521,4.353336,0.019515
103.189336,85.684160,17.505176,104.185598,86.776446,17.409152,4.531265,0.018894
103.142946,85.639542,17.503404,104.086618,86.649454,17.437164,4.268671,0.021251
103.010798,85.476585,17.534213,104.138374,86.629119,17.509255,4.253627,0.020768
102.962938,85.410446,17.552492,103.906921,86.492118,17.414804,4.583422,0.017821
102.888833,85.357700,17.531133,104.290053,86.544416,17.745637,4.245850,0.019882
102.767620,85.114900,17.652720,103.585961,86.101456,17.484505,4.374762,0.018476
102.712410,85.125253,17.587157,103.266357,85.773243,17.493115,4.395355,0.020331
102.497417,84.896495,17.600922,103.285234,85.783823,17.501410,4.513417,0.019155
102.452250,84.878747,17.573503,103.369300,85.918754,17.450546,4.421258,0.019039
102.432894,84.871584,17.561310,103.412380,85.863287,17.549093,4.454364,0.019729
102.356296,84.746618,17.609678,103.597513,86.092284,17.505230,4.369925,0.019723
102.279763,84.659808,17.619955,103.228605,85.632113,17.596493,4.301126,0.019471
102.217242,84.610765,17.606477,103.676557,86.175147,17.501410,4.504722,0.019017
102.212462,84.599924,17.612538,103.066810,85.607189,17.459621,4.318971,0.020811
102.110881,84.451086,17.659795,103.113753,85.450245,17.663508,4.459300,0.018948
102.042225,84.382770,17.659455,103.195204,85.612560,17.582645,4.310679,0.020507
102.125549,84.445432,17.680117,103.133101,85.465757,17.667344,4.244004,0.020749
101.958099,84.238578,17.719521,102.889429,85.303697,17.585732,4.449023,0.018260
101.871599,84.184664,17.686935,103.158228,85.530772,17.627456,4.317210,0.019683
101.879881,84.211902,17.667978,103.078904,85.385505,17.693399,4.376923,0.019190
101.754505,84.048193,17.706312,103.453949,85.927199,17.526749,4.393579,0.019206
101.652191,83.946040,17.706152,102.977215,85.351249,17.625966,4.489137,0.018825
101.594028,83.844168,17.749860,102.821273,85.057374,17.763898,4.568225,0.018219
101.523469,83.777817,17.745652,102.800486,85.030848,17.769638,4.175121,0.020550
101.564253,83.795061,17.769192,102.904658,85.230537,17.674120,4.320524,0.019597
101.494319,83.720848,17.773471,102.628347,84.882516,17.745831,4.345671,0.020843
101.345418,83.476057,17.869361,102.580237,84.798967,17.781270,4.332513,0.019096
101.323282,83.446826,17.876457,102.427735,84.699650,17.728085,4.174808,0.018328
101.266575,83.441965,17.824611,102.778985,85.093769,17.685215,4.437194,0.019600
101.261511,83.426409,17.835102,102.369817,84.649089,17.720728,4.344323,0.018978
101.209118,83.348103,17.861014,102.715153,84.970982,17.744171,4.187175,0.020033
101.111269,83.290358,17.820911,102.695113,85.010763,17.684350,4.488034,0.018717
101.188548,83.352900,17.835647,102.609007,84.788710,17.820297,4.475388,0.018910
101.111699,83.239299,17.872400,102.475732,84.679524,17.796207,4.275967,0.018857
101.088635,83.220693,17.867942,102.384608,84.629928,17.754680,4.305532,0.018783
100.933238,83.047426,17.885812,102.349419,84.630792,17.718628,4.517688,0.019852
101.000673,83.123547,17.877126,102.829845,84.788725,18.041120,4.220784,0.019662
100.999864,83.080622,17.919242,102.497853,84.704038,17.793815,4.578608,0.019464
100.932153,82.998228,17.933926,102.594294,84.730195,17.864099,4.292900,0.019985
100.986002,83.043946,17.942057,102.429192,84.570625,17.858567,4.330436,0.019022
100.803135,82.833317,17.969818,102.419999,84.595461,17.824537,4.221610,0.019036
100.770035,82.793105,17.976930,102.420090,84.540268,17.879823,4.447861,0.020470
100.715212,82.772719,17.942493,102.207458,84.420493,17.786966,4.503982,0.018943
100.719126,82.810435,17.908691,102.313602,84.475866,17.837736,4.409510,0.019965
100.734033,82.758217,17.975816,102.276049,84.405084,17.870965,4.412008,0.018496
100.719188,82.741184,17.978004,102.300690,84.301433,17.999257,4.337593,0.020886
100.596764,82.550740,18.046024,102.193391,84.155738,18.037653,4.246400,0.020051
100.531277,82.474628,18.056649,102.458359,84.487026,17.971334,4.226009,0.020797
100.420268,82.429098,17.991170,102.065571,84.114642,17.950929,4.259541,0.019535
100.503985,82.503243,18.000742,102.479681,84.526542,17.953140,4.465624,0.019418
100.537551,82.507997,18.029554,102.016162,84.094410,17.921752,4.573678,0.018714
100.467017,82.433484,18.033534,102.087623,84.165476,17.922147,4.378249,0.018786
100.410245,82.313920,18.096325,102.113453,84.044069,18.069384,4.360080,0.019549
100.371168,82.348547,18.022620,102.239484,84.409514,17.829970,4.488798,0.018665
100.399206,82.383861,18.015345,102.215572,84.216516,17.999055,4.424769,0.019523
100.267774,82.209200,18.058574,102.104861,84.288055,17.816806,4.350411,0.020005
100.285491,82.303372,17.982119,101.984601,84.050078,17.934523,4.477405,0.019242
100.351998,82.324078,18.027920,102.132019,84.188368,17.943651,4.259025,0.020184
100.264610,82.196490,18.068120,101.875327,83.949006,17.926322,4.282046,0.019732
100.242946,82.131842,18.111105,101.933469,83.995119,17.938350,4.253607,0.019744
100.229358,82.110698,18.118660,102.176690,84.218096,17.958594,4.414596,0.018901
100.175517,82.053690,18.121827,102.117207,84.126989,17.990218,4.282092,0.021804
100.255277,82.163630,18.091647,102.070763,84.067374,18.003389,4.726543,0.017746
100.237031,82.129180,18.107851,102.020188,83.937545,18.082643,4.816023,0.017231
100.180787,82.073359,18.107429,101.799326,83.742700,18.056626,4.431437,0.018691
100.103262,81.948467,18.154795,102.076294,84.040894,18.035399,4.178553,0.020781
100.004053,81.823039,18.181014,101.920312,83.745108,18.175204,4.445421,0.019155
99.924945,81.773662,18.151284,101.921638,83.862317,18.059321,4.508049,0.017778
99.959562,81.784584,18.174978,102.217112,84.130537,18.086576,4.249643,0.018217
99.946914,81.793842,18.153072,101.956880,83.920637,18.036243,4.438760,0.019752
99.956243,81.838849,18.117394,102.115725,84.058600,18.057124,4.354129,0.018814
100.018744,81.891117,18.127627,101.997504,83.916837,18.080668,4.425632,0.019080
100.022681,81.831563,18.191118,102.050569,83.846994,18.203575,4.427792,0.019094
99.843859,81.649569,18.194290,101.859628,83.815968,18.043660,4.376206,0.018889
99.803667,81.623010,18.180656,101.676625,83.681122,17.995503,4.694816,0.019453
99.886645,81.760029,18.126616,101.699245,83.721390,17.977856,4.391846,0.020434
99.784728,81.594101,18.190628,101.703545,83.631185,18.072361,4.453781,0.019624
99.807796,81.573841,18.233955,101.591150,83.515779,18.075370,4.334369,0.019291
99.749197,81.566736,18.182462,101.955790,83.985338,17.970453,4.341156,0.018405
99.772636,81.576121,18.196515,101.733900,83.573736,18.160164,4.238540,0.018496
99.696646,81.472036,18.224610,101.953082,83.824146,18.128937,4.351412,0.019616
99.672757,81.405175,18.267582,101.682556,83.524419,18.158138,4.390861,0.019440
99.664979,81.408067,18.256912,101.771992,83.625001,18.146992,4.574446,0.018729
99.592018,81.309355,18.282664,102.149781,83.846009,18.303771,4.274531,0.020242
99.648396,81.420398,18.227998,101.744814,83.633602,18.111212,4.287291,0.019864
99.608504,81.375069,18.233435,101.870539,83.717660,18.152879,4.449402,0.019646
99.599733,81.394860,18.204873,102.064754,83.929963,18.134791,4.302637,0.021345
99.628763,81.374553,18.254209,101.895413,83.707302,18.188111,4.448476,0.019720
99.559067,81.261968,18.297099,102.020777,83.804041,18.216736,4.399132,0.019676
99.550500,81.263842,18.286658,101.314673,83.114494,18.200179,4.349498,0.018883
99.427908,81.133736,18.294172,101.603438,83.450325,18.153113,4.247707,0.019151
99.534960,81.295357,18.239604,101.677542,83.513825,18.163717,4.219904,0.021927
99.464372,81.138372,18.326000,101.686934,83.424892,18.262043,4.414752,0.018741
99.538196,81.204106,18.334090,101.806405,83.600660,18.205744,4.394536,0.019468
