240.820476,235.065264,5.755212,191.843795,188.587420,3.256375,4.294670,0.006904
180.540699,174.743034,5.797665,166.381291,157.794734,8.586556,3.606544,0.013290
156.318291,145.856083,10.462209,148.090972,136.478512,11.612459,3.328743,0.016219
144.388507,132.214681,12.173826,139.544728,126.725446,12.819282,3.404405,0.017314
136.924731,123.408360,13.516371,132.861186,118.767689,14.093497,3.347511,0.018900
131.733713,117.279938,14.453775,128.792003,114.000245,14.791758,3.553733,0.018407
128.215205,113.247548,14.967657,125.712372,110.557926,15.154446,3.547412,0.018755
125.511980,110.098776,15.413204,123.448423,107.816446,15.631976,3.462562,0.019516
123.264943,107.577518,15.687426,121.346928,105.346122,16.000805,3.452108,0.019971
121.337037,105.365489,15.971549,119.772373,103.792993,15.979380,3.382485,0.020002
119.714908,103.580619,16.134289,118.194440,101.991479,16.202961,3.495339,0.018439
118.163108,101.823198,16.339910,117.071078,100.572241,16.498836,3.342040,0.019154
116.899979,100.431361,16.468618,116.163517,99.569687,16.593830,3.398868,0.018780
115.692763,98.997245,16.695519,114.654663,97.902016,16.752647,3.453654,0.017965
114.677539,97.912954,16.764585,113.883474,97.095393,16.788081,3.757390,0.016479
113.769369,96.877340,16.892029,113.237510,96.353153,16.884358,3.357111,0.018703
112.967776,96.023910,16.943866,112.573655,95.611466,16.962189,3.502524,0.018157
112.209383,95.191139,17.018244,111.791544,94.820566,16.970979,3.517949,0.017811
111.520281,94.481387,17.038894,111.146586,94.115239,17.031346,3.591850,0.017274
110.822798,93.700931,17.121867,110.408532,93.252771,17.155762,3.452194,0.018434
110.289598,93.167166,17.122432,110.016364,93.008057,17.008307,3.428191,0.018255
109.762277,92.625298,17.136978,109.379996,92.158955,17.221041,3.470708,0.017698
109.119544,91.973086,17.146458,109.361724,92.228495,17.133229,3.473800,0.018619
108.697854,91.556610,17.141245,108.544271,91.430386,17.113885,3.430938,0.018674
108.276146,91.111085,17.165061,107.997884,90.849756,17.148129,3.580571,0.017776
107.779202,90.587439,17.191763,107.588929,90.387901,17.201028,3.482101,0.018323
107.450361,90.217067,17.233293,107.734731,90.455152,17.279578,3.366645,0.017428
107.050881,89.780826,17.270055,107.027967,89.773640,17.254327,3.575371,0.016920
106.699126,89.469321,17.229805,106.953098,89.739317,17.213782,3.711914,0.016177
106.404134,89.149819,17.254314,106.343692,89.094032,17.249660,3.451055,0.017618
106.060376,88.724799,17.335577,106.331393,88.980886,17.350507,3.603384,0.017208
105.828941,88.474940,17.354001,106.039215,88.768811,17.270404,3.584175,0.017092
105.507647,88.136180,17.371467,105.696529,88.440042,17.256488,3.665740,0.016159
105.292676,87.893801,17.398875,105.789877,88.371411,17.418466,3.436070,0.018345
105.006464,87.574246,17.432218,105.454156,88.029175,17.424981,3.423609,0.016886
104.839264,87.396605,17.442660,105.262778,87.856837,17.405941,3.662527,0.016418
104.617787,87.123240,17.494546,104.953796,87.481721,17.472074,3.454013,0.017034
104.383636,86.830973,17.552663,104.872397,87.368454,17.503943,3.461171,0.017041
104.204409,86.677442,17.526967,104.790390,87.326286,17.464104,3.411462,0.016950
104.072743,86.521345,17.551399,104.700202,87.147712,17.552490,3.365519,0.016971
103.855615,86.279346,17.576268,104.409827,86.869492,17.540334,3.242472,0.018076
103.604536,85.977938,17.626598,104.722473,87.114186,17.608287,3.549129,0.016085
103.525705,85.927583,17.598123,103.887770,86.310677,17.577094,3.521765,0.016109
103.328671,85.732085,17.596587,103.986240,86.453169,17.533070,3.442154,0.017540
103.213902,85.552671,17.661231,103.822939,86.202053,17.620886,3.558234,0.015999
103.029537,85.343940,17.685597,103.805287,86.208480,17.596807,3.440671,0.016870
102.975076,85.251068,17.724008,103.419853,85.599240,17.820612,3.562003,0.014801
102.724396,84.952733,17.771664,103.654649,85.842147,17.812502,3.283305,0.017591
102.613084,84.854420,17.758664,103.458107,85.770390,17.687717,3.511113,0.016078
102.446272,84.683410,17.762862,103.331759,85.614641,17.717118,3.641204,0.015536
102.374639,84.568133,17.806506,103.290271,85.558342,17.731929,3.462453,0.015925
102.324372,84.500910,17.823462,103.160649,85.437147,17.723502,3.615358,0.016204
102.130353,84.306819,17.823534,103.144963,85.380439,17.764523,3.461442,0.017194
102.084618,84.246347,17.838271,103.129621,85.338922,17.790700,3.643070,0.016482
102.032534,84.164712,17.867822,103.044978,85.209156,17.835823,3.632215,0.015579
101.865649,84.026798,17.838851,102.868758,85.103442,17.765316,3.380826,0.016287
101.830328,83.950023,17.880305,103.119407,85.259721,17.859686,3.439457,0.015844
101.710489,83.815728,17.894761,102.880721,85.069436,17.811284,3.502850,0.016521
101.648282,83.751148,17.897134,102.782724,84.946214,17.836510,3.471820,0.015719
101.594002,83.678798,17.915204,102.717248,84.880908,17.836340,3.455360,0.015762
101.478462,83.511556,17.966905,102.563274,84.657833,17.905441,3.438159,0.016067
101.462970,83.493444,17.969526,102.658855,84.746812,17.912043,3.542765,0.016219
101.385344,83.414666,17.970678,102.428105,84.420872,18.007233,3.537827,0.015485
101.297829,83.285638,18.012191,102.778557,84.812776,17.965781,3.355612,0.016856
101.305451,83.305571,17.999880,102.584340,84.697039,17.887301,3.557430,0.016533
101.197257,83.198385,17.998872,102.265089,84.385241,17.879848,3.610548,0.015215
101.170979,83.215199,17.955779,102.395070,84.448564,17.946506,3.378110,0.016677
101.068914,83.092267,17.976647,102.353549,84.457975,17.895575,3.496007,0.016931
100.988976,83.035341,17.953635,102.591165,84.685915,17.905250,3.468304,0.016190
100.903480,82.977881,17.925599,102.240048,84.299603,17.940445,3.387461,0.017134
100.870438,82.943637,17.926801,102.362783,84.340713,18.022070,3.524329,0.016645
100.810142,82.820818,17.989324,102.206044,84.346401,17.859643,3.362219,0.016832
100.765007,82.818397,17.946609,102.288669,84.352837,17.935831,3.494406,0.015710
100.746570,82.821048,17.925522,102.126196,84.270774,17.855421,3.459657,0.016161
100.620548,82.703466,17.917083,102.080670,84.174326,17.906345,3.283581,0.016735
100.548796,82.600895,17.947900,102.123635,84.173770,17.949865,3.406383,0.017222
100.542207,82.551483,17.990724,102.177374,84.209334,17.968040,3.444953,0.015692
100.470937,82.493762,17.977174,102.053267,84.122335,17.930931,3.579287,0.015531
100.498066,82.526741,17.971326,102.354063,84.362689,17.991374,3.550909,0.016167
100.443507,82.418343,18.025164,102.242922,84.263248,17.979673,3.527700,0.015623
100.330864,82.255324,18.075540,101.851391,83.871148,17.980244,3.417685,0.015335
100.285469,82.217338,18.068132,102.053076,83.931330,18.121745,3.263398,0.017088
100.257385,82.171534,18.085851,101.871301,83.757809,18.113492,3.401767,0.015955
100.126155,82.032656,18.093499,101.687768,83.621376,18.066392,3.428909,0.015917
100.097928,82.018269,18.079659,101.862466,83.866714,17.995751,3.560263,0.015602
100.068396,81.983301,18.085095,101.742566,83.722068,18.020498,3.453301,0.017740
100.011352,81.924126,18.087226,101.718262,83.720882,17.997380,3.467577,0.016642
100.021502,81.908992,18.112510,101.842007,83.833289,18.008717,3.419629,0.016032
99.973669,81.840561,18.133107,101.665185,83.630401,18.034784,3.580464,0.015342
99.861724,81.751049,18.110675,101.505136,83.376142,18.128994,3.382227,0.016844
99.927167,81.767726,18.159441,101.438557,83.417698,18.020859,3.451873,0.016842
99.880401,81.779315,18.101086,101.709785,83.609759,18.100026,3.363084,0.016414
99.792675,81.626997,18.165678,101.621449,83.561175,18.060274,3.334334,0.016572
99.751938,81.624005,18.127933,101.702191,83.579320,18.122872,3.246102,0.017735
99.740180,81.640984,18.099196,101.857062,83.739241,18.117821,3.647752,0.015760
99.730162,81.605902,18.124260,101.636672,83.563477,18.073195,3.500171,0.015401
99.679889,81.534937,18.144952,101.581445,83.573216,18.008228,3.413639,0.016952
99.640175,81.487312,18.152863,101.428958,83.280649,18.148309,3.437267,0.015953
99.617266,81.506637,18.110629,101.519762,83.407697,18.112065,3.373724,0.017151
99.622064,81.460929,18.161135,101.460064,83.238292,18.221772,3.540535,0.016165
99.580384,81.410565,18.169819,101.350321,83.202013,18.148308,3.421576,0.016251
99.602759,81.419597,18.183162,101.300911,83.149407,18.151505,3.538863,0.015682
99.490507,81.356681,18.133827,101.490013,83.346108,18.143905,3.387482,0.015823
99.460166,81.334111,18.126055,101.488995,83.407314,18.081680,3.701383,0.015766
99.451889,81.246838,18.205050,101.355291,83.197213,18.158078,3.492267,0.015626
99.483240,81.309202,18.174037,101.312288,83.167898,18.144389,3.601041,0.015442
99.438786,81.279782,18.159003,101.492084,83.323171,18.168913,3.536763,0.016247
99.380455,81.187127,18.193328,101.366970,83.232789,18.134182,3.489699,0.017838
99.372559,81.201994,18.170564,101.418482,83.189078,18.229404,3.375139,0.016146
99.383632,81.200463,18.183169,101.532357,83.406407,18.125950,3.524360,0.015834
99.314354,81.111115,18.203239,101.410103,83.197981,18.212122,3.551026,0.015905
99.290619,81.129509,18.161110,101.387793,83.243393,18.144400,3.576285,0.016566
99.349718,81.181449,18.168269,101.297516,83.135518,18.161998,3.529181,0.015619
99.302494,81.173943,18.128551,101.386819,83.254208,18.132612,3.498390,0.015823
99.283103,81.075826,18.207277,101.135338,82.964303,18.171035,3.366718,0.016134
99.226823,81.044406,18.182417,101.195398,82.983119,18.212279,3.408968,0.016094
99.247113,81.091128,18.155985,101.404232,83.302028,18.102204,3.490086,0.016134
99.178993,80.999323,18.179670,101.156357,82.972105,18.184251,3.383449,0.015840
99.190875,80.990907,18.199969,101.408820,83.254266,18.154554,3.153036,0.017287
99.113296,80.930504,18.182792,101.343149,83.210849,18.132299,3.588708,0.015181
99.178423,81.001202,18.177221,101.240201,83.128111,18.112090,3.689606,0.015322
99.092681,80.878131,18.214551,101.373486,83.309340,18.064147,3.450578,0.016670
99.045072,80.851605,18.193467,101.147542,83.017457,18.130085,3.491673,0.016254
99.101068,80.958844,18.142224,101.178180,83.097313,18.080867,3.435996,0.016092
99.082272,80.905764,18.176508,101.212757,83.146381,18.066376,3.546919,0.016289
99.000551,80.798362,18.202189,101.191656,82.987474,18.204182,3.464216,0.016516
98.985123,80.739312,18.245811,101.338712,83.214241,18.124471,3.406161,0.017617
99.017342,80.815742,18.201600,101.163484,82.972557,18.190928,3.442236,0.017108
98.992415,80.802857,18.189558,101.220881,83.049235,18.171646,3.529651,0.015581
98.923557,80.736631,18.186926,101.140671,82.977584,18.163087,3.581804,0.016520
98.896775,80.713379,18.183396,101.115179,82.938625,18.176553,3.368499,0.016677
98.955439,80.729237,18.226201,101.186010,83.040821,18.145190,3.523318,0.016212
98.843622,80.661912,18.181711,101.120528,82.961862,18.158666,3.473082,0.016311
98.873250,80.680350,18.192900,101.011673,82.785650,18.226022,3.429050,0.015754
98.868840,80.638145,18.230695,101.002637,82.832174,18.170464,3.469763,0.015476
98.792123,80.562797,18.229326,101.144926,83.016220,18.128705,3.342708,0.016600
98.838376,80.614738,18.223639,101.062966,82.886287,18.176679,3.410910,0.015937
98.817629,80.611582,18.206047,101.149657,82.957238,18.192419,3.412002,0.016383
98.821659,80.596680,18.224979,100.945178,82.714648,18.230530,3.489651,0.016264
98.796644,80.594150,18.202494,101.284162,83.217801,18.066360,3.440269,0.015757
98.801767,80.557065,18.244702,101.227488,82.954166,18.273321,3.483185,0.016010
98.803559,80.564522,18.239037,101.262035,83.066201,18.195833,3.363263,0.016360
98.775406,80.571457,18.203949,101.167029,83.006202,18.160827,3.463826,0.015754
98.710824,80.519009,18.191815,101.014216,82.824110,18.190106,3.334618,0.016418
98.730169,80.532846,18.197324,100.961857,82.775285,18.186572,3.580699,0.016451
98.676904,80.446901,18.230003,101.206706,83.028704,18.178003,3.346987,0.016719
98.706158,80.497616,18.208542,101.059459,82.878587,18.180872,3.356819,0.016128
98.644871,80.453372,18.191499,101.120311,82.927960,18.192350,3.509325,0.015763
98.690536,80.445383,18.245153,101.075884,82.865501,18.210383,3.610779,0.015682
98.648305,80.411695,18.236611,100.950343,82.820338,18.130005,3.591292,0.015725
98.618320,80.406629,18.211691,101.266502,83.062345,18.204157,3.426051,0.015458
98.590488,80.340013,18.250475,101.040318,82.832914,18.207405,3.419983,0.016416
98.589008,80.335896,18.253112,101.000411,82.860807,18.139604,3.497556,0.015732
98.562860,80.317154,18.245706,101.066972,82.870130,18.196842,3.441540,0.015492
98.544702,80.284370,18.260333,101.208288,83.026607,18.181681,3.463470,0.015674
98.607980,80.356026,18.251954,101.014543,82.818475,18.196068,3.461486,0.015120
98.515231,80.294587,18.220644,101.132548,82.959664,18.172884,3.375607,0.016398
98.487027,80.248294,18.238733,101.087463,82.884433,18.203030,3.467849,0.015907
98.524555,80.288225,18.236329,100.974684,82.697520,18.277164,3.390989,0.016284
98.510633,80.256179,18.254453,100.940192,82.697894,18.242298,3.421523,0.018827
