207.804660,202.553874,5.250786,181.467031,173.670435,7.796596,2.706641,0.017747
166.358524,154.044391,12.314133,154.697654,139.598770,15.098882,2.540449,0.029294
150.343089,134.033768,16.309321,144.765103,127.004249,17.760854,2.628799,0.031340
142.747997,124.332913,18.415083,139.337677,120.312662,19.025015,2.644058,0.033719
138.009640,118.494764,19.514876,135.201969,115.234218,19.967751,2.685843,0.035017
134.502744,114.240967,20.261776,132.160509,111.585081,20.575428,2.739694,0.036739
131.956833,111.112231,20.844603,129.859174,108.763626,21.095547,2.817269,0.035325
130.029720,108.873919,21.155801,128.417385,107.127050,21.290335,2.921865,0.037235
128.374931,106.975660,21.399271,126.975873,105.376708,21.599166,3.002765,0.033737
126.905836,105.290882,21.614954,125.517326,103.786089,21.731237,2.915305,0.037552
125.877894,104.109309,21.768585,124.689200,102.765538,21.923661,2.888930,0.038869
124.817011,102.931521,21.885490,123.865386,101.965322,21.900065,2.822953,0.039711
123.838683,101.836635,22.002047,122.934535,100.932608,22.001928,3.050637,0.037136
123.179623,101.138393,22.041229,122.103223,100.041230,22.061994,3.144336,0.034154
122.436416,100.340425,22.095991,121.416433,99.280469,22.135964,3.032160,0.036004
121.801411,99.623431,22.177980,121.046337,98.799843,22.246494,3.062129,0.035341
121.198287,98.946989,22.251299,120.453032,98.164062,22.288970,3.077698,0.035034
120.651811,98.411477,22.240334,120.076423,97.778515,22.297908,3.002161,0.037351
120.078955,97.796599,22.282356,119.657655,97.302928,22.354728,2.951337,0.037293
119.712754,97.362580,22.350174,119.337725,96.953788,22.383937,3.127736,0.036118
119.347409,96.968340,22.379069,119.102682,96.739654,22.363028,2.908760,0.039402
118.827103,96.481523,22.345580,118.448387,96.106400,22.341987,3.051845,0.039172
118.568449,96.155729,22.412720,118.114855,95.622202,22.492653,2.944474,0.038069
118.150085,95.734571,22.415514,117.666732,95.247289,22.419443,2.953616,0.038758
117.829493,95.364322,22.465171,117.543502,95.055663,22.487839,3.176455,0.034170
117.464931,95.009329,22.455602,117.288419,94.870542,22.417876,3.149378,0.037032
117.140563,94.693439,22.447125,116.882587,94.483907,22.398680,2.963019,0.040655
116.876324,94.433505,22.442819,116.528006,94.055627,22.472379,3.111509,0.036391
116.575315,94.097409,22.477906,116.203064,93.674987,22.528077,3.112264,0.035589
116.263818,93.766210,22.497608,116.163822,93.755630,22.408191,3.088553,0.037516
116.020386,93.495451,22.524935,116.013697,93.515583,22.498115,3.162707,0.036069
115.833572,93.334981,22.498591,115.676862,93.159502,22.517360,3.127441,0.039633
115.586781,93.068689,22.518092,115.531176,92.996381,22.534796,3.241925,0.036510
115.317909,92.787337,22.530572,115.351943,92.801050,22.550894,3.172037,0.035801
115.064713,92.553388,22.511325,115.316288,92.818655,22.497633,3.032567,0.037003
114.860507,92.353686,22.506822,114.840443,92.352167,22.488277,3.206710,0.035846
114.657281,92.084100,22.573180,114.753161,92.280917,22.472244,3.117792,0.037824
114.439726,91.898846,22.540881,114.607718,92.057182,22.550536,3.253823,0.036756
114.225913,91.709649,22.516264,114.629782,92.184903,22.444879,3.164824,0.036386
114.057816,91.555692,22.502124,114.460339,91.927234,22.533104,3.132900,0.039357
113.867011,91.343628,22.523383,114.008536,91.463356,22.545180,3.053110,0.037803
113.618919,91.034785,22.584135,113.986493,91.512680,22.473814,3.296844,0.035029
113.595115,91.046431,22.548684,113.666769,91.109363,22.557406,3.206738,0.034338
113.309072,90.722404,22.586669,113.701945,91.156063,22.545882,3.018216,0.040148
113.205899,90.635182,22.570718,113.458532,90.972786,22.485746,3.293859,0.036548
113.009151,90.419084,22.590067,113.290883,90.859589,22.431294,3.185956,0.034049
112.916208,90.342757,22.573452,113.188661,90.673176,22.515485,3.199560,0.036572
112.659231,90.115613,22.543618,113.037278,90.470825,22.566452,3.206112,0.035041
112.538115,89.947966,22.590149,112.877851,90.251334,22.626517,3.317485,0.033851
112.368987,89.824614,22.544373,113.005735,90.556584,22.449151,3.350252,0.035319
112.219558,89.667375,22.552183,112.595595,90.075211,22.520384,3.118550,0.037967
112.113288,89.574071,22.539218,112.771496,90.220803,22.550693,3.124277,0.038934
112.035471,89.461371,22.574100,112.648088,90.104213,22.543875,3.178638,0.037826
111.860513,89.273122,22.587391,112.322472,89.720393,22.602079,3.123245,0.037893
111.678996,89.119379,22.559617,112.229492,89.797816,22.431677,3.431276,0.032944
111.551449,89.058450,22.493000,112.212669,89.710664,22.502005,3.206525,0.034912
111.454511,88.907614,22.546897,112.239653,89.736999,22.502654,3.403233,0.032437
111.322249,88.763832,22.558416,111.849378,89.342364,22.507014,3.205980,0.034603
111.203930,88.632991,22.570939,111.918028,89.350224,22.567804,3.205098,0.033197
111.090631,88.504618,22.586013,111.780030,89.155294,22.624735,3.293077,0.033711
110.981986,88.422928,22.559057,111.575200,89.008249,22.566951,3.313579,0.035141
110.857334,88.286668,22.570666,111.572453,89.015666,22.556787,3.298259,0.035410
110.711021,88.153973,22.557049,111.454867,88.934212,22.520655,3.233879,0.035982
110.661027,88.072150,22.588877,111.617537,89.051924,22.565614,3.147056,0.036760
110.552091,87.961196,22.590895,111.278772,88.711545,22.567226,3.427116,0.031364
110.409736,87.883833,22.525904,111.149779,88.667561,22.482219,3.337745,0.034291
110.327488,87.737988,22.589500,111.122943,88.609551,22.513392,3.116771,0.036192
110.238700,87.685367,22.553333,110.771610,88.376055,22.395556,3.416573,0.033520
110.103951,87.617354,22.486597,110.973758,88.479586,22.494172,3.218036,0.035187
110.063066,87.513319,22.549747,110.959747,88.414519,22.545229,3.288591,0.034645
109.901349,87.385507,22.515842,110.749638,88.354286,22.395352,3.216827,0.037434
109.803394,87.285316,22.518078,110.817141,88.322175,22.494966,3.359570,0.034702
109.716463,87.213070,22.503393,110.569318,88.207367,22.361952,3.266831,0.034553
109.593482,87.065340,22.528142,110.521090,88.076232,22.444858,3.352647,0.036899
109.490112,86.999214,22.490898,110.139614,87.758353,22.381261,3.277285,0.038961
109.454354,86.927448,22.526906,110.196965,87.769515,22.427450,3.380521,0.034056
109.332583,86.802655,22.529928,110.353654,87.919736,22.433918,3.307369,0.034373
109.214627,86.713574,22.501054,109.881663,87.539228,22.342436,3.474975,0.033347
109.129373,86.647463,22.481910,109.990301,87.542678,22.447623,3.146748,0.035077
109.084974,86.614754,22.470220,109.872704,87.395902,22.476802,3.259590,0.033701
108.991506,86.454958,22.536549,110.175616,87.678261,22.497355,3.207693,0.035389
108.900321,86.397703,22.502619,109.800123,87.399107,22.401016,3.123802,0.035506
108.819961,86.285807,22.534154,109.913225,87.484575,22.428650,3.312758,0.033474
108.687432,86.187565,22.499867,109.850287,87.377242,22.473045,3.276598,0.034542
108.609459,86.079765,22.529694,109.578029,87.179750,22.398279,3.370825,0.035916
108.567813,86.074150,22.493664,109.701177,87.268664,22.432514,3.306786,0.034082
108.487899,85.997336,22.490563,109.490712,87.094509,22.396204,3.288298,0.032616
108.366659,85.864948,22.501711,109.389048,86.936545,22.452503,3.328675,0.036182
108.309792,85.799618,22.510174,109.511002,87.065412,22.445590,3.187117,0.034949
108.210789,85.742045,22.468744,109.155139,86.850651,22.304487,3.271808,0.033625
108.116423,85.641885,22.474537,109.249891,86.894333,22.355558,3.390520,0.030991
108.006222,85.576976,22.429246,109.132191,86.739225,22.392966,3.469129,0.032964
108.044340,85.556522,22.487819,109.116140,86.772436,22.343704,3.455322,0.030883
107.859153,85.390000,22.469153,109.227311,86.830410,22.396901,3.152744,0.038101
107.782473,85.352776,22.429696,108.790467,86.471049,22.319418,3.269890,0.035346
107.769529,85.338765,22.430764,108.896899,86.567895,22.329004,3.416945,0.032481
107.693348,85.257661,22.435687,108.949771,86.591346,22.358425,3.405050,0.033956
107.702192,85.227083,22.475109,108.975327,86.598796,22.376531,3.337093,0.032499
107.583861,85.151842,22.432019,108.971026,86.594960,22.376066,3.258869,0.033855
107.492155,85.030422,22.461733,108.823801,86.412685,22.411116,3.256774,0.034198
107.357897,84.936242,22.421655,108.815075,86.495425,22.319650,3.229058,0.033119
107.375077,84.936106,22.438970,108.771438,86.447015,22.324423,3.353328,0.032622
107.334421,84.950609,22.383812,108.633275,86.391611,22.241664,3.236743,0.033017
107.257963,84.821990,22.435974,108.652853,86.369724,22.283129,3.416440,0.031715
107.210289,84.777818,22.432471,108.455484,86.126942,22.328542,3.198011,0.031797
107.128796,84.679703,22.449094,108.493441,86.178757,22.314684,3.170327,0.035317
107.005020,84.621505,22.383515,108.415468,86.138347,22.277121,3.313052,0.033658
107.018255,84.596310,22.421946,108.405328,86.087804,22.317524,3.285533,0.033813
106.876631,84.498041,22.378589,108.739527,86.400000,22.339527,3.222227,0.034241
106.885344,84.481472,22.403871,108.175827,85.943275,22.232552,3.535538,0.031394
106.839135,84.459987,22.379149,108.205640,85.937929,22.267710,3.254822,0.032838
106.759868,84.359285,22.400583,108.030193,85.679819,22.350373,3.384840,0.032210
106.632999,84.249686,22.383313,108.078752,85.811524,22.267229,3.441513,0.031801
106.625801,84.262685,22.363116,107.985410,85.674574,22.310837,3.300654,0.037128
106.558167,84.170575,22.387593,108.080351,85.735222,22.345129,3.184102,0.035595
106.516081,84.143083,22.372998,107.850492,85.536916,22.313577,3.206338,0.036507
106.410715,84.064590,22.346125,107.946532,85.774386,22.172146,3.242576,0.036825
106.393485,84.038358,22.355127,107.883231,85.693811,22.189420,3.271196,0.034699
106.394985,84.002218,22.392767,107.840665,85.586190,22.254475,3.248507,0.034309
106.254191,83.885096,22.369095,107.679780,85.489108,22.190672,3.249854,0.034661
106.247019,83.893467,22.353552,107.572808,85.318237,22.254571,3.351340,0.031633
106.108714,83.744713,22.364002,107.512314,85.178427,22.333887,3.225333,0.033105
106.123449,83.741338,22.382111,107.613973,85.294932,22.319041,3.317581,0.033056
106.059782,83.716351,22.343431,107.446976,85.172879,22.274097,3.289883,0.032900
105.998085,83.585247,22.412838,107.541609,85.239311,22.302298,3.214547,0.033413
105.918360,83.565758,22.352602,107.285065,85.094702,22.190362,3.310883,0.032271
105.853593,83.483636,22.369957,107.422672,85.233335,22.189336,3.258635,0.034995
105.789251,83.425887,22.363364,107.316424,85.058885,22.257539,3.208186,0.034091
105.773903,83.445609,22.328294,107.112912,84.895920,22.216993,3.393202,0.033034
105.694869,83.331711,22.363158,107.103655,84.838522,22.265133,3.223257,0.032380
105.597837,83.255417,22.342420,107.237805,85.026515,22.211290,3.326033,0.032724
105.568023,83.262182,22.305841,106.972628,84.679565,22.293063,3.521017,0.029901
105.508669,83.178907,22.329762,107.222157,85.101155,22.121002,3.234160,0.032857
105.439226,83.132470,22.306756,107.042429,84.895885,22.146544,3.360253,0.032394
105.352077,83.068583,22.283495,107.176967,84.964438,22.212530,3.402133,0.031334
105.321061,83.040076,22.280985,107.219392,84.995920,22.223472,3.095478,0.036174
105.275375,82.953939,22.321436,106.950389,84.679027,22.271362,3.232143,0.033365
105.284683,82.936780,22.347903,106.930226,84.670517,22.259709,3.506006,0.032731
105.198961,82.872042,22.326919,106.956291,84.781736,22.174554,3.349353,0.033280
105.154654,82.874178,22.280476,106.795243,84.525801,22.269441,3.232912,0.035838
105.088934,82.762538,22.326396,106.701309,84.486731,22.214578,3.257241,0.034384
105.024186,82.715984,22.308202,106.642573,84.567820,22.074754,3.300059,0.034088
104.952017,82.676407,22.275610,106.494936,84.278669,22.216268,3.437959,0.034927
104.881069,82.570735,22.310334,106.551681,84.311368,22.240313,3.328848,0.031952
104.909100,82.567539,22.341561,106.462717,84.264614,22.198103,3.376457,0.031558
104.807146,82.512438,22.294708,106.498594,84.335305,22.163289,3.457089,0.032187
104.818044,82.530600,22.287444,106.351652,84.092977,22.258675,3.392610,0.032126
104.724598,82.410258,22.314341,106.493448,84.282929,22.210519,3.466792,0.032639
104.703824,82.407037,22.296787,106.173354,84.009410,22.163945,3.331077,0.033484
104.632516,82.321457,22.311059,106.454837,84.285218,22.169620,3.467174,0.030306
104.547475,82.242304,22.305171,106.268183,84.079022,22.189161,3.424896,0.033460
104.597268,82.305055,22.292213,106.349338,84.160002,22.189336,3.107412,0.034236
104.598207,82.276030,22.322178,106.059359,83.829788,22.229571,3.424530,0.029936
104.487052,82.176384,22.310667,106.166896,83.987799,22.179097,3.337771,0.030152
104.430708,82.090386,22.340323,106.218236,84.031377,22.186859,3.383513,0.030863
104.428719,82.128138,22.300582,105.987951,83.868245,22.119707,3.154891,0.034917
104.384331,82.038571,22.345760,105.969319,83.704349,22.264970,3.445853,0.029969
104.285788,82.006882,22.278906,106.063487,83.827838,22.235650,3.329215,0.034343
104.245344,81.986451,22.258893,105.841390,83.647886,22.193504,3.358628,0.033121
104.248340,81.972144,22.276196,105.894003,83.713548,22.180455,3.379370,0.031679
