202.276398,199.609265,2.667133,185.237051,180.434655,4.802397,4.080959,0.010170
170.288441,161.958836,8.329605,160.248683,150.039057,10.209626,3.901860,0.012928
153.447189,142.043673,11.403516,147.089825,134.956834,12.132992,3.740972,0.014822
145.039122,132.642242,12.396880,141.834130,129.224230,12.609900,3.992216,0.014247
139.762585,126.492744,13.269841,136.510871,122.820900,13.689972,3.884905,0.015112
135.506388,121.276992,14.229396,132.939064,118.465194,14.473870,3.909174,0.014711
132.453411,117.609586,14.843825,130.575370,115.533503,15.041867,3.909363,0.015864
130.090782,114.834318,15.256464,128.128356,112.679006,15.449350,3.967494,0.015805
128.093875,112.476677,15.617199,126.946775,111.144704,15.802070,3.980441,0.015355
126.498712,110.599129,15.899583,124.904079,108.947381,15.956698,4.021459,0.015729
125.081006,108.960087,16.120919,123.858963,107.685360,16.173602,4.076910,0.015067
123.804369,107.506689,16.297679,122.456050,106.109212,16.346838,4.011432,0.015781
122.601466,106.190777,16.410689,121.336470,104.880884,16.455586,4.075463,0.014769
121.495634,104.985931,16.509703,120.370412,103.810021,16.560391,3.959216,0.015707
120.586929,103.931204,16.655725,119.519589,103.010691,16.508898,4.243345,0.014981
119.742439,103.061191,16.681248,118.825844,102.016448,16.809395,4.049842,0.015604
118.856655,102.069691,16.786965,117.924958,101.184233,16.740725,4.073213,0.015051
117.971021,101.075167,16.895854,117.216474,100.306260,16.910214,4.175493,0.015119
117.372120,100.377719,16.994402,116.398193,99.439286,16.958907,3.958254,0.015687
116.591378,99.523754,17.067624,116.348794,99.330024,17.018769,3.906114,0.015532
115.958814,98.888045,17.070769,115.477096,98.568299,16.908797,4.084862,0.016205
115.378340,98.255440,17.122900,115.208616,98.047900,17.160716,3.767046,0.015813
114.765488,97.590038,17.175449,114.628645,97.570396,17.058249,3.955644,0.015814
114.236077,97.006158,17.229919,114.182185,96.853025,17.329161,3.863075,0.016236
113.708886,96.413069,17.295817,113.362567,96.239276,17.123292,4.052608,0.015903
113.131721,95.838891,17.292830,112.735292,95.465612,17.269680,4.074055,0.015611
112.720958,95.364992,17.355966,112.546987,95.204456,17.342531,3.919008,0.016133
112.250279,94.864319,17.385960,112.296237,94.882435,17.413802,3.936587,0.015967
111.749935,94.314028,17.435907,111.911755,94.451229,17.460527,3.778502,0.016755
111.338865,93.818300,17.520565,111.105209,93.743913,17.361296,4.019644,0.015368
110.987708,93.493806,17.493902,110.837220,93.370097,17.467124,3.822094,0.016412
110.711834,93.180964,17.530870,110.666740,93.175686,17.491053,4.020578,0.015131
110.355076,92.767759,17.587317,110.005357,92.468122,17.537235,4.129240,0.014777
109.945542,92.291101,17.654440,110.010422,92.402080,17.608343,3.867341,0.015123
109.630532,92.001541,17.628991,109.847372,92.244842,17.602530,4.014570,0.014953
109.405207,91.725385,17.679822,109.500516,91.840570,17.659945,3.850328,0.015166
109.092661,91.427898,17.664763,109.325797,91.794088,17.531709,3.851545,0.015988
108.865302,91.192228,17.673074,109.089806,91.437128,17.652678,3.861652,0.015507
108.594275,90.904945,17.689330,109.069227,91.520541,17.548687,4.013576,0.015410
108.398558,90.718397,17.680161,108.592827,90.869187,17.723640,4.028632,0.015138
108.079719,90.365277,17.714442,108.745905,91.098938,17.646966,3.986722,0.015317
107.922871,90.243134,17.679737,108.316704,90.652103,17.664603,3.986831,0.014922
107.661876,89.990356,17.671520,108.277269,90.667485,17.609784,4.037669,0.014328
107.497191,89.802066,17.695125,108.147128,90.541196,17.605932,4.001845,0.016043
107.338080,89.583619,17.754460,107.725196,90.050653,17.674544,4.066328,0.014160
107.141780,89.445053,17.696727,107.572993,89.992757,17.580235,3.908782,0.014771
106.958955,89.235321,17.723634,107.516724,89.804818,17.711905,3.817176,0.015898
106.849271,89.077440,17.771832,107.765051,90.099376,17.665674,4.068885,0.014695
106.669565,88.898743,17.770822,107.317750,89.688991,17.628758,3.952451,0.015256
106.624128,88.790655,17.833473,107.359856,89.570859,17.788997,4.044862,0.015694
106.367263,88.591966,17.775297,107.202500,89.437647,17.764853,4.089747,0.013945
106.259242,88.438567,17.820676,107.074862,89.310213,17.764649,3.841587,0.015411
106.130486,88.306391,17.824095,106.926517,89.209676,17.716841,4.025754,0.015121
105.985637,88.153861,17.831776,106.836324,89.086635,17.749690,4.013309,0.014877
105.853385,88.016306,17.837079,106.821066,88.999399,17.821667,3.720420,0.015811
105.727659,87.922395,17.805264,106.660967,88.953543,17.707425,3.893928,0.015260
105.629170,87.805238,17.823933,106.537974,88.864219,17.673755,4.078340,0.014443
105.532968,87.686563,17.846406,106.649571,88.799631,17.849940,3.881028,0.014374
105.351148,87.471812,17.879336,106.295245,88.543275,17.751970,3.870946,0.015523
105.313903,87.443637,17.870266,106.313970,88.461113,17.852857,4.025554,0.015218
105.233787,87.332285,17.901502,106.162914,88.280147,17.882767,4.133100,0.014038
105.231807,87.301730,17.930077,106.080791,88.165322,17.915468,4.011348,0.014112
105.036499,87.118551,17.917948,106.111363,88.283326,17.828037,4.030491,0.015414
104.950767,86.990096,17.960671,105.995588,88.145429,17.850159,3.895182,0.014441
104.748074,86.789445,17.958629,105.756460,87.928547,17.827913,3.906546,0.014678
104.732816,86.794608,17.938208,105.755043,87.935936,17.819107,3.927476,0.014703
104.685388,86.730695,17.954693,106.172332,88.270253,17.902079,3.879369,0.015306
104.581560,86.588818,17.992743,105.694773,87.839745,17.855028,4.052868,0.014436
104.503326,86.525833,17.977493,105.829969,87.873992,17.955977,3.872693,0.015638
104.423418,86.371753,18.051665,105.654826,87.617084,18.037743,3.984189,0.014017
104.359849,86.346899,18.012950,105.778716,87.933478,17.845238,3.966928,0.015142
104.310355,86.287809,18.022546,105.612832,87.640860,17.971973,4.041505,0.014786
104.216301,86.223076,17.993225,105.845848,87.959001,17.886847,3.761000,0.016555
104.208527,86.209363,17.999164,105.799189,87.801800,17.997388,3.891385,0.015924
104.138639,86.100652,18.037987,105.450916,87.481852,17.969063,4.012713,0.015602
104.041515,85.983339,18.058176,105.466268,87.476339,17.989929,3.913753,0.015845
104.012257,85.916404,18.095853,105.149564,87.094857,18.054708,4.010040,0.013508
103.874391,85.816262,18.058129,105.345598,87.296661,18.048936,4.082613,0.014783
103.882241,85.763724,18.118517,105.359021,87.363479,17.995542,4.097129,0.013922
103.791113,85.715262,18.075851,105.130866,87.154537,17.976328,3.981877,0.014483
103.718226,85.631275,18.086951,105.135656,87.147073,17.988583,4.277999,0.013366
103.700917,85.625353,18.075564,105.227925,87.206066,18.021859,3.949874,0.015543
103.671584,85.524727,18.146857,105.039337,87.076771,17.962566,4.140788,0.014081
103.516892,85.399579,18.117313,104.998267,86.928292,18.069975,4.094243,0.014349
103.485618,85.391840,18.093778,105.141724,87.271826,17.869897,3.868382,0.016555
103.431036,85.321449,18.109587,104.739897,86.584674,18.155223,4.016147,0.015001
103.376552,85.229637,18.146915,104.828825,86.848270,17.980554,4.233521,0.013529
103.365508,85.239572,18.125936,104.814388,86.715793,18.098595,4.048155,0.014389
103.342755,85.197963,18.144792,104.910286,86.877063,18.033223,4.005195,0.015274
103.309949,85.171364,18.138585,104.742787,86.747819,17.994968,4.067051,0.014076
103.236355,85.050217,18.186139,104.765150,86.566097,18.199053,4.124239,0.013858
103.164262,84.979970,18.184292,104.594695,86.401394,18.193301,3.967961,0.015066
103.086837,84.892628,18.194210,104.569268,86.522891,18.046377,3.973622,0.015013
103.125163,84.929804,18.195360,104.552913,86.387295,18.165618,3.931983,0.015820
103.105713,84.883947,18.221766,104.669283,86.560408,18.108876,3.928718,0.015251
102.924364,84.756083,18.168281,104.573644,86.500982,18.072662,4.080427,0.014595
102.985591,84.742014,18.243577,104.577376,86.418443,18.158934,3.951107,0.014962
102.932053,84.684505,18.247549,104.576850,86.481194,18.095657,4.131274,0.013982
102.860094,84.624404,18.235690,104.533709,86.323777,18.209933,4.097389,0.013976
102.820117,84.540539,18.279578,104.458697,86.298205,18.160492,3.967503,0.015555
102.839810,84.577120,18.262690,104.417115,86.213479,18.203636,4.027157,0.014870
102.776009,84.482287,18.293722,104.271281,86.169095,18.102187,3.978252,0.014876
102.736596,84.467041,18.269555,104.322964,86.211543,18.111420,4.210640,0.014167
102.667808,84.406623,18.261185,104.179712,85.953517,18.226194,4.052316,0.014191
102.637611,84.347011,18.290599,104.223629,86.001538,18.222091,4.032220,0.013956
102.562129,84.258241,18.303889,104.346238,86.159469,18.186769,3.898777,0.014561
102.607356,84.288254,18.319102,104.368900,86.063477,18.305422,3.904222,0.015372
102.625617,84.295252,18.330365,104.469519,86.215372,18.254147,3.952724,0.014082
102.483769,84.183860,18.299909,104.258708,86.055016,18.203692,4.067005,0.015425
102.469495,84.148141,18.321353,104.319681,86.063968,18.255713,4.234008,0.014158
102.444538,84.127790,18.316748,104.461317,86.241868,18.219449,3.954409,0.014550
102.445629,84.117088,18.328540,104.212171,85.947985,18.264185,3.778483,0.016084
102.422198,84.045347,18.376850,104.273988,86.062289,18.211699,3.858334,0.015784
102.330279,84.007793,18.322486,104.176899,85.952833,18.224066,3.905582,0.015605
102.311652,83.994514,18.317138,104.075470,85.796059,18.279410,4.091518,0.013504
102.279528,83.949296,18.330233,104.050594,85.858776,18.191818,4.227437,0.014114
102.267662,83.956075,18.311587,104.046542,85.790467,18.256074,4.220649,0.013672
102.224758,83.872939,18.351819,104.174810,85.884449,18.290362,3.999323,0.014205
102.300565,83.909147,18.391418,104.116186,85.775260,18.340925,4.017461,0.015308
102.238179,83.833663,18.404516,103.941298,85.633736,18.307562,4.126644,0.013376
102.157773,83.791793,18.365980,104.175994,85.896925,18.279069,4.022197,0.014919
102.154999,83.801519,18.353480,104.042822,85.803931,18.238891,3.979873,0.015030
102.105862,83.777118,18.328745,104.065564,85.857256,18.208308,4.033660,0.014576
102.143038,83.797320,18.345718,104.132120,85.769883,18.362237,4.195536,0.013601
102.088469,83.712215,18.376255,103.957712,85.691844,18.265868,3.952374,0.015310
102.101886,83.750087,18.351799,104.271428,85.963757,18.307671,3.817410,0.015145
102.044981,83.678754,18.366227,104.145913,85.923331,18.222582,4.057788,0.014298
102.057463,83.693107,18.364356,103.978625,85.580875,18.397750,3.879062,0.014671
102.064999,83.692049,18.372949,103.968687,85.659060,18.309626,4.037513,0.014467
102.012833,83.665188,18.347646,104.105183,85.888670,18.216513,3.954405,0.014976
101.991427,83.617162,18.374265,103.785108,85.390015,18.395093,4.054921,0.014433
101.989795,83.600552,18.389242,103.794855,85.381221,18.413635,4.052651,0.014430
101.839241,83.473987,18.365255,103.954762,85.722212,18.232550,4.035100,0.015091
101.834309,83.461607,18.372702,103.881872,85.626955,18.254917,4.228484,0.014189
101.894195,83.565526,18.328668,104.026117,85.779010,18.247107,3.977815,0.014026
102.025928,83.650512,18.375416,104.074219,85.765148,18.309070,3.842601,0.016162
101.883697,83.507868,18.375829,104.209289,85.971305,18.237985,3.863580,0.015793
101.872678,83.495208,18.377470,104.086656,85.827618,18.259038,4.078947,0.014320
101.868964,83.495336,18.373628,103.847293,85.622602,18.224692,3.864482,0.015364
101.826718,83.483723,18.342995,103.840308,85.613920,18.226388,4.181804,0.014474
101.821859,83.459855,18.362003,104.035554,85.750177,18.285377,3.916117,0.014220
101.808917,83.433807,18.375110,103.862089,85.527221,18.334868,4.134714,0.013274
101.884680,83.452129,18.432552,103.962441,85.633793,18.328648,4.081265,0.013469
101.743637,83.358446,18.385191,103.716728,85.444308,18.272421,3.949046,0.015317
101.750845,83.361953,18.388891,103.728816,85.491345,18.237470,4.017125,0.015868
101.710178,83.346417,18.363762,103.609695,85.290712,18.318982,4.019402,0.014223
101.646409,83.279222,18.367187,103.945027,85.609943,18.335085,3.951047,0.014780
101.682631,83.285362,18.397269,103.766200,85.435103,18.331097,3.867089,0.015323
101.723188,83.339406,18.383782,103.804061,85.540553,18.263508,3.924537,0.014823
101.678315,83.293969,18.384346,103.805991,85.529300,18.276691,4.069246,0.015038
101.664266,83.299405,18.364861,103.966803,85.722246,18.244556,4.012126,0.015468
101.682457,83.281780,18.400677,103.805269,85.487547,18.317724,3.957413,0.014718
101.665082,83.234410,18.430672,103.944588,85.579756,18.364832,3.964277,0.015223
101.716314,83.266642,18.449672,103.946623,85.603845,18.342778,3.946439,0.014223
101.616927,83.206902,18.410025,103.813905,85.459680,18.354225,3.877568,0.015088
101.648338,83.228213,18.420124,103.733401,85.359905,18.373495,3.840459,0.016764
101.575458,83.199609,18.375849,103.583468,85.294525,18.288942,4.163821,0.014216
101.578687,83.202512,18.376175,103.748553,85.521850,18.226703,4.009030,0.014978
101.539779,83.166417,18.373362,103.951295,85.693999,18.257296,4.170767,0.014439
101.659749,83.248849,18.410900,103.934877,85.486705,18.448172,4.048943,0.014784
