197.380515,194.332863,3.047652,173.713894,167.423083,6.290811,3.752549,0.015331
159.095053,149.574054,9.520999,148.406268,136.841019,11.565249,3.428861,0.018449
145.360354,132.861816,12.498537,141.444211,127.995917,13.448294,3.216481,0.017896
139.375848,125.246232,14.129617,136.118446,121.218157,14.900289,3.241889,0.017864
135.130692,119.703223,15.427469,132.744698,116.762300,15.982398,3.252123,0.017533
132.209147,115.990088,16.219059,130.304807,113.647177,16.657629,3.202037,0.019292
129.993092,113.128485,16.864607,128.870657,111.724346,17.146310,3.241511,0.017790
128.549925,111.110738,17.439187,127.092544,109.251511,17.841033,3.318371,0.017226
126.824190,108.892935,17.931255,125.760415,107.417670,18.342745,3.430208,0.016251
125.647933,107.278291,18.369641,125.144696,106.603495,18.541202,3.271666,0.016606
124.694739,105.937362,18.757377,123.100273,104.163377,18.936896,3.436880,0.015600
123.538599,104.614137,18.924461,123.156136,104.019532,19.136604,3.237706,0.016805
122.901820,103.743454,19.158366,121.907676,102.556189,19.351488,3.274867,0.015590
122.019516,102.598844,19.420671,121.520767,101.911126,19.609641,3.400375,0.015387
121.547545,101.884568,19.662977,121.832918,102.200499,19.632419,3.447141,0.015133
120.773820,100.901553,19.872267,120.397752,100.419549,19.978203,3.292225,0.017055
120.456576,100.495015,19.961561,119.740284,99.646086,20.094197,3.106772,0.016767
119.931090,99.778740,20.152350,119.966842,99.758211,20.208630,3.681152,0.014736
119.670715,99.352545,20.318170,119.540185,99.139552,20.400632,3.403468,0.015144
119.168035,98.706536,20.461499,119.511951,98.916138,20.595814,3.386497,0.014312
118.863063,98.213500,20.649563,119.110763,98.375416,20.735347,3.291437,0.015289
118.303562,97.658835,20.644727,118.525620,97.901190,20.624430,3.446234,0.014490
118.494220,97.740792,20.753428,118.545229,97.591917,20.953312,3.648161,0.013259
118.037295,97.127478,20.909817,118.241742,97.168520,21.073223,3.521973,0.012687
117.660697,96.573183,21.087514,118.299159,97.216783,21.082376,3.438939,0.013332
117.417704,96.279780,21.137924,118.424571,97.357337,21.067235,3.426816,0.013986
117.283062,96.028051,21.255011,117.623641,96.231816,21.391824,3.434203,0.015399
117.259106,96.003845,21.255261,117.565831,96.438826,21.127005,3.455606,0.013279
116.809498,95.511634,21.297864,117.088352,95.797502,21.290850,3.419375,0.013912
116.665535,95.267938,21.397597,117.215975,95.904566,21.311409,3.365782,0.012903
116.566937,95.039458,21.527480,116.646849,95.272426,21.374424,3.599953,0.013791
116.495190,94.948678,21.546512,116.714552,95.087721,21.626831,3.339777,0.013096
116.106135,94.535632,21.570504,116.050108,94.550834,21.499275,3.542439,0.012991
115.675415,94.044386,21.631029,116.166939,94.681735,21.485204,3.220888,0.013243
115.655804,93.966406,21.689398,115.964493,94.277832,21.686661,3.913032,0.011612
115.490466,93.788346,21.702120,115.990137,94.368242,21.621895,3.570609,0.012537
115.522704,93.760114,21.762590,118.175196,96.485926,21.689271,3.642913,0.014351
115.573874,93.747571,21.826303,116.172335,94.458858,21.713476,3.812541,0.011880
115.311178,93.496445,21.814733,116.212798,94.192785,22.020013,3.461606,0.011786
115.094178,93.195343,21.898835,116.237844,94.475928,21.761917,3.606785,0.012511
115.135447,93.164540,21.970907,116.065253,93.984602,22.080651,3.581398,0.012232
114.791249,92.884794,21.906455,116.175194,94.310892,21.864303,3.718638,0.011360
114.689753,92.681377,22.008376,115.616150,93.793882,21.822267,3.842187,0.012468
114.717870,92.760040,21.957830,115.657540,93.781282,21.876259,3.529354,0.013145
114.640121,92.632926,22.007195,115.488156,93.383428,22.104727,3.625795,0.012635
114.292745,92.230279,22.062466,115.295661,93.151070,22.144591,3.562392,0.011731
114.291802,92.181814,22.109988,115.484205,93.411431,22.072775,3.650759,0.010912
114.188904,92.039641,22.149263,115.599274,93.485484,22.113790,3.527675,0.011569
114.263215,92.111622,22.151593,114.871642,92.813289,22.058353,3.835103,0.011674
114.392273,92.184091,22.208182,116.190458,93.994623,22.195834,3.657560,0.011764
114.394289,92.098699,22.295590,115.286222,92.944101,22.342121,3.763564,0.010957
114.343513,92.144009,22.199504,116.027403,93.980744,22.046659,3.628241,0.011040
114.414328,92.189469,22.224858,115.112862,92.846229,22.266633,3.827884,0.011314
114.047958,91.766996,22.280963,115.419038,93.040427,22.378610,3.459955,0.011932
114.149036,91.819823,22.329213,116.336084,94.067218,22.268866,3.603991,0.011823
113.907226,91.591806,22.315420,114.944378,92.628963,22.315415,3.667138,0.010634
113.574300,91.240576,22.333724,114.583901,92.289894,22.294007,3.526110,0.011442
113.478614,91.140432,22.338182,115.223897,92.999796,22.224101,3.523789,0.010996
113.470474,91.136614,22.333860,114.698264,92.349054,22.349210,3.612328,0.010574
113.455760,91.038046,22.417714,114.724314,92.584388,22.139926,4.135386,0.008982
113.448463,91.102837,22.345626,114.936591,92.615707,22.320884,3.939793,0.010720
113.154366,90.758578,22.395789,114.189305,91.761147,22.428158,4.051393,0.009662
113.122500,90.720666,22.401835,114.711335,92.364068,22.347267,3.419707,0.010864
113.066063,90.646012,22.420051,114.846814,92.463656,22.383158,3.390532,0.010403
113.421937,91.032392,22.389546,114.328622,91.966755,22.361867,3.743080,0.008760
113.147820,90.717490,22.430330,115.188295,92.465911,22.722384,3.870806,0.010522
113.308915,90.799260,22.509655,114.583615,92.108711,22.474904,3.680508,0.010353
113.072847,90.609557,22.463290,115.196730,92.689679,22.507050,3.775865,0.009849
113.302891,90.812915,22.489977,114.439607,92.051901,22.387705,3.670707,0.010421
112.963235,90.560292,22.402943,114.291298,91.746538,22.544760,3.586545,0.009607
112.882736,90.358246,22.524490,114.983581,92.521873,22.461708,3.481415,0.010383
113.169992,90.688294,22.481698,114.408066,91.976918,22.431148,3.638897,0.009944
113.167679,90.602695,22.564984,114.427834,91.915419,22.512415,3.667099,0.010354
113.013211,90.406089,22.607122,114.565155,92.038795,22.526360,3.826075,0.009135
112.910092,90.395862,22.514231,114.301264,91.949660,22.351604,3.843861,0.010482
112.649135,90.101194,22.547941,114.291816,91.865601,22.426214,3.723644,0.009313
112.795221,90.273258,22.521964,114.349106,91.940734,22.408371,3.875737,0.008815
112.721662,90.209665,22.511997,114.442791,92.019377,22.423414,3.795137,0.008973
112.711176,90.230381,22.480795,114.458119,92.009575,22.448544,4.016203,0.009104
112.925748,90.328350,22.597399,114.732498,92.289364,22.443134,3.844417,0.010191
112.871056,90.300988,22.570068,114.448865,91.917523,22.531342,3.811660,0.009143
112.630902,90.005486,22.625416,114.290373,91.808026,22.482348,3.664237,0.009920
112.543725,89.923831,22.619894,114.732460,92.175730,22.556730,3.694460,0.008634
112.979883,90.305240,22.674643,114.196116,91.479493,22.716623,3.598305,0.008379
112.545391,89.814686,22.730705,113.825979,91.302940,22.523039,3.861056,0.009206
112.275147,89.653108,22.622039,114.375912,91.793970,22.581941,3.625228,0.008676
112.438301,89.732687,22.705614,114.137963,91.587985,22.549978,4.208106,0.008603
112.546520,89.850739,22.695781,114.541895,91.755301,22.786593,3.873333,0.008579
112.345837,89.600168,22.745669,113.946541,91.279212,22.667329,3.599396,0.009329
112.319421,89.654248,22.665173,113.967605,91.347666,22.619939,3.409061,0.009415
112.146333,89.459202,22.687131,114.005270,91.357588,22.647682,3.812405,0.007888
112.177988,89.503094,22.674894,114.328317,91.785940,22.542377,3.895800,0.008697
112.433762,89.772488,22.661273,114.470265,91.921193,22.549072,3.830364,0.009143
112.032411,89.390865,22.641546,114.137354,91.540516,22.596838,4.018261,0.008291
112.566943,89.863669,22.703274,114.497060,91.753852,22.743208,3.668818,0.009284
112.480483,89.750028,22.730455,113.974632,91.394002,22.580630,3.855485,0.008388
112.317521,89.655274,22.662247,114.302365,91.767962,22.534402,3.654525,0.008425
112.548184,89.890701,22.657483,114.082540,91.429345,22.653196,3.702568,0.008523
112.279868,89.649216,22.630652,114.305691,91.773968,22.531723,4.043542,0.007742
112.179465,89.526172,22.653293,114.405984,91.540782,22.865203,3.642365,0.008508
112.352963,89.681203,22.671761,114.296719,91.640496,22.656223,3.734383,0.009251
112.349473,89.599905,22.749568,113.980015,91.231770,22.748245,3.702546,0.007698
111.876587,89.092200,22.784387,113.878281,91.165357,22.712923,3.793999,0.008410
111.928494,89.197809,22.730685,113.332025,90.711680,22.620344,3.669471,0.007790
112.170541,89.437578,22.732963,114.415131,91.793243,22.621889,3.971627,0.007514
112.359846,89.688400,22.671446,113.872051,91.308926,22.563124,3.746334,0.006866
111.974448,89.318206,22.656242,113.874386,91.333664,22.540722,3.898227,0.008657
112.101735,89.429032,22.672703,113.615716,90.925534,22.690182,3.634506,0.008638
112.006487,89.373918,22.632569,114.271421,91.662856,22.608565,3.663918,0.007343
112.072640,89.395010,22.677630,114.074444,91.342534,22.731910,3.800210,0.007874
112.066982,89.355387,22.711595,113.560797,90.815696,22.745101,3.526202,0.007548
111.772949,88.965642,22.807307,113.679101,91.080520,22.598581,3.837369,0.008899
111.888448,89.238537,22.649911,114.218512,91.531591,22.686921,3.728688,0.008466
111.986067,89.315757,22.670310,113.802996,91.227413,22.575583,3.586028,0.008339
112.102495,89.438123,22.664372,113.850223,91.183857,22.666366,3.702537,0.007574
112.200220,89.522387,22.677833,114.868289,92.238444,22.629845,3.610621,0.010457
112.467659,89.744565,22.723094,114.752642,92.089794,22.662848,3.649483,0.007099
112.611978,89.865831,22.746147,114.310892,91.555929,22.754963,3.692536,0.006776
112.208917,89.475124,22.733793,114.129020,91.350825,22.778195,3.399421,0.006979
112.273930,89.561262,22.712668,113.925785,91.433954,22.491831,3.615649,0.007867
111.945852,89.248012,22.697841,113.695459,90.966771,22.728688,3.786240,0.006808
111.860918,89.189521,22.671396,113.996080,91.310641,22.685439,3.687755,0.007671
112.133646,89.436586,22.697060,113.859170,91.128865,22.730305,3.683110,0.007335
111.901104,89.177739,22.723366,113.736996,91.263818,22.473178,3.640249,0.007277
111.924108,89.177300,22.746808,113.664843,91.064501,22.600342,3.481612,0.008582
111.672896,88.923534,22.749362,113.531936,90.806539,22.725396,3.225588,0.006413
111.345921,88.604118,22.741803,113.830329,91.227024,22.603305,3.512842,0.008415
111.650657,88.871366,22.779292,113.795238,91.060830,22.734408,3.765184,0.007635
111.862396,89.042011,22.820385,114.570230,91.759613,22.810617,3.757653,0.008332
111.746430,88.920575,22.825855,113.386607,90.533601,22.853006,3.520971,0.007813
111.573303,88.715642,22.857660,113.516568,90.700416,22.816152,3.624193,0.005424
111.736054,88.979253,22.756801,114.091019,91.388103,22.702917,3.561739,0.008366
111.767519,88.953542,22.813977,114.030660,91.259859,22.770801,3.614210,0.007286
112.080679,89.348007,22.732672,114.099688,91.360093,22.739595,3.124747,0.007650
111.854009,89.110176,22.743833,114.632480,92.061941,22.570538,3.263659,0.007921
111.876786,89.070871,22.805915,113.901050,91.155061,22.745989,3.695817,0.006892
112.191234,89.285469,22.905765,113.753726,90.948987,22.804739,3.362032,0.007447
111.552841,88.689226,22.863615,113.896824,90.998088,22.898736,3.165813,0.006663
111.876346,89.037857,22.838489,114.170872,91.345979,22.824893,3.351720,0.007429
111.942507,89.149794,22.792713,113.985881,91.296293,22.689589,3.331976,0.007352
112.131538,89.310256,22.821282,114.231878,91.300407,22.931471,3.676873,0.007575
111.749948,88.873102,22.876847,114.022813,91.268974,22.753840,3.147798,0.007662
112.007061,89.216362,22.790699,113.735590,90.857264,22.878326,3.167714,0.006998
111.839341,89.005898,22.833443,114.242044,91.404422,22.837622,3.424600,0.007029
111.979924,89.239126,22.740798,114.177250,91.420622,22.756629,3.494611,0.006767
111.631903,88.821093,22.810810,113.688030,90.958078,22.729952,3.263337,0.008205
111.540131,88.755683,22.784448,113.585928,90.705092,22.880836,3.597255,0.006871
111.515511,88.640074,22.875436,114.132034,91.449097,22.682937,3.726329,0.007937
111.622570,88.818088,22.804482,113.787800,91.066733,22.721067,3.512847,0.006205
111.570109,88.707784,22.862325,113.646980,90.768650,22.878331,3.398992,0.006512
111.775225,88.970864,22.804361,114.569413,91.899441,22.669971,2.811022,0.005570
111.702719,88.850157,22.852562,113.512894,90.637161,22.875733,3.665591,0.006569
111.304063,88.432542,22.871521,114.431403,91.578556,22.852847,3.388699,0.007253
111.751812,88.925975,22.825838,113.900857,91.280214,22.620643,3.450281,0.006371
111.720934,88.917194,22.803740,113.516071,90.800809,22.715262,3.264406,0.006503
111.170771,88.335033,22.835738,113.905660,91.057038,22.848622,3.753633,0.006401
111.690550,88.901448,22.789102,113.967013,91.263770,22.703243,3.210438,0.007369
111.443518,88.640191,22.803327,113.690425,90.887099,22.803326,3.281545,0.007168
111.319447,88.489961,22.829487,113.325359,90.596991,22.728368,3.427295,0.006291
111.501018,88.627794,22.873225,113.925770,91.132539,22.793231,3.450107,0.007447
