235.974636,233.089414,2.885223,187.576319,182.892438,4.683881,3.211500,0.016237
174.326225,166.918065,7.408159,161.571636,151.659609,9.912027,3.015691,0.024339
154.610570,143.613476,10.997093,148.137478,136.078377,12.059101,3.015170,0.027115
144.431059,131.656590,12.774468,139.562606,126.010041,13.552564,3.073506,0.027326
137.301204,123.305519,13.995684,133.440175,118.941304,14.498871,3.102124,0.026188
132.459007,117.695913,14.763094,129.724825,114.716920,15.007905,3.108308,0.026540
128.851483,113.699249,15.152234,126.359692,110.821452,15.538239,3.102720,0.025459
126.060974,110.453417,15.607557,123.989284,108.313019,15.676265,2.968676,0.027314
123.793874,107.969464,15.824410,121.823977,105.737495,16.086482,2.936650,0.027087
121.806920,105.659669,16.147251,120.073824,103.878456,16.195369,3.015726,0.026113
120.019112,103.723671,16.295441,118.742534,102.320758,16.421776,2.997673,0.025493
118.636707,102.185525,16.451183,117.107895,100.444432,16.663464,2.814013,0.026614
117.211703,100.653682,16.558020,116.371255,99.661084,16.710171,2.804318,0.026094
115.810554,99.128034,16.682519,115.525403,98.904072,16.621331,2.859335,0.026689
114.580202,97.785784,16.794418,114.086981,97.384154,16.702827,2.958221,0.025637
113.551588,96.596405,16.955183,112.735765,95.666721,17.069044,2.925175,0.024299
112.604672,95.503715,17.100957,111.723794,94.539362,17.184431,2.922217,0.024021
111.595667,94.377266,17.218400,111.244837,94.225455,17.019382,2.904122,0.024864
110.900247,93.581007,17.319240,110.003931,92.603589,17.400342,2.840438,0.024928
110.202761,92.870694,17.332066,109.601996,92.171453,17.430543,2.776096,0.024887
109.486732,92.029363,17.457370,109.298486,91.745713,17.552773,2.840064,0.023286
108.762073,91.225738,17.536336,108.288451,90.857764,17.430687,2.847408,0.024714
108.164936,90.580717,17.584219,107.514423,89.942860,17.571563,2.838826,0.024222
107.687752,90.035972,17.651780,107.268908,89.602112,17.666796,2.898304,0.023042
107.126642,89.441513,17.685129,106.798088,89.127286,17.670802,2.935791,0.022735
106.724287,89.059350,17.664937,106.385381,88.669942,17.715439,2.862570,0.022894
106.319553,88.586618,17.732935,106.532691,88.750377,17.782314,2.799278,0.023334
105.864006,88.100814,17.763192,105.905836,88.257156,17.648680,2.765800,0.023894
105.526179,87.700219,17.825960,105.376538,87.478453,17.898085,2.837897,0.022815
105.075627,87.269380,17.806248,105.201746,87.522970,17.678776,2.916405,0.021089
104.765263,86.944528,17.820735,104.999553,87.209790,17.789763,2.913523,0.020636
104.386455,86.529131,17.857324,104.641952,86.784961,17.856991,2.828768,0.021854
104.141564,86.250770,17.890794,104.309966,86.424456,17.885510,2.911949,0.021623
103.865064,85.961614,17.903450,104.348447,86.433308,17.915139,2.918157,0.020579
103.580721,85.690264,17.890457,104.323578,86.468505,17.855073,2.778544,0.023304
103.405974,85.407065,17.998909,103.992888,85.947842,18.045046,2.849363,0.020126
103.163770,85.185059,17.978712,103.922279,85.936603,17.985676,2.778405,0.023317
102.950034,84.912234,18.037800,103.342807,85.465994,17.876812,2.883488,0.021279
102.779804,84.737554,18.042250,103.198623,85.103414,18.095209,2.865302,0.020471
102.638615,84.547137,18.091478,103.127767,85.050744,18.077024,2.893862,0.020504
102.414403,84.307785,18.106618,103.334589,85.112441,18.222148,2.739563,0.021178
102.311009,84.169435,18.141574,103.293841,85.264122,18.029719,2.724500,0.021391
102.205125,84.098440,18.106685,103.005754,84.936580,18.069174,2.764744,0.021941
102.047770,83.881353,18.166417,102.676169,84.449558,18.226612,2.841085,0.020239
101.843537,83.635296,18.208241,102.709033,84.576976,18.132057,3.055970,0.019386
101.796513,83.586010,18.210503,102.696041,84.493277,18.202765,2.884074,0.022493
101.626540,83.340528,18.286011,102.576382,84.329675,18.246707,2.779539,0.022634
101.577691,83.317572,18.260119,102.529317,84.252207,18.277110,2.834566,0.020984
101.381533,83.088592,18.292942,102.415133,84.290486,18.124646,2.718449,0.022976
101.253848,82.941296,18.312552,102.324507,84.025997,18.298510,2.934006,0.019157
101.231501,82.929984,18.301517,102.251677,83.999231,18.252446,2.779224,0.020946
101.066365,82.688777,18.377587,102.195822,83.811444,18.384378,2.761926,0.021865
101.038339,82.677020,18.361319,102.127822,83.766754,18.361068,2.731882,0.021329
100.933025,82.584754,18.348271,102.061216,83.705079,18.356137,2.703001,0.023288
100.863233,82.528030,18.335203,102.270018,84.052367,18.217651,2.783106,0.021001
100.807049,82.438345,18.368704,102.073275,83.759901,18.313373,2.817331,0.021052
100.675394,82.268033,18.407361,102.021195,83.693744,18.327450,2.799768,0.020602
100.566902,82.161476,18.405425,102.001965,83.616901,18.385065,2.853787,0.020080
100.483546,82.083487,18.400059,101.928165,83.612790,18.315375,2.880636,0.020419
100.478324,82.069002,18.409322,101.885020,83.439908,18.445112,2.716351,0.021339
100.329836,81.908135,18.421701,101.724995,83.314884,18.410111,2.697382,0.022172
100.306714,81.824616,18.482098,101.558912,83.095311,18.463601,2.811740,0.020937
100.222203,81.734599,18.487604,101.637794,83.323945,18.313848,2.704250,0.022053
100.136049,81.606911,18.529138,101.563620,83.149301,18.414319,2.788881,0.020634
100.082932,81.596302,18.486630,101.472664,83.116990,18.355674,2.690892,0.022203
100.026866,81.501911,18.524956,101.524478,83.076703,18.447774,2.723722,0.022710
100.029874,81.512838,18.517036,101.400209,82.877836,18.522373,2.860295,0.020181
99.883666,81.370279,18.513387,101.595927,83.133589,18.462338,2.702846,0.021717
99.913994,81.408888,18.505106,101.542050,83.132686,18.409364,2.747930,0.021420
99.809446,81.226214,18.583233,101.643058,83.154405,18.488653,2.771819,0.019311
99.812899,81.266226,18.546673,101.533922,82.988207,18.545714,2.654242,0.021145
99.714019,81.154674,18.559345,101.441419,82.842357,18.599062,2.933251,0.019183
99.667146,81.077873,18.589272,101.549319,82.973704,18.575614,2.719411,0.020990
99.602515,81.042551,18.559964,101.281693,82.777729,18.503964,2.717797,0.020638
99.525910,80.930136,18.595774,101.422194,82.926984,18.495210,2.715122,0.021467
99.564777,80.951914,18.612863,101.107250,82.577962,18.529288,2.801137,0.020240
99.550972,80.914992,18.635980,101.235313,82.717820,18.517492,2.737319,0.020575
99.397377,80.754359,18.643019,101.310990,82.773341,18.537649,2.747522,0.020079
99.334142,80.711119,18.623023,101.008036,82.417759,18.590276,2.914850,0.019493
99.377035,80.734253,18.642782,101.183536,82.609976,18.573560,2.734556,0.021905
99.316524,80.688824,18.627701,101.263822,82.705861,18.557961,2.711631,0.021317
99.380362,80.635360,18.745002,101.064430,82.442793,18.621636,2.667895,0.021734
99.193884,80.477629,18.716255,101.030562,82.501856,18.528706,2.683079,0.021638
99.164672,80.468504,18.696168,101.189005,82.696444,18.492561,2.714400,0.022080
99.221649,80.544750,18.676899,101.201165,82.547505,18.653660,2.696802,0.020454
99.054789,80.329517,18.725272,101.128844,82.421554,18.707290,2.829647,0.020106
99.169336,80.462183,18.707154,101.015553,82.414543,18.601010,2.586384,0.020966
99.047995,80.334262,18.713733,101.086086,82.410111,18.675975,2.833271,0.019536
99.029457,80.310424,18.719032,101.196966,82.420341,18.776625,2.729880,0.020508
98.964830,80.227135,18.737695,100.936437,82.323957,18.612480,2.714478,0.020929
98.976473,80.269854,18.706619,101.038120,82.303205,18.734915,2.702654,0.021014
98.940283,80.174775,18.765508,101.103440,82.476579,18.626861,2.708542,0.022552
98.938955,80.228519,18.710435,100.911582,82.190924,18.720658,2.767099,0.019440
98.810283,80.073652,18.736632,100.927216,82.285058,18.642157,2.781845,0.019812
98.821481,80.079011,18.742470,100.865108,82.169424,18.695684,2.890486,0.019586
98.738274,79.977242,18.761032,101.061786,82.455626,18.606160,2.735969,0.020831
98.771073,80.037128,18.733945,100.976074,82.268989,18.707084,2.713179,0.021233
98.797456,80.015980,18.781476,100.927425,82.229690,18.697735,2.748035,0.020080
98.782842,80.012047,18.770795,100.907129,82.167679,18.739450,2.766744,0.020582
98.688187,79.868683,18.819504,100.864268,82.072485,18.791784,2.782117,0.019667
98.664103,79.856366,18.807738,100.941895,82.175550,18.766346,2.839388,0.019421
98.603921,79.801613,18.802309,101.044962,82.360098,18.684864,2.596340,0.022063
98.548738,79.755965,18.792772,100.980039,82.223757,18.756282,2.791893,0.020724
98.563430,79.729959,18.833472,100.692691,81.888953,18.803739,2.963591,0.019626
98.577239,79.748531,18.828708,100.867539,82.070159,18.797380,2.719286,0.020154
98.489742,79.669703,18.820038,100.679868,81.845502,18.834366,2.724901,0.020485
98.455595,79.650288,18.805307,100.857737,82.136604,18.721133,2.619584,0.021465
98.492343,79.687415,18.804928,100.790861,82.013866,18.776995,2.888649,0.019194
98.455446,79.615748,18.839698,100.437790,81.652641,18.785148,2.897932,0.019443
98.359077,79.525983,18.833095,100.659178,81.850937,18.808241,2.848838,0.019097
98.363382,79.524006,18.839375,100.627214,81.818522,18.808692,2.828983,0.019288
98.381926,79.529430,18.852496,100.592740,81.762624,18.830117,2.722122,0.022031
98.290503,79.444113,18.846390,100.719349,81.946578,18.772771,2.813349,0.021023
98.354309,79.509396,18.844913,100.655718,81.889805,18.765912,2.674653,0.020920
98.280628,79.421384,18.859244,100.725908,81.894759,18.831150,2.755080,0.021129
98.255023,79.401294,18.853729,100.691893,81.857368,18.834525,2.731398,0.019694
98.183067,79.327990,18.855077,100.838785,82.125381,18.713404,2.778397,0.020086
98.219564,79.392443,18.827121,100.832144,82.128024,18.704121,2.770696,0.019979
98.313278,79.413016,18.900262,100.616682,81.805470,18.811212,2.825872,0.020065
98.184725,79.306184,18.878542,100.752206,81.985575,18.766631,2.672848,0.020384
98.167271,79.279203,18.888068,100.583757,81.728621,18.855135,2.795143,0.019851
98.157423,79.310731,18.846692,100.456290,81.667861,18.788429,2.770378,0.020479
98.088767,79.194720,18.894047,100.694738,81.877018,18.817720,2.780849,0.020290
98.127082,79.266291,18.860791,100.719137,81.907932,18.811206,2.710921,0.019411
98.039803,79.143242,18.896561,100.432788,81.666135,18.766653,2.808309,0.020195
98.061328,79.179894,18.881434,100.731412,81.974140,18.757272,2.807977,0.019552
98.099269,79.243146,18.856123,100.903731,82.124649,18.779081,2.744138,0.020805
98.110002,79.224595,18.885407,100.614148,81.767588,18.846560,2.644562,0.021492
98.028021,79.130352,18.897668,100.823339,82.049389,18.773950,2.690508,0.020246
98.015801,79.128234,18.887568,100.522046,81.710787,18.811259,2.669011,0.020147
97.956746,79.033077,18.923669,100.572314,81.675916,18.896398,2.760641,0.019318
97.954228,79.023961,18.930267,100.441957,81.591457,18.850500,2.686283,0.021727
97.955509,79.051643,18.903866,100.408129,81.562794,18.845335,2.607243,0.020750
97.925522,79.000007,18.925515,100.518005,81.673486,18.844518,2.752043,0.018957
97.887075,78.950534,18.936541,100.635905,81.768041,18.867863,2.786879,0.020101
97.878267,78.945060,18.933207,100.525398,81.634397,18.891001,2.766361,0.020473
97.864835,78.908093,18.956743,100.577606,81.621645,18.955961,2.855623,0.018663
97.820536,78.884380,18.936156,100.666477,81.851806,18.814671,2.787549,0.020715
97.899315,79.007759,18.891556,100.591833,81.721176,18.870656,2.820323,0.018696
97.810453,78.872175,18.938278,100.388891,81.531922,18.856969,2.727299,0.020051
97.883903,78.926555,18.957349,100.712992,81.793317,18.919675,2.742458,0.020620
97.799502,78.844553,18.954949,100.482094,81.607366,18.874728,2.694758,0.021352
97.767442,78.823397,18.944045,100.581000,81.660634,18.920366,2.722095,0.020552
97.753380,78.855745,18.897635,100.694770,81.828164,18.866605,2.625226,0.020010
97.752828,78.804625,18.948203,100.551230,81.684732,18.866498,2.563460,0.021437
97.712865,78.762797,18.950069,100.592883,81.638361,18.954522,2.729379,0.019992
97.756945,78.760403,18.996542,100.511712,81.707489,18.804223,2.808846,0.019837
97.706463,78.764631,18.941831,100.518869,81.627785,18.891083,2.759471,0.020000
97.654162,78.680566,18.973596,100.555666,81.716625,18.839040,2.657603,0.020140
97.711082,78.756327,18.954755,100.579630,81.689754,18.889876,2.624858,0.021696
97.734134,78.787803,18.946331,100.508497,81.674034,18.834464,2.691997,0.021098
97.677799,78.718548,18.959251,100.680833,81.750929,18.929905,2.786334,0.019666
97.671179,78.704581,18.966597,100.448227,81.556020,18.892207,2.761075,0.020502
97.595423,78.628925,18.966498,100.360894,81.426456,18.934438,2.783380,0.020619
97.567618,78.620814,18.946804,100.479498,81.498494,18.981004,2.666746,0.021854
97.531163,78.608463,18.922700,100.691354,81.912069,18.779286,2.877056,0.018656
97.580531,78.609376,18.971155,100.539092,81.616888,18.922205,2.651001,0.021077
97.594241,78.613406,18.980834,100.575164,81.647611,18.927553,2.740230,0.019528
97.574369,78.536003,19.038366,100.681925,81.830120,18.851804,2.708154,0.020689
97.557201,78.549330,19.007871,100.554868,81.694628,18.860239,2.566850,0.021232
