206.443439,203.819046,2.624393,189.847141,186.073389,3.773752,6.686746,0.002519
178.473565,172.032366,6.441199,165.860222,156.810867,9.049354,5.218214,0.005924
159.450716,149.091534,10.359181,153.047181,141.739867,11.307314,5.048283,0.007489
149.619848,137.785341,11.834507,145.801708,133.649214,12.152494,5.361006,0.007461
144.646452,132.170622,12.475830,142.068904,129.301755,12.767150,5.100880,0.009615
141.004562,128.093724,12.910838,138.685417,125.559499,13.125918,5.065905,0.008494
137.760248,124.382298,13.377950,135.819575,122.435545,13.384031,5.055289,0.009939
134.876579,121.097250,13.779329,133.185284,119.210782,13.974502,4.975345,0.009890
132.448862,118.230276,14.218586,130.872978,116.352618,14.520360,4.661769,0.011228
130.402383,115.843565,14.558818,128.945848,114.313585,14.632262,4.890590,0.010707
128.659125,113.931703,14.727422,127.311903,112.383327,14.928576,4.987033,0.011234
127.294256,112.371909,14.922348,126.309931,111.191634,15.118297,4.911018,0.011285
126.174399,111.086313,15.088086,124.938434,109.711524,15.226910,4.980422,0.011557
125.089435,109.872557,15.216878,124.170151,109.048497,15.121653,4.693336,0.010898
124.200400,108.896269,15.304131,123.431374,108.123495,15.307879,5.069236,0.011224
123.353259,107.997312,15.355948,122.590404,107.220204,15.370200,5.026311,0.011442
122.669068,107.243144,15.425924,121.995079,106.540639,15.454440,4.913601,0.012051
121.990935,106.501825,15.489110,121.709591,106.152877,15.556714,4.912333,0.012130
121.318308,105.767962,15.550346,120.967367,105.397927,15.569441,4.850056,0.011339
120.797907,105.215550,15.582357,120.328720,104.766196,15.562524,4.967526,0.011723
120.236499,104.601664,15.634835,119.873469,104.340406,15.533063,5.069290,0.011619
119.663978,104.031062,15.632916,119.350373,103.692117,15.658256,5.149229,0.010802
119.213848,103.582621,15.631227,118.961377,103.289030,15.672347,5.163404,0.011488
118.789164,103.089971,15.699194,118.571397,102.910946,15.660451,4.951937,0.011551
118.234306,102.510825,15.723481,118.086713,102.245985,15.840727,5.359843,0.011008
117.858763,102.130646,15.728117,117.667552,101.807755,15.859797,5.289227,0.011201
117.557023,101.817919,15.739104,117.362587,101.646525,15.716061,5.214056,0.011360
117.163927,101.387233,15.776694,116.964888,101.183845,15.781043,5.245881,0.011037
116.743362,100.988829,15.754533,116.833902,100.985190,15.848712,5.175276,0.011147
116.378723,100.662638,15.716085,116.368270,100.606919,15.761352,5.024334,0.011541
116.239332,100.496256,15.743076,116.194704,100.382811,15.811893,5.304709,0.010785
115.782027,100.044165,15.737862,115.914949,100.168979,15.745970,5.342558,0.012179
115.510580,99.752700,15.757881,116.043130,100.245781,15.797349,4.955787,0.011424
115.239576,99.456902,15.782674,115.257855,99.517932,15.739923,5.324117,0.011584
115.003478,99.272697,15.730781,115.354677,99.575934,15.778743,5.333179,0.011087
114.725699,98.961762,15.763937,115.152371,99.443304,15.709068,5.160665,0.011495
114.437565,98.673175,15.764390,114.940407,99.115598,15.824808,5.223751,0.010908
114.251184,98.456659,15.794525,114.338143,98.634102,15.704040,5.153471,0.011993
113.978863,98.181517,15.797346,114.231430,98.439388,15.792042,5.382464,0.011548
113.713702,97.890595,15.823107,114.243684,98.519257,15.724426,5.661483,0.010789
113.481385,97.702784,15.778601,113.769246,98.053209,15.716037,5.538408,0.010841
113.291014,97.502744,15.788270,113.929328,98.065135,15.864193,5.220146,0.012006
113.113354,97.279631,15.833723,113.553283,97.745010,15.808274,5.315808,0.010777
112.839219,97.067513,15.771706,113.089867,97.224511,15.865356,5.359197,0.010981
112.650551,96.806412,15.844139,112.834864,97.145921,15.688944,5.537398,0.010135
112.500547,96.714484,15.786063,112.681260,96.994797,15.686463,5.341938,0.011069
112.252038,96.496317,15.755721,112.628068,96.899292,15.728776,5.284398,0.011361
112.168972,96.373382,15.795590,112.601089,96.857681,15.743408,5.186689,0.011547
111.899974,96.137084,15.762891,112.494231,96.690497,15.803735,4.854697,0.011935
111.742217,95.974676,15.767541,112.231757,96.491210,15.740546,5.326786,0.010654
111.662687,95.902093,15.760595,112.167988,96.359393,15.808595,5.308530,0.011346
111.481837,95.700619,15.781218,111.924756,96.167300,15.757456,5.422126,0.011163
111.183688,95.411654,15.772035,111.669486,95.872852,15.796634,5.645591,0.009615
111.152879,95.406950,15.745929,111.700186,95.859391,15.840795,5.262040,0.011728
110.929782,95.193781,15.736001,111.856055,96.156770,15.699285,5.330425,0.010821
110.833302,95.072668,15.760634,111.601317,95.907200,15.694118,5.545857,0.010996
110.659129,94.928326,15.730803,111.265591,95.597114,15.668477,5.601038,0.011353
110.559842,94.779659,15.780183,111.225118,95.395014,15.830104,5.449720,0.010494
110.373788,94.660037,15.713751,111.048020,95.435012,15.613008,5.805843,0.011304
110.330096,94.598086,15.732010,110.885574,95.124620,15.760954,5.605979,0.011797
110.144691,94.388639,15.756052,111.126086,95.313020,15.813067,5.428921,0.011811
110.011212,94.265533,15.745679,110.590692,94.904906,15.685786,5.563225,0.010587
109.833648,94.068087,15.765561,110.680860,94.943865,15.736995,5.415936,0.010335
109.807355,94.092887,15.714468,110.650115,95.034231,15.615885,5.358226,0.011640
109.634187,93.917105,15.717083,110.684411,95.078333,15.606077,5.646302,0.010238
109.472056,93.771015,15.701041,110.345699,94.681255,15.664444,5.616079,0.011166
109.396838,93.630057,15.766781,110.112317,94.401701,15.710616,5.412596,0.011319
109.366675,93.666205,15.700470,110.163442,94.410757,15.752685,5.622682,0.010238
109.157309,93.403985,15.753325,110.082276,94.412958,15.669319,5.441356,0.011081
109.155251,93.431385,15.723867,110.250079,94.556289,15.693790,5.507524,0.012532
109.038406,93.316227,15.722179,109.985472,94.255618,15.729854,5.354210,0.011213
108.972705,93.259447,15.713258,109.850469,94.124897,15.725573,5.502289,0.011306
108.779026,93.044005,15.735021,109.692607,94.053638,15.638968,5.417939,0.010292
108.657382,92.944578,15.712804,109.918797,94.273547,15.645251,5.519496,0.010646
108.621102,92.900509,15.720593,109.666356,94.010278,15.656078,5.516346,0.010268
108.514301,92.773595,15.740706,109.490565,93.830454,15.660111,5.553008,0.011061
108.406343,92.678173,15.728170,109.576281,93.911227,15.665054,5.616786,0.011801
108.316270,92.579267,15.737003,109.438333,93.749031,15.689302,5.297283,0.011475
108.227721,92.482217,15.745505,109.352516,93.763849,15.588667,5.467230,0.011166
108.224350,92.483182,15.741168,109.197688,93.514450,15.683238,5.571270,0.009743
108.134104,92.405790,15.728314,109.031412,93.328937,15.702475,5.574445,0.010475
107.981897,92.273526,15.708371,109.029372,93.322768,15.706604,5.674952,0.010085
107.881728,92.184663,15.697065,108.984421,93.333129,15.651292,5.321915,0.011367
107.818160,92.087255,15.730905,108.847297,93.259134,15.588163,5.515612,0.010647
107.766199,92.048800,15.717399,108.764769,92.997800,15.766969,5.449695,0.010709
107.665574,91.962184,15.703390,108.536858,92.805010,15.731848,5.794767,0.010460
107.635800,91.895073,15.740727,108.896997,93.290052,15.606945,5.756747,0.010192
107.570926,91.875667,15.695259,108.736224,93.059126,15.677097,5.818154,0.010146
107.479340,91.747103,15.732237,108.672399,92.929783,15.742616,5.536422,0.009997
107.334297,91.606723,15.727574,108.642301,93.032157,15.610144,5.354128,0.011816
107.355523,91.686760,15.668763,108.394414,92.759186,15.635228,5.777536,0.010545
107.273447,91.579090,15.694358,108.381164,92.777967,15.603198,5.531348,0.010487
107.198159,91.538960,15.659199,108.485584,92.889930,15.595654,5.838665,0.010484
107.160873,91.473482,15.687391,108.353030,92.708615,15.644414,5.375508,0.010459
107.087146,91.417152,15.669994,108.202347,92.626921,15.575426,5.298508,0.011050
106.980174,91.270973,15.709201,108.500116,92.819811,15.680305,5.347787,0.011753
106.872883,91.175069,15.697814,108.299148,92.668356,15.630793,5.513713,0.010510
106.821149,91.144723,15.676425,108.137839,92.558784,15.579056,5.258199,0.011459
106.755662,91.108398,15.647264,108.100809,92.473553,15.627256,5.349856,0.010403
106.754015,91.098214,15.655802,108.065194,92.434759,15.630435,5.604243,0.009775
106.755495,91.054622,15.700873,107.867102,92.160269,15.706833,5.529346,0.010603
106.648449,90.956907,15.691542,108.069647,92.488115,15.581531,5.746493,0.011078
106.620427,90.961296,15.659131,107.820680,92.240567,15.580114,5.748347,0.010607
106.611590,90.925902,15.685688,107.862738,92.159613,15.703126,5.383432,0.010377
106.457901,90.772972,15.684929,107.746423,92.112351,15.634072,5.901502,0.009647
106.408755,90.744100,15.664655,107.834755,92.229391,15.605363,5.569896,0.009635
106.300731,90.657121,15.643610,107.714301,92.068861,15.645440,5.387180,0.010769
106.281344,90.618953,15.662392,107.811578,92.159674,15.651904,5.333878,0.012777
106.279841,90.635439,15.644402,107.527169,91.892514,15.634656,5.247912,0.010916
106.182110,90.493994,15.688116,107.395183,91.758617,15.636566,5.232411,0.011323
106.098748,90.442601,15.656147,107.574497,92.021496,15.553002,5.536469,0.011293
106.066397,90.437843,15.628555,107.769262,92.164241,15.605021,5.947015,0.010991
105.962078,90.312981,15.649097,107.561614,91.899269,15.662345,5.753351,0.009704
105.937733,90.247840,15.689893,107.352781,91.690782,15.661999,5.489326,0.010630
105.886192,90.208124,15.678067,107.419050,91.839823,15.579227,5.736381,0.010414
105.848287,90.197705,15.650582,107.434176,91.829630,15.604546,5.391521,0.010647
105.795359,90.140354,15.655005,107.293160,91.698087,15.595073,5.505867,0.011260
105.771128,90.140348,15.630780,107.218980,91.650220,15.568759,5.657022,0.011746
105.716690,90.067035,15.649655,107.305386,91.698549,15.606836,5.614194,0.009952
105.671724,90.002625,15.669099,107.161313,91.553863,15.607450,5.611437,0.010987
105.615150,89.955695,15.659455,107.308727,91.789298,15.519429,5.653088,0.010261
105.601286,89.970087,15.631199,107.020692,91.449414,15.571278,5.652647,0.010133
105.654867,90.025297,15.629570,107.262694,91.678021,15.584674,5.644104,0.009964
105.591021,89.897367,15.693653,107.142936,91.473536,15.669401,5.928504,0.009588
105.427259,89.764708,15.662551,107.131533,91.518096,15.613437,5.679724,0.010508
105.458997,89.785573,15.673424,106.879609,91.318959,15.560650,5.598757,0.010511
105.408728,89.732790,15.675938,106.801432,91.129092,15.672341,5.619124,0.010504
105.442979,89.769093,15.673886,107.132251,91.618855,15.513396,5.861600,0.009839
105.290800,89.619519,15.671281,106.929386,91.340981,15.588404,5.987833,0.010542
105.300052,89.614042,15.686010,106.907408,91.291118,15.616290,5.761528,0.010261
105.326837,89.654751,15.672086,107.135462,91.513680,15.621783,5.228867,0.011227
105.167372,89.477724,15.689648,106.959803,91.352669,15.607135,5.500780,0.009910
105.304208,89.643723,15.660485,106.962298,91.229936,15.732362,5.667792,0.010211
105.132026,89.493466,15.638560,106.940178,91.340580,15.599599,5.574864,0.010608
105.154857,89.442390,15.712467,106.758343,91.106375,15.651969,5.662467,0.011304
105.065735,89.424898,15.640837,106.838343,91.225714,15.612629,5.537382,0.010621
105.039861,89.370606,15.669255,106.772206,91.110792,15.661415,5.658219,0.010234
105.003778,89.311032,15.692746,106.642211,91.046883,15.595328,5.806983,0.011012
105.056325,89.354456,15.701869,106.557543,90.863506,15.694037,5.573123,0.010319
104.945957,89.276726,15.669231,106.541294,90.854355,15.686939,5.462209,0.010686
104.826588,89.142638,15.683950,106.599060,90.956738,15.642323,5.503008,0.010960
104.846305,89.162526,15.683779,106.590046,90.921618,15.668428,5.504911,0.011228
104.775268,89.083451,15.691818,106.481626,90.765904,15.715722,5.957549,0.009595
104.822882,89.143805,15.679077,106.719250,91.110760,15.608491,5.622550,0.010366
104.793416,89.097238,15.696178,106.438440,90.847072,15.591368,5.773391,0.009443
104.806503,89.140915,15.665588,106.240766,90.582920,15.657847,5.515521,0.010284
104.657601,88.972063,15.685537,106.467099,90.786996,15.680102,5.795195,0.009567
104.580394,88.912972,15.667422,106.348042,90.629151,15.718891,5.440775,0.010753
104.635084,88.948640,15.686445,106.380963,90.595191,15.785772,5.813741,0.010384
104.626568,88.914625,15.711944,106.429596,90.732320,15.697277,5.652479,0.010972
104.552523,88.883657,15.668866,106.165477,90.483916,15.681561,5.576179,0.010384
104.527649,88.843370,15.684279,106.427674,90.851831,15.575843,5.489878,0.011015
104.515850,88.868296,15.647555,106.368143,90.751817,15.616325,5.661400,0.011139
104.520987,88.835357,15.685631,106.071648,90.400240,15.671407,5.596412,0.010226
104.416849,88.759619,15.657230,106.372514,90.690338,15.682176,5.521018,0.010169
104.370997,88.667965,15.703033,106.239494,90.589981,15.649514,5.766269,0.010676
104.328598,88.605809,15.722789,106.174326,90.613579,15.560746,5.765768,0.010524
104.286720,88.583697,15.703023,106.236355,90.547156,15.689199,5.123557,0.011752
104.292606,88.597431,15.695176,106.277856,90.724554,15.553301,5.510021,0.011362
104.314562,88.607702,15.706859,106.127634,90.571007,15.556626,5.883295,0.010772
