260.282971,253.119193,7.163778,214.562298,206.244584,8.317714,4.663056,0.000064
214.764446,206.446696,8.317749,214.381236,206.063476,8.317760,4.922990,0.000000
214.741427,206.423665,8.317763,214.372017,206.054254,8.317764,4.610329,0.000000
214.690350,206.372586,8.317765,214.262456,205.944692,8.317765,3.946572,0.000000
214.648058,206.330293,8.317766,214.300498,205.982734,8.317766,3.924456,0.000000
214.612572,206.294808,8.317766,214.428533,206.110768,8.317766,4.181519,0.000000
214.625752,206.307988,8.317766,214.567276,206.249512,8.317766,3.662510,0.000000
214.589110,206.271346,8.317766,214.448412,206.130648,8.317766,3.399226,0.000000
214.572197,206.254433,8.317766,214.428002,206.110238,8.317766,4.204401,0.000000
214.553413,206.235649,8.317766,214.185761,205.867997,8.317766,inf,0.000000
214.541441,206.223677,8.317766,214.240831,205.923067,8.317766,3.569360,0.000000
214.562081,206.244317,8.317766,214.385142,206.067378,8.317766,3.541800,0.000000
214.533665,206.215901,8.317766,214.266862,205.949097,8.317766,3.125926,0.000000
214.531121,206.213357,8.317766,214.494570,206.176806,8.317766,3.308294,0.000000
214.509287,206.191523,8.317766,214.224423,205.906658,8.317766,inf,0.000000
214.513129,206.195365,8.317766,214.236307,205.918542,8.317766,nan,0.000000
214.497039,206.179275,8.317766,214.211000,205.893236,8.317766,nan,0.000000
214.484727,206.166963,8.317766,214.280160,205.962395,8.317766,nan,0.000000
214.492591,206.174827,8.317766,214.205682,205.887918,8.317766,nan,0.000000
214.475509,206.157745,8.317766,214.345683,206.027919,8.317766,nan,0.000000
214.464946,206.147181,8.317766,214.199321,205.881557,8.317766,nan,0.000000
214.466989,206.149225,8.317766,214.245857,205.928092,8.317766,nan,0.000000
214.461138,206.143374,8.317766,214.185534,205.867770,8.317766,nan,0.000000
214.448259,206.130495,8.317766,214.135647,205.817883,8.317766,nan,0.000000
214.457161,206.139397,8.317766,214.232285,205.914520,8.317766,nan,0.000000
214.456435,206.138671,8.317766,214.280618,205.962854,8.317766,nan,0.000000
214.455900,206.138136,8.317766,214.193273,205.875508,8.317766,nan,0.000000
214.444083,206.126319,8.317766,214.218538,205.900773,8.317766,nan,0.000000
214.439260,206.121496,8.317766,214.231062,205.913297,8.317766,nan,0.000000
214.447412,206.129648,8.317766,214.226580,205.908815,8.317766,nan,0.000000
214.446483,206.128719,8.317766,214.193863,205.876099,8.317766,nan,0.000000
214.432375,206.114611,8.317766,214.316520,205.998756,8.317766,nan,0.000000
214.430189,206.112425,8.317766,214.253089,205.935324,8.317766,nan,0.000000
214.426385,206.108621,8.317766,214.200773,205.883008,8.317766,nan,0.000000
214.434673,206.116909,8.317766,214.261867,205.944103,8.317766,nan,0.000000
214.429488,206.111724,8.317766,214.240920,205.923155,8.317766,nan,0.000000
214.430408,206.112644,8.317766,214.210656,205.892891,8.317766,nan,0.000000
214.431038,206.113273,8.317766,214.212931,205.895166,8.317766,nan,0.000000
214.426650,206.108886,8.317766,214.203992,205.886228,8.317766,nan,0.000000
214.423396,206.105632,8.317766,214.230460,205.912695,8.317766,nan,0.000000
214.421230,206.103466,8.317766,214.198453,205.880689,8.317766,nan,0.000000
214.423465,206.105701,8.317766,214.178849,205.861085,8.317766,nan,0.000000
214.422358,206.104594,8.317766,214.221276,205.903512,8.317766,nan,0.000000
214.422941,206.105176,8.317766,214.249985,205.932221,8.317766,nan,0.000000
214.411870,206.094106,8.317766,214.167630,205.849866,8.317766,nan,0.000000
214.425842,206.108077,8.317766,214.192126,205.874361,8.317766,nan,0.000000
214.416284,206.098520,8.317766,214.120141,205.802377,8.317766,nan,0.000000
214.415033,206.097268,8.317766,214.151016,205.833252,8.317766,nan,0.000000
214.419592,206.101827,8.317766,214.147510,205.829745,8.317766,nan,0.000000
214.419867,206.102102,8.317766,214.158793,205.841029,8.317766,nan,0.000000
214.418264,206.100500,8.317766,214.165113,205.847349,8.317766,nan,0.000000
214.403124,206.085359,8.317766,214.196882,205.879118,8.317766,nan,0.000000
214.409532,206.091768,8.317766,214.230323,205.912559,8.317766,nan,0.000000
214.409054,206.091289,8.317766,214.231927,205.914163,8.317766,nan,0.000000
214.420913,206.103149,8.317766,214.160700,205.842936,8.317766,nan,0.000000
214.407492,206.089728,8.317766,214.180170,205.862406,8.317766,nan,0.000000
214.415283,206.097519,8.317766,214.176881,205.859117,8.317766,nan,0.000000
214.405796,206.088032,8.317766,214.191206,205.873441,8.317766,nan,0.000000
214.406169,206.088405,8.317766,214.139937,205.822173,8.317766,nan,0.000000
214.407372,206.089608,8.317766,214.158467,205.840703,8.317766,nan,0.000000
214.408025,206.090261,8.317766,214.155279,205.837515,8.317766,nan,0.000000
214.407441,206.089676,8.317766,214.141765,205.824001,8.317766,nan,0.000000
214.404852,206.087088,8.317766,214.160636,205.842872,8.317766,nan,0.000000
214.404075,206.086311,8.317766,214.193218,205.875454,8.317766,nan,0.000000
214.410471,206.092707,8.317766,214.182260,205.864496,8.317766,nan,0.000000
214.404546,206.087534,8.317014,214.118710,205.800946,8.317766,nan,0.000000
214.400330,206.082566,8.317766,214.151168,205.833404,8.317766,nan,0.000000
214.408919,206.091155,8.317766,214.188319,205.870555,8.317766,nan,0.000000
214.400129,206.082365,8.317766,214.185287,205.867522,8.317766,nan,0.000000
214.402863,206.085099,8.317766,214.185678,205.867914,8.317766,nan,0.000000
214.398830,206.081065,8.317766,214.141170,205.823406,8.317766,nan,0.000000
214.399621,206.081856,8.317766,214.198644,205.880879,8.317766,nan,0.000000
214.398823,206.081059,8.317766,214.192504,205.874740,8.317766,nan,0.000000
214.403513,206.085749,8.317766,214.114841,205.797076,8.317766,nan,0.000000
214.400111,206.082347,8.317766,214.231470,205.913705,8.317766,nan,0.000000
214.397605,206.079840,8.317766,214.132225,205.814461,8.317766,nan,0.000000
214.401251,206.083486,8.317766,214.171219,205.853455,8.317766,nan,0.000000
214.396568,206.078804,8.317766,214.282397,205.964632,8.317766,nan,0.000000
214.397706,206.079942,8.317766,214.150989,205.833225,8.317766,nan,0.000000
214.406380,206.088616,8.317766,214.160284,205.842520,8.317766,nan,0.000000
214.399299,206.081535,8.317766,214.164075,205.846311,8.317766,nan,0.000000
214.392974,206.075210,8.317766,214.176745,205.858980,8.317766,nan,0.000000
214.407010,206.089246,8.317766,214.215952,205.898188,8.317766,nan,0.000000
214.391674,206.073909,8.317766,214.195376,205.877612,8.317766,nan,0.000000
214.394157,206.076392,8.317766,214.158368,205.840604,8.317766,nan,0.000000
214.390186,206.072422,8.317766,214.179346,205.861582,8.317766,nan,0.000000
214.396143,206.078379,8.317766,214.170921,205.853156,8.317766,nan,0.000000
214.396789,206.079024,8.317766,214.123357,205.805593,8.317766,nan,0.000000
214.394601,206.076836,8.317766,214.161769,205.844005,8.317766,nan,0.000000
214.396627,206.078863,8.317766,214.166086,205.848322,8.317766,nan,0.000000
214.393067,206.075303,8.317766,214.204079,205.886315,8.317766,nan,0.000000
214.398791,206.081027,8.317766,214.253202,205.935438,8.317766,nan,0.000000
214.398619,206.080855,8.317766,214.138338,205.820573,8.317766,nan,0.000000
214.392262,206.074498,8.317766,214.214642,205.896878,8.317766,nan,0.000000
214.389321,206.071557,8.317766,214.178872,205.861108,8.317766,nan,0.000000
214.395101,206.077336,8.317766,214.149930,205.832165,8.317766,nan,0.000000
214.388789,206.071025,8.317766,214.134534,205.816770,8.317766,nan,0.000000
214.392513,206.074749,8.317766,214.159513,205.841749,8.317766,nan,0.000000
214.392489,206.074725,8.317766,214.123170,205.805405,8.317766,nan,0.000000
214.395209,206.077444,8.317766,214.161594,205.843830,8.317766,nan,0.000000
214.388536,206.070772,8.317766,214.175699,205.857935,8.317766,nan,0.000000
214.388475,206.070710,8.317766,214.129882,205.812118,8.317766,nan,0.000000
214.390101,206.072336,8.317766,214.157560,205.839796,8.317766,nan,0.000000
214.393219,206.075454,8.317766,214.205491,205.887727,8.317766,nan,0.000000
214.392980,206.075216,8.317766,214.143727,205.825963,8.317766,nan,0.000000
214.387541,206.069777,8.317766,214.165796,205.848032,8.317766,nan,0.000000
214.389608,206.071844,8.317766,214.154639,205.836875,8.317766,nan,0.000000
214.391247,206.073483,8.317766,214.189260,205.871496,8.317766,nan,0.000000
214.388776,206.071012,8.317766,214.153171,205.835407,8.317766,nan,0.000000
214.382720,206.064956,8.317766,214.149693,205.831928,8.317766,nan,0.000000
214.391490,206.073726,8.317766,214.160562,205.842798,8.317766,nan,0.000000
214.168612,205.858346,8.310268,210.477638,202.188137,8.289501,2.746870,0.006267
202.194624,194.045349,8.149274,191.716327,183.653294,8.063033,13.187326,0.008454
185.084782,177.234893,7.849889,181.223456,173.420551,7.802905,9.390839,0.015464
178.874894,171.131118,7.743776,178.006439,170.285457,7.720981,13.689428,0.014375
176.115035,168.378825,7.736210,174.977631,167.206131,7.771500,6.067057,0.022663
173.344956,165.588321,7.756635,173.944926,166.159417,7.785508,8.782412,0.018230
172.920145,165.145978,7.774167,172.927437,165.170281,7.757156,8.470740,0.020919
172.800143,165.038612,7.761531,173.068811,165.293513,7.775298,13.154448,0.018141
172.299926,164.552568,7.747358,172.608714,164.864444,7.744270,9.003145,0.014744
170.958892,163.234403,7.724489,169.608322,161.843463,7.764859,12.308683,0.015269
169.986853,162.258871,7.727982,171.034003,163.284883,7.749121,7.795066,0.020598
169.821633,162.095776,7.725857,169.191367,161.479488,7.711879,8.425595,0.014555
164.760423,157.159865,7.600558,162.456689,154.873183,7.583506,10.566118,0.019043
162.064106,154.485041,7.579065,162.527246,154.932245,7.595001,9.996558,0.018691
161.647020,154.065971,7.581049,162.208068,154.601803,7.606264,10.639501,0.019029
161.484430,153.892306,7.592123,161.351788,153.730372,7.621417,8.434777,0.022295
161.133050,153.548945,7.584105,161.829326,154.214434,7.614891,7.303882,0.021301
161.353272,153.753900,7.599372,161.566911,153.963605,7.603306,9.646664,0.023533
161.369600,153.778883,7.590716,161.192854,153.630484,7.562370,8.594088,0.023715
160.758442,153.174870,7.583572,160.843771,153.240712,7.603058,10.250358,0.018837
160.370819,152.783714,7.587105,160.165583,152.560870,7.604713,10.373557,0.020095
159.871567,152.300443,7.571124,159.146401,151.567089,7.579311,12.781482,0.020983
159.373949,151.821901,7.552049,158.443477,150.901582,7.541896,10.813578,0.020507
158.831562,151.275723,7.555839,157.997835,150.433313,7.564522,9.341792,0.021942
158.036613,150.500551,7.536061,158.022797,150.495720,7.527077,6.506263,0.025698
157.684859,150.154124,7.530735,157.135234,149.615603,7.519631,8.490142,0.019642
157.330202,149.787594,7.542608,157.232934,149.663805,7.569129,7.911597,0.022151
157.476283,149.924745,7.551539,157.755776,150.194270,7.561506,9.379546,0.022369
157.499817,149.955844,7.543973,156.868945,149.326822,7.542122,8.051640,0.021459
157.294686,149.755737,7.538949,156.392111,148.853148,7.538962,9.188602,0.022621
157.010839,149.464768,7.546072,156.832561,149.274266,7.558295,7.408213,0.022430
156.873132,149.339934,7.533197,156.366098,148.809956,7.556142,9.804138,0.020776
156.739299,149.212994,7.526304,156.085056,148.570744,7.514313,8.802379,0.020354
156.432617,148.927787,7.504830,157.046994,149.535013,7.511981,7.244588,0.023865
156.310679,148.798239,7.512441,156.505070,148.994036,7.511034,9.550732,0.020877
156.145984,148.627035,7.518949,156.208467,148.680234,7.528233,9.245989,0.023823
156.096292,148.599095,7.497197,156.330860,148.792406,7.538454,9.059021,0.018346
156.168478,148.652456,7.516022,155.943664,148.443609,7.500055,8.537346,0.022146
156.474723,148.941783,7.532940,157.665177,150.163427,7.501750,8.067357,0.025395
157.029418,149.505078,7.524341,157.468939,149.935543,7.533395,7.178326,0.024549
157.387251,149.851165,7.536086,156.794821,149.273300,7.521520,9.067271,0.023094
157.992686,150.427099,7.565587,157.811110,150.251799,7.559311,7.446649,0.027944
157.957490,150.414120,7.543370,158.681722,151.143229,7.538493,8.236054,0.020021
158.475940,150.908937,7.567003,158.756318,151.191355,7.564963,9.921317,0.020812
158.728852,151.164634,7.564218,159.073436,151.522944,7.550492,8.003239,0.026087
158.784268,151.230947,7.553320,159.454086,151.882064,7.572022,8.079722,0.018741
159.070880,151.488454,7.582426,158.889971,151.289726,7.600245,7.487165,0.021224
159.406425,151.819578,7.586847,159.065328,151.473545,7.591783,6.804090,0.023831
159.695812,152.110680,7.585131,160.361080,152.783234,7.577845,10.098964,0.020253
