202.626191,195.509409,7.116782,179.819462,172.925587,6.893875,3.465776,0.012300
164.881683,158.159939,6.721744,153.847005,147.060854,6.786151,3.694534,0.019021
150.259111,143.722231,6.536881,146.152273,139.685053,6.467220,3.783134,0.021078
144.409820,137.957030,6.452790,142.120925,135.702591,6.418335,4.243138,0.019720
141.283457,134.862802,6.420655,139.117813,132.708248,6.409565,4.468353,0.020294
139.172926,132.791357,6.381568,137.470628,131.113277,6.357352,4.377154,0.021663
137.511383,131.118311,6.393072,135.696009,129.278745,6.417264,4.137966,0.020751
136.036886,129.623616,6.413270,135.293100,128.857058,6.436042,4.700652,0.020581
135.165062,128.730679,6.434382,134.393813,127.965508,6.428307,4.800724,0.022006
134.444931,128.007060,6.437871,133.584222,127.108481,6.475741,4.526988,0.022527
133.834039,127.369984,6.464054,133.098769,126.640805,6.457964,4.603328,0.023804
133.263347,126.788188,6.475159,132.798403,126.327342,6.471061,4.874015,0.023216
132.818206,126.341898,6.476309,132.287852,125.821309,6.466543,4.666719,0.022117
132.494118,126.011588,6.482530,132.211337,125.772298,6.439038,4.584872,0.024847
132.213201,125.730770,6.482432,131.983123,125.521832,6.461290,4.784979,0.022051
131.910170,125.416310,6.493860,131.592344,125.107257,6.485087,4.749159,0.022706
131.673380,125.172801,6.500579,131.062111,124.545428,6.516682,4.666523,0.023401
131.433980,124.945881,6.488100,131.058770,124.557543,6.501226,4.903310,0.023377
131.193461,124.687118,6.506344,131.107393,124.602281,6.505113,4.772810,0.019904
131.067386,124.566531,6.500855,130.639273,124.120288,6.518985,4.742728,0.022937
130.941560,124.427909,6.513651,130.396286,123.879562,6.516725,5.294844,0.020743
130.684819,124.176407,6.508412,130.329258,123.832086,6.497172,5.188186,0.021514
130.650488,124.142079,6.508409,130.286909,123.762837,6.524072,4.750406,0.019612
130.516883,124.009636,6.507247,130.735147,124.281962,6.453186,4.853272,0.024068
130.334062,123.828240,6.505822,130.085316,123.581002,6.504314,4.987291,0.021515
130.259245,123.745146,6.514100,130.117009,123.661718,6.455290,5.431537,0.019843
130.138130,123.615553,6.522577,130.004540,123.475038,6.529503,5.156130,0.021713
130.172421,123.648776,6.523645,129.889050,123.368987,6.520063,5.434453,0.021879
129.910304,123.394777,6.515528,129.740603,123.215233,6.525370,4.766802,0.023414
129.825699,123.305061,6.520638,129.998989,123.487285,6.511704,5.175852,0.022048
129.761536,123.235830,6.525706,129.333450,122.821434,6.512017,4.504040,0.025489
129.740192,123.216130,6.524061,129.731255,123.223508,6.507747,4.985575,0.022669
129.680913,123.152978,6.527935,129.328307,122.790226,6.538081,5.026412,0.023437
129.642098,123.134241,6.507857,129.775247,123.251692,6.523555,4.977893,0.022831
129.575417,123.047432,6.527985,130.053008,123.579596,6.473412,4.748012,0.023585
129.475695,122.971236,6.504460,129.356801,122.818638,6.538163,5.251234,0.023237
129.400885,122.886818,6.514067,129.419544,122.903532,6.516012,4.747043,0.022673
129.331862,122.815697,6.516165,129.085859,122.571838,6.514021,5.024344,0.019571
129.304393,122.779348,6.525045,129.407583,122.909236,6.498347,4.937394,0.023319
129.272576,122.767411,6.505166,129.585781,123.062653,6.523128,4.919987,0.023481
129.189422,122.676148,6.513274,129.506931,123.019523,6.487408,4.905505,0.022894
129.333952,122.816306,6.517646,128.999314,122.472547,6.526766,5.103017,0.022630
129.196712,122.694727,6.501985,129.029470,122.520827,6.508643,5.194740,0.022026
129.208429,122.697645,6.510784,128.900273,122.382574,6.517700,4.756925,0.024790
129.133978,122.636533,6.497445,128.881189,122.373473,6.507716,5.066282,0.022979
129.195759,122.682018,6.513741,129.575482,123.058441,6.517041,5.315225,0.023286
129.049333,122.549399,6.499934,129.031792,122.509951,6.521841,4.697625,0.022577
129.005002,122.502036,6.502966,129.589175,123.101967,6.487207,5.258386,0.022840
128.984442,122.474575,6.509867,129.202989,122.699368,6.503621,5.357924,0.021132
129.077268,122.572755,6.504513,129.810302,123.336725,6.473578,4.787766,0.025002
129.048438,122.541222,6.507217,129.021672,122.553742,6.467930,5.149049,0.021862
128.983172,122.478277,6.504895,128.827453,122.320304,6.507148,4.926579,0.023194
128.870364,122.367647,6.502716,128.828658,122.293565,6.535094,4.855795,0.025211
128.923382,122.411802,6.511581,129.001098,122.515420,6.485678,4.885454,0.023752
128.841361,122.340534,6.500827,129.229009,122.715087,6.513921,5.193072,0.023793
128.803947,122.311131,6.492815,129.343098,122.841279,6.501820,5.182753,0.022860
128.813429,122.293761,6.519667,128.623345,122.078883,6.544462,4.915124,0.022970
128.676626,122.167954,6.508672,129.045389,122.557671,6.487718,5.280550,0.023043
128.708332,122.184591,6.523741,129.092406,122.574178,6.518228,5.053998,0.023132
128.774784,122.274453,6.500331,129.465305,122.974817,6.490488,4.829422,0.023403
128.790547,122.283799,6.506748,128.866884,122.363038,6.503846,5.044993,0.021117
128.798078,122.284117,6.513961,128.836109,122.333497,6.502613,5.346819,0.024152
128.720860,122.217210,6.503651,129.587426,123.105701,6.481725,5.207773,0.022029
128.722845,122.212049,6.510796,129.018438,122.552298,6.466140,5.216612,0.023482
128.833054,122.350968,6.482087,128.852378,122.352155,6.500223,4.865764,0.020727
128.700574,122.204137,6.496437,128.942876,122.437881,6.504995,5.074519,0.023440
128.668568,122.171112,6.497456,129.225598,122.748756,6.476843,5.128733,0.021284
128.599636,122.088439,6.511197,129.084474,122.601984,6.482491,4.922531,0.027084
128.587027,122.078456,6.508571,129.110465,122.610366,6.500098,4.528757,0.024594
128.518027,122.005258,6.512769,128.715504,122.197798,6.517706,5.613559,0.023173
128.602076,122.112132,6.489944,129.050754,122.540630,6.510124,5.133135,0.022538
128.523626,122.029421,6.494205,128.937419,122.434419,6.503000,4.954446,0.021634
128.519113,122.039949,6.479164,129.109643,122.634950,6.474694,5.192097,0.023098
128.522000,122.029097,6.492903,129.023121,122.545783,6.477338,5.394942,0.024434
128.453148,121.958693,6.494456,128.967532,122.484576,6.482956,5.193491,0.024098
128.543618,122.044825,6.498793,128.970971,122.499229,6.471742,5.290563,0.022216
128.470724,121.962190,6.508534,128.745299,122.226069,6.519230,4.869975,0.023911
128.420156,121.920495,6.499661,128.934861,122.447611,6.487249,4.560645,0.026333
128.318772,121.807427,6.511345,128.772416,122.262283,6.510133,4.901248,0.022036
128.473580,121.973966,6.499614,128.833880,122.341400,6.492481,5.247052,0.022421
128.377200,121.870720,6.506481,128.797261,122.286497,6.510764,5.406605,0.021602
128.383631,121.868361,6.515271,128.618388,122.134261,6.484127,5.244926,0.021466
128.374527,121.869375,6.505151,129.021540,122.510607,6.510933,4.828218,0.024530
128.258786,121.771611,6.487174,128.812446,122.310992,6.501453,4.886438,0.023997
128.394069,121.901744,6.492325,128.792153,122.294419,6.497734,5.639560,0.022518
128.348243,121.842041,6.506202,128.519671,122.009992,6.509680,5.621959,0.020147
128.213528,121.702554,6.510974,128.603028,122.090196,6.512832,4.769371,0.022150
128.253272,121.757970,6.495302,129.119611,122.675682,6.443930,5.203536,0.022521
128.247937,121.741398,6.506539,128.788866,122.295018,6.493848,5.216813,0.021897
128.091640,121.568357,6.523284,128.264025,121.749694,6.514331,5.159890,0.023522
128.246143,121.748506,6.497637,128.852083,122.354856,6.497227,4.927977,0.025819
128.157367,121.651192,6.506175,128.661047,122.177748,6.483299,5.771825,0.022810
128.196144,121.700337,6.495807,129.247310,122.785879,6.461432,4.856264,0.026521
128.210770,121.702236,6.508534,128.808171,122.289462,6.518708,4.680860,0.023969
128.257529,121.753157,6.504372,128.338989,121.836048,6.502941,4.403334,0.022815
128.305404,121.818878,6.486527,128.500295,122.011049,6.489247,6.005452,0.020722
128.212069,121.733948,6.478121,128.737260,122.253818,6.483441,5.225439,0.021998
128.276748,121.791461,6.485287,128.762590,122.277213,6.485377,4.581352,0.025678
128.265212,121.774727,6.490485,128.851847,122.373231,6.478617,5.023157,0.026367
128.321921,121.832333,6.489588,128.695980,122.191865,6.504115,5.115314,0.023210
128.161714,121.660600,6.501114,129.021875,122.576274,6.445602,5.362900,0.025783
128.175343,121.692379,6.482965,129.006035,122.546166,6.459870,5.018181,0.023784
128.263584,121.775390,6.488194,128.719449,122.246779,6.472670,5.413220,0.022254
128.126976,121.640613,6.486364,128.757976,122.263047,6.494930,5.635386,0.023171
128.184475,121.680727,6.503748,128.980498,122.497995,6.482503,5.150358,0.022479
128.225090,121.726903,6.498187,128.860758,122.363046,6.497713,5.163104,0.021991
128.031804,121.530076,6.501728,128.662136,122.193746,6.468390,4.862002,0.022294
128.280878,121.799577,6.481301,128.631287,122.129463,6.501823,5.180934,0.025828
128.133646,121.634622,6.499023,128.982688,122.506927,6.475762,5.071965,0.024697
128.154110,121.662976,6.491134,128.615174,122.169105,6.446069,5.385283,0.022057
128.217976,121.740690,6.477286,129.124229,122.616439,6.507791,4.994221,0.022630
128.256556,121.747321,6.509235,128.559513,122.059698,6.499815,5.167128,0.023243
128.181978,121.691395,6.490582,129.044284,122.550591,6.493692,4.816527,0.025101
128.121953,121.637031,6.484922,128.705039,122.218379,6.486661,5.290163,0.020556
128.099248,121.604189,6.495059,129.007512,122.540538,6.466974,5.623035,0.024104
128.130686,121.642650,6.488036,129.397047,122.950521,6.446525,4.940883,0.023274
128.222533,121.725273,6.497260,128.807400,122.327620,6.479780,4.722124,0.025103
128.214420,121.739671,6.474748,128.725333,122.253308,6.472025,5.118301,0.022332
128.186024,121.705336,6.480688,128.788405,122.273260,6.515144,5.056961,0.025149
128.077568,121.585313,6.492256,128.909887,122.433643,6.476244,5.504384,0.021666
128.353345,121.881806,6.471539,128.961022,122.516890,6.444131,5.317841,0.024257
128.262720,121.776567,6.486154,128.807186,122.329072,6.478114,4.938076,0.023861
128.152977,121.662053,6.490924,128.830653,122.362014,6.468638,4.973094,0.026089
128.269993,121.782085,6.487908,129.017161,122.557912,6.459248,5.600994,0.021245
128.240467,121.746039,6.494429,128.575051,122.065546,6.509504,5.387979,0.022667
128.113397,121.619216,6.494181,128.890144,122.380969,6.509174,5.007835,0.024471
128.176832,121.692388,6.484444,129.121764,122.649918,6.471845,5.453267,0.021780
128.334310,121.856810,6.477499,128.995758,122.518502,6.477256,5.145901,0.022881
128.279752,121.786837,6.492915,129.001484,122.550838,6.450646,5.534661,0.022280
128.310994,121.827393,6.483601,129.002147,122.514666,6.487481,4.860631,0.024553
128.368876,121.896100,6.472777,128.500254,122.020503,6.479751,5.117973,0.024500
128.258694,121.775872,6.482822,129.136792,122.702081,6.434711,5.300286,0.023227
128.331598,121.860841,6.470757,128.956158,122.485710,6.470448,5.308640,0.022679
128.243005,121.748201,6.494804,129.225065,122.790990,6.434075,5.127452,0.025334
128.231759,121.744683,6.487075,128.380616,121.886689,6.493927,5.015807,0.022876
128.185304,121.686894,6.498410,129.494957,123.028113,6.466843,5.187065,0.022465
128.284492,121.797152,6.487340,128.841973,122.371781,6.470192,4.838370,0.023831
128.136767,121.645318,6.491449,128.826267,122.372046,6.454221,5.137390,0.025011
128.310245,121.835523,6.474723,128.575672,122.094064,6.481608,4.766197,0.027861
128.378801,121.897027,6.481773,128.864935,122.388031,6.476904,5.169234,0.023016
128.189371,121.704325,6.485046,129.144192,122.728198,6.415994,5.000726,0.021742
128.313691,121.844127,6.469564,129.046753,122.579136,6.467616,5.024098,0.024404
128.230365,121.754742,6.475623,128.439883,121.940538,6.499345,5.119717,0.023924
128.265082,121.784976,6.480106,128.425633,121.940448,6.485185,5.693658,0.022232
128.168716,121.694329,6.474387,128.806391,122.352970,6.453421,5.133337,0.022120
128.179982,121.697815,6.482167,128.823965,122.346036,6.477930,5.167450,0.022516
128.194696,121.713295,6.481401,128.852473,122.401218,6.451254,5.663466,0.022783
128.340607,121.863734,6.476873,129.615332,123.160185,6.455147,4.913610,0.023738
128.200631,121.718067,6.482564,129.013425,122.528750,6.484676,5.270761,0.023030
128.274706,121.784320,6.490386,128.788929,122.312770,6.476159,5.078247,0.023369
128.162747,121.667080,6.495667,128.705152,122.194019,6.511133,5.235497,0.023224
128.191909,121.707408,6.484501,129.079724,122.587453,6.492271,4.758086,0.026091
128.195263,121.709726,6.485537,128.806935,122.346365,6.460570,5.305084,0.022345
128.225954,121.748717,6.477236,128.898126,122.437297,6.460829,5.470744,0.022082
128.335223,121.863268,6.471955,128.744623,122.258876,6.485747,4.856331,0.024535
128.196512,121.701514,6.494998,129.275093,122.823091,6.452002,5.193388,0.023319
128.183926,121.687779,6.496147,128.671311,122.200880,6.470432,5.719459,0.024032
128.175701,121.692126,6.483575,128.592959,122.109147,6.483812,5.408401,0.024233
128.258242,121.779616,6.478626,129.121604,122.664290,6.457314,5.606201,0.022221
128.339643,121.875258,6.464385,129.018673,122.531843,6.486830,4.696457,0.025312
