261.371378,254.242789,7.128589,214.466331,206.148733,8.317599,12.225976,0.000010
214.744802,206.427089,8.317713,214.330047,206.012289,8.317758,13.822285,0.000000
214.731507,206.413745,8.317763,214.401330,206.083567,8.317765,nan,0.000000
214.678258,206.360494,8.317765,214.256276,205.938512,8.317766,nan,0.000000
214.643880,206.326116,8.317766,214.497244,206.179480,8.317766,nan,0.000000
214.621391,206.303627,8.317766,214.339675,206.021911,8.317766,nan,0.000000
214.592840,206.275075,8.317766,214.296854,205.979090,8.317766,nan,0.000000
214.579875,206.262111,8.317766,214.334518,206.016754,8.317766,nan,0.000000
214.585898,206.268134,8.317766,214.278560,205.960796,8.317766,nan,0.000000
214.575325,206.257561,8.317766,214.332198,206.014433,8.317766,nan,0.000000
214.528249,206.210485,8.317766,214.243820,205.926056,8.317766,nan,0.000000
214.532047,206.214282,8.317766,214.397208,206.079444,8.317766,nan,0.000000
214.535709,206.217945,8.317766,214.386086,206.068322,8.317766,nan,0.000000
214.519650,206.201886,8.317766,214.253953,205.936189,8.317766,nan,0.000000
214.506826,206.189062,8.317766,214.261824,205.944059,8.317766,nan,0.000000
214.494530,206.176766,8.317766,214.199808,205.882044,8.317766,nan,0.000000
214.493553,206.175789,8.317766,214.230702,205.912938,8.317766,nan,0.000000
214.501051,206.183287,8.317766,214.157195,205.839431,8.317766,nan,0.000000
214.477183,206.159419,8.317766,214.212211,205.894446,8.317766,nan,0.000000
214.492352,206.174588,8.317766,214.264542,205.946778,8.317766,nan,0.000000
214.478331,206.160567,8.317766,214.217993,205.900228,8.317766,nan,0.000000
214.457002,206.139238,8.317766,214.255008,205.937243,8.317766,nan,0.000000
214.459449,206.141684,8.317766,214.208582,205.890818,8.317766,nan,0.000000
214.458991,206.141227,8.317766,214.243526,205.925762,8.317766,nan,0.000000
214.461035,206.143270,8.317766,214.202082,205.884318,8.317766,nan,0.000000
214.452688,206.134924,8.317766,214.215764,205.898000,8.317766,nan,0.000000
214.452383,206.134619,8.317766,214.174594,205.856830,8.317766,nan,0.000000
214.448830,206.131066,8.317766,214.160918,205.843153,8.317766,nan,0.000000
214.444381,206.126617,8.317766,214.212572,205.894808,8.317766,nan,0.000000
214.441713,206.123949,8.317766,214.262635,205.944871,8.317766,nan,0.000000
214.444238,206.126474,8.317766,214.160527,205.842763,8.317766,nan,0.000000
214.435944,206.118180,8.317766,214.174345,205.856581,8.317766,nan,0.000000
214.426764,206.109000,8.317766,214.213566,205.895802,8.317766,nan,0.000000
214.435091,206.117327,8.317766,214.227064,205.909299,8.317766,nan,0.000000
214.437260,206.119495,8.317766,214.206866,205.889102,8.317766,nan,0.000000
214.429927,206.112163,8.317766,214.165328,205.847564,8.317766,nan,0.000000
214.423629,206.105865,8.317766,214.313918,205.996154,8.317766,nan,0.000000
214.441696,206.123932,8.317766,214.193877,205.876113,8.317766,nan,0.000000
214.419115,206.101351,8.317766,214.137200,205.819436,8.317766,nan,0.000000
214.424007,206.106243,8.317766,214.154884,205.837120,8.317766,nan,0.000000
214.420327,206.102563,8.317766,214.173505,205.855741,8.317766,nan,0.000000
214.416988,206.099224,8.317766,214.188773,205.871009,8.317766,nan,0.000000
214.419248,206.101484,8.317766,214.223858,205.906094,8.317766,nan,0.000000
214.410062,206.092298,8.317766,214.156654,205.838890,8.317766,nan,0.000000
214.424168,206.106404,8.317766,214.389034,206.071270,8.317766,nan,0.000000
214.423824,206.106060,8.317766,214.185063,205.867299,8.317766,nan,0.000000
214.417846,206.100081,8.317766,214.136359,205.818595,8.317766,nan,0.000000
214.411471,206.093707,8.317766,214.155787,205.838022,8.317766,nan,0.000000
214.414435,206.096670,8.317766,214.177426,205.859661,8.317766,nan,0.000000
214.409636,206.091872,8.317766,214.250343,205.932579,8.317766,nan,0.000000
214.415254,206.097489,8.317766,214.249744,205.931980,8.317766,nan,0.000000
214.411767,206.094002,8.317766,214.164268,205.846504,8.317766,nan,0.000000
214.412639,206.094875,8.317766,214.209085,205.891320,8.317766,nan,0.000000
214.406703,206.088938,8.317766,214.207307,205.889543,8.317766,nan,0.000000
214.408965,206.091200,8.317766,214.199425,205.881661,8.317766,nan,0.000000
214.406576,206.088811,8.317766,214.159544,205.841780,8.317766,nan,0.000000
214.405745,206.087981,8.317766,214.190590,205.872826,8.317766,nan,0.000000
214.409160,206.091396,8.317766,214.174604,205.856840,8.317766,nan,0.000000
214.406491,206.088726,8.317766,214.144851,205.827087,8.317766,nan,0.000000
214.404683,206.086919,8.317766,214.151784,205.834020,8.317766,nan,0.000000
214.406455,206.088691,8.317766,214.159335,205.841570,8.317766,nan,0.000000
214.407597,206.089832,8.317766,214.158945,205.841181,8.317766,nan,0.000000
214.404853,206.087088,8.317766,214.133088,205.815324,8.317766,nan,0.000000
214.406902,206.089137,8.317766,214.196777,205.879013,8.317766,nan,0.000000
214.402555,206.084791,8.317766,214.157732,205.839967,8.317766,nan,0.000000
214.402581,206.084816,8.317766,214.173835,205.856071,8.317766,nan,0.000000
214.406704,206.088940,8.317766,214.188975,205.871210,8.317766,nan,0.000000
214.401805,206.084041,8.317766,214.166978,205.849214,8.317766,nan,0.000000
214.405480,206.087716,8.317766,214.181816,205.864052,8.317766,nan,0.000000
214.407491,206.089727,8.317766,214.199885,205.882121,8.317766,nan,0.000000
214.405712,206.087948,8.317766,214.134609,205.816845,8.317766,nan,0.000000
214.400742,206.082978,8.317766,214.218357,205.900593,8.317766,nan,0.000000
214.401349,206.083585,8.317766,214.149216,205.831451,8.317766,nan,0.000000
214.403724,206.085960,8.317766,214.127355,205.809591,8.317766,nan,0.000000
214.400745,206.082980,8.317766,214.144987,205.827223,8.317766,nan,0.000000
214.396884,206.079120,8.317766,214.174657,205.856893,8.317766,nan,0.000000
214.397545,206.079780,8.317766,214.165295,205.847531,8.317766,nan,0.000000
214.399003,206.081239,8.317766,214.161883,205.844118,8.317766,nan,0.000000
214.396983,206.079218,8.317766,214.144084,205.826320,8.317766,nan,0.000000
214.401092,206.083328,8.317766,214.169345,205.851581,8.317766,nan,0.000000
214.394410,206.076646,8.317766,214.127756,205.809991,8.317766,nan,0.000000
214.395628,206.077863,8.317766,214.152913,205.835149,8.317766,nan,0.000000
214.391335,206.073570,8.317766,214.167804,205.850040,8.317766,nan,0.000000
214.400259,206.082495,8.317766,214.142152,205.824387,8.317766,nan,0.000000
214.398987,206.081223,8.317766,214.166087,205.848323,8.317766,nan,0.000000
214.400967,206.083203,8.317766,214.146640,205.828876,8.317766,nan,0.000000
214.402176,206.084411,8.317766,214.222226,205.904462,8.317766,nan,0.000000
214.403772,206.086007,8.317766,214.167247,205.849482,8.317766,nan,0.000000
214.395021,206.077256,8.317766,214.182549,205.864785,8.317766,nan,0.000000
214.392974,206.075210,8.317766,214.172603,205.854839,8.317766,nan,0.000000
214.402315,206.084550,8.317766,214.142175,205.824410,8.317766,nan,0.000000
214.399338,206.081574,8.317766,214.216247,205.898483,8.317766,nan,0.000000
214.390770,206.073006,8.317766,214.179250,205.861486,8.317766,nan,0.000000
214.395189,206.077425,8.317766,214.175506,205.857742,8.317766,nan,0.000000
214.393403,206.075638,8.317766,214.219981,205.902216,8.317766,nan,0.000000
214.397643,206.079879,8.317766,214.174823,205.857059,8.317766,nan,0.000000
214.388711,206.070947,8.317766,214.105541,205.787776,8.317766,nan,0.000000
214.393473,206.075708,8.317766,214.176188,205.858424,8.317766,nan,0.000000
214.387211,206.069447,8.317766,214.138586,205.820821,8.317766,nan,0.000000
214.389426,206.071661,8.317766,214.140338,205.822574,8.317766,nan,0.000000
214.392067,206.074302,8.317766,214.154682,205.836918,8.317766,nan,0.000000
214.393093,206.075329,8.317766,214.261531,205.943766,8.317766,nan,0.000000
214.400922,206.083157,8.317766,214.146703,205.828939,8.317766,nan,0.000000
214.389156,206.071392,8.317766,214.159150,205.841386,8.317766,nan,0.000000
214.392877,206.075113,8.317766,214.186158,205.868394,8.317766,nan,0.000000
214.390711,206.072946,8.317766,214.166651,205.848887,8.317766,nan,0.000000
214.390868,206.073103,8.317766,214.161271,205.843506,8.317766,nan,0.000000
214.389682,206.071918,8.317766,214.141237,205.823472,8.317766,nan,0.000000
214.389386,206.071622,8.317766,214.150010,205.832246,8.317766,nan,0.000000
214.388185,206.070421,8.317766,214.173345,205.855581,8.317766,nan,0.000000
214.387471,206.069707,8.317766,214.165078,205.847313,8.317766,nan,0.000000
214.388115,206.070350,8.317766,214.140132,205.822368,8.317766,nan,0.000000
214.392575,206.074811,8.317766,214.119211,205.801447,8.317766,nan,0.000000
214.394345,206.076581,8.317766,214.116341,205.798577,8.317766,nan,0.000000
214.387863,206.070099,8.317766,214.158193,205.840429,8.317766,nan,0.000000
214.386570,206.068806,8.317766,214.186142,205.868378,8.317766,nan,0.000000
214.386500,206.068736,8.317766,214.186217,205.868453,8.317766,nan,0.000000
214.388195,206.070431,8.317766,214.167544,205.849780,8.317766,nan,0.000000
214.390376,206.072612,8.317766,214.157557,205.839792,8.317766,nan,0.000000
214.389496,206.071731,8.317766,214.194853,205.877088,8.317766,nan,0.000000
214.385220,206.067456,8.317766,214.120674,205.802909,8.317766,nan,0.000000
214.385186,206.067421,8.317766,214.149446,205.831682,8.317766,nan,0.000000
214.385746,206.067982,8.317766,214.208461,205.890697,8.317766,nan,0.000000
214.385292,206.067528,8.317766,214.147442,205.829678,8.317766,nan,0.000000
214.383353,206.065589,8.317766,214.175589,205.857825,8.317766,nan,0.000000
214.391533,206.073768,8.317766,214.160706,205.842942,8.317766,nan,0.000000
214.390535,206.072771,8.317766,214.164830,205.847066,8.317766,nan,0.000000
214.383205,206.065440,8.317766,214.117166,205.799401,8.317766,nan,0.000000
214.385896,206.068131,8.317766,214.143868,205.826104,8.317766,nan,0.000000
214.384426,206.066662,8.317766,214.185119,205.867355,8.317766,nan,0.000000
214.383456,206.065691,8.317766,214.127858,205.810094,8.317766,nan,0.000000
214.382371,206.064607,8.317766,214.193745,205.875980,8.317766,nan,0.000000
214.387357,206.069593,8.317766,214.153280,205.835515,8.317766,nan,0.000000
214.391790,206.074026,8.317766,214.147697,205.829933,8.317766,nan,0.000000
214.383924,206.066160,8.317766,214.137556,205.819792,8.317766,nan,0.000000
214.384133,206.066368,8.317766,214.165542,205.847778,8.317766,nan,0.000000
214.385713,206.067948,8.317766,214.141589,205.823825,8.317766,nan,0.000000
214.382908,206.065144,8.317766,214.156218,205.838454,8.317766,nan,0.000000
214.385800,206.068036,8.317766,214.160062,205.842298,8.317766,nan,0.000000
214.383591,206.065827,8.317766,214.153941,205.836177,8.317766,nan,0.000000
214.384566,206.066802,8.317766,214.152243,205.834478,8.317766,nan,0.000000
214.383393,206.065629,8.317766,214.199280,205.881516,8.317766,nan,0.000000
214.384850,206.067086,8.317766,214.134793,205.817029,8.317766,nan,0.000000
214.380708,206.062943,8.317766,214.122797,205.805033,8.317766,nan,0.000000
214.383120,206.065355,8.317766,214.121270,205.803506,8.317766,nan,0.000000
214.385336,206.067571,8.317766,214.129115,205.811351,8.317766,nan,0.000000
214.381386,206.063622,8.317766,214.142356,205.824592,8.317766,nan,0.000000
214.386487,206.068723,8.317766,214.161134,205.843370,8.317766,nan,0.000000
214.383312,206.065548,8.317766,214.160685,205.842920,8.317766,nan,0.000000
214.386870,206.069106,8.317766,214.143537,205.825772,8.317766,nan,0.000000
214.381777,206.064013,8.317766,214.143652,205.825888,8.317766,nan,0.000000
214.382841,206.065076,8.317766,214.171903,205.854139,8.317766,nan,0.000000
214.381199,206.063435,8.317766,214.159544,205.841780,8.317766,nan,0.000000
214.387445,206.069681,8.317766,214.178094,205.860330,8.317766,nan,0.000000
214.384382,206.066618,8.317766,214.114501,205.796737,8.317766,nan,0.000000
214.381475,206.063711,8.317766,214.172482,205.854718,8.317766,nan,0.000000
214.382368,206.064604,8.317766,214.155977,205.838212,8.317766,nan,0.000000
214.381071,206.063307,8.317766,214.130133,205.812368,8.317766,nan,0.000000
214.384049,206.066284,8.317766,214.174406,205.856641,8.317766,nan,0.000000
214.381633,206.063869,8.317766,214.201030,205.883266,8.317766,nan,0.000000
