278.391689,265.855164,12.536525,210.168507,193.831310,16.337196,2.851282,0.006296
202.612773,190.154978,12.457795,188.172536,183.896507,4.276028,4.063490,0.005947
180.619222,174.765231,5.853990,173.938353,167.123981,6.814371,4.246686,0.008232
168.201792,160.252760,7.949032,161.070936,151.896319,9.174617,3.470515,0.010220
156.613727,146.555239,10.058488,151.760065,141.225397,10.534669,3.952170,0.011262
149.491866,138.527037,10.964829,145.514170,134.058138,11.456031,3.937313,0.012186
143.910804,132.060432,11.850372,140.564046,128.263360,12.300685,3.985625,0.012931
139.563919,126.982371,12.581548,137.170899,124.381414,12.789486,4.061334,0.014407
136.637830,123.593685,13.044145,134.446072,121.117299,13.328773,4.259254,0.013483
134.035241,120.685815,13.349426,132.349344,118.861912,13.487431,4.047223,0.014638
132.017635,118.374178,13.643457,129.879873,115.980470,13.899403,3.974895,0.014357
130.118366,116.197908,13.920458,128.406312,114.348432,14.057880,4.053652,0.015779
128.713699,114.621277,14.092423,127.229534,112.926149,14.303384,4.223347,0.014778
127.264918,112.982707,14.282211,126.001862,111.577239,14.424624,4.307502,0.014418
125.980132,111.479289,14.500843,124.623855,110.039283,14.584572,4.089017,0.015224
124.976456,110.362676,14.613780,123.636615,108.909032,14.727583,4.306007,0.015043
124.012585,109.269190,14.743395,122.951662,108.099291,14.852371,4.219432,0.015897
123.059799,108.200289,14.859510,122.047665,107.205660,14.842005,4.059677,0.015362
122.177900,107.220120,14.957781,121.088154,106.071557,15.016597,4.120616,0.014755
121.396703,106.349072,15.047632,120.516719,105.511232,15.005487,4.398718,0.015042
120.767567,105.692897,15.074670,120.230720,105.127647,15.103074,4.166858,0.015179
120.037743,104.895102,15.142641,119.090307,103.832926,15.257382,4.155266,0.015301
119.477203,104.295972,15.181231,118.716845,103.463161,15.253684,4.285963,0.014735
118.769228,103.551385,15.217844,118.077409,102.777479,15.299930,4.337492,0.014673
118.246905,102.960930,15.285975,117.469102,102.169146,15.299955,4.254222,0.014779
117.801010,102.481736,15.319273,116.974974,101.612547,15.362427,4.369822,0.014496
117.262170,101.899928,15.362241,116.488338,101.095465,15.392873,4.369559,0.014565
116.772342,101.384264,15.388079,116.067211,100.593617,15.473594,4.191989,0.015192
116.316282,100.831627,15.484655,115.614127,100.208785,15.405342,4.166436,0.014584
115.853823,100.334713,15.519110,115.344771,99.852800,15.491971,4.238127,0.015504
115.439827,99.876620,15.563207,114.800213,99.165129,15.635084,4.374988,0.014444
115.081932,99.491755,15.590177,114.449026,98.812140,15.636887,4.355907,0.014096
114.745012,99.117212,15.627801,114.176444,98.466494,15.709951,4.288790,0.015617
114.339547,98.698057,15.641490,113.870965,98.163289,15.707676,4.390573,0.014807
113.977712,98.277596,15.700116,113.460912,97.735819,15.725092,4.678725,0.012799
113.673794,97.960263,15.713531,113.159409,97.493712,15.665696,4.386014,0.014500
113.347993,97.641088,15.706905,113.056367,97.416380,15.639987,4.416742,0.014427
113.121173,97.402076,15.719097,112.740121,97.017857,15.722264,4.515098,0.014172
112.862302,97.109855,15.752448,112.335503,96.517945,15.817558,4.360178,0.014208
112.457430,96.668229,15.789201,112.068093,96.302725,15.765368,4.626720,0.013400
112.195675,96.357862,15.837814,111.676966,95.872109,15.804857,4.538918,0.014841
111.971878,96.070728,15.901150,111.715047,95.803231,15.911817,4.306293,0.014266
111.633018,95.737918,15.895101,111.633506,95.763274,15.870232,4.265063,0.014185
111.404703,95.489132,15.915571,111.495275,95.547966,15.947309,4.383614,0.014796
111.136265,95.214903,15.921361,111.072155,95.096724,15.975431,4.257634,0.015019
111.020477,95.100499,15.919978,110.785461,94.935644,15.849817,4.353674,0.015027
110.799854,94.814193,15.985662,110.591701,94.666725,15.924975,4.372125,0.014602
110.535444,94.515770,16.019674,110.404700,94.359411,16.045289,4.311422,0.016103
110.300449,94.287623,16.012825,110.096375,94.136431,15.959944,4.306738,0.014895
110.089110,94.054010,16.035100,110.018167,93.940881,16.077286,4.438612,0.014594
109.886158,93.867359,16.018799,109.771315,93.663815,16.107500,4.446442,0.013789
109.685707,93.587763,16.097945,109.666906,93.594862,16.072044,4.400030,0.014897
109.544448,93.454685,16.089763,109.417977,93.328020,16.089956,4.643991,0.013519
109.377173,93.296604,16.080569,109.230140,93.171448,16.058692,4.240723,0.014800
109.162289,92.994308,16.167981,109.028220,92.812307,16.215913,4.394505,0.013676
108.929544,92.736061,16.193484,109.001170,92.919735,16.081435,4.266307,0.015286
108.740245,92.533597,16.206648,108.701178,92.427501,16.273677,4.365196,0.013726
108.514150,92.313915,16.200234,108.682845,92.477487,16.205359,4.151529,0.014829
108.404937,92.169772,16.235166,108.615337,92.299469,16.315869,4.154441,0.015088
108.220319,91.995525,16.224794,108.277986,92.001833,16.276153,4.493031,0.014309
108.064410,91.826393,16.238017,108.187580,91.884721,16.302859,4.533274,0.013528
107.866333,91.604678,16.261655,108.120312,91.898485,16.221827,4.402908,0.014483
107.745534,91.458266,16.287268,107.939870,91.690115,16.249755,4.439121,0.014277
107.551417,91.262000,16.289417,107.975437,91.742647,16.232790,4.385429,0.015305
107.467741,91.175063,16.292678,107.450334,91.159695,16.290640,4.365287,0.013679
107.285439,90.965162,16.320277,107.471707,91.096782,16.374925,4.527794,0.013899
107.062357,90.720149,16.342208,107.228064,90.868456,16.359608,4.363352,0.013342
106.995337,90.678402,16.316935,107.196314,90.880596,16.315718,4.463752,0.013281
106.921174,90.578617,16.342558,106.984940,90.613728,16.371212,4.451042,0.014099
106.759108,90.375598,16.383510,107.009300,90.548696,16.460604,4.354896,0.013405
106.579914,90.191806,16.388108,106.848928,90.411438,16.437490,4.448598,0.013340
106.464634,90.093898,16.370736,106.699652,90.334391,16.365261,4.685215,0.013865
106.388845,90.054490,16.334355,106.692759,90.304586,16.388174,4.619592,0.013701
106.247145,89.873689,16.373456,106.697059,90.244026,16.453034,4.181494,0.014813
106.153018,89.765393,16.387625,106.395876,89.984631,16.411246,4.255725,0.013993
106.085260,89.676974,16.408287,106.385827,89.952607,16.433220,4.548381,0.013045
105.913592,89.508400,16.405192,106.214530,89.837423,16.377106,4.448178,0.014872
105.788321,89.377208,16.411113,106.354851,89.973658,16.381193,4.289359,0.014254
105.698839,89.312925,16.385914,106.039795,89.565769,16.474026,4.520331,0.013546
105.579042,89.143402,16.435640,105.993469,89.530447,16.463022,4.471194,0.013413
105.467490,89.007178,16.460312,105.956719,89.485829,16.470889,4.236077,0.013888
105.386356,88.938442,16.447914,105.685623,89.220697,16.464927,4.339595,0.014325
105.309457,88.880463,16.428994,105.631377,89.170407,16.460970,4.451721,0.013834
105.243498,88.822072,16.421426,105.622643,89.197741,16.424902,4.370982,0.013882
105.144958,88.701975,16.442983,105.500546,89.038728,16.461817,4.472817,0.013973
105.038013,88.579009,16.459004,105.636108,89.172886,16.463222,4.391093,0.013154
104.975047,88.542672,16.432375,105.454119,89.003599,16.450520,4.553355,0.013024
104.832696,88.399204,16.433492,105.659258,89.210007,16.449252,4.454550,0.013686
104.749078,88.258903,16.490175,105.263874,88.775250,16.488624,4.329612,0.013719
104.691563,88.204016,16.487547,105.371309,88.907701,16.463608,4.407206,0.012894
104.594313,88.136909,16.457404,105.170446,88.706637,16.463809,4.508713,0.013250
104.557935,88.094800,16.463135,105.055898,88.586578,16.469320,4.545054,0.013107
104.453383,87.981941,16.471443,104.962358,88.481850,16.480509,4.604603,0.013354
104.367975,87.908303,16.459672,105.223196,88.726256,16.496940,4.597538,0.012934
104.273876,87.799609,16.474267,104.999469,88.496255,16.503214,4.453858,0.013305
104.201069,87.694038,16.507030,105.018152,88.500335,16.517817,4.355050,0.013796
104.085573,87.592455,16.493118,104.686418,88.218937,16.467481,4.436107,0.014517
104.078526,87.637669,16.440857,104.869471,88.438892,16.430579,4.368438,0.014141
104.090339,87.611662,16.478677,104.782701,88.242726,16.539976,4.591171,0.013515
103.959058,87.481408,16.477651,104.756172,88.288771,16.467402,4.641813,0.013471
103.900170,87.389823,16.510347,104.489879,88.053960,16.435919,4.519713,0.013854
103.827909,87.327138,16.500771,104.495813,87.990144,16.505670,4.539713,0.013460
103.732141,87.201832,16.530309,104.458427,87.960335,16.498091,4.407480,0.013732
103.638379,87.109694,16.528685,104.410512,87.881018,16.529495,4.465376,0.012501
103.585419,87.054869,16.530551,104.636864,88.095290,16.541574,4.336699,0.013823
103.554319,86.998850,16.555469,104.369251,87.790318,16.578932,4.389922,0.013263
103.470801,86.927233,16.543568,104.243211,87.732593,16.510618,4.443535,0.013491
103.417087,86.855007,16.562080,104.049915,87.525615,16.524300,4.620475,0.012685
103.345567,86.789480,16.556087,103.930247,87.413804,16.516443,4.677811,0.012144
103.276002,86.745600,16.530402,104.251892,87.676333,16.575559,4.419350,0.013264
103.216819,86.669341,16.547477,104.182455,87.707504,16.474951,4.578365,0.012336
103.137395,86.598665,16.538730,104.090640,87.532785,16.557855,4.572985,0.011951
103.162240,86.627419,16.534820,104.093154,87.587735,16.505419,4.436215,0.013257
103.091509,86.563410,16.528099,103.946534,87.346082,16.600451,4.184390,0.014712
103.038400,86.486073,16.552327,103.853086,87.253198,16.599887,4.471974,0.012717
102.999021,86.439687,16.559333,103.786215,87.191218,16.594996,4.415252,0.013743
102.926488,86.349013,16.577475,103.878236,87.288355,16.589881,4.467859,0.013530
102.850065,86.305656,16.544409,103.713001,87.210282,16.502719,4.690526,0.012218
102.828725,86.260094,16.568631,103.733432,87.176405,16.557027,4.497035,0.013037
102.833966,86.287163,16.546803,103.564047,87.046160,16.517886,4.406386,0.013463
102.671538,86.073895,16.597642,103.639822,87.035261,16.604561,4.366821,0.013907
102.637685,86.066707,16.570978,103.519821,87.022340,16.497480,4.486779,0.014008
102.654667,86.072260,16.582407,103.492747,86.931357,16.561390,4.495741,0.013692
102.549034,85.966844,16.582190,103.647415,87.086155,16.561260,4.323757,0.014843
102.485653,85.899110,16.586544,103.680215,87.099120,16.581095,4.502332,0.013846
102.568783,85.985205,16.583578,103.600249,87.020836,16.579413,4.582801,0.012584
102.430663,85.867753,16.562910,103.454998,86.966292,16.488706,4.398914,0.014006
102.412005,85.836082,16.575923,103.284199,86.673594,16.610604,4.508743,0.013899
102.363098,85.793817,16.569281,103.317855,86.694832,16.623023,4.559341,0.013002
102.281088,85.684776,16.596312,103.402603,86.758326,16.644277,4.263984,0.014057
102.295582,85.673244,16.622338,103.300234,86.670793,16.629441,4.390305,0.013092
102.206013,85.620656,16.585357,103.220527,86.677708,16.542819,4.478439,0.012897
102.162501,85.578239,16.584262,103.260820,86.677244,16.583576,4.536547,0.013063
102.115822,85.466945,16.648878,103.253726,86.644207,16.609519,4.395210,0.013673
102.125056,85.491848,16.633208,103.119399,86.457059,16.662340,4.645348,0.012533
102.069781,85.403512,16.666269,103.091658,86.491690,16.599968,4.639231,0.012447
102.051474,85.418758,16.632715,103.157876,86.596464,16.561412,4.572232,0.012408
102.013583,85.404225,16.609358,103.186374,86.570858,16.615516,4.361010,0.012901
101.950225,85.337303,16.612922,102.939321,86.335539,16.603782,4.581488,0.012872
101.888950,85.284638,16.604312,103.283712,86.688148,16.595564,4.482983,0.013111
101.852389,85.230592,16.621796,103.057507,86.439253,16.618255,4.426219,0.013668
101.917285,85.267916,16.649369,103.001663,86.318388,16.683275,4.664922,0.012212
101.803457,85.192452,16.611004,103.063784,86.471092,16.592693,4.606397,0.012666
101.744569,85.130809,16.613761,103.034082,86.432675,16.601407,4.520744,0.013779
101.785889,85.141432,16.644456,102.893748,86.274946,16.618802,4.513817,0.012881
101.723653,85.064997,16.658656,102.916014,86.258650,16.657364,4.624121,0.012657
101.661245,84.991310,16.669935,102.714442,86.056625,16.657817,4.301572,0.013693
101.624637,84.983239,16.641398,102.895600,86.264939,16.630661,4.507487,0.012367
101.609167,84.953437,16.655730,102.694438,86.031004,16.663434,4.546356,0.013726
101.588929,84.926896,16.662033,102.857895,86.237884,16.620012,4.477630,0.014008
101.576538,84.940639,16.635899,102.854741,86.209648,16.645093,4.476184,0.012221
101.477976,84.818589,16.659387,102.777017,86.178120,16.598897,4.608084,0.012396
101.518796,84.863447,16.655349,102.808087,86.209548,16.598539,4.498002,0.013034
101.500848,84.819532,16.681316,102.790314,86.097581,16.692732,4.555228,0.012922
101.399826,84.734176,16.665651,102.567408,85.919587,16.647822,4.380765,0.014246
101.426865,84.766548,16.660318,102.602957,85.966503,16.636454,4.569511,0.012524
101.368570,84.690337,16.678232,102.524468,85.835702,16.688767,4.607793,0.012813
101.376818,84.702920,16.673899,102.693216,86.011608,16.681609,4.623116,0.012810
101.342076,84.644136,16.697940,102.477000,85.754892,16.722108,4.529334,0.013532
101.317664,84.630858,16.686806,102.606582,85.899023,16.707560,4.428240,0.013038
