203.445143,196.300261,7.144882,180.723696,173.350324,7.373372,4.243860,0.013639
166.512536,159.475111,7.037425,157.787699,150.854640,6.933060,4.316082,0.017573
153.141301,146.409935,6.731366,149.239966,142.610032,6.629935,4.578418,0.021499
147.084583,140.446136,6.638447,144.419379,137.843494,6.575885,4.534081,0.019828
143.211066,136.628275,6.582791,141.456219,134.886358,6.569861,4.907842,0.021177
140.688948,134.042286,6.646662,139.357232,132.729773,6.627458,4.918868,0.020688
139.170892,132.509415,6.661477,138.504883,131.903865,6.601017,4.695576,0.022722
137.849699,131.211422,6.638277,136.993366,130.398431,6.594934,5.588583,0.020144
136.988950,130.363338,6.625613,136.055474,129.408248,6.647226,5.378965,0.020941
136.114525,129.474627,6.639898,135.223920,128.611650,6.612270,5.989611,0.018896
135.353456,128.715164,6.638292,134.540518,127.892052,6.648466,5.942813,0.019487
134.738360,128.067335,6.671025,134.230776,127.565228,6.665548,5.682772,0.021336
134.296916,127.598046,6.698870,133.709814,127.028577,6.681237,4.941194,0.023014
133.910534,127.244279,6.666255,133.249727,126.611446,6.638281,5.540109,0.022283
133.521867,126.847253,6.674614,133.058575,126.363366,6.695208,5.617373,0.022365
133.194128,126.478374,6.715755,132.932095,126.256681,6.675415,5.308390,0.020660
132.870509,126.168829,6.701680,132.583612,125.872128,6.711484,5.310937,0.025196
132.472713,125.740268,6.732446,132.120042,125.396998,6.723044,6.189126,0.021610
132.191353,125.481995,6.709358,132.032806,125.379311,6.653495,5.989045,0.021036
132.107768,125.419463,6.688306,131.551302,124.802210,6.749092,5.847628,0.022749
131.831516,125.128298,6.703218,131.525795,124.870546,6.655249,6.003861,0.021163
131.637398,124.922409,6.714988,131.242422,124.497977,6.744445,5.581663,0.023465
131.456503,124.739059,6.717444,131.189769,124.454465,6.735304,5.327315,0.022365
131.199848,124.475125,6.724723,131.080005,124.406146,6.673860,5.824612,0.025152
131.056099,124.334398,6.721700,130.725108,124.009093,6.716016,5.828333,0.022034
130.989373,124.264492,6.724880,131.008675,124.327155,6.681520,5.595343,0.021388
130.838175,124.118654,6.719520,130.485424,123.778355,6.707069,5.303472,0.023565
130.607045,123.888945,6.718101,130.628052,123.955642,6.672411,5.472048,0.021161
130.523448,123.803312,6.720135,130.611525,123.896030,6.715495,5.964380,0.021596
130.242355,123.506216,6.736138,130.078269,123.356410,6.721857,5.702184,0.023500
130.080572,123.359883,6.720689,130.646275,123.947586,6.698689,5.931301,0.019468
129.980643,123.251920,6.728723,130.161263,123.479156,6.682108,5.366081,0.023062
129.874464,123.152756,6.721707,129.904394,123.200567,6.703826,6.212028,0.022836
129.678373,122.954350,6.724023,129.936956,123.251453,6.685503,6.275099,0.018740
129.583099,122.831712,6.751387,129.126024,122.367674,6.758350,6.191493,0.021255
129.356913,122.613091,6.743822,129.676656,123.017817,6.658839,6.149177,0.021083
129.531899,122.813079,6.718819,129.685558,122.939548,6.746010,5.805149,0.021234
129.317984,122.580262,6.737722,129.378159,122.636666,6.741493,5.820967,0.023353
129.180589,122.451065,6.729524,129.235461,122.447741,6.787720,5.388051,0.023106
129.140013,122.402197,6.737816,129.253888,122.544254,6.709634,6.403719,0.020912
129.097286,122.358055,6.739231,129.501023,122.774174,6.726850,5.164519,0.022910
128.928909,122.183009,6.745900,129.296860,122.609117,6.687743,5.448362,0.027375
128.904626,122.147227,6.757399,129.152618,122.435467,6.717151,6.001633,0.021196
128.777216,122.028402,6.748814,128.942525,122.186492,6.756034,6.210528,0.021306
128.637948,121.855169,6.782779,129.001498,122.224808,6.776690,6.301777,0.020374
128.619882,121.856637,6.763245,128.650189,121.878736,6.771454,5.804823,0.022581
128.424392,121.672733,6.751660,128.559942,121.813500,6.746442,6.027124,0.020993
128.396357,121.630126,6.766232,128.751545,122.034156,6.717389,5.340871,0.023695
128.392846,121.646646,6.746200,128.271126,121.527352,6.743774,6.054881,0.022077
128.216766,121.454655,6.762111,128.984309,122.263622,6.720687,5.479371,0.022384
128.157693,121.386813,6.770880,128.457006,121.701499,6.755507,6.260961,0.021201
128.114630,121.345833,6.768796,128.757267,122.032688,6.724578,5.908918,0.022850
128.051906,121.299138,6.752768,128.639879,121.903243,6.736636,5.404157,0.026963
128.020157,121.257394,6.762763,128.201758,121.442132,6.759626,5.638408,0.021637
127.832085,121.055529,6.776556,128.128151,121.392009,6.736142,6.210010,0.021373
127.833028,121.066910,6.766118,128.300801,121.567151,6.733650,5.900954,0.022028
127.849194,121.093956,6.755238,128.174124,121.404342,6.769782,6.016793,0.020972
127.610855,120.819816,6.791039,128.475984,121.760098,6.715886,5.622886,0.021857
127.633636,120.857802,6.775835,127.773900,120.990563,6.783338,6.047495,0.021089
127.528087,120.751632,6.776455,127.925023,121.162283,6.762739,6.626300,0.022810
127.543911,120.780259,6.763652,128.158029,121.442430,6.715599,5.951534,0.022999
127.454629,120.676636,6.777992,127.965106,121.228144,6.736962,6.199309,0.023587
127.550411,120.785391,6.765019,128.439798,121.725726,6.714072,5.351720,0.023073
127.348038,120.555471,6.792567,127.850400,121.076103,6.774297,6.107798,0.023495
127.375677,120.602429,6.773248,128.113344,121.331252,6.782091,5.436461,0.022207
127.340374,120.537943,6.802432,127.736689,120.942903,6.793785,5.460980,0.022687
127.184262,120.377604,6.806659,127.568984,120.758687,6.810298,5.619335,0.023346
127.112934,120.306978,6.805955,127.497335,120.735524,6.761811,5.377278,0.023567
127.117529,120.323277,6.794253,127.603126,120.850064,6.753062,6.500082,0.020999
127.135768,120.355479,6.780290,127.742435,120.965171,6.777264,5.538822,0.023780
127.101005,120.295967,6.805038,127.754094,120.959874,6.794220,6.251489,0.020692
127.149876,120.353284,6.796591,127.863041,121.101274,6.761767,5.214180,0.022887
127.010632,120.219280,6.791351,127.721426,120.961014,6.760411,6.826346,0.021050
127.000772,120.188964,6.811808,127.920298,121.151125,6.769173,5.947176,0.022306
126.989093,120.176636,6.812457,127.319785,120.503131,6.816655,5.844628,0.020542
126.924880,120.113917,6.810963,127.758695,121.001539,6.757157,5.791892,0.020928
126.902453,120.094449,6.808004,127.338672,120.578719,6.759953,5.989186,0.021942
126.831355,120.031615,6.799741,127.719194,120.933644,6.785549,5.474425,0.024250
126.824585,120.017161,6.807424,127.757556,120.981210,6.776346,6.041930,0.021119
126.724347,119.912063,6.812284,127.730785,120.965965,6.764821,5.088013,0.023277
126.767357,119.962672,6.804685,127.612714,120.858163,6.754550,5.796394,0.023299
126.581220,119.742490,6.838730,127.713094,120.926595,6.786499,5.583972,0.022806
126.735157,119.933585,6.801573,127.704524,120.946083,6.758442,6.067810,0.023092
126.624576,119.819401,6.805175,127.368105,120.608428,6.759677,5.314807,0.021592
126.667625,119.868064,6.799561,127.284629,120.496041,6.788589,5.700883,0.021452
126.580688,119.751445,6.829242,127.369091,120.584389,6.784703,5.255155,0.025613
126.468096,119.650144,6.817952,127.314301,120.527311,6.786990,5.548257,0.024020
126.494404,119.673347,6.821057,127.011590,120.214979,6.796611,5.481944,0.025004
126.466184,119.635735,6.830449,127.237675,120.441945,6.795730,5.304627,0.025667
126.355724,119.531208,6.824517,127.715368,120.942119,6.773249,5.584563,0.024549
126.425970,119.610776,6.815195,127.424775,120.667150,6.757625,5.964500,0.023509
126.551576,119.734728,6.816848,127.306391,120.526111,6.780279,6.149054,0.022502
126.508707,119.691324,6.817383,127.347630,120.529670,6.817960,5.665925,0.023742
126.385844,119.550844,6.835000,127.103318,120.306593,6.796725,5.457925,0.023129
126.311346,119.486175,6.825171,127.422146,120.644704,6.777442,5.275541,0.025463
126.381858,119.570609,6.811249,127.404737,120.628191,6.776545,6.191174,0.021906
126.178605,119.355998,6.822608,127.023038,120.233070,6.789968,5.210301,0.024244
126.227417,119.412975,6.814442,127.148054,120.372006,6.776048,5.811561,0.021877
126.220800,119.393312,6.827488,126.990605,120.199357,6.791247,5.258609,0.026635
126.212913,119.388584,6.824329,127.310726,120.546372,6.764354,6.257604,0.020800
126.242369,119.401805,6.840565,127.267585,120.501694,6.765890,5.768889,0.023127
126.158375,119.328789,6.829585,126.988024,120.192579,6.795445,5.441915,0.024891
126.169378,119.352848,6.816530,127.205220,120.396946,6.808274,5.939819,0.021703
126.062147,119.237580,6.824568,127.392668,120.620075,6.772593,5.918219,0.024248
126.155947,119.331438,6.824509,126.932247,120.148758,6.783489,6.121760,0.021547
126.034782,119.207699,6.827083,127.145195,120.377369,6.767826,5.974141,0.025787
126.044664,119.223186,6.821478,127.263215,120.523751,6.739464,5.742756,0.026422
126.071384,119.251362,6.820023,127.162922,120.386401,6.776522,5.813307,0.020572
126.199343,119.374390,6.824953,127.402971,120.613645,6.789326,6.598328,0.022859
126.017514,119.177036,6.840478,127.534712,120.748048,6.786664,6.220725,0.025464
126.105257,119.281676,6.823580,127.185852,120.398755,6.787097,5.352950,0.023608
125.956402,119.122646,6.833756,126.954031,120.155718,6.798313,5.912720,0.021557
126.002995,119.168573,6.834422,127.287265,120.485182,6.802084,5.367393,0.024705
125.880696,119.035409,6.845287,127.096143,120.316086,6.780058,5.538400,0.022625
125.961892,119.145848,6.816044,126.762490,119.962049,6.800440,6.141080,0.025122
126.010855,119.193439,6.817416,126.951269,120.144140,6.807129,5.528951,0.021041
125.889419,119.070389,6.819031,127.022361,120.239644,6.782717,6.495749,0.020576
125.896113,119.056458,6.839655,126.943319,120.140733,6.802586,5.376523,0.023442
125.976024,119.149699,6.826326,127.100077,120.305736,6.794341,5.973411,0.020322
125.831514,118.983467,6.848048,127.064685,120.267022,6.797663,5.190524,0.025956
125.816124,118.976831,6.839293,127.427587,120.655654,6.771933,6.099741,0.022634
125.871105,119.039786,6.831320,127.234664,120.451575,6.783089,6.507774,0.021406
125.813292,118.985010,6.828282,127.309675,120.501807,6.807869,6.117402,0.023667
125.930129,119.094690,6.835439,127.262828,120.471176,6.791653,6.197752,0.021405
125.904502,119.059620,6.844882,126.702910,119.906713,6.796198,5.877440,0.022419
125.740876,118.891426,6.849451,127.204017,120.405778,6.798239,5.885981,0.023620
125.888995,119.056610,6.832385,127.065463,120.254580,6.810883,6.068978,0.025599
125.767872,118.926995,6.840876,127.270026,120.496320,6.773707,6.493265,0.021764
125.745236,118.898999,6.846237,127.285876,120.486986,6.798891,5.031932,0.026326
125.720730,118.881613,6.839117,127.260847,120.479795,6.781052,6.040269,0.021642
125.797351,118.965740,6.831612,127.245372,120.443712,6.801660,5.464947,0.024608
125.761959,118.906359,6.855601,126.886608,120.084822,6.801786,5.381316,0.024695
125.664112,118.811421,6.852692,127.059034,120.289935,6.769098,5.418379,0.022981
125.840152,118.996161,6.843991,126.986541,120.202288,6.784253,5.664708,0.024096
125.802959,118.967010,6.835950,127.123511,120.330252,6.793259,5.919280,0.022802
125.939259,119.098623,6.840636,126.850383,120.036482,6.813901,6.277972,0.023286
125.804185,118.956933,6.847253,127.214224,120.441596,6.772628,5.651754,0.022368
125.830185,118.993510,6.836675,127.361067,120.587852,6.773215,5.744242,0.025353
125.826645,118.989675,6.836969,127.272987,120.476116,6.796871,5.825887,0.022492
125.714193,118.861980,6.852213,127.238121,120.463458,6.774664,5.824790,0.021415
125.725645,118.881330,6.844315,127.189668,120.435131,6.754536,5.864818,0.021923
125.690123,118.842070,6.848053,127.280115,120.483352,6.796763,4.988329,0.023592
125.743525,118.893606,6.849919,126.930576,120.111920,6.818656,5.499891,0.022732
125.740413,118.893792,6.846620,127.051181,120.245047,6.806135,5.921248,0.022635
125.710855,118.848908,6.861947,127.298324,120.487401,6.810923,5.953740,0.019543
125.627300,118.782971,6.844329,126.573789,119.771819,6.801969,5.524923,0.026117
125.686468,118.833602,6.852866,127.121881,120.355724,6.766157,6.179874,0.021990
125.822105,118.988336,6.833769,127.216916,120.433167,6.783749,5.807001,0.022238
125.770742,118.926196,6.844546,127.052672,120.239231,6.813441,5.183312,0.025086
125.671149,118.818630,6.852518,127.220633,120.437846,6.782787,5.812510,0.022561
125.822668,118.982848,6.839820,126.952378,120.159030,6.793348,5.107862,0.024564
125.664314,118.803207,6.861108,127.087365,120.269551,6.817813,6.058849,0.022997
125.848227,119.003006,6.845221,127.348270,120.544256,6.804014,5.385444,0.023968
125.741737,118.892794,6.848943,127.384790,120.603316,6.781474,5.748106,0.023596
125.901683,119.068207,6.833476,127.691171,120.922834,6.768337,5.755869,0.026148
125.894883,119.048946,6.845936,127.329257,120.539848,6.789409,7.001692,0.025320
125.848782,119.016275,6.832507,127.643550,120.885199,6.758351,6.562521,0.022812
125.940108,119.115601,6.824507,127.474855,120.721674,6.753180,5.733942,0.025711
125.904830,119.078751,6.826079,127.635547,120.892794,6.742753,5.560796,0.025980
125.870465,119.029885,6.840580,126.896133,120.090542,6.805591,5.207313,0.025109
