204.141383,201.361082,2.780301,181.354521,176.313477,5.041044,3.980718,0.009053
169.360410,161.919557,7.440853,156.530370,146.965040,9.565329,3.381337,0.014994
150.570393,139.872501,10.697892,144.605980,133.081167,11.524812,3.427121,0.016928
141.818015,129.902907,11.915108,137.692538,125.139597,12.552941,3.203594,0.019200
136.016461,123.069058,12.947402,133.092241,119.624784,13.467457,3.399321,0.018923
131.957164,118.147001,13.810162,129.301383,115.165445,14.135938,3.400602,0.019523
129.043240,114.672134,14.371106,126.965688,112.238817,14.726871,3.390999,0.018901
126.720768,111.888711,14.832058,124.898880,109.931387,14.967493,3.526483,0.019699
124.701387,109.590374,15.111013,123.099600,107.843233,15.256368,3.561054,0.018849
123.003772,107.615863,15.387909,121.388599,105.839185,15.549414,3.624540,0.018486
121.545493,105.964501,15.580992,120.410135,104.766205,15.643930,3.614599,0.017965
120.184102,104.439306,15.744796,119.361700,103.604546,15.757154,3.551162,0.019514
118.946853,103.071538,15.875315,117.748203,101.940532,15.807671,3.678608,0.018172
117.886888,101.888448,15.998440,116.735809,100.669820,16.065989,3.753220,0.017576
116.930175,100.750424,16.179751,116.175120,99.989691,16.185429,3.451342,0.019118
115.962256,99.736869,16.225386,115.142672,98.836162,16.306510,3.497973,0.018292
115.248926,98.922955,16.325971,114.474333,98.061688,16.412646,3.486685,0.018977
114.442994,97.944059,16.498935,114.131637,97.594561,16.537076,3.394564,0.019157
113.842486,97.275202,16.567284,113.411408,96.679116,16.732292,3.381287,0.019751
113.126636,96.459066,16.667570,112.511240,95.789370,16.721869,3.627252,0.018035
112.587669,95.837660,16.750009,112.034703,95.318922,16.715782,3.669341,0.017013
111.989369,95.180502,16.808867,111.439442,94.688204,16.751238,3.505625,0.018898
111.395067,94.541150,16.853917,111.041193,94.195340,16.845853,3.654117,0.018302
110.929831,94.051094,16.878737,110.762955,93.857124,16.905831,3.448245,0.018252
110.461735,93.539514,16.922221,110.057046,93.108303,16.948743,3.584540,0.017280
109.989350,93.091467,16.897883,109.783249,92.780766,17.002483,3.545287,0.017729
109.626024,92.652659,16.973365,109.306581,92.383974,16.922608,3.568669,0.017401
109.142056,92.125866,17.016191,108.892793,91.795606,17.097188,3.401446,0.017756
108.794740,91.747910,17.046830,108.797111,91.741001,17.056110,3.416562,0.018418
108.426195,91.317176,17.109019,108.332407,91.284337,17.048070,3.610413,0.017564
108.047814,90.963718,17.084096,108.019283,90.875439,17.143845,3.557914,0.016027
107.687851,90.596974,17.090877,107.605299,90.499122,17.106177,3.498702,0.017185
107.364646,90.242615,17.122032,107.249222,90.132656,17.116565,3.479284,0.017270
107.050359,89.881961,17.168399,107.177793,89.993272,17.184521,3.560503,0.016529
106.756614,89.525600,17.231015,106.697054,89.488031,17.209024,3.556289,0.016928
106.530242,89.301921,17.228321,106.430870,89.168286,17.262585,3.457198,0.016296
106.153502,88.873095,17.280407,106.265934,89.003981,17.261953,3.504001,0.017834
105.947645,88.653871,17.293774,106.055036,88.739532,17.315504,3.528501,0.016716
105.772501,88.447390,17.325111,105.798157,88.555649,17.242507,3.451821,0.017277
105.513197,88.184864,17.328333,105.794811,88.512683,17.282128,3.648180,0.017177
105.303016,88.018252,17.284765,105.611140,88.331505,17.279636,3.553936,0.016680
105.048846,87.696719,17.352127,105.476011,88.158292,17.317719,3.475957,0.016320
104.813451,87.468070,17.345381,105.200505,87.874544,17.325961,3.441272,0.016781
104.668938,87.311705,17.357233,104.862653,87.470192,17.392462,3.567751,0.016131
104.448052,87.095962,17.352089,105.212135,87.876520,17.335615,3.465759,0.016447
104.301754,86.938383,17.363372,104.508037,87.208952,17.299086,3.624716,0.015739
104.151756,86.756863,17.394893,104.653500,87.251248,17.402252,3.501084,0.016322
103.942340,86.515054,17.427286,104.309823,86.856977,17.452846,3.369048,0.017170
103.777651,86.332763,17.444888,104.137310,86.737444,17.399866,3.545370,0.017132
103.640615,86.102945,17.537669,104.042121,86.561251,17.480870,3.671177,0.014883
103.486059,86.015562,17.470496,103.844417,86.343965,17.500451,3.447930,0.016800
103.311223,85.843858,17.467364,103.858115,86.387136,17.470980,3.513338,0.017195
103.147370,85.619352,17.528018,103.699356,86.150750,17.548606,3.508950,0.016425
103.043607,85.539205,17.504402,103.774234,86.256452,17.517782,3.415575,0.016849
102.934236,85.453462,17.480774,103.419542,85.844989,17.574553,3.370787,0.016901
102.734289,85.206948,17.527341,103.314085,85.812091,17.501994,3.556332,0.015798
102.637254,85.094772,17.542483,103.193631,85.628309,17.565322,3.501425,0.016060
102.483824,84.935297,17.548527,103.451714,85.868584,17.583130,3.444653,0.016555
102.411379,84.848727,17.562652,103.143941,85.546987,17.596954,3.578532,0.015740
102.219771,84.632203,17.587567,103.053626,85.472122,17.581504,3.405940,0.016988
102.171750,84.565207,17.606543,103.015658,85.508070,17.507588,3.435549,0.016218
102.064163,84.445109,17.619054,102.961964,85.321959,17.640005,3.423450,0.016785
101.954526,84.284136,17.670390,102.636285,84.971128,17.665157,3.477562,0.016790
101.921045,84.236886,17.684160,102.478469,84.814144,17.664325,3.538517,0.015361
101.806648,84.161621,17.645027,102.764195,85.088575,17.675620,3.482673,0.016536
101.736714,84.040508,17.696205,102.553482,84.837040,17.716441,3.545338,0.016195
101.619705,83.884423,17.735282,102.675248,84.959622,17.715626,3.545105,0.016518
101.517351,83.793984,17.723367,102.581971,84.869104,17.712868,3.436298,0.016371
101.454543,83.685331,17.769213,102.542269,84.781932,17.760336,3.411789,0.016699
101.387533,83.635057,17.752476,102.609383,84.986911,17.622472,3.603838,0.015548
101.319631,83.583505,17.736126,102.393005,84.658889,17.734116,3.488035,0.016509
101.198961,83.421681,17.777280,102.185672,84.445038,17.740634,3.406078,0.016020
101.191904,83.421943,17.769960,102.289065,84.564476,17.724589,3.439919,0.016665
101.125967,83.392242,17.733724,102.181154,84.490633,17.690521,3.605855,0.015778
101.038488,83.213644,17.824844,102.103033,84.326825,17.776208,3.510252,0.015917
100.944019,83.173937,17.770083,101.982397,84.232342,17.750054,3.430551,0.016325
100.860398,83.055121,17.805278,102.020264,84.228989,17.791276,3.470105,0.016536
100.832505,83.026726,17.805780,102.312425,84.570466,17.741959,3.258939,0.017005
100.769477,82.949684,17.819793,102.023545,84.292482,17.731063,3.580395,0.015781
100.706918,82.859550,17.847369,101.690748,83.848962,17.841786,3.489056,0.016202
100.643752,82.791317,17.852434,101.891721,84.123183,17.768538,3.496685,0.015958
100.658917,82.793272,17.865645,101.752333,83.934617,17.817717,3.497975,0.015818
100.493505,82.652904,17.840601,101.811525,83.987466,17.824059,3.481960,0.016272
100.485693,82.612356,17.873337,101.577766,83.753449,17.824317,3.473218,0.016035
100.435346,82.539653,17.895693,101.634346,83.751572,17.882774,3.638822,0.015717
100.340653,82.446833,17.893820,101.737100,83.829980,17.907119,3.437126,0.016481
100.296761,82.354525,17.942236,101.650409,83.752074,17.898334,3.445385,0.015740
100.247159,82.340491,17.906668,101.490506,83.640736,17.849769,3.631248,0.014930
100.198967,82.279490,17.919477,101.586746,83.633411,17.953334,3.507140,0.016242
100.189714,82.239203,17.950511,101.532147,83.727339,17.804808,3.445676,0.016327
100.117250,82.182280,17.934970,101.537809,83.614649,17.923160,3.415777,0.016591
100.095976,82.121146,17.974831,101.427350,83.483387,17.943963,3.606099,0.015784
99.993034,82.042154,17.950879,101.427091,83.498094,17.928997,3.449085,0.016457
99.971126,81.992451,17.978675,101.530732,83.583804,17.946929,3.506516,0.014930
99.900504,81.922436,17.978068,101.408769,83.454958,17.953812,3.486621,0.015949
99.911473,81.888712,18.022762,101.473263,83.573691,17.899572,3.333272,0.016075
99.786368,81.820080,17.966288,101.179278,83.324148,17.855129,3.587269,0.016640
99.818406,81.866205,17.952201,101.330239,83.418680,17.911559,3.581163,0.015541
99.822586,81.835294,17.987292,101.415040,83.467133,17.947907,3.380398,0.016838
99.729905,81.724039,18.005866,101.242372,83.304515,17.937857,3.711619,0.015333
99.654445,81.579684,18.074762,101.246520,83.256434,17.990086,3.466125,0.015230
99.665418,81.642518,18.022900,101.140898,83.126364,18.014534,3.530211,0.016026
99.609147,81.564804,18.044343,101.377976,83.404219,17.973757,3.456731,0.016504
99.635730,81.622192,18.013539,101.219024,83.260223,17.958801,3.452872,0.015921
99.555898,81.523233,18.032666,101.125141,83.143091,17.982050,3.533689,0.016085
99.524215,81.481323,18.042892,100.873120,82.946215,17.926905,3.456849,0.016072
99.525219,81.477353,18.047866,101.182946,83.146744,18.036201,3.369621,0.016212
99.421117,81.352516,18.068601,101.051984,83.033376,18.018608,3.537468,0.015408
99.392177,81.322602,18.069575,100.949677,82.906549,18.043128,3.529118,0.015773
99.380646,81.317179,18.063467,100.845136,82.814942,18.030194,3.729404,0.014929
99.356519,81.305096,18.051422,101.133800,83.164079,17.969722,3.527482,0.015881
99.340989,81.281172,18.059817,100.980445,82.994069,17.986376,3.458944,0.016705
99.314882,81.237076,18.077806,100.934301,82.840812,18.093489,3.492270,0.015582
99.250769,81.186972,18.063796,100.993477,83.040906,17.952571,3.462117,0.016049
99.258374,81.178256,18.080118,100.896433,82.897541,17.998892,3.424581,0.016475
99.220691,81.165168,18.055524,100.953007,82.964984,17.988023,3.585109,0.015316
99.136143,81.069316,18.066827,100.877334,82.864697,18.012638,3.570667,0.015487
99.153853,81.085302,18.068551,100.780700,82.718223,18.062477,3.727213,0.014291
99.114854,81.031939,18.082914,101.006923,82.986309,18.020614,3.475698,0.015622
99.074640,81.025387,18.049253,100.999681,82.990477,18.009205,3.576850,0.015485
99.095536,81.005617,18.089920,100.769563,82.715182,18.054382,3.600641,0.015509
99.026017,80.890868,18.135150,100.910806,82.858538,18.052268,3.539467,0.016065
99.036009,80.958374,18.077636,100.867072,82.907704,17.959369,3.365613,0.016246
99.006131,80.939395,18.066736,100.787077,82.747061,18.040017,3.454423,0.015639
98.957413,80.861146,18.096266,100.811397,82.736508,18.074889,3.449704,0.015671
98.951901,80.859421,18.092479,100.677518,82.602703,18.074816,3.652704,0.014892
98.955245,80.803436,18.151810,100.669233,82.554111,18.115121,3.476293,0.015881
98.899379,80.789103,18.110276,100.860693,82.818906,18.041787,3.457458,0.016878
98.868971,80.751470,18.117501,100.788166,82.740555,18.047611,3.521483,0.015277
98.837820,80.728878,18.108942,100.609021,82.544408,18.064614,3.741931,0.015886
98.821419,80.718072,18.103347,100.564340,82.449069,18.115272,3.645013,0.014877
98.805776,80.676681,18.129096,100.628380,82.465885,18.162496,3.435585,0.015850
98.764085,80.633364,18.130721,100.723368,82.723250,18.000117,3.672173,0.015737
98.785921,80.678909,18.107012,100.636109,82.549749,18.086359,3.630225,0.014158
98.761426,80.596968,18.164458,100.619170,82.455551,18.163620,3.650514,0.014710
98.716698,80.574974,18.141724,101.014876,82.998465,18.016410,3.405591,0.016374
98.739567,80.627296,18.112271,100.625339,82.580416,18.044922,3.530347,0.015726
98.720201,80.607478,18.112722,100.666889,82.713438,17.953451,3.475219,0.016205
98.715317,80.591352,18.123965,100.715971,82.709959,18.006011,3.673123,0.014844
98.622487,80.507865,18.114622,100.815086,82.748558,18.066527,3.530572,0.016553
98.668653,80.519266,18.149387,100.404460,82.351070,18.053390,3.660242,0.015060
98.595100,80.456992,18.138108,100.664295,82.565302,18.098993,3.449148,0.016678
98.552649,80.376341,18.176308,100.647962,82.535789,18.112172,3.422398,0.016102
98.556464,80.393791,18.162673,100.619783,82.560047,18.059736,3.425113,0.016274
98.538420,80.387799,18.150620,100.661442,82.659639,18.001803,3.421747,0.016770
98.497532,80.356800,18.140731,100.476947,82.358920,18.118027,3.553785,0.014677
98.514752,80.345383,18.169369,100.504323,82.360029,18.144293,3.633210,0.015454
98.475087,80.304298,18.170789,100.416755,82.300221,18.116535,3.469143,0.015859
98.525457,80.361999,18.163458,100.497537,82.329272,18.168265,3.568582,0.015223
98.382976,80.185946,18.197031,100.390470,82.265743,18.124727,3.528408,0.016078
98.448250,80.276434,18.171816,100.487394,82.319274,18.168120,3.373526,0.016090
98.443140,80.220931,18.222209,100.431338,82.283083,18.148256,3.566985,0.015719
98.391829,80.197232,18.194597,100.389908,82.319778,18.070131,3.545466,0.017307
98.343065,80.176780,18.166285,100.391676,82.273627,18.118050,3.463314,0.015740
98.336098,80.168998,18.167100,100.642003,82.552331,18.089673,3.596974,0.016012
98.329374,80.157700,18.171674,100.408610,82.239149,18.169461,3.477347,0.015405
98.333316,80.139988,18.193328,100.474415,82.242259,18.232156,3.455637,0.015868
98.290200,80.097279,18.192920,100.459057,82.354343,18.104714,3.564789,0.014948
98.308457,80.120187,18.188271,100.338887,82.180082,18.158805,3.511976,0.015729
98.214947,80.004216,18.210732,100.276687,82.143896,18.132791,3.584040,0.015621
