195.793662,192.493877,3.299785,171.824055,164.846640,6.977416,2.899605,0.014208
157.080361,147.467558,9.612803,147.283494,136.311227,10.972266,2.757487,0.021432
144.169941,132.883216,11.286724,140.983616,129.258528,11.725088,2.837731,0.020122
138.013798,125.927176,12.086622,134.621517,122.101702,12.519814,2.877792,0.022554
133.404838,120.513698,12.891140,130.864155,117.581415,13.282740,2.929032,0.022238
130.094320,116.704603,13.389717,127.962132,114.227799,13.734333,2.913493,0.021949
127.575474,113.793469,13.782005,125.777206,111.809158,13.968048,3.020265,0.022615
125.697983,111.647068,14.050915,124.842559,110.650113,14.192446,2.822250,0.023403
123.949496,109.647268,14.302227,122.580666,108.167088,14.413578,2.862558,0.024048
122.416250,107.902551,14.513699,121.253768,106.571043,14.682725,2.942289,0.021747
121.178227,106.449754,14.728473,119.882157,105.020083,14.862074,2.952626,0.021578
120.139672,105.271858,14.867814,119.362007,104.426755,14.935253,3.014718,0.023226
119.037437,104.084887,14.952550,118.619916,103.607491,15.012425,3.145145,0.021693
118.218213,103.204425,15.013789,117.872687,102.855517,15.017170,3.059844,0.020900
117.500869,102.411102,15.089768,116.794618,101.575314,15.219304,3.121843,0.020754
116.778368,101.636269,15.142099,116.655219,101.539712,15.115507,3.017218,0.023742
116.136701,100.954603,15.182099,115.759067,100.613368,15.145699,3.178511,0.022368
115.606886,100.357970,15.248916,115.499435,100.183361,15.316074,3.140035,0.021084
115.043178,99.755290,15.287888,115.205943,99.828820,15.377123,2.933158,0.022040
114.601887,99.259047,15.342840,114.316816,99.038609,15.278207,3.281770,0.020440
114.271886,98.882260,15.389627,113.932653,98.553775,15.378879,3.181647,0.022398
113.788165,98.317237,15.470928,113.737322,98.215920,15.521401,3.224629,0.021713
113.425237,97.906708,15.518530,114.093046,98.513115,15.579931,2.898591,0.022848
113.163832,97.554236,15.609596,113.596939,97.964352,15.632587,3.125658,0.021284
112.848393,97.151065,15.697328,113.019825,97.291984,15.727841,3.202269,0.023425
112.514067,96.738443,15.775624,113.085129,97.299309,15.785820,3.163957,0.021744
112.225618,96.402371,15.823247,112.407472,96.347402,16.060070,3.133001,0.021742
111.835530,95.936452,15.899079,112.333735,96.404008,15.929727,3.039839,0.021761
111.617619,95.610861,16.006758,111.751955,95.660740,16.091214,3.194109,0.021210
111.304349,95.246347,16.058003,111.577840,95.500437,16.077403,3.226928,0.021335
111.046868,94.950141,16.096727,111.568548,95.406109,16.162439,3.158859,0.022893
110.928394,94.810489,16.117904,111.436952,95.255605,16.181347,3.298282,0.022091
110.675504,94.520643,16.154861,111.056399,94.891908,16.164491,3.250473,0.020849
110.429838,94.209551,16.220287,111.196557,95.033432,16.163125,3.292707,0.023776
110.308431,94.071921,16.236510,110.855327,94.641174,16.214154,3.204839,0.020911
110.183648,93.953358,16.230290,110.865599,94.671511,16.194088,3.218437,0.021038
110.049980,93.769359,16.280621,110.913814,94.629008,16.284806,3.097568,0.021960
109.891934,93.604375,16.287559,110.514368,94.150024,16.364343,3.282077,0.021000
109.723437,93.422652,16.300785,110.223864,93.889221,16.334643,3.222869,0.021485
109.488740,93.145266,16.343474,110.248190,93.960982,16.287209,3.205712,0.021699
109.477822,93.145106,16.332716,110.243591,93.872632,16.370960,3.485524,0.019723
109.282596,92.893674,16.388922,109.783247,93.437529,16.345718,3.393074,0.020804
109.155773,92.706631,16.449142,109.850489,93.389579,16.460909,3.169046,0.022450
109.086954,92.623447,16.463507,110.136065,93.689343,16.446722,3.266944,0.020479
109.008490,92.528911,16.479579,109.775414,93.309831,16.465583,3.335540,0.020460
108.904039,92.424355,16.479684,109.690097,93.197136,16.492960,3.161222,0.020842
108.749577,92.263296,16.486281,109.659439,93.133815,16.525624,3.079762,0.021359
108.764781,92.251308,16.513474,109.622065,93.049958,16.572108,3.314814,0.020711
108.688044,92.130962,16.557082,109.607989,93.014402,16.593586,3.342407,0.021965
108.500160,91.938209,16.561951,109.477837,92.900268,16.577569,3.378373,0.019988
108.482374,91.929609,16.552765,109.358628,92.815806,16.542823,3.160655,0.020994
108.338381,91.736629,16.601752,109.209879,92.586980,16.622900,3.320076,0.020907
108.321655,91.735150,16.586505,109.192337,92.622591,16.569746,3.183376,0.022072
108.237680,91.620887,16.616794,109.262197,92.675984,16.586213,3.252419,0.021584
108.094485,91.479977,16.614508,109.121784,92.451367,16.670417,3.315303,0.020854
108.137399,91.528237,16.609163,109.437930,92.814255,16.623675,3.266795,0.021940
108.065492,91.432449,16.633043,109.451081,92.812846,16.638235,3.244524,0.022215
108.012273,91.392222,16.620051,109.470303,92.887136,16.583167,3.130769,0.021318
107.920873,91.312385,16.608489,109.176403,92.527056,16.649348,3.262387,0.020638
107.761260,91.142357,16.618903,109.061065,92.435883,16.625183,3.158813,0.021821
107.652702,91.018780,16.633923,108.836711,92.221175,16.615536,3.341723,0.021232
107.688951,91.069320,16.619631,108.886536,92.247146,16.639390,3.387510,0.022838
107.675657,91.034932,16.640725,108.877278,92.262034,16.615244,3.374240,0.020509
107.538902,90.863349,16.675553,108.915698,92.260869,16.654829,3.256655,0.020710
107.485614,90.830135,16.655479,108.825984,92.265688,16.560296,3.581542,0.020687
107.468147,90.846135,16.622013,108.620982,91.993523,16.627460,3.382014,0.020978
107.383659,90.783773,16.599887,108.551941,91.989832,16.562109,3.245664,0.020596
107.275208,90.665201,16.610007,108.673062,92.078213,16.594849,3.411876,0.019577
107.333127,90.724405,16.608722,108.422555,91.831342,16.591213,3.312461,0.020940
107.254199,90.632013,16.622186,108.705097,91.956087,16.749011,3.021865,0.022772
107.124800,90.462431,16.662370,108.881954,92.266132,16.615823,3.301811,0.020869
107.173447,90.524148,16.649300,108.352053,91.627978,16.724074,3.123391,0.021681
107.038683,90.433515,16.605169,108.412209,91.854581,16.557628,3.416373,0.021873
107.062827,90.446619,16.616208,108.395650,91.765293,16.630357,3.237074,0.021378
107.017494,90.387460,16.630034,108.365592,91.750913,16.614679,3.298908,0.020984
106.935242,90.319186,16.616056,108.341322,91.754575,16.586746,3.183589,0.021596
106.900128,90.242807,16.657321,108.222033,91.606287,16.615746,3.382952,0.020722
106.829528,90.223699,16.605829,108.198608,91.566030,16.632578,3.221326,0.020396
106.684809,90.086470,16.598340,108.363575,91.774184,16.589390,3.282743,0.020643
106.823550,90.248531,16.575019,108.175526,91.609740,16.565786,3.292938,0.020522
106.719137,90.157012,16.562126,108.021983,91.408436,16.613546,3.367872,0.021446
106.713210,90.138190,16.575021,108.367223,91.844126,16.523098,3.336193,0.021064
106.650871,90.062719,16.588152,108.172004,91.505106,16.666898,3.306001,0.020087
106.578275,90.007209,16.571067,108.468981,91.897733,16.571248,3.260231,0.020923
106.634953,90.064064,16.570890,108.195527,91.641475,16.554051,3.379776,0.020816
106.517551,89.943820,16.573731,108.151629,91.662567,16.489062,3.351737,0.021566
106.418465,89.807005,16.611460,108.459701,91.888687,16.571014,3.163257,0.022565
106.524226,89.953461,16.570765,108.079911,91.582590,16.497321,3.408517,0.020028
106.432625,89.880177,16.552448,107.852454,91.388061,16.464393,3.595036,0.019262
106.438335,89.888637,16.549698,107.989404,91.561434,16.427970,3.256621,0.020898
106.317971,89.757491,16.560479,108.016133,91.504983,16.511150,3.305469,0.022808
106.342158,89.785448,16.556709,107.856902,91.315174,16.541728,3.189573,0.021728
106.383452,89.836349,16.547103,108.020412,91.453106,16.567306,3.302437,0.021255
106.252644,89.701830,16.550814,107.869731,91.303080,16.566651,3.282291,0.021376
106.170297,89.609809,16.560487,107.698583,91.109991,16.588592,3.376672,0.020260
106.192669,89.628550,16.564119,107.789571,91.265925,16.523646,3.313039,0.022328
106.169589,89.589329,16.580260,107.783112,91.255587,16.527525,3.496167,0.019490
106.247024,89.704500,16.542524,108.093073,91.552469,16.540604,3.290533,0.019614
106.123707,89.560946,16.562761,107.697199,91.100395,16.596804,3.258583,0.020640
106.064787,89.511251,16.553537,107.914061,91.367652,16.546409,3.423390,0.019532
106.067323,89.549699,16.517624,108.018355,91.645368,16.372987,3.281127,0.023253
106.009758,89.479597,16.530160,107.934363,91.472392,16.461971,3.273064,0.023167
106.146129,89.590817,16.555312,107.720378,91.123627,16.596750,3.174094,0.023206
105.988906,89.435303,16.553603,107.678186,91.071037,16.607149,3.286245,0.021906
105.951023,89.400672,16.550352,107.941763,91.449239,16.492524,3.411921,0.021386
105.926436,89.357822,16.568614,107.861115,91.291540,16.569575,3.226116,0.020897
105.970521,89.410882,16.559639,107.605487,91.050152,16.555336,3.334793,0.020899
105.848315,89.276926,16.571389,107.815684,91.342154,16.473530,3.346448,0.020398
105.789203,89.227421,16.561782,107.645364,91.165632,16.479732,3.309832,0.020185
105.792947,89.240545,16.552401,107.528496,91.091600,16.436896,3.371354,0.019964
105.855304,89.328359,16.526945,107.783189,91.288650,16.494539,3.218039,0.021803
105.718995,89.178425,16.540570,107.401642,90.917108,16.484534,3.334236,0.021710
105.690818,89.124849,16.565969,107.458259,90.941631,16.516628,3.417402,0.022586
105.685119,89.114330,16.570790,107.640754,91.146954,16.493800,3.452363,0.019225
105.606609,89.074648,16.531961,107.423267,91.010925,16.412342,3.369399,0.021466
105.655707,89.128577,16.527131,107.334442,90.824059,16.510384,3.549266,0.020480
105.644489,89.117033,16.527455,107.336736,90.838323,16.498414,3.357291,0.021339
105.676236,89.179612,16.496624,107.274429,90.757009,16.517419,3.382314,0.020822
105.598839,89.019732,16.579107,107.171356,90.614852,16.556504,3.396696,0.020775
105.495849,88.957685,16.538164,107.809234,91.347516,16.461719,3.183943,0.022905
105.547382,89.013539,16.533843,107.894876,91.450099,16.444777,3.432487,0.020780
105.616354,89.013901,16.602453,107.259157,90.691980,16.567178,3.325411,0.021852
105.509348,88.932381,16.576967,107.293132,90.789631,16.503501,3.312275,0.020051
105.435073,88.877528,16.557545,107.209524,90.701831,16.507693,3.576751,0.020152
105.504830,88.930204,16.574626,107.495315,90.978707,16.516609,3.387919,0.022303
105.384383,88.824734,16.559649,107.037054,90.530331,16.506723,3.491664,0.021394
105.433282,88.917472,16.515810,107.178746,90.623335,16.555411,3.378829,0.021172
105.437935,88.918379,16.519556,107.160216,90.628591,16.531625,3.355282,0.020398
105.351571,88.774133,16.577438,107.379590,90.860286,16.519304,3.503031,0.021047
105.378319,88.813089,16.565229,107.263293,90.726364,16.536929,3.475982,0.022282
105.229053,88.690065,16.538988,107.591394,91.019506,16.571888,3.238077,0.020887
105.292436,88.771465,16.520972,107.120522,90.578925,16.541597,3.414661,0.021480
105.263205,88.692102,16.571104,107.258650,90.732954,16.525697,3.190236,0.021162
105.272606,88.722389,16.550218,107.167500,90.696642,16.470858,3.362679,0.020971
105.344425,88.822937,16.521489,107.268961,90.807916,16.461045,3.309760,0.021020
105.189859,88.651913,16.537946,106.880939,90.342395,16.538544,3.395674,0.020344
105.288354,88.749021,16.539333,107.149969,90.664780,16.485190,3.535945,0.021305
105.211897,88.651325,16.560573,107.098475,90.603869,16.494605,3.626479,0.018991
105.130934,88.599750,16.531184,107.241994,90.831097,16.410897,3.484702,0.020604
105.148367,88.619599,16.528769,107.236115,90.710821,16.525295,3.455479,0.022932
105.128484,88.556618,16.571866,106.851517,90.276857,16.574661,3.362383,0.021508
105.156688,88.625165,16.531523,106.869535,90.307150,16.562385,3.435347,0.020633
105.097268,88.541838,16.555430,107.226611,90.635038,16.591573,3.206149,0.022991
105.163643,88.643998,16.519645,107.244513,90.795689,16.448825,3.191958,0.022407
105.079785,88.575037,16.504748,107.232583,90.784916,16.447667,3.387760,0.021139
105.120538,88.585167,16.535370,107.197593,90.691684,16.505909,3.476113,0.020112
105.028161,88.488242,16.539919,107.064883,90.523550,16.541333,3.351494,0.020649
105.055812,88.515395,16.540417,107.060420,90.600217,16.460203,3.353838,0.021609
105.049632,88.504795,16.544837,107.146252,90.565693,16.580559,3.316499,0.020657
104.988845,88.454491,16.534354,107.219845,90.739663,16.480182,3.569655,0.019972
105.091706,88.534812,16.556894,107.008600,90.403039,16.605561,3.179448,0.024252
104.972965,88.418672,16.554292,107.093169,90.564947,16.528222,3.296489,0.021407
104.926250,88.378308,16.547943,106.875706,90.381966,16.493740,3.237881,0.022584
105.001229,88.462217,16.539011,106.936107,90.341267,16.594841,3.530120,0.020764
105.013116,88.417080,16.596036,106.777316,90.196233,16.581083,3.432659,0.020750
104.972744,88.401885,16.570859,107.021262,90.566567,16.454694,3.393583,0.022275
104.901495,88.349925,16.551570,106.633993,90.012210,16.621783,3.234484,0.023311
104.880380,88.348840,16.531540,106.965090,90.433091,16.531998,3.596746,0.020557
104.915132,88.390955,16.524178,106.782636,90.263905,16.518731,3.275233,0.021141
104.926154,88.366376,16.559777,106.781875,90.273105,16.508770,3.608491,0.020339
