219.216543,216.295487,2.921056,194.443012,191.842616,2.600397,10.636310,0.002065
191.736345,188.310761,3.425584,186.700649,182.213160,4.487488,7.462966,0.003689
180.272906,174.014102,6.258805,173.629965,166.083587,7.546376,6.342364,0.005789
167.321533,158.585103,8.736431,161.933108,152.375651,9.557457,5.644275,0.007231
157.938290,147.541509,10.396781,153.391016,142.298162,11.092854,5.609348,0.008707
151.556170,140.082901,11.473269,148.647928,136.939348,11.708579,5.611464,0.009089
147.446523,135.356690,12.089833,145.127898,132.827984,12.299912,5.207592,0.010077
143.983567,131.381706,12.601861,141.905719,129.056482,12.849237,5.521744,0.010461
141.351687,128.351223,13.000464,139.787419,126.607655,13.179765,5.565957,0.010500
138.919326,125.591452,13.327874,136.863509,123.445859,13.417649,5.419322,0.011028
136.685206,122.962672,13.722534,134.768373,120.854220,13.914153,5.363512,0.012042
134.764763,120.727910,14.036853,133.223605,118.968744,14.254862,5.343177,0.011844
133.180741,118.884699,14.296043,131.755534,117.312244,14.443290,5.709938,0.011091
131.715961,117.213261,14.502700,130.158079,115.471423,14.686656,5.329165,0.012658
130.479559,115.697608,14.781951,129.150560,114.251585,14.898975,5.353448,0.012100
129.236210,114.272473,14.963737,128.136854,113.046455,15.090399,5.341156,0.012414
128.211502,113.098465,15.113037,126.918168,111.763447,15.154721,5.559133,0.012651
127.371050,112.160180,15.210870,126.017269,110.735467,15.281802,5.216692,0.012965
126.477497,111.151035,15.326462,125.612605,110.296997,15.315607,5.197009,0.013033
125.831288,110.405510,15.425778,124.757757,109.264293,15.493463,5.306090,0.013484
125.158337,109.576837,15.581500,124.099782,108.512592,15.587190,5.651019,0.012206
124.509686,108.886189,15.623497,123.597309,108.007278,15.590032,5.177634,0.013966
123.913840,108.233424,15.680416,122.802043,107.147628,15.654415,5.451005,0.012868
123.334186,107.535495,15.798691,122.337495,106.471889,15.865606,5.374659,0.012544
122.735349,106.889041,15.846308,121.934490,105.998088,15.936402,5.218098,0.013054
122.272212,106.359654,15.912559,121.257823,105.381881,15.875941,5.338618,0.012443
121.883057,105.904510,15.978547,121.168641,105.145502,16.023139,5.269504,0.013578
121.357940,105.348624,16.009316,120.564189,104.485799,16.078390,5.428009,0.012929
120.950947,104.914912,16.036035,120.126725,104.087013,16.039712,5.646742,0.012861
120.602348,104.491537,16.110811,119.924523,103.759034,16.165490,5.417296,0.011980
120.153379,104.038711,16.114668,119.468702,103.366604,16.102098,5.385049,0.013164
119.777143,103.677597,16.099545,119.045804,102.918532,16.127272,5.245558,0.013593
119.325995,103.196364,16.129631,118.869156,102.744863,16.124293,5.261864,0.013701
119.049606,102.876471,16.173135,118.539551,102.399753,16.139797,5.442662,0.013124
118.745730,102.473644,16.272087,118.050090,101.781996,16.268094,5.610301,0.013284
118.433850,102.221683,16.212167,117.909942,101.783321,16.126621,5.510368,0.013212
118.130900,101.879843,16.251057,117.755986,101.548591,16.207395,5.633643,0.012529
117.812134,101.521236,16.290898,117.460281,101.164185,16.296096,5.426366,0.013107
117.540521,101.236059,16.304462,117.268096,100.947852,16.320243,5.417027,0.013646
117.276061,100.988389,16.287673,116.838165,100.637711,16.200454,5.859819,0.012549
117.020121,100.751753,16.268368,116.758475,100.621577,16.136898,5.828689,0.013519
116.674778,100.379800,16.294978,116.309181,100.067869,16.241312,5.461858,0.013040
116.407206,100.090603,16.316603,116.082990,99.880298,16.202692,5.351728,0.013898
116.190277,99.921286,16.268991,115.666049,99.496486,16.169563,5.656399,0.012876
115.888083,99.586656,16.301427,115.560034,99.326067,16.233967,5.477018,0.013505
115.642227,99.317227,16.325000,115.399509,99.096502,16.303007,5.478789,0.013037
115.449802,99.134119,16.315683,115.255720,98.961836,16.293884,5.538999,0.013126
115.078260,98.754973,16.323287,114.801309,98.521825,16.279484,5.438745,0.013521
114.935856,98.643092,16.292764,114.735417,98.520926,16.214491,5.395608,0.013711
114.627187,98.305888,16.321300,114.463152,98.144923,16.318229,5.509198,0.013767
114.403725,98.087559,16.316167,114.341525,98.119493,16.222032,5.386492,0.013603
114.139029,97.827399,16.311630,113.982978,97.720210,16.262768,5.644596,0.013537
113.870737,97.576242,16.294495,113.798698,97.572877,16.225821,5.338523,0.014220
113.745445,97.462109,16.283335,113.588188,97.413469,16.174719,5.385672,0.013334
113.517186,97.187914,16.329272,113.236125,96.828845,16.407279,5.754979,0.011891
113.306296,96.951936,16.354359,113.200689,96.890704,16.309985,5.819122,0.012053
113.077669,96.747518,16.330151,112.844857,96.565574,16.279283,5.382488,0.013310
112.834456,96.509081,16.325375,112.628523,96.403262,16.225261,5.623936,0.013252
112.583786,96.283319,16.300467,112.544324,96.322989,16.221335,5.318134,0.013870
112.345063,96.012498,16.332565,112.415081,96.171284,16.243797,5.519614,0.013290
112.168051,95.866857,16.301194,112.016904,95.789676,16.227228,5.543285,0.012842
111.938612,95.610890,16.327722,111.689360,95.432318,16.257043,5.557910,0.012851
111.839637,95.507924,16.331713,112.283129,95.971067,16.312062,5.588503,0.012586
111.590538,95.274149,16.316389,111.523025,95.291408,16.231617,5.513386,0.012320
111.426261,95.095081,16.331179,111.523076,95.198378,16.324698,5.926425,0.012737
111.249609,94.939396,16.310213,111.179519,94.809738,16.369781,5.562006,0.012916
111.110937,94.784863,16.326074,111.056763,94.761098,16.295666,5.518608,0.012545
110.910512,94.565700,16.344813,111.016385,94.757089,16.259296,5.580532,0.012392
110.741866,94.381802,16.360064,110.731270,94.393404,16.337866,5.689015,0.012599
110.629608,94.308213,16.321395,110.581365,94.295639,16.285726,5.823635,0.012403
110.619212,94.265668,16.353544,110.427819,94.013570,16.414249,5.943406,0.011472
110.356140,93.958010,16.398130,110.289132,93.935688,16.353445,5.771045,0.012375
110.186181,93.822149,16.364033,110.373787,94.077157,16.296630,5.571686,0.012033
110.056740,93.720678,16.336063,110.115938,93.746235,16.369703,5.388796,0.012281
109.958286,93.579911,16.378376,109.883396,93.547822,16.335574,5.815441,0.012783
109.760951,93.401167,16.359784,109.999846,93.683298,16.316548,5.428102,0.013362
109.653733,93.288314,16.365419,109.716602,93.451255,16.265347,5.369923,0.012378
109.446238,93.106077,16.340161,109.775861,93.419307,16.356554,5.344893,0.013275
109.352717,92.934576,16.418141,109.413491,93.095440,16.318050,5.446044,0.012627
109.208073,92.813463,16.394611,109.163482,92.851739,16.311743,5.594803,0.011921
109.096863,92.725017,16.371846,109.091543,92.805575,16.285968,5.574723,0.011693
108.987803,92.623167,16.364636,109.093359,92.715346,16.378012,5.444810,0.012143
108.835056,92.430368,16.404688,109.083825,92.791054,16.292771,5.364042,0.012888
108.683531,92.295847,16.387685,109.083344,92.681692,16.401653,5.575521,0.011577
108.610965,92.225247,16.385717,108.934738,92.558181,16.376557,5.690686,0.011672
108.504129,92.091374,16.412756,108.553215,92.098312,16.454902,5.467731,0.011628
108.414006,91.976638,16.437368,108.809635,92.489078,16.320558,5.508831,0.012345
108.387435,91.980807,16.406629,108.622580,92.257393,16.365187,6.096462,0.010889
108.226864,91.807462,16.419402,108.708166,92.360820,16.347345,5.676086,0.011894
108.139363,91.683141,16.456222,108.560351,92.104333,16.456018,5.598645,0.012103
108.083253,91.636881,16.446372,108.329484,91.951337,16.378147,5.702375,0.011475
107.935223,91.462454,16.472770,108.508005,92.089150,16.418854,5.653925,0.012094
107.904666,91.436565,16.468102,108.533370,92.185780,16.347591,5.522069,0.012900
107.760113,91.306256,16.453857,108.213326,91.834070,16.379257,5.456562,0.012861
107.637871,91.205082,16.432789,108.123334,91.784242,16.339093,5.663833,0.011640
107.670108,91.205455,16.464652,108.048181,91.602378,16.445804,5.646132,0.011558
107.474574,91.008755,16.465819,107.822964,91.431373,16.391591,5.869353,0.011337
107.403308,90.933473,16.469836,107.712930,91.216141,16.496789,5.101447,0.013362
107.269768,90.792092,16.477676,107.745906,91.328881,16.417025,5.827862,0.011414
107.185394,90.660319,16.525075,107.538798,91.060379,16.478419,5.827103,0.011219
107.201396,90.629340,16.572057,107.503063,90.916295,16.586768,5.569092,0.011946
107.111332,90.592128,16.519204,107.359008,90.915807,16.443202,5.591588,0.012287
106.962455,90.442624,16.519831,107.440415,91.008043,16.432372,5.652358,0.011360
106.883568,90.392126,16.491442,107.336788,90.857200,16.479588,5.474656,0.012056
106.856010,90.303822,16.552188,107.494901,90.952732,16.542169,5.796716,0.011464
106.701046,90.179247,16.521800,107.187390,90.583109,16.604281,5.581905,0.012043
106.683444,90.102929,16.580515,107.336737,90.813272,16.523465,5.604999,0.011891
106.604459,90.023721,16.580738,106.943585,90.404070,16.539515,5.531407,0.011450
106.442655,89.851869,16.590786,106.776021,90.259943,16.516078,5.659961,0.011560
106.462809,89.866866,16.595943,106.914967,90.472056,16.442911,5.544783,0.012042
106.445341,89.860600,16.584741,106.974219,90.482036,16.492183,5.533937,0.011884
106.211712,89.566739,16.644972,106.653585,90.116582,16.537003,5.526917,0.012444
106.140594,89.533189,16.607405,106.876927,90.367029,16.509898,5.591528,0.011659
106.132988,89.504672,16.628316,106.569623,89.951768,16.617855,5.610992,0.011225
105.939172,89.302076,16.637097,106.721502,90.142177,16.579325,5.765490,0.011268
105.977870,89.296028,16.681842,106.633891,90.044723,16.589168,5.699658,0.012151
105.872931,89.218414,16.654518,106.473843,89.910490,16.563353,5.632118,0.011415
105.856469,89.180559,16.675911,106.677454,90.118103,16.559351,5.650403,0.011853
105.817650,89.182221,16.635429,106.505193,89.991922,16.513271,5.466484,0.011813
105.805665,89.192493,16.613172,106.518464,89.908926,16.609538,5.702983,0.011613
105.746627,89.100417,16.646210,106.358473,89.701611,16.656862,5.929475,0.011834
105.603540,88.909013,16.694528,106.403038,89.832026,16.571012,5.741964,0.011386
105.429517,88.775615,16.653901,106.083086,89.523938,16.559149,5.578248,0.011825
105.450556,88.785569,16.664987,106.222878,89.586432,16.636447,5.448615,0.011963
105.401793,88.729437,16.672356,106.095183,89.522805,16.572377,5.421688,0.013207
105.310004,88.606425,16.703579,105.995777,89.418032,16.577745,5.618823,0.011132
105.221668,88.508079,16.713590,105.945898,89.202813,16.743085,6.002359,0.010578
105.250390,88.517570,16.732820,106.009302,89.372465,16.636837,5.501297,0.012384
105.085010,88.364211,16.720799,105.732006,89.079060,16.652946,5.616236,0.012361
105.124917,88.401139,16.723777,105.698052,89.050512,16.647540,5.678582,0.011439
105.028664,88.260444,16.768221,105.655322,88.897457,16.757865,5.612012,0.011202
105.028221,88.245416,16.782805,105.627552,88.932574,16.694978,5.741069,0.011390
104.881164,88.150305,16.730859,105.751223,89.168505,16.582719,5.373606,0.012805
104.889265,88.207289,16.681976,105.811696,89.204023,16.607673,5.949160,0.010987
104.863703,88.090812,16.772891,105.461520,88.752666,16.708854,5.737569,0.011546
104.766517,87.994231,16.772286,106.104237,89.431079,16.673158,5.739188,0.011290
104.875694,88.084401,16.791293,105.335529,88.594071,16.741458,5.506537,0.012078
104.645784,87.869033,16.776751,105.680758,88.997305,16.683453,5.524090,0.010859
104.628385,87.840791,16.787594,105.604540,88.896913,16.707627,5.512367,0.012061
104.470251,87.680366,16.789886,105.488609,88.751617,16.736992,5.557823,0.011362
104.585182,87.794474,16.790708,105.123702,88.399826,16.723876,5.515052,0.011465
104.509812,87.703500,16.806313,105.644935,88.875378,16.769557,5.524260,0.011727
104.476404,87.650305,16.826099,105.403447,88.622311,16.781136,5.473610,0.012230
104.369312,87.533697,16.835615,105.406541,88.684431,16.722109,5.418874,0.012430
104.288229,87.449789,16.838440,105.397364,88.602869,16.794496,5.567044,0.011173
104.214672,87.387415,16.827257,105.073431,88.321705,16.751726,5.467472,0.011544
104.288267,87.451647,16.836620,105.281459,88.517618,16.763841,5.653762,0.011798
104.160208,87.307814,16.852394,105.253529,88.460154,16.793375,5.575805,0.011775
104.091323,87.254321,16.837002,105.027953,88.259115,16.768838,5.325376,0.012331
104.061322,87.243354,16.817968,105.257712,88.490732,16.766979,5.519861,0.011558
104.026915,87.169311,16.857604,104.898346,88.149697,16.748649,5.513843,0.011941
103.962650,87.100659,16.861992,104.844117,87.973800,16.870317,5.859508,0.010504
103.968334,87.083184,16.885150,104.862547,88.035349,16.827198,5.403726,0.012613
103.798547,86.915663,16.882885,104.908179,88.184874,16.723305,5.584364,0.010868
103.788312,86.926715,16.861597,104.719859,87.908967,16.810892,5.369474,0.011953
103.762010,86.903607,16.858403,104.596600,87.775862,16.820739,5.806189,0.011300
103.680147,86.786023,16.894125,104.964717,88.164646,16.800071,5.494520,0.012562
103.680590,86.847235,16.833355,104.670474,87.941299,16.729175,5.519286,0.012477
103.619598,86.762462,16.857136,104.665368,87.892928,16.772440,5.682391,0.011686
103.536971,86.647198,16.889774,104.695329,87.848129,16.847200,5.420073,0.012147
