276.923355,274.877303,2.046052,201.200468,199.425855,1.774612,11.390400,0.002127
197.292028,194.821717,2.470311,193.410104,190.176612,3.233492,13.071273,0.002869
191.841493,188.375723,3.465770,189.292267,185.171517,4.120750,8.488396,0.004844
183.748526,178.090100,5.658425,177.954494,170.935781,7.018714,7.867584,0.006884
172.406101,164.071258,8.334843,165.571164,155.845828,9.725335,6.193943,0.010130
161.164085,150.430573,10.733512,155.958421,144.280039,11.678380,5.196414,0.012526
153.499284,141.224425,12.274860,150.242760,137.386236,12.856524,4.992916,0.013517
148.901311,135.722455,13.178856,146.379077,132.525343,13.853733,4.735098,0.014903
144.784434,130.843529,13.940905,142.133295,127.693514,14.439782,4.715923,0.015727
141.301835,126.721600,14.580234,139.088115,124.121387,14.966728,4.577811,0.016526
138.409805,123.179698,15.230107,136.391617,120.771496,15.620121,4.381402,0.018026
135.861380,120.084758,15.776622,133.926449,117.778836,16.147612,4.762693,0.016662
133.681189,117.361734,16.319454,131.835156,115.099647,16.735509,4.453504,0.018576
131.770868,114.990717,16.780151,130.565243,113.528571,17.036672,4.394290,0.018801
130.210734,112.955550,17.255184,128.758192,111.316208,17.441984,4.658735,0.017553
128.906074,111.369890,17.536184,127.860799,110.072414,17.788385,4.711187,0.017899
127.873721,110.068970,17.804751,126.814309,108.811133,18.003176,4.665477,0.017709
126.762776,108.821971,17.940805,126.014619,108.006682,18.007937,4.526824,0.018912
126.062285,107.848010,18.214275,124.689320,106.295415,18.393905,4.514860,0.017899
125.130863,106.782604,18.348259,123.999413,105.559575,18.439839,4.937315,0.016598
124.478193,105.980931,18.497262,123.515380,104.958369,18.557011,5.032828,0.016911
123.767582,105.119526,18.648056,122.900210,104.265976,18.634234,4.722267,0.017429
123.083241,104.399145,18.684096,122.511562,103.778579,18.732984,4.644106,0.018622
122.537236,103.638204,18.899031,122.102772,103.110699,18.992073,4.605165,0.018266
121.954770,102.943204,19.011566,121.512704,102.646975,18.865729,4.718499,0.017857
121.474820,102.355141,19.119679,121.106812,101.964810,19.142002,4.661305,0.018337
120.897016,101.733060,19.163956,120.563422,101.397497,19.165924,4.910254,0.017457
120.515062,101.276497,19.238565,120.049115,100.889571,19.159544,4.689745,0.018661
120.119580,100.786872,19.332709,119.699528,100.303331,19.396197,4.894446,0.017246
119.719956,100.298596,19.421360,119.712096,100.317534,19.394562,4.746064,0.017685
119.284766,99.813406,19.471361,119.028439,99.465040,19.563400,4.811951,0.017231
118.914254,99.395064,19.519190,118.771176,99.223707,19.547468,4.960618,0.016929
118.569764,98.996782,19.572982,118.504827,98.844948,19.659879,4.788767,0.017320
118.237179,98.537210,19.699969,118.081392,98.389853,19.691539,4.669569,0.018435
117.975735,98.308023,19.667712,117.827872,98.125642,19.702231,4.651510,0.017992
117.560471,97.803559,19.756913,117.698821,97.939452,19.759369,4.676311,0.017849
117.301786,97.484863,19.816922,117.297292,97.508374,19.788918,4.580850,0.018560
117.051994,97.204325,19.847669,117.382776,97.487537,19.895238,4.679244,0.018272
116.819205,96.845673,19.973532,116.979068,96.997537,19.981532,4.630379,0.017838
116.484960,96.504237,19.980723,116.829959,96.865376,19.964583,4.585482,0.017423
116.225432,96.182101,20.043331,116.355726,96.297595,20.058131,4.965930,0.017824
115.947279,95.867309,20.079970,116.394850,96.343156,20.051694,4.622106,0.017429
115.703482,95.607199,20.096283,115.890521,95.693491,20.197030,4.703709,0.017688
115.489720,95.329525,20.160195,116.002450,95.862805,20.139645,4.758660,0.017927
115.294655,95.150981,20.143674,115.539441,95.351233,20.188208,4.858443,0.017594
115.131382,94.850395,20.280987,115.432561,95.108658,20.323903,4.619922,0.018464
114.789379,94.513798,20.275580,115.202799,94.925970,20.276829,4.732655,0.017549
114.639114,94.285127,20.353988,114.915396,94.645589,20.269807,4.813429,0.016308
114.376434,94.019835,20.356599,114.958155,94.601892,20.356263,4.753553,0.017068
114.278957,93.878498,20.400459,114.539795,94.171336,20.368459,4.780594,0.016801
114.006753,93.538102,20.468651,114.137330,93.715706,20.421624,4.757719,0.016821
113.753328,93.265282,20.488046,114.324904,93.880751,20.444153,4.729770,0.018288
113.625532,93.048414,20.577118,114.181921,93.699253,20.482669,4.530095,0.018412
113.407418,92.850850,20.556568,113.813306,93.433370,20.379936,5.000773,0.015808
113.278116,92.718832,20.559284,113.772322,93.130408,20.641914,4.531905,0.016994
113.084483,92.509940,20.574543,113.578008,92.966858,20.611149,4.738597,0.017256
112.973984,92.333120,20.640864,113.661436,93.061803,20.599633,4.746177,0.017415
112.841314,92.094049,20.747265,113.321699,92.658264,20.663434,4.819347,0.016982
112.557454,91.876823,20.680631,113.234023,92.613115,20.620907,4.698775,0.016386
112.420958,91.731088,20.689871,113.245537,92.578279,20.667258,4.561166,0.017692
112.372867,91.626721,20.746146,113.126751,92.373249,20.753502,4.706690,0.017659
112.119199,91.334285,20.784914,113.048743,92.276513,20.772229,4.711329,0.017491
112.060969,91.307146,20.753823,112.924716,92.243835,20.680881,4.547154,0.017631
111.865659,91.033160,20.832499,112.594490,91.869101,20.725389,4.701985,0.017942
111.688292,90.834367,20.853925,112.886394,92.103345,20.783050,4.762240,0.016555
111.648467,90.788745,20.859722,112.394398,91.565361,20.829036,4.613925,0.017854
111.458765,90.570758,20.888007,112.311695,91.603047,20.708648,4.795997,0.017614
111.359016,90.482365,20.876651,112.204492,91.432655,20.771837,4.651345,0.017857
111.200931,90.343059,20.857872,112.278974,91.551836,20.727138,5.021469,0.016887
111.123932,90.240863,20.883069,112.180622,91.412729,20.767893,4.732265,0.016874
110.989295,90.042575,20.946720,112.096109,91.227852,20.868258,4.920608,0.016083
110.839236,89.875331,20.963906,111.924459,91.038978,20.885480,4.362907,0.017861
110.715345,89.756120,20.959225,111.632655,90.769990,20.862665,4.833082,0.015698
110.587403,89.640626,20.946777,111.637569,90.849403,20.788167,4.497035,0.017974
110.479009,89.493017,20.985992,111.388692,90.592309,20.796383,4.944007,0.017151
110.317077,89.345926,20.971151,111.245049,90.384039,20.861011,4.564450,0.017847
110.200218,89.259320,20.940898,111.228100,90.276044,20.952056,4.550029,0.017773
110.127540,89.093081,21.034459,111.045298,90.161401,20.883897,4.535414,0.017484
110.003082,88.960582,21.042501,111.158910,90.267054,20.891856,4.568547,0.016376
109.899115,88.948624,20.950491,110.899636,90.082664,20.816972,4.800313,0.015897
109.828396,88.804837,21.023559,111.084577,90.108893,20.975684,4.642003,0.017768
109.637108,88.609036,21.028073,110.780232,89.857616,20.922615,4.640780,0.018209
109.664682,88.567338,21.097344,110.855223,89.819223,21.036000,4.525267,0.018026
109.576655,88.437757,21.138899,110.706538,89.759908,20.946630,4.593027,0.015826
109.369086,88.297591,21.071496,110.709653,89.743767,20.965886,4.628476,0.017241
109.282407,88.203217,21.079190,110.553268,89.561861,20.991407,4.653783,0.016873
109.231768,88.140885,21.090883,110.614737,89.575576,21.039161,4.787731,0.017120
109.129965,87.999837,21.130128,110.321232,89.347636,20.973597,4.483700,0.017539
109.046711,87.946317,21.100394,110.508217,89.478879,21.029338,4.592027,0.017339
108.941101,87.816827,21.124273,110.441259,89.429437,21.011822,4.783982,0.015477
108.872613,87.714971,21.157642,110.108771,89.052706,21.056065,4.759895,0.016992
108.753701,87.567501,21.186200,110.034322,88.909874,21.124448,4.881810,0.015615
108.682958,87.515674,21.167284,110.138483,89.077673,21.060810,4.575098,0.016409
108.618401,87.393246,21.225156,109.930933,88.885745,21.045189,4.740592,0.016400
108.535073,87.376042,21.159031,110.006056,88.923439,21.082617,4.436964,0.016854
108.445635,87.237567,21.208069,109.854222,88.675305,21.178918,4.532140,0.017277
108.343015,87.136233,21.206782,109.800002,88.686177,21.113825,4.705002,0.015424
108.264173,87.048714,21.215459,109.877292,88.798780,21.078512,4.604726,0.016576
108.205293,86.962590,21.242703,109.797309,88.691916,21.105393,4.895855,0.017654
108.076375,86.839754,21.236622,109.712772,88.551757,21.161014,4.603563,0.017500
108.028507,86.770608,21.257900,109.515279,88.418430,21.096849,4.775233,0.016041
107.972216,86.686287,21.285929,109.302561,88.084058,21.218503,4.846865,0.015872
107.859598,86.560758,21.298840,109.368000,88.200894,21.167107,4.506315,0.017830
107.749533,86.488169,21.261364,109.221512,88.088154,21.133358,4.899537,0.015010
107.697511,86.422659,21.274852,109.530840,88.303100,21.227740,4.673164,0.016094
107.678710,86.364978,21.313732,109.258006,88.063418,21.194589,4.436242,0.017379
107.601131,86.275286,21.325845,109.181333,87.915443,21.265890,4.669629,0.016167
107.496781,86.153958,21.342823,109.150294,87.902987,21.247307,4.458278,0.017016
107.437177,86.125607,21.311570,109.208443,88.011728,21.196715,4.501995,0.016844
107.366164,86.098437,21.267728,109.030249,87.901497,21.128752,4.675984,0.016313
107.249109,85.947791,21.301318,109.156280,87.907738,21.248542,4.669461,0.016589
107.198679,85.830017,21.368662,108.881957,87.649778,21.232179,4.605657,0.016183
107.053088,85.749957,21.303132,108.841181,87.616384,21.224798,4.709159,0.015700
107.019649,85.652273,21.367376,108.917769,87.602137,21.315632,4.528241,0.016482
106.966184,85.568906,21.397277,108.740232,87.483984,21.256248,4.492347,0.016925
106.894539,85.561511,21.333027,108.712792,87.625433,21.087360,4.764934,0.015701
106.903725,85.573842,21.329883,108.622318,87.352636,21.269681,4.636126,0.015537
106.773997,85.390972,21.383025,108.578144,87.410216,21.167928,4.791044,0.015913
106.749224,85.374300,21.374924,108.693839,87.537554,21.156285,4.547199,0.017400
106.637012,85.252619,21.384393,108.282331,87.071017,21.211314,4.529482,0.017512
106.541069,85.150461,21.390608,108.606067,87.405611,21.200456,4.444235,0.017177
106.578686,85.176074,21.402612,108.477833,87.196665,21.281168,5.013599,0.015474
106.434311,85.032081,21.402231,108.310020,87.107124,21.202896,4.863177,0.015848
106.368761,84.999274,21.369487,108.411003,87.158976,21.252027,4.886977,0.016355
106.313641,84.896639,21.417002,108.152009,86.870925,21.281083,4.693567,0.016064
106.288813,84.865697,21.423117,108.332053,87.004200,21.327853,4.789243,0.015357
106.182340,84.750784,21.431556,108.270472,86.995017,21.275455,4.619759,0.015638
106.141609,84.724258,21.417351,107.986216,86.799433,21.186783,4.875602,0.015564
106.094819,84.699709,21.395110,108.117442,86.913223,21.204219,4.859336,0.015525
106.097427,84.647326,21.450102,108.256870,86.956289,21.300582,4.541889,0.015382
105.953375,84.551417,21.401958,107.907001,86.675121,21.231881,4.776507,0.015262
105.987560,84.530087,21.457473,107.968735,86.678603,21.290132,4.722124,0.014615
105.827945,84.360477,21.467468,108.090036,86.844560,21.245476,4.630985,0.015578
105.748672,84.301211,21.447461,107.835464,86.504384,21.331080,4.504917,0.016576
105.758961,84.253407,21.505554,107.973757,86.627089,21.346668,4.575788,0.015777
105.720337,84.184290,21.536047,107.695802,86.330718,21.365084,4.814383,0.016317
105.592734,84.084247,21.508488,107.784849,86.450790,21.334059,4.937911,0.014605
105.593158,84.088615,21.504543,108.013804,86.695235,21.318568,4.512905,0.016249
105.504275,84.000128,21.504148,107.810018,86.472038,21.337980,4.652530,0.016808
105.477478,83.960541,21.516937,107.711558,86.415275,21.296283,4.704440,0.016843
105.391051,83.906868,21.484182,107.704010,86.407503,21.296507,4.639171,0.016350
105.360010,83.794320,21.565690,107.703967,86.287766,21.416201,4.861839,0.014306
105.323948,83.692085,21.631863,107.564620,86.121739,21.442881,4.764245,0.015217
105.202130,83.614425,21.587705,107.673964,86.298702,21.375262,4.671808,0.015024
105.215281,83.673273,21.542008,107.533004,86.175019,21.357984,4.621583,0.015647
105.217709,83.578465,21.639244,107.616658,86.216691,21.399968,4.578426,0.016242
105.128107,83.531370,21.596736,107.630284,86.197658,21.432626,4.528187,0.015874
105.060366,83.481654,21.578712,107.413728,86.048196,21.365532,4.607621,0.016316
105.043812,83.458386,21.585426,107.405511,85.957797,21.447714,4.400587,0.017083
105.015673,83.405486,21.610186,107.505957,86.095703,21.410254,4.658637,0.015915
104.937988,83.348217,21.589771,107.304412,85.863028,21.441385,4.675522,0.016054
104.828630,83.222924,21.605705,107.390913,85.952692,21.438221,4.654540,0.015873
104.869537,83.305560,21.563977,107.356589,85.868836,21.487753,4.511586,0.016306
104.716771,83.119067,21.597703,107.054389,85.674973,21.379416,4.736189,0.014624
104.700563,83.101811,21.598752,107.173663,85.726895,21.446768,4.381903,0.016110
104.676963,83.095098,21.581865,107.233692,85.876549,21.357143,4.422706,0.017688
104.691012,83.102077,21.588935,107.323649,85.888948,21.434701,4.841353,0.014790
104.585977,82.969516,21.616460,107.171364,85.779438,21.391926,4.625262,0.016218
104.585746,82.947515,21.638231,107.062014,85.577518,21.484496,4.787013,0.014854
104.501721,82.860951,21.640770,106.934642,85.483852,21.450790,4.501375,0.016520
