194.571232,188.739012,5.832220,164.870748,152.699464,12.171284,2.593253,0.028415
153.352665,138.708802,14.643863,146.233416,130.040720,16.192695,2.673376,0.032545
142.164805,124.916869,17.247936,137.306578,118.855548,18.451029,2.592025,0.036467
135.017573,115.986902,19.030671,131.442419,111.850384,19.592034,2.493658,0.039376
130.461992,110.459564,20.002428,127.876539,107.559134,20.317405,2.624231,0.038394
127.516198,106.899918,20.616279,125.356727,104.555226,20.801500,2.651847,0.037071
125.339066,104.331515,21.007550,123.672685,102.455149,21.217537,2.774203,0.035657
123.668194,102.453136,21.215058,122.300814,101.160127,21.140687,2.729986,0.037906
122.247995,100.835296,21.412699,121.401750,99.928808,21.472942,2.767880,0.037960
121.092489,99.474757,21.617731,119.929803,98.255359,21.674444,2.931713,0.035561
120.026153,98.313647,21.712506,119.453820,97.581291,21.872529,2.866843,0.035496
119.211664,97.350842,21.860822,118.546946,96.767204,21.779742,2.959872,0.033238
118.342238,96.465007,21.877231,117.734008,95.936574,21.797433,2.752259,0.037304
117.654764,95.764590,21.890174,117.047994,95.086054,21.961940,2.647130,0.037630
117.028749,95.112748,21.916001,116.577267,94.680276,21.896991,2.763974,0.036767
116.361004,94.442165,21.918839,116.180961,94.253576,21.927385,2.850987,0.036735
115.847397,93.909879,21.937518,115.608075,93.673903,21.934171,2.818923,0.035800
115.265051,93.333213,21.931838,115.334572,93.436210,21.898362,2.975876,0.032730
114.757803,92.860407,21.897396,114.888672,92.961258,21.927414,2.920586,0.035058
114.185250,92.277836,21.907413,114.548581,92.674208,21.874373,2.880256,0.038139
113.737814,91.825815,21.911999,113.741872,92.010833,21.731040,2.957709,0.034536
113.353705,91.430071,21.923634,113.656297,91.697395,21.958902,2.787670,0.034924
112.905493,91.026372,21.879121,113.154272,91.240867,21.913405,2.907614,0.034624
112.514385,90.669327,21.845058,112.755183,90.896367,21.858816,3.151883,0.031859
112.184869,90.305362,21.879508,112.256273,90.388689,21.867585,2.959346,0.032292
111.893704,90.012746,21.880957,112.031097,90.302233,21.728864,3.070138,0.031383
111.564990,89.693413,21.871578,112.065415,90.306837,21.758577,3.100544,0.034953
111.366891,89.470593,21.896297,111.687483,89.791791,21.895692,2.921060,0.033525
110.920693,89.086247,21.834446,111.546031,89.869444,21.676586,2.844637,0.034114
110.698923,88.895262,21.803661,111.314394,89.453429,21.860965,3.022463,0.033007
110.442931,88.644150,21.798781,111.058166,89.484288,21.573878,3.005268,0.035235
110.240016,88.472566,21.767450,111.054773,89.395619,21.659154,2.865869,0.034051
110.012988,88.212893,21.800096,110.587685,88.985091,21.602594,3.182765,0.033146
109.707537,87.987249,21.720288,110.439806,88.850691,21.589116,3.014378,0.033150
109.554457,87.803918,21.750539,110.153038,88.600189,21.552850,2.949593,0.033146
109.284375,87.609306,21.675069,110.060627,88.344108,21.716519,3.048799,0.031853
108.996393,87.305806,21.690587,109.919818,88.343742,21.576076,2.899285,0.033334
108.818873,87.126270,21.692603,109.481531,87.788089,21.693441,3.027006,0.030818
108.585338,86.881139,21.704199,109.221694,87.588791,21.632903,2.943244,0.032561
108.398210,86.717910,21.680301,109.219146,87.653335,21.565811,2.848019,0.035505
108.201374,86.508820,21.692555,108.938586,87.311668,21.626918,3.012038,0.032916
107.986760,86.270860,21.715900,108.701314,87.074167,21.627147,2.921716,0.033532
107.749977,86.005338,21.744638,108.717261,87.108891,21.608371,3.019676,0.030525
107.605849,85.839449,21.766400,108.535582,86.875674,21.659908,2.885187,0.034475
107.408456,85.703591,21.704865,108.456279,86.799674,21.656606,2.903141,0.031095
107.223164,85.484885,21.738279,108.005116,86.388674,21.616443,2.952529,0.033350
107.020867,85.319616,21.701250,108.097640,86.516452,21.581188,3.003273,0.029995
106.875566,85.187195,21.688370,107.938389,86.327158,21.611232,3.014878,0.031539
106.687105,85.012757,21.674348,107.834854,86.215748,21.619106,2.852894,0.034386
106.547587,84.866791,21.680797,107.573601,86.026912,21.546688,2.942162,0.031786
106.387868,84.708252,21.679615,107.446633,85.926916,21.519717,2.922729,0.033393
106.259161,84.612342,21.646819,107.315043,85.764205,21.550838,2.996025,0.032677
106.069987,84.403647,21.666340,107.453163,85.870658,21.582505,2.929905,0.031178
105.909526,84.264159,21.645367,106.946757,85.331891,21.614866,2.923583,0.031048
105.876911,84.217838,21.659073,107.141249,85.489810,21.651439,2.957624,0.033499
105.703412,84.020338,21.683074,106.813565,85.195712,21.617853,3.073723,0.029508
105.577614,83.900748,21.676866,106.775829,85.130984,21.644845,2.746448,0.035337
105.400723,83.711501,21.689222,106.680877,84.990588,21.690289,2.834628,0.032832
105.248912,83.586267,21.662645,106.741166,85.119324,21.621842,2.850496,0.034744
105.203312,83.518565,21.684747,106.853169,85.182989,21.670181,2.834094,0.032635
105.122483,83.449438,21.673045,106.783571,85.159644,21.623927,2.868919,0.031875
104.971253,83.266102,21.705151,106.252073,84.491071,21.761002,2.932241,0.031025
104.802460,83.158746,21.643714,105.985037,84.574041,21.410996,3.040395,0.032326
104.746451,83.108053,21.638398,106.032518,84.418495,21.614024,2.912108,0.031341
104.607754,82.920117,21.687637,106.251299,84.620570,21.630729,2.950479,0.031508
104.512571,82.819150,21.693420,106.112145,84.463996,21.648149,2.868708,0.032988
104.453851,82.778587,21.675264,105.990155,84.444633,21.545522,2.849155,0.033834
104.339502,82.652693,21.686808,105.867671,84.263521,21.604151,2.875094,0.033507
104.275479,82.574320,21.701158,105.947903,84.337652,21.610252,2.897850,0.031702
104.228667,82.524242,21.704425,105.631251,83.987861,21.643390,2.839474,0.033293
104.052716,82.368858,21.683857,105.705715,84.244767,21.460948,3.060302,0.031354
104.094870,82.424884,21.669987,105.601317,83.926338,21.674980,2.985048,0.031025
104.013665,82.305765,21.707900,105.873181,84.188364,21.684817,3.043998,0.029198
103.863400,82.163123,21.700276,105.547769,83.950087,21.597682,2.899903,0.033247
103.828688,82.119658,21.709030,105.468088,83.851642,21.616446,3.025594,0.034389
103.716377,81.997106,21.719271,105.188303,83.467491,21.720812,3.126198,0.027433
103.692164,81.987116,21.705048,105.341293,83.732703,21.608589,2.881891,0.033757
103.649553,81.917428,21.732125,105.662369,83.973747,21.688623,2.790379,0.033613
103.583548,81.819303,21.764244,105.170470,83.490004,21.680467,2.951374,0.030995
103.510574,81.777009,21.733565,105.210164,83.507886,21.702279,3.149055,0.028717
103.382830,81.646364,21.736467,105.200503,83.666597,21.533906,2.945228,0.034485
103.388910,81.657291,21.731619,105.020137,83.419291,21.600847,3.083631,0.031094
103.295258,81.506249,21.789008,105.111847,83.322608,21.789238,3.036435,0.030038
103.164018,81.406222,21.757796,104.914344,83.204545,21.709799,2.995787,0.029821
103.132761,81.348640,21.784120,105.119538,83.459893,21.659645,3.035324,0.031135
103.168989,81.389547,21.779442,105.050393,83.323814,21.726579,2.937602,0.029996
103.092996,81.275679,21.817318,104.923919,83.124323,21.799596,2.874921,0.031037
102.974220,81.199628,21.774592,104.777800,83.166144,21.611656,3.013533,0.032654
102.962105,81.173594,21.788512,105.059591,83.373467,21.686124,2.797762,0.033263
102.929567,81.109527,21.820040,104.824310,83.126750,21.697560,3.058247,0.029002
102.789973,81.034877,21.755096,104.511293,82.887673,21.623620,3.094050,0.029487
102.806887,81.043576,21.763312,104.868069,83.129635,21.738434,2.944921,0.031191
102.790538,81.033187,21.757351,105.064837,83.401130,21.663707,2.830232,0.033570
102.689852,80.899926,21.789926,104.624647,82.926064,21.698583,2.800825,0.030306
102.673337,80.903365,21.769972,104.535778,82.857935,21.677843,2.923128,0.031930
102.642970,80.848531,21.794439,104.558766,82.881582,21.677184,2.827880,0.030650
102.537943,80.734640,21.803303,104.287975,82.559922,21.728053,3.032426,0.030617
102.430481,80.632294,21.798187,104.501632,82.800250,21.701383,2.854069,0.032483
102.439091,80.650903,21.788188,104.551564,82.888151,21.663413,2.992835,0.030277
102.385954,80.645230,21.740725,104.529972,82.872143,21.657829,3.083246,0.029746
102.437378,80.693128,21.744250,104.582749,82.860286,21.722462,2.876611,0.032028
102.334162,80.560296,21.773866,104.372964,82.722393,21.650572,2.899564,0.034440
102.277986,80.498669,21.779317,104.381989,82.618359,21.763630,3.034314,0.029397
102.222017,80.414804,21.807213,104.206487,82.432425,21.774062,3.048640,0.029652
102.190243,80.385979,21.804264,104.594100,82.847353,21.746747,2.847682,0.033028
102.096771,80.303047,21.793724,103.979938,82.454588,21.525349,3.090979,0.031823
102.071034,80.305891,21.765143,104.345284,82.639954,21.705330,2.982455,0.029190
102.008279,80.237899,21.770380,104.378813,82.664249,21.714564,2.888796,0.029843
101.990249,80.221629,21.768620,104.014205,82.258384,21.755820,3.011754,0.030062
101.874591,80.093342,21.781249,104.311616,82.662431,21.649185,2.902045,0.030293
101.873429,80.105951,21.767478,104.129505,82.435246,21.694260,2.888544,0.031031
101.803063,80.009639,21.793424,103.769170,82.188894,21.580276,3.089132,0.033146
101.824927,80.028579,21.796349,103.889743,82.164971,21.724771,3.068055,0.029122
101.785699,79.960825,21.824875,103.904970,82.225038,21.679932,3.078832,0.029980
101.636548,79.825854,21.810694,104.130405,82.395156,21.735249,3.080561,0.029334
101.787227,79.987976,21.799251,103.921498,82.150978,21.770521,2.900594,0.029057
101.666328,79.824746,21.841582,104.036003,82.307787,21.728216,3.009326,0.030266
101.648053,79.837226,21.810827,104.118843,82.445436,21.673407,3.114447,0.030559
101.619793,79.764769,21.855024,103.926684,82.207075,21.719609,2.924113,0.031499
101.554799,79.754487,21.800312,104.045909,82.338755,21.707155,2.736228,0.031072
101.593786,79.764062,21.829724,103.820018,82.109542,21.710476,2.937795,0.031568
101.467642,79.613384,21.854258,103.865964,82.127254,21.738710,2.972400,0.029342
101.446815,79.606900,21.839915,103.866999,82.099264,21.767735,2.797059,0.033258
101.453551,79.561511,21.892041,103.602248,81.763420,21.838828,2.843369,0.031623
101.414874,79.531810,21.883064,103.884893,82.107068,21.777826,2.930192,0.031318
101.291654,79.460760,21.830895,103.784864,81.952837,21.832027,3.013459,0.028617
101.313661,79.420938,21.892723,103.415342,81.709142,21.706200,3.111094,0.030805
101.220100,79.366314,21.853787,103.884430,82.162359,21.722072,3.088410,0.029026
101.239621,79.405478,21.834143,103.855467,82.102431,21.753036,3.038414,0.027112
101.220346,79.363384,21.856962,103.696215,81.927676,21.768539,3.005253,0.029641
101.184379,79.318434,21.865945,103.586883,81.830046,21.756837,2.854238,0.031955
101.182569,79.334190,21.848379,103.578370,81.866586,21.711784,3.076171,0.029788
101.235444,79.330759,21.904685,103.575855,81.808835,21.767020,2.751117,0.031835
101.145465,79.261412,21.884053,103.811553,82.037311,21.774242,2.882923,0.033460
101.130795,79.229930,21.900865,103.765610,81.901989,21.863621,2.895783,0.030324
101.130968,79.207466,21.923503,103.642550,81.890788,21.751762,2.934388,0.031211
101.010769,79.123109,21.887660,103.384929,81.607797,21.777132,3.071933,0.029549
101.015462,79.124244,21.891218,103.301951,81.529552,21.772400,2.944114,0.030575
100.989867,79.101930,21.887937,103.408279,81.647217,21.761062,3.028137,0.029534
100.970309,79.101951,21.868358,103.641367,81.835904,21.805464,2.923256,0.028200
100.967908,79.068979,21.898929,103.648305,81.936549,21.711756,2.984009,0.031948
100.890225,79.014295,21.875930,103.396052,81.675103,21.720948,3.083416,0.030558
100.922065,79.049105,21.872960,103.797537,82.042213,21.755324,3.097935,0.031663
100.895711,79.010001,21.885710,103.362019,81.579733,21.782286,2.963933,0.029376
100.865358,78.936420,21.928938,103.698163,81.769506,21.928658,2.915899,0.030373
100.854469,78.928270,21.926199,103.355144,81.483420,21.871724,3.036684,0.029981
100.818231,78.879847,21.938384,103.518204,81.698062,21.820142,2.932786,0.034379
100.839696,78.888684,21.951012,103.710629,81.905527,21.805101,2.845356,0.029972
100.819060,78.846640,21.972419,103.293969,81.435186,21.858783,3.079665,0.028509
100.722776,78.797710,21.925067,103.503043,81.566238,21.936804,3.023991,0.029828
100.705622,78.730951,21.974670,103.534295,81.643154,21.891141,3.030360,0.027852
100.786230,78.802635,21.983594,103.451716,81.561913,21.889804,3.166311,0.030133
100.746183,78.775897,21.970285,103.291643,81.436063,21.855580,2.865896,0.030162
100.698559,78.691616,22.006943,103.379122,81.467553,21.911568,3.035043,0.032260
100.659938,78.682728,21.977210,103.171313,81.292697,21.878616,2.998065,0.029899
100.685332,78.696570,21.988762,103.467914,81.546370,21.921544,2.924384,0.029949
100.620914,78.610353,22.010561,103.398239,81.415696,21.982544,3.034472,0.030744
100.610619,78.603252,22.007367,103.311986,81.346751,21.965235,3.042465,0.029376
100.616573,78.610380,22.006193,103.311413,81.410059,21.901353,3.181043,0.028946
100.632080,78.615642,22.016438,103.716697,81.819820,21.896877,2.886154,0.032152
