205.957437,203.572076,2.385361,190.201439,186.466038,3.735401,4.675673,0.006294
177.458413,170.605677,6.852735,164.726241,155.376389,9.349852,3.520885,0.012292
158.562320,148.160084,10.402236,151.727313,140.557552,11.169762,3.699950,0.012942
148.657951,137.140509,11.517442,144.688358,132.721181,11.967175,3.997646,0.013375
142.768200,130.342136,12.426064,140.025661,127.059846,12.965815,4.000137,0.013672
139.103695,125.972719,13.130976,136.852879,123.404906,13.447973,4.138199,0.013702
136.390588,122.696114,13.694473,133.891213,119.938748,13.952464,4.288207,0.013764
133.672638,119.429359,14.243279,131.605271,117.137896,14.467375,4.148462,0.013692
131.427140,116.719773,14.707367,129.475120,114.670379,14.804742,4.061647,0.014960
129.555783,114.498069,15.057714,127.891227,112.635006,15.256222,4.091402,0.014667
127.880329,112.497948,15.382381,126.467917,110.865569,15.602348,4.184188,0.013686
126.470054,110.817146,15.652907,124.861908,108.984707,15.877202,4.040621,0.015285
125.336292,109.446245,15.890047,124.393172,108.405555,15.987617,4.073922,0.014607
124.118557,108.032628,16.085930,122.997765,106.792509,16.205257,4.317309,0.014006
123.045542,106.781205,16.264337,122.159244,105.693953,16.465291,4.057462,0.015271
122.172960,105.698690,16.474269,121.220089,104.793193,16.426896,4.244989,0.014552
121.280523,104.696311,16.584212,120.402010,103.876957,16.525053,4.124263,0.015208
120.569590,103.867432,16.702158,119.883315,103.059947,16.823368,4.276172,0.014060
119.817112,103.023034,16.794079,119.251980,102.462391,16.789589,4.338693,0.014031
119.190225,102.339450,16.850776,118.627357,101.751361,16.875996,4.291554,0.014169
118.600630,101.636507,16.964123,118.064067,101.070115,16.993952,4.317687,0.013850
117.967615,100.906186,17.061429,117.319288,100.234464,17.084823,4.285492,0.013956
117.454716,100.403317,17.051399,117.131615,100.002167,17.129449,4.170599,0.014921
117.015042,99.899389,17.115653,116.375973,99.196578,17.179394,4.300863,0.015244
116.574768,99.402330,17.172438,116.224074,99.093113,17.130962,4.319579,0.014742
116.118358,98.901801,17.216557,115.610527,98.407009,17.203518,4.300616,0.013919
115.704783,98.460979,17.243803,115.570456,98.358163,17.212293,4.295069,0.014067
115.348965,98.078257,17.270707,115.149740,97.857794,17.291947,4.278114,0.014430
115.028208,97.719578,17.308631,114.538966,97.142593,17.396373,4.324005,0.014962
114.547494,97.153462,17.394032,114.352217,96.979955,17.372262,4.068252,0.015183
114.205217,96.838517,17.366700,114.134329,96.814559,17.319770,4.533533,0.013553
113.963102,96.585538,17.377564,113.783159,96.362772,17.420387,4.311056,0.014632
113.541894,96.106057,17.435837,113.819433,96.352196,17.467237,4.247228,0.014975
113.314364,95.855511,17.458853,113.060959,95.535707,17.525252,4.221035,0.014565
112.936780,95.452991,17.483789,113.077983,95.671467,17.406516,4.345362,0.014097
112.810059,95.304653,17.505406,112.683222,95.148930,17.534292,4.411499,0.013914
112.501072,94.936855,17.564217,112.536758,94.957328,17.579430,4.432860,0.014191
112.313877,94.759733,17.554144,112.294697,94.758659,17.536038,4.335464,0.015110
111.945932,94.362100,17.583832,112.101175,94.450817,17.650358,4.449229,0.013373
111.660730,94.052866,17.607864,112.184974,94.651988,17.532986,4.284653,0.014701
111.585927,93.988481,17.597446,111.885688,94.255734,17.629954,4.212203,0.014703
111.330515,93.679629,17.650886,111.469496,93.755285,17.714211,4.412127,0.013971
111.040645,93.369260,17.671385,111.381194,93.787317,17.593877,4.557459,0.014076
110.936246,93.253567,17.682680,111.174762,93.436773,17.737989,4.418347,0.013923
110.602710,92.842569,17.760141,110.805040,93.041123,17.763918,4.266438,0.014391
110.500052,92.743053,17.756999,110.888164,93.118507,17.769657,4.307014,0.014451
110.236161,92.450510,17.785651,110.699684,92.939225,17.760458,4.382770,0.014954
110.094970,92.303326,17.791643,110.563712,92.785573,17.778139,4.318590,0.014800
109.919310,92.120086,17.799224,110.322910,92.538241,17.784669,4.431077,0.014208
109.807358,92.001735,17.805624,110.128999,92.316057,17.812942,4.385798,0.013964
109.613189,91.775245,17.837944,109.897851,92.161532,17.736319,4.345900,0.015273
109.397822,91.534099,17.863723,109.764362,91.963505,17.800857,4.517795,0.013743
109.249790,91.397883,17.851908,109.764512,91.859474,17.905038,4.354277,0.013835
109.206693,91.340882,17.865812,109.506716,91.597785,17.908931,4.321861,0.013529
108.920087,91.051494,17.868593,109.430000,91.742344,17.687656,4.353991,0.013786
108.791651,90.943986,17.847665,109.289004,91.504129,17.784874,4.483187,0.013452
108.672865,90.802051,17.870814,109.347212,91.549160,17.798053,4.445022,0.013768
108.560554,90.661015,17.899539,109.195963,91.315601,17.880362,4.300208,0.014535
108.407153,90.520177,17.886976,108.946563,90.980465,17.966098,4.428132,0.014179
108.293958,90.372720,17.921237,108.832081,91.023094,17.808987,4.681276,0.013827
108.112942,90.219810,17.893132,109.127261,91.301648,17.825613,4.558253,0.013125
108.002598,90.075967,17.926631,108.462976,90.613285,17.849690,4.392068,0.014122
107.781798,89.892481,17.889317,108.504903,90.645036,17.859867,4.662453,0.012590
107.685784,89.795344,17.890440,108.508541,90.640668,17.867873,4.268263,0.015618
107.612375,89.709475,17.902900,108.398726,90.442275,17.956452,4.585255,0.013092
107.445325,89.504995,17.940330,108.302108,90.331521,17.970587,4.437926,0.014716
107.317707,89.380152,17.937555,108.207023,90.342135,17.864888,4.407967,0.013093
107.200868,89.232983,17.967884,107.943536,90.027590,17.915946,4.299223,0.014313
107.129573,89.153587,17.975986,107.708598,89.758127,17.950470,4.748861,0.012363
106.924140,88.941480,17.982660,107.642950,89.725106,17.917844,4.544776,0.012870
106.840612,88.902256,17.938356,107.478347,89.617194,17.861153,4.650395,0.012936
106.800221,88.826253,17.973968,107.751871,89.874180,17.877691,4.627069,0.013213
106.631511,88.674301,17.957210,107.501601,89.598905,17.902697,4.716854,0.013143
106.573694,88.581549,17.992145,107.411741,89.529312,17.882429,4.692224,0.013391
106.467934,88.523880,17.944054,107.445514,89.514492,17.931022,4.593162,0.013432
106.365834,88.455743,17.910091,107.233902,89.391234,17.842669,4.751764,0.013354
106.324288,88.362568,17.961720,107.156593,89.165996,17.990597,4.340312,0.014644
106.205673,88.236431,17.969242,107.458607,89.520984,17.937623,4.777428,0.013355
106.094135,88.118496,17.975640,106.705834,88.722443,17.983391,4.659905,0.012704
105.963243,87.991129,17.972113,106.952024,89.096323,17.855700,4.443563,0.013046
105.949436,87.974898,17.974539,106.996071,88.988325,18.007746,4.363290,0.014227
105.840623,87.860177,17.980446,107.290078,89.268563,18.021516,4.478570,0.013113
105.768841,87.767759,18.001082,107.072414,89.248093,17.824321,4.630255,0.013490
105.674953,87.679341,17.995612,106.886416,88.944465,17.941951,4.443888,0.014024
105.587323,87.546024,18.041299,106.583468,88.548445,18.035023,4.503965,0.014061
105.581610,87.592232,17.989379,106.513143,88.616259,17.896884,4.562300,0.013509
105.475701,87.481382,17.994319,106.669748,88.763528,17.906220,4.880336,0.013134
105.329555,87.293789,18.035766,106.340893,88.354005,17.986887,4.569221,0.014076
105.321739,87.284683,18.037056,106.271336,88.244876,18.026461,4.426154,0.013038
105.278156,87.252249,18.025907,106.651463,88.550160,18.101303,4.660225,0.013693
105.106923,87.084577,18.022346,106.276642,88.277366,17.999275,4.474230,0.013232
105.094878,87.069088,18.025790,106.385185,88.469370,17.915814,4.637533,0.013477
105.003405,86.971746,18.031658,106.375630,88.403323,17.972307,4.576132,0.014009
104.928193,86.916961,18.011232,105.904956,87.878799,18.026156,4.703819,0.013833
104.848703,86.768182,18.080521,106.149357,88.187232,17.962125,4.651929,0.014882
104.807783,86.727928,18.079855,106.163499,88.155839,18.007660,4.593224,0.013040
104.706789,86.641015,18.065774,105.942871,87.945917,17.996955,4.358093,0.014356
104.646147,86.577019,18.069128,106.005167,88.056199,17.948968,4.762424,0.012801
104.618712,86.531605,18.087108,105.713579,87.584135,18.129444,4.324013,0.014176
104.473247,86.400755,18.072491,105.746051,87.744794,18.001257,4.606842,0.013857
104.405099,86.334846,18.070253,105.721883,87.704746,18.017137,4.503104,0.013609
104.383123,86.266881,18.116242,105.554799,87.508112,18.046687,4.520955,0.013110
104.297601,86.239085,18.058516,105.645915,87.591348,18.054567,4.728160,0.013241
104.262270,86.163684,18.098585,105.651995,87.575253,18.076742,4.809191,0.013268
104.230974,86.154457,18.076517,105.625953,87.547218,18.078735,4.775240,0.013562
104.115561,85.949779,18.165782,105.533500,87.383471,18.150028,4.395000,0.013945
104.090632,85.964569,18.126063,105.485601,87.416934,18.068666,4.677151,0.013165
104.003837,85.886511,18.117326,105.253113,87.213732,18.039381,4.660370,0.013051
103.963771,85.873888,18.089882,105.357448,87.299580,18.057867,4.840825,0.013547
103.910245,85.789495,18.120750,105.149151,87.087748,18.061403,4.578950,0.013646
103.906049,85.774249,18.131800,105.160560,87.062337,18.098224,4.372333,0.013874
103.840431,85.732442,18.107988,105.597826,87.632644,17.965183,4.489882,0.014408
103.773383,85.627135,18.146248,105.067861,86.966856,18.101005,4.834520,0.013354
103.726650,85.587278,18.139372,105.248640,87.130724,18.117915,4.568259,0.013678
103.659415,85.525083,18.134332,105.106205,87.048815,18.057391,4.647754,0.013623
103.557373,85.418501,18.138872,105.029700,86.986874,18.042826,4.727697,0.013108
103.552182,85.412596,18.139586,104.925718,86.846439,18.079279,4.493755,0.014393
103.526310,85.437627,18.088683,104.783880,86.757101,18.026779,4.579443,0.013739
103.608269,85.456541,18.151728,104.911301,86.900937,18.010363,4.615949,0.013195
103.531706,85.430040,18.101666,105.053456,87.075685,17.977771,4.595800,0.013467
103.518841,85.377311,18.141530,104.862114,86.768891,18.093223,4.940949,0.012847
103.534322,85.382239,18.152083,104.893791,86.765812,18.127979,4.712977,0.012413
103.413905,85.245431,18.168473,104.788413,86.626698,18.161715,4.596901,0.013461
103.325453,85.148084,18.177368,104.968091,86.855404,18.112687,4.532280,0.013704
103.316307,85.108368,18.207939,104.916439,86.775903,18.140536,4.726545,0.013157
103.299294,85.128994,18.170301,104.826563,86.570581,18.255982,4.682585,0.013000
103.266554,85.105453,18.161102,104.963877,86.791993,18.171884,4.589498,0.012423
103.246170,85.111279,18.134891,104.990887,86.767304,18.223583,4.949849,0.015262
103.247993,85.073581,18.174411,104.641579,86.476381,18.165197,4.859659,0.013873
103.132796,84.929350,18.203446,104.723294,86.631143,18.092151,4.683252,0.013663
103.197004,84.997912,18.199092,104.739517,86.601923,18.137594,4.886702,0.013376
103.142592,84.948714,18.193879,104.553222,86.381707,18.171514,4.703783,0.012661
103.035248,84.832211,18.203037,104.481347,86.291298,18.190050,4.909297,0.012102
103.038261,84.819200,18.219061,104.683031,86.617881,18.065150,4.490099,0.012832
102.998221,84.807702,18.190519,104.976826,86.833976,18.142849,4.340895,0.014303
103.041619,84.839229,18.202390,104.628403,86.458820,18.169583,4.586480,0.013393
102.995957,84.767901,18.228056,104.398702,86.157762,18.240940,4.612103,0.012707
102.995356,84.710270,18.285086,104.334914,86.056280,18.278634,4.551228,0.012931
102.915716,84.654489,18.261227,104.573514,86.443571,18.129943,4.601064,0.013896
102.941401,84.693769,18.247632,104.889353,86.595340,18.294013,4.574473,0.013568
103.001478,84.682596,18.318882,104.432249,86.171368,18.260881,4.913736,0.012230
102.981706,84.720672,18.261035,104.603770,86.361720,18.242050,4.786893,0.012512
102.863742,84.552498,18.311244,104.670954,86.474551,18.196402,4.824380,0.013807
102.805691,84.517647,18.288044,104.435054,86.176140,18.258914,5.153343,0.013792
102.920058,84.619858,18.300200,104.599555,86.370976,18.228579,4.741333,0.014239
102.926616,84.574686,18.351930,104.433959,86.221576,18.212383,4.481629,0.013652
102.858180,84.534835,18.323344,104.621684,86.394724,18.226960,4.890931,0.013104
102.808374,84.494635,18.313740,104.273642,86.021420,18.252222,4.424450,0.013632
102.829743,84.481593,18.348150,104.390518,86.100547,18.289971,4.840448,0.012784
102.818396,84.442415,18.375981,104.768559,86.439528,18.329031,4.791530,0.013155
102.746602,84.397456,18.349145,104.444900,86.053436,18.391465,4.637772,0.013483
102.825402,84.463936,18.361467,104.522816,86.264844,18.257972,4.919872,0.013609
102.889678,84.491576,18.398102,104.324846,85.939291,18.385555,4.498647,0.013385
102.671596,84.267059,18.404537,104.407760,86.102944,18.304816,4.681300,0.012907
102.736188,84.358122,18.378066,104.402344,85.993477,18.408867,4.317974,0.014104
102.677240,84.329702,18.347538,104.531390,86.158595,18.372795,4.420208,0.014146
102.642123,84.286685,18.355439,104.384849,86.045843,18.339005,4.752733,0.013129
102.635123,84.248732,18.386391,104.466640,86.183828,18.282813,4.570981,0.013119
102.684541,84.295039,18.389501,104.382500,86.107724,18.274776,4.944312,0.013098
102.616657,84.216170,18.400487,104.676354,86.383096,18.293258,4.859346,0.012677
