243.358260,239.688976,3.669284,192.256129,189.203168,3.052962,3.297138,0.008448
180.636560,175.096337,5.540222,164.793046,156.160460,8.632586,2.927724,0.015374
156.044028,145.781332,10.262696,149.360934,138.376151,10.984782,2.843074,0.019913
145.531417,133.867995,11.663421,141.258102,128.966634,12.291468,2.889616,0.020804
138.874068,126.039325,12.834744,135.511604,122.111437,13.400168,3.145644,0.021127
134.230931,120.564516,13.666415,131.395266,117.315400,14.079866,3.022632,0.022182
130.741014,116.432574,14.308441,128.877048,114.309523,14.567524,3.050432,0.021885
128.131309,113.483659,14.647650,126.599224,111.795884,14.803340,3.126951,0.023283
126.101624,111.170091,14.931534,124.659396,109.661947,14.997449,3.194794,0.021200
124.400700,109.217597,15.183102,122.917557,107.633778,15.283779,3.376232,0.020343
122.853152,107.485568,15.367584,121.426143,105.993063,15.433081,3.317520,0.021099
121.488846,105.982930,15.505916,120.270194,104.576766,15.693428,3.507386,0.020354
120.282430,104.632879,15.649551,118.945692,103.188922,15.756771,3.413627,0.020840
119.246392,103.431205,15.815187,118.596317,102.711912,15.884405,3.329370,0.022568
118.310596,102.362103,15.948493,117.175268,101.138209,16.037059,3.364871,0.021895
117.439785,101.375674,16.064111,116.542385,100.403948,16.138437,3.476278,0.020804
116.629914,100.460959,16.168955,115.921172,99.476470,16.444701,3.445014,0.020285
115.933921,99.633240,16.300681,115.188528,98.796343,16.392184,3.487720,0.020809
115.245728,98.888591,16.357137,114.346120,97.857437,16.488683,3.534693,0.019959
114.619810,98.215111,16.404699,114.021881,97.577533,16.444348,3.412368,0.022228
114.111107,97.652360,16.458747,113.615291,97.145035,16.470256,3.679665,0.020734
113.661527,97.155609,16.505918,113.130593,96.627172,16.503421,3.532175,0.019763
113.184013,96.678198,16.505815,112.851083,96.348299,16.502784,3.612664,0.019008
112.838723,96.318279,16.520444,112.334056,95.788477,16.545579,3.484931,0.019636
112.303367,95.724161,16.579206,111.825148,95.207824,16.617324,3.551212,0.020480
111.989270,95.347598,16.641673,111.840936,95.214150,16.626787,3.560864,0.019880
111.624711,94.998257,16.626454,111.692362,95.036574,16.655788,3.531696,0.020965
111.354359,94.688326,16.666033,111.254807,94.615415,16.639392,3.573500,0.020025
111.028218,94.313057,16.715161,110.806268,94.110627,16.695642,3.532985,0.020225
110.633358,93.925806,16.707552,110.936986,94.325593,16.611393,3.536211,0.019746
110.415222,93.648125,16.767097,110.283233,93.542153,16.741080,3.540029,0.018753
110.190800,93.396571,16.794229,110.182229,93.346238,16.835991,3.545671,0.020237
109.957896,93.138174,16.819723,109.816411,93.036227,16.780184,3.513202,0.020026
109.715199,92.887693,16.827507,109.857342,93.006001,16.851342,3.664434,0.018559
109.456623,92.617092,16.839531,109.456978,92.630182,16.826796,3.634791,0.018222
109.198995,92.343880,16.855114,109.502954,92.597100,16.905853,3.681445,0.019272
108.989878,92.110733,16.879144,109.345562,92.476585,16.868977,3.604300,0.020745
108.822467,91.925224,16.897244,108.938414,91.966620,16.971794,3.536152,0.019187
108.687510,91.755864,16.931645,109.149614,92.229333,16.920281,3.577452,0.020914
108.386098,91.474889,16.911209,108.860805,91.958641,16.902163,3.755780,0.019278
108.278991,91.336000,16.942991,108.926323,91.988379,16.937945,3.510982,0.019814
108.115981,91.164799,16.951181,108.581505,91.732188,16.849317,3.642442,0.019123
107.936534,90.986280,16.950255,108.420900,91.516276,16.904625,3.647883,0.020112
107.782234,90.818681,16.963553,108.491862,91.499612,16.992250,3.494062,0.020752
107.609028,90.612822,16.996206,108.160962,91.205644,16.955317,3.636382,0.019096
107.500955,90.484560,17.016395,107.936516,90.967658,16.968858,3.741243,0.018064
107.309380,90.298072,17.011308,107.761340,90.814488,16.946853,3.748141,0.020101
107.123230,90.132089,16.991141,107.899789,90.985216,16.914573,3.799336,0.018699
107.030034,90.017266,17.012768,107.569809,90.552627,17.017182,3.602178,0.019630
106.905833,89.854539,17.051295,107.759666,90.796231,16.963435,3.482950,0.019369
106.818824,89.768818,17.050006,107.412961,90.435109,16.977852,3.799853,0.018446
106.660680,89.605370,17.055310,107.437905,90.416737,17.021168,3.674258,0.018934
106.561457,89.492980,17.068478,107.520630,90.444503,17.076127,3.653408,0.019814
106.464172,89.392014,17.072158,107.457220,90.434792,17.022428,3.770900,0.018345
106.334979,89.277077,17.057902,107.043440,89.938484,17.104956,3.544300,0.019592
106.190641,89.087818,17.102823,106.888454,89.794608,17.093846,3.469844,0.020500
105.985314,88.893169,17.092145,106.918204,89.857265,17.060939,3.627800,0.019700
106.045067,88.893781,17.151286,106.770312,89.589379,17.180933,3.773839,0.019365
105.936356,88.777397,17.158959,106.759172,89.675396,17.083775,3.838578,0.017367
105.862573,88.748793,17.113780,106.928662,89.861081,17.067581,3.540052,0.020001
105.776267,88.627690,17.148577,106.790679,89.628464,17.162216,3.525721,0.020434
105.628199,88.459858,17.168341,106.531955,89.355097,17.176858,3.665740,0.019266
105.523776,88.378654,17.145122,106.573878,89.453162,17.120717,3.756927,0.019238
105.442980,88.283887,17.159093,106.541334,89.330783,17.210551,3.736624,0.018466
105.451596,88.288862,17.162734,106.518140,89.391456,17.126684,3.555876,0.020220
105.368986,88.209601,17.159385,106.505267,89.314960,17.190308,3.655225,0.018854
105.328950,88.166714,17.162237,106.347374,89.273054,17.074319,3.755226,0.018770
105.258889,88.076456,17.182434,106.200744,88.880257,17.320487,3.662203,0.018495
105.103579,87.843145,17.260434,106.338041,89.166412,17.171630,3.634805,0.019035
105.090327,87.884738,17.205590,106.338509,89.121830,17.216680,3.375314,0.021128
104.968541,87.729939,17.238602,105.797992,88.466045,17.331948,3.606994,0.019806
104.937879,87.698668,17.239210,105.934237,88.674650,17.259587,3.633494,0.019229
104.821728,87.576303,17.245425,106.078727,88.864765,17.213962,3.425861,0.018431
104.794647,87.551706,17.242940,106.143785,88.849808,17.293977,3.601290,0.020574
104.757398,87.464149,17.293249,105.934795,88.700821,17.233974,3.538264,0.020906
104.706321,87.441250,17.265071,105.959883,88.656327,17.303555,3.698542,0.018829
104.612979,87.328341,17.284638,105.800533,88.556343,17.244191,3.524376,0.019972
104.587647,87.307367,17.280280,105.803574,88.514618,17.288955,3.629368,0.019755
104.553563,87.251891,17.301672,105.867018,88.597718,17.269300,3.830828,0.018868
104.463683,87.151193,17.312489,105.631803,88.299757,17.332046,3.775069,0.017915
104.468620,87.152364,17.316257,105.693188,88.432012,17.261176,3.751788,0.019048
104.382885,87.080642,17.302243,106.134239,88.892345,17.241895,3.722329,0.020187
104.338890,87.023589,17.315300,105.726981,88.440450,17.286531,3.705762,0.020544
104.287157,86.947947,17.339210,105.755007,88.381904,17.373105,3.705145,0.019556
104.222253,86.921881,17.300372,105.699497,88.441337,17.258160,3.800278,0.018799
104.252990,86.925733,17.327257,105.541526,88.232607,17.308920,3.759250,0.019866
104.189874,86.839643,17.350230,105.589401,88.202426,17.386975,3.802887,0.018893
104.140304,86.804033,17.336272,105.691260,88.369596,17.321663,3.675323,0.018892
104.103443,86.749719,17.353725,105.306467,87.918951,17.387516,3.795544,0.018499
103.983453,86.612821,17.370632,105.484337,88.136303,17.348033,3.672944,0.019868
104.021488,86.680274,17.341214,105.691484,88.378717,17.312767,3.668218,0.020726
103.976308,86.621309,17.354999,105.624190,88.245565,17.378624,3.628081,0.020616
103.934230,86.567329,17.366900,105.375337,88.042374,17.332964,3.982423,0.018224
103.856898,86.490121,17.366777,105.518140,88.191116,17.327024,3.523286,0.020963
103.811109,86.432662,17.378447,105.398102,88.025402,17.372699,3.569064,0.021213
103.838457,86.430528,17.407929,105.397560,87.925228,17.472332,3.517629,0.020342
103.803171,86.367605,17.435566,105.252838,87.845101,17.407737,3.598516,0.019604
103.666713,86.238825,17.427888,105.249093,87.876318,17.372775,3.596778,0.020835
103.748469,86.313758,17.434712,105.295195,87.934835,17.360360,3.728477,0.019483
103.654523,86.250459,17.404064,105.286629,87.824100,17.462529,3.607547,0.019807
103.648906,86.228477,17.420429,105.234888,87.855281,17.379608,3.911816,0.018565
103.613855,86.235794,17.378061,105.355406,88.052787,17.302619,3.597164,0.020648
103.625740,86.193656,17.432084,105.328946,87.913022,17.415925,3.663417,0.020044
103.546540,86.132739,17.413801,105.469558,88.086462,17.383097,3.730013,0.018988
103.518694,86.089025,17.429669,105.252660,87.808141,17.444519,3.680318,0.018987
103.434758,86.007736,17.427022,104.999335,87.611558,17.387777,3.669537,0.018536
103.547042,86.103023,17.444019,105.329840,87.849716,17.480125,3.685050,0.018663
103.444655,85.958483,17.486173,105.321520,87.919567,17.401953,3.840510,0.019159
103.482247,86.014659,17.467589,104.953365,87.579339,17.374026,3.932327,0.019084
103.450777,85.980223,17.470554,105.612946,88.192072,17.420874,3.534607,0.020354
103.437867,85.946071,17.491796,105.134116,87.717642,17.416473,3.554818,0.020418
103.305263,85.817178,17.488085,105.274286,87.848322,17.425964,3.740386,0.019096
103.356524,85.862902,17.493621,104.940824,87.479875,17.460949,3.974179,0.017258
103.294928,85.813380,17.481548,105.055783,87.654500,17.401283,3.691544,0.020784
103.334090,85.878013,17.456077,105.125195,87.559717,17.565477,3.692662,0.019232
103.217702,85.704642,17.513060,104.898553,87.360537,17.538015,3.691698,0.019933
103.219115,85.703237,17.515878,105.147903,87.765622,17.382280,3.686728,0.020815
103.270373,85.754315,17.516058,105.118465,87.686040,17.432425,3.692490,0.019357
103.228612,85.660247,17.568365,105.104926,87.686382,17.418543,3.699072,0.021391
103.197769,85.649443,17.548326,104.897148,87.435597,17.461552,3.800665,0.019242
103.147995,85.599884,17.548112,104.982344,87.548069,17.434276,3.855139,0.017720
103.096466,85.570154,17.526312,104.812218,87.321519,17.490699,3.709798,0.021532
103.077340,85.542090,17.535250,105.065377,87.578218,17.487160,3.571443,0.020629
103.046311,85.512674,17.533637,105.009889,87.559883,17.450006,3.664649,0.019657
103.069701,85.523196,17.546504,104.979587,87.459038,17.520549,3.618676,0.019722
103.050126,85.494010,17.556116,104.987376,87.419234,17.568142,3.633977,0.019210
103.033633,85.494198,17.539436,105.309630,87.856176,17.453454,3.547874,0.020584
103.062686,85.476686,17.586001,105.131663,87.692524,17.439139,3.722526,0.018304
102.998074,85.433319,17.564755,104.914617,87.297533,17.617084,3.720040,0.018481
102.936676,85.329654,17.607022,104.955228,87.420870,17.534359,3.879589,0.017992
102.956078,85.369452,17.586626,105.187728,87.561258,17.626470,3.740165,0.019435
102.905624,85.283478,17.622145,105.190767,87.579460,17.611306,3.944680,0.018495
102.927532,85.312734,17.614798,105.007118,87.500537,17.506581,3.702160,0.019770
102.856224,85.232672,17.623552,105.161550,87.536173,17.625378,3.775881,0.018164
102.806111,85.143980,17.662132,105.025994,87.472187,17.553808,3.809788,0.018085
102.847981,85.225045,17.622936,104.835751,87.211351,17.624401,3.709234,0.018933
102.801838,85.147456,17.654382,104.856416,87.224952,17.631464,3.520083,0.021055
102.763183,85.142348,17.620834,105.063144,87.491680,17.571464,3.702424,0.019338
102.866542,85.260421,17.606121,105.026039,87.431183,17.594856,3.474383,0.019731
102.808818,85.146347,17.662471,104.798432,87.146289,17.652143,3.796206,0.018890
102.768242,85.164800,17.603443,104.895850,87.344516,17.551334,3.570460,0.020143
102.757618,85.146019,17.611599,105.023310,87.462781,17.560530,3.800529,0.019797
102.830711,85.160473,17.670237,104.745656,86.980285,17.765370,3.766210,0.019210
102.711017,85.048515,17.662502,104.769600,87.155363,17.614237,3.700336,0.018536
102.724898,85.028063,17.696836,104.748064,87.051549,17.696516,3.644631,0.018833
102.637299,84.949820,17.687480,104.626392,86.991261,17.635131,3.811749,0.019074
102.645702,84.976111,17.669592,104.925933,87.261312,17.664620,3.813988,0.018980
102.673356,84.982152,17.691204,104.795354,87.190941,17.604413,3.441337,0.022385
102.700475,85.016242,17.684233,104.925739,87.295376,17.630362,3.668445,0.020329
102.673198,84.957745,17.715453,104.686738,87.002951,17.683787,3.688383,0.019578
102.653052,84.927458,17.725594,104.675129,87.023751,17.651378,3.907754,0.018973
102.562494,84.815560,17.746935,104.751542,87.070676,17.680866,3.906867,0.018264
102.562328,84.843932,17.718397,104.973692,87.174213,17.799479,3.595391,0.019267
102.570901,84.847300,17.723601,104.828543,87.149275,17.679267,3.565545,0.020963
102.576785,84.875018,17.701767,104.891448,87.229896,17.661552,3.839927,0.017898
102.519177,84.810075,17.709102,104.787920,87.163920,17.623999,3.728625,0.019144
102.592377,84.867781,17.724596,104.782647,87.086139,17.696509,3.594329,0.019585
102.525285,84.772017,17.753268,104.696796,87.038186,17.658610,3.652555,0.019303
102.516715,84.771119,17.745597,104.869081,87.138148,17.730933,3.722295,0.019512
102.527508,84.792456,17.735051,104.722433,87.043598,17.678836,3.766950,0.018420
