199.964536,194.777533,5.187003,173.182006,163.414115,9.767892,2.450856,0.023538
159.245082,146.222468,13.022614,148.888598,133.503871,15.384727,2.483011,0.032635
144.246014,127.751854,16.494160,139.013279,121.389274,17.624005,2.624780,0.035247
136.523838,118.134837,18.389002,132.934643,114.007491,18.927152,2.784377,0.033272
132.036269,112.632092,19.404177,129.371311,109.581870,19.789440,2.660200,0.036718
128.841566,108.796270,20.045295,126.929393,106.621922,20.307471,2.872256,0.032868
126.485738,105.963264,20.522474,124.836222,104.218259,20.617962,2.994047,0.032721
124.657231,103.818058,20.839173,123.079743,102.240561,20.839182,2.802899,0.035269
123.235495,102.163818,21.071677,122.163883,100.958803,21.205080,2.812747,0.037340
122.046385,100.762905,21.283481,121.138203,99.815654,21.322549,2.638215,0.039835
121.003020,99.609495,21.393525,120.165438,98.791235,21.374203,2.856891,0.035608
119.979119,98.495766,21.483354,119.007739,97.593315,21.414424,2.987703,0.034295
119.143397,97.567271,21.576126,118.209099,96.585922,21.623178,3.055747,0.033877
118.423346,96.786313,21.637033,117.766962,96.022039,21.744924,2.847845,0.035759
117.696161,96.007348,21.688813,117.312174,95.589964,21.722209,2.781238,0.036467
116.984890,95.190406,21.794483,116.750598,95.053611,21.696987,2.775651,0.036543
116.411055,94.610214,21.800841,115.798749,93.995029,21.803719,3.013235,0.032128
115.815171,94.034522,21.780649,115.496609,93.698263,21.798346,2.991483,0.034176
115.261569,93.422807,21.838762,114.770366,92.995034,21.775332,3.037013,0.033214
114.752937,92.938182,21.814755,114.682489,92.865640,21.816850,3.011317,0.033228
114.309176,92.471771,21.837405,114.251345,92.437510,21.813835,2.775719,0.038521
113.945382,92.138651,21.806731,113.842707,92.151532,21.691175,2.984979,0.036763
113.443852,91.646646,21.797206,113.133472,91.418768,21.714704,3.029791,0.034128
113.089699,91.294188,21.795511,112.884890,91.195609,21.689281,2.974119,0.035911
112.715298,90.889915,21.825383,112.763418,90.983792,21.779626,2.994019,0.034550
112.328646,90.471544,21.857101,112.405291,90.681634,21.723658,3.050848,0.031956
112.029228,90.217357,21.811870,112.007670,90.327122,21.680548,2.906693,0.034155
111.704706,89.890753,21.813952,111.744670,89.966176,21.778495,3.139255,0.030092
111.335415,89.543616,21.791799,111.721498,89.967967,21.753531,2.985353,0.035194
111.095081,89.324245,21.770836,111.407863,89.696881,21.710981,3.060201,0.032889
110.776991,89.041957,21.735034,110.920032,89.303422,21.616610,3.191905,0.030574
110.462868,88.731889,21.730979,110.733017,89.064420,21.668597,3.101556,0.031371
110.241382,88.480387,21.760995,111.038457,89.318595,21.719862,2.936954,0.033175
109.899743,88.136263,21.763480,110.223615,88.645750,21.577865,3.100993,0.032587
109.687813,87.931477,21.756337,110.234379,88.609342,21.625036,3.210012,0.030897
109.427694,87.687347,21.740347,109.823772,88.091659,21.732113,2.980644,0.033299
109.242021,87.511022,21.730999,109.704115,88.032665,21.671450,2.949601,0.036372
109.003341,87.265062,21.738279,109.785360,88.056082,21.729278,3.054325,0.034377
108.730177,86.925055,21.805123,109.067924,87.388488,21.679435,3.249282,0.030600
108.536109,86.795497,21.740612,108.953606,87.154228,21.799378,3.151519,0.030519
108.360516,86.549801,21.810716,108.883471,87.113066,21.770404,3.073081,0.031893
108.105306,86.368633,21.736673,108.491331,86.843881,21.647450,2.973510,0.034726
107.870416,86.117862,21.752554,108.784266,87.071749,21.712518,3.188990,0.030223
107.705248,85.936916,21.768332,108.588631,86.809553,21.779078,3.025052,0.032959
107.464369,85.688125,21.776244,108.137243,86.394223,21.743020,3.213562,0.031193
107.293138,85.544114,21.749025,107.918836,86.236169,21.682668,3.113774,0.034045
107.099894,85.329616,21.770278,107.881279,86.127185,21.754094,3.082314,0.030759
106.959293,85.106972,21.852321,107.554248,85.808060,21.746188,3.153478,0.031015
106.841750,85.017605,21.824145,107.593926,85.861209,21.732717,3.083649,0.031167
106.559151,84.786760,21.772391,107.478018,85.846622,21.631396,3.035058,0.033279
106.412035,84.637739,21.774297,107.361299,85.640032,21.721267,3.115498,0.030901
106.335886,84.503503,21.832383,106.888284,85.160494,21.727790,3.216908,0.031463
106.175216,84.377164,21.798053,106.980396,85.359177,21.621219,3.022417,0.031968
105.996727,84.219968,21.776760,106.883823,85.174039,21.709784,3.042007,0.031419
105.896750,84.105802,21.790948,106.676495,84.987001,21.689494,3.132112,0.029524
105.741683,83.952555,21.789128,106.544536,84.786051,21.758484,3.165191,0.031345
105.603172,83.768371,21.834801,106.563018,84.888400,21.674619,3.057759,0.032053
105.449680,83.622292,21.827388,106.539798,84.868229,21.671568,3.179073,0.030886
105.429766,83.617744,21.812022,106.228347,84.570629,21.657719,3.073423,0.029716
105.278425,83.441835,21.836590,106.232255,84.442503,21.789752,3.054614,0.030443
105.145428,83.304351,21.841078,106.234420,84.443890,21.790530,3.069132,0.032555
104.991259,83.147569,21.843690,105.921505,84.114647,21.806858,3.100081,0.030234
104.856067,82.985506,21.870561,105.951172,84.187335,21.763836,3.024595,0.033313
104.768926,82.950579,21.818347,105.967251,84.251851,21.715400,3.179145,0.030861
104.657263,82.811051,21.846212,105.559870,83.789387,21.770483,3.169269,0.029231
104.599724,82.745667,21.854057,105.839033,84.133523,21.705510,3.164021,0.032609
104.461395,82.642284,21.819111,105.478598,83.735773,21.742826,3.235702,0.030304
104.385522,82.540339,21.845183,105.606257,83.918116,21.688142,3.216270,0.029179
104.235397,82.379368,21.856029,105.455331,83.701102,21.754229,3.139493,0.029946
104.143211,82.302546,21.840666,105.262541,83.559387,21.703154,3.105712,0.030286
104.058007,82.254855,21.803152,105.197587,83.464707,21.732880,3.100005,0.029461
103.947848,82.143650,21.804197,105.183961,83.509573,21.674388,3.029365,0.031543
103.891076,82.110876,21.780201,105.230212,83.530807,21.699405,3.219470,0.028845
103.793090,82.006935,21.786155,105.130376,83.321735,21.808640,3.018267,0.031199
103.726121,81.895224,21.830897,105.009314,83.234690,21.774623,3.364377,0.028606
103.615141,81.825614,21.789527,104.963284,83.267518,21.695767,3.308155,0.027195
103.521014,81.719857,21.801157,104.824385,83.062842,21.761543,3.033238,0.030055
103.507012,81.643264,21.863748,105.026112,83.212796,21.813316,3.028305,0.029870
103.449554,81.571325,21.878229,104.829866,83.135706,21.694161,3.094487,0.030400
103.302459,81.445900,21.856559,104.743195,82.958335,21.784859,3.279801,0.026947
103.239631,81.409747,21.829884,104.533184,82.800899,21.732285,3.250134,0.028658
103.176610,81.319330,21.857280,104.750192,82.951414,21.798777,3.143465,0.026979
103.117877,81.269590,21.848287,104.549044,82.813096,21.735948,3.199310,0.029834
103.068821,81.230702,21.838120,104.436044,82.655559,21.780486,3.124585,0.029863
103.000020,81.121514,21.878506,104.586315,82.860032,21.726283,2.981691,0.032218
102.896031,81.065135,21.830896,104.440688,82.624219,21.816469,3.129220,0.028299
102.823574,80.954679,21.868896,104.434030,82.656722,21.777308,3.206771,0.029308
102.781766,80.932137,21.849628,104.524429,82.715727,21.808702,3.184868,0.030302
102.706856,80.788667,21.918189,104.056353,82.217866,21.838487,3.214911,0.027533
102.675668,80.788855,21.886813,104.175278,82.310573,21.864705,3.266599,0.028629
102.557221,80.665566,21.891656,104.145543,82.167463,21.978080,3.112571,0.030339
102.607603,80.672267,21.935336,104.113475,82.275955,21.837519,3.060983,0.030354
102.442811,80.545376,21.897435,104.136417,82.343794,21.792623,3.036022,0.030274
102.406928,80.472634,21.934295,104.010443,82.219106,21.791337,3.026073,0.029547
102.393222,80.466597,21.926625,104.039891,82.196145,21.843746,2.951506,0.029216
102.373440,80.441607,21.931834,104.077561,82.215248,21.862313,3.093780,0.032082
102.276037,80.318525,21.957511,103.910417,81.990205,21.920212,3.150610,0.027626
102.199613,80.234941,21.964672,103.878849,82.030162,21.848687,3.037827,0.030969
102.266133,80.276320,21.989813,103.973132,82.032296,21.940838,2.934448,0.030537
102.164545,80.155301,22.009243,103.758698,81.846266,21.912432,3.058025,0.031609
102.064478,80.081391,21.983088,103.915280,82.035200,21.880080,3.081444,0.028030
102.033082,80.019763,22.013319,103.824297,81.906276,21.918021,3.083573,0.027691
101.988037,80.021658,21.966379,103.760864,81.884052,21.876811,3.155964,0.030886
101.982261,79.974907,22.007355,103.718640,81.812970,21.905670,3.166316,0.029188
101.902879,79.952838,21.950042,103.628483,81.735179,21.893304,2.975473,0.030910
101.888031,79.880177,22.007854,103.584863,81.612409,21.972454,3.156210,0.029844
101.795367,79.813208,21.982159,103.764536,81.774553,21.989983,3.204126,0.028949
101.877303,79.854859,22.022443,103.586081,81.627094,21.958988,3.148309,0.027507
101.750143,79.742888,22.007255,103.545370,81.687197,21.858173,3.093455,0.029988
101.736545,79.728358,22.008188,103.725523,81.822717,21.902806,2.886312,0.037925
101.703222,79.669991,22.033231,103.622465,81.697037,21.925428,3.274443,0.028290
101.676326,79.626998,22.049328,103.507860,81.591160,21.916700,2.970022,0.030132
101.639083,79.592593,22.046490,103.562643,81.618722,21.943920,3.143088,0.027846
101.529843,79.532857,21.996986,103.555781,81.580226,21.975554,3.178116,0.029046
101.518004,79.477601,22.040403,103.431050,81.504222,21.926827,3.292981,0.033786
101.514681,79.491828,22.022853,103.400817,81.508541,21.892276,3.197965,0.028704
101.455967,79.358275,22.097692,103.295978,81.328160,21.967817,3.021109,0.031143
101.418155,79.342101,22.076053,103.322636,81.362954,21.959682,3.013626,0.031346
101.443392,79.361893,22.081499,103.286103,81.258846,22.027257,3.244999,0.028630
101.363484,79.261389,22.102095,103.382937,81.409769,21.973169,3.273226,0.028818
101.341089,79.265596,22.075493,103.395600,81.427564,21.968036,3.127296,0.029187
101.332362,79.223714,22.108648,103.233272,81.194232,22.039041,2.919448,0.029749
101.263794,79.149431,22.114363,103.497556,81.561877,21.935679,3.033268,0.030146
101.233666,79.134211,22.099455,103.164941,81.250475,21.914466,3.133534,0.029834
101.205750,79.114927,22.090823,103.264980,81.389685,21.875295,3.150642,0.029183
101.142163,79.043267,22.098896,103.272097,81.215161,22.056936,3.330030,0.027263
101.104305,78.999788,22.104517,103.088616,81.141620,21.946997,3.124124,0.031315
101.135476,79.034092,22.101384,103.344264,81.335422,22.008842,3.068647,0.029655
101.162337,79.065508,22.096829,103.264563,81.267292,21.997271,3.236699,0.029685
101.097441,78.978935,22.118507,103.350551,81.316685,22.033866,3.098105,0.031982
101.054868,78.915777,22.139092,103.168206,81.148812,22.019394,3.141968,0.029165
100.996703,78.859969,22.136734,103.281886,81.238154,22.043732,2.956789,0.032017
100.971551,78.865231,22.106320,103.310770,81.296050,22.014720,3.063575,0.029048
100.966407,78.829835,22.136572,103.155354,81.089771,22.065583,3.083725,0.030061
100.911059,78.765734,22.145325,103.187332,81.165862,22.021470,2.990256,0.030833
100.904281,78.787338,22.116943,102.986913,80.926710,22.060203,3.131131,0.027662
100.821542,78.650016,22.171526,103.001818,80.986726,22.015092,3.107023,0.029151
100.857517,78.705798,22.151719,103.100598,81.104466,21.996130,3.075506,0.029718
100.738582,78.626634,22.111948,103.010773,80.994698,22.016075,3.057200,0.027456
100.755729,78.641050,22.114680,103.210035,81.252575,21.957459,3.197299,0.030033
100.854206,78.728194,22.126013,103.044031,80.919759,22.124272,3.076148,0.026754
100.742110,78.561131,22.180980,103.087113,81.002293,22.084820,3.258696,0.027671
100.743482,78.571581,22.171901,103.008312,80.916409,22.091904,3.225275,0.029103
100.707279,78.534909,22.172370,103.186624,81.101991,22.084633,3.168364,0.029117
100.630957,78.459024,22.171933,102.925719,80.922742,22.002978,3.085265,0.029490
100.651395,78.478915,22.172480,102.948665,80.824927,22.123738,3.080827,0.028868
100.622215,78.420055,22.202160,103.025858,80.910305,22.115552,3.011102,0.032056
100.589959,78.403331,22.186629,102.906316,80.795134,22.111182,3.134805,0.029303
100.649537,78.480987,22.168550,102.988116,80.877600,22.110516,3.116341,0.031390
100.646085,78.432649,22.213436,103.119618,81.017113,22.102504,3.136446,0.028778
100.498326,78.293914,22.204412,103.003012,80.919717,22.083294,2.981149,0.029102
100.524575,78.315788,22.208786,102.916358,80.832142,22.084216,3.187376,0.027748
100.553866,78.353698,22.200168,102.928665,80.875951,22.052714,3.044556,0.029337
100.519080,78.327697,22.191383,102.787538,80.671978,22.115561,3.071385,0.028534
100.511861,78.291331,22.220530,102.944415,80.878368,22.066047,3.242588,0.030117
100.499277,78.280708,22.218569,102.938356,80.878369,22.059987,3.098614,0.029312
100.502096,78.249481,22.252616,102.819937,80.632679,22.187257,3.233588,0.029081
100.413987,78.178132,22.235855,102.876440,80.684996,22.191443,3.193847,0.028506
100.429515,78.186316,22.243199,102.956244,80.895704,22.060540,3.165607,0.026868
100.406382,78.176874,22.229508,103.052600,80.935276,22.117324,3.105732,0.027717
