202.227808,199.450926,2.776882,182.960408,177.297524,5.662885,3.983719,0.009587
168.812794,160.052723,8.760071,157.519823,146.563750,10.956073,3.967130,0.013899
151.833660,139.895987,11.937672,146.916815,134.276146,12.640670,4.022634,0.014948
144.639568,131.838266,12.801302,141.833449,128.722070,13.111379,3.773053,0.015815
139.954218,126.399096,13.555122,137.284933,123.334756,13.950177,4.108522,0.015715
136.371711,122.202425,14.169287,134.254012,119.713565,14.540449,4.040538,0.015754
133.388105,118.606224,14.781880,131.248340,116.139000,15.109338,4.099451,0.015580
130.872027,115.646485,15.225542,128.984143,113.480090,15.504055,4.000835,0.016935
128.884150,113.225923,15.658227,127.200994,111.320603,15.880392,4.128067,0.015271
127.038815,111.067424,15.971391,125.844986,109.688500,16.156486,3.847811,0.017088
125.431892,109.210160,16.221731,124.391614,108.079168,16.312446,3.892402,0.017640
124.106606,107.586869,16.519737,122.622840,105.924500,16.698340,4.193175,0.014827
122.865338,106.115243,16.750095,121.869063,105.018791,16.850272,3.965875,0.016492
121.817189,104.909771,16.907418,120.765699,103.800885,16.964814,4.066159,0.016091
120.783915,103.647936,17.135979,120.129122,102.984453,17.144669,3.955540,0.016276
119.859824,102.542770,17.317054,118.884384,101.557315,17.327070,4.006252,0.016319
119.015904,101.531011,17.484893,118.552300,101.126229,17.426071,3.912704,0.017189
118.202347,100.613557,17.588790,117.437957,99.766462,17.671495,4.051972,0.016820
117.460451,99.773869,17.686582,117.091518,99.299440,17.792079,3.816900,0.016898
116.893876,99.035774,17.858102,116.542704,98.675452,17.867253,3.913392,0.017887
116.262190,98.345956,17.916234,115.717519,97.822510,17.895009,4.072304,0.015276
115.662834,97.683898,17.978936,115.236896,97.352795,17.884100,3.947604,0.016568
115.139375,97.125070,18.014305,115.042769,96.896233,18.146535,3.848118,0.016264
114.622643,96.542251,18.080392,114.288092,96.134616,18.153477,4.061032,0.016441
114.146962,96.041328,18.105635,114.047185,95.965521,18.081664,4.091136,0.015871
113.701054,95.520212,18.180842,113.792954,95.616600,18.176353,3.923044,0.016263
113.266904,95.041403,18.225501,113.365565,95.096452,18.269113,4.047982,0.015767
112.854648,94.566228,18.288420,112.972806,94.786029,18.186777,3.873073,0.016859
112.474754,94.181546,18.293208,112.592283,94.323467,18.268816,3.969783,0.015035
112.020541,93.668544,18.351998,111.915501,93.487639,18.427861,3.904628,0.016211
111.644155,93.296837,18.347318,111.934367,93.635928,18.298438,3.937923,0.015789
111.378429,92.961857,18.416572,111.419441,93.068594,18.350847,4.221354,0.015009
111.034809,92.579446,18.455363,111.254212,92.826843,18.427369,3.895326,0.015732
110.745026,92.260792,18.484234,110.944417,92.511150,18.433268,4.117271,0.015037
110.412922,91.921774,18.491148,110.987730,92.476677,18.511054,3.955218,0.015949
110.207901,91.699141,18.508759,110.424012,91.905174,18.518838,4.005831,0.015817
109.949217,91.387399,18.561818,110.058895,91.544609,18.514286,4.050563,0.016343
109.621833,91.012444,18.609389,110.171730,91.634733,18.536997,3.938040,0.016227
109.450313,90.876765,18.573547,109.709099,91.090171,18.618927,4.074652,0.015682
109.258196,90.658436,18.599761,109.894135,91.295733,18.598402,3.962075,0.015868
109.045109,90.354304,18.690805,109.272869,90.630220,18.642649,4.181128,0.014362
108.892905,90.192239,18.700667,109.540649,90.981456,18.559193,3.824574,0.015984
108.582538,89.896112,18.686426,109.003431,90.448843,18.554588,4.017674,0.015235
108.377320,89.658897,18.718422,109.041155,90.298227,18.742928,3.919977,0.015942
108.203496,89.454790,18.748706,108.658012,89.907496,18.750516,3.836703,0.016935
108.067956,89.302036,18.765919,108.701924,89.963221,18.738703,4.007793,0.015594
107.819544,89.045108,18.774436,108.393565,89.647676,18.745889,3.895214,0.016223
107.663583,88.867102,18.796482,108.323355,89.593343,18.730012,3.958020,0.016392
107.485524,88.636564,18.848960,108.094800,89.267533,18.827267,4.180662,0.015779
107.387525,88.545865,18.841661,107.992386,89.248352,18.744035,4.049297,0.015323
107.171944,88.336435,18.835509,107.744093,88.830698,18.913395,4.050453,0.015122
107.024660,88.134687,18.889973,108.015758,89.212012,18.803746,3.838442,0.015930
106.909850,87.987196,18.922655,107.729621,88.831893,18.897728,3.949777,0.015238
106.792998,87.874425,18.918573,107.354582,88.501750,18.852831,4.202724,0.013712
106.644153,87.701249,18.942905,107.362227,88.454753,18.907474,4.133668,0.014556
106.520601,87.556317,18.964284,107.275086,88.350697,18.924390,4.126123,0.014196
106.388448,87.406554,18.981894,107.867213,88.898050,18.969163,3.795352,0.016158
106.309275,87.359693,18.949582,107.570410,88.580330,18.990079,3.976189,0.015960
106.206564,87.264956,18.941609,107.090699,88.050563,19.040135,3.974402,0.015182
106.154733,87.130187,19.024546,107.152205,88.099174,19.053030,3.854513,0.015621
105.981769,86.983392,18.998376,107.031174,88.022908,19.008266,4.006423,0.015146
105.899547,86.865468,19.034078,106.598385,87.588058,19.010327,4.101630,0.014891
105.799427,86.726865,19.072562,106.721417,87.662609,19.058808,3.970315,0.015085
105.667090,86.594605,19.072485,106.590131,87.564193,19.025938,4.188547,0.014267
105.603139,86.541794,19.061345,106.544135,87.516909,19.027226,4.040793,0.014781
105.545125,86.454434,19.090692,106.548958,87.666276,18.882681,4.104928,0.014808
105.413882,86.315677,19.098205,106.317655,87.353515,18.964140,4.149338,0.015175
105.358353,86.300634,19.057719,106.391023,87.278290,19.112733,3.929981,0.015606
105.254100,86.139103,19.114997,106.535066,87.449507,19.085559,4.063247,0.015021
105.252892,86.145673,19.107219,106.667339,87.463223,19.204115,4.118297,0.014802
105.093934,85.988998,19.104935,106.258048,87.309434,18.948614,4.122951,0.015038
105.069964,85.974687,19.095277,106.181711,87.060490,19.121221,4.024240,0.014712
105.060256,85.921547,19.138709,106.098292,86.999069,19.099223,4.167272,0.014976
104.857297,85.719144,19.138153,106.178803,87.149787,19.029016,4.241415,0.015603
104.845551,85.733049,19.112503,105.986014,86.930288,19.055726,4.293838,0.015221
104.774608,85.627936,19.146672,106.068931,86.995859,19.073072,4.227066,0.014285
104.707225,85.579147,19.128078,106.199329,87.190532,19.008797,3.930417,0.015294
104.615305,85.438525,19.176781,105.839913,86.830609,19.009304,4.068558,0.016146
104.521321,85.371256,19.150066,105.776894,86.646788,19.130106,4.212107,0.013898
104.543674,85.345611,19.198063,105.683995,86.575809,19.108186,3.978966,0.015235
104.395705,85.275383,19.120322,105.690494,86.664907,19.025587,4.275299,0.013490
104.398180,85.232071,19.166109,105.538223,86.397365,19.140858,4.211995,0.014528
104.323011,85.157875,19.165137,105.812927,86.776828,19.036100,4.216825,0.014223
104.329086,85.168837,19.160249,105.450001,86.307670,19.142331,4.049210,0.015563
104.178532,85.015493,19.163040,105.541310,86.432233,19.109078,4.173093,0.015017
104.227541,85.050282,19.177258,105.522247,86.372937,19.149310,3.960634,0.015471
104.088448,84.907462,19.180986,105.534748,86.483056,19.051693,4.006376,0.014628
104.083324,84.980319,19.103005,105.341582,86.226981,19.114602,4.218235,0.013471
103.994565,84.872557,19.122008,105.508830,86.495546,19.013284,3.983320,0.015849
103.942646,84.802417,19.140229,105.333698,86.213964,19.119734,4.174625,0.015257
103.867434,84.738631,19.128802,105.490438,86.401420,19.089018,4.074860,0.015104
103.867327,84.699284,19.168043,105.054459,85.966190,19.088269,4.066474,0.014529
103.750992,84.604794,19.146197,105.100631,86.058442,19.042188,4.112495,0.014236
103.726156,84.581865,19.144291,105.095891,86.086305,19.009586,4.104937,0.014762
103.745667,84.569214,19.176453,104.978415,85.914285,19.064130,3.964726,0.015290
103.662185,84.491025,19.171160,105.107390,86.008748,19.098641,4.104122,0.015443
103.566056,84.396945,19.169111,105.105108,85.950042,19.155066,4.026874,0.014931
103.514983,84.375568,19.139415,105.168844,85.982860,19.185984,4.159950,0.014372
103.380730,84.245863,19.134867,105.010693,85.825635,19.185058,4.087051,0.013771
103.469852,84.275875,19.193977,104.956657,85.763075,19.193581,4.124574,0.014689
103.365642,84.175862,19.189779,105.229265,86.136457,19.092808,4.090323,0.014093
103.330123,84.173492,19.156632,105.149335,86.145338,19.003996,4.046355,0.015124
103.318409,84.125008,19.193401,104.776003,85.589099,19.186904,4.237447,0.014127
103.249861,84.036933,19.212928,104.837330,85.676784,19.160545,3.964147,0.015389
103.191699,83.980944,19.210756,104.606300,85.508291,19.098009,4.251476,0.014413
103.137255,83.956886,19.180369,104.854480,85.597338,19.257142,4.034192,0.015819
103.136343,83.931417,19.204926,104.701083,85.492537,19.208546,3.930333,0.015256
103.041167,83.845599,19.195569,104.714049,85.537300,19.176749,3.947245,0.015100
103.069493,83.873016,19.196477,104.814116,85.692601,19.121515,4.153784,0.014591
102.942916,83.725320,19.217596,104.993757,85.936599,19.057158,3.975299,0.013955
102.972274,83.839872,19.132402,104.535528,85.441340,19.094188,4.231664,0.014548
102.941450,83.761316,19.180133,104.588589,85.332652,19.255936,3.982624,0.015261
102.884844,83.665000,19.219843,104.673899,85.575635,19.098263,4.046909,0.015062
102.803903,83.642162,19.161740,104.593384,85.480696,19.112688,4.047913,0.013992
102.822766,83.637191,19.185575,104.499949,85.260239,19.239710,4.362011,0.013925
102.781782,83.608427,19.173355,104.705505,85.481225,19.224280,4.013063,0.015197
102.767524,83.557030,19.210494,104.499620,85.328384,19.171236,4.066604,0.014882
102.721387,83.519643,19.201744,104.429893,85.356262,19.073631,4.104723,0.015214
102.723616,83.495251,19.228366,104.560698,85.413198,19.147500,4.201807,0.015281
102.650801,83.446128,19.204673,104.745003,85.538812,19.206190,3.870630,0.015834
102.655332,83.443957,19.211376,105.033261,85.698505,19.334755,4.026896,0.015059
102.563641,83.327466,19.236175,104.749377,85.755381,18.993996,4.158023,0.014792
102.554547,83.402792,19.151755,104.427039,85.259011,19.168029,4.029544,0.015234
102.560945,83.405302,19.155643,104.223837,85.219579,19.004258,4.187775,0.015185
102.491415,83.325681,19.165734,104.309600,85.209998,19.099602,4.156499,0.014534
102.468203,83.287931,19.180272,104.388927,85.201106,19.187821,4.100283,0.014461
102.511142,83.333766,19.177376,104.173231,85.112060,19.061171,4.194026,0.014331
102.434122,83.261517,19.172606,104.475692,85.412502,19.063190,4.229598,0.014313
102.369241,83.176379,19.192861,104.788003,85.682923,19.105079,3.875032,0.016523
102.409592,83.196545,19.213047,104.120395,84.968237,19.152158,4.170725,0.014867
102.337365,83.141543,19.195822,104.297370,85.134137,19.163233,4.354737,0.014098
102.302704,83.095367,19.207336,104.461245,85.320874,19.140372,4.070733,0.014480
102.280873,83.074831,19.206042,104.186359,85.078805,19.107555,3.913460,0.016047
102.180748,82.965338,19.215410,104.285608,85.083950,19.201658,4.230218,0.015271
102.244892,83.072359,19.172533,104.191160,84.985664,19.205496,4.194482,0.014854
102.170016,82.997050,19.172967,103.950959,84.861760,19.089199,3.995090,0.016349
102.311929,83.071756,19.240174,104.068743,84.886452,19.182292,4.076988,0.015483
102.159871,82.953112,19.206758,103.926049,84.824293,19.101756,4.009265,0.015170
102.079607,82.889371,19.190236,104.273915,85.140333,19.133582,3.964309,0.015145
102.076684,82.847699,19.228984,103.873969,84.695505,19.178464,4.242799,0.014806
102.092947,82.895212,19.197735,104.190797,85.039994,19.150802,4.196846,0.014660
102.067485,82.852704,19.214781,104.204117,85.080265,19.123852,4.221538,0.014988
102.013779,82.813904,19.199875,104.120221,84.856695,19.263526,4.023218,0.014556
102.040284,82.771569,19.268715,104.091718,85.006432,19.085286,4.120343,0.014252
101.982357,82.797686,19.184671,103.870278,84.636531,19.233746,4.324869,0.014810
101.988417,82.775359,19.213059,103.876862,84.718989,19.157873,4.124933,0.013688
101.957103,82.759531,19.197572,103.986852,84.781599,19.205253,4.066830,0.014126
101.966143,82.736054,19.230090,103.943656,84.753744,19.189913,4.062753,0.015180
101.871551,82.642654,19.228897,104.068110,84.969300,19.098810,4.413134,0.014253
101.945336,82.712028,19.233308,104.047479,84.849060,19.198419,4.148839,0.015283
101.867656,82.622068,19.245589,103.892778,84.723879,19.168898,3.970284,0.015500
101.856724,82.600814,19.255910,104.024761,84.939506,19.085255,4.135170,0.014411
101.921605,82.685739,19.235866,104.060363,84.927804,19.132558,4.074891,0.015449
101.768380,82.505790,19.262589,103.785343,84.514567,19.270777,4.086677,0.013950
101.851772,82.620361,19.231412,103.974036,84.806157,19.167878,4.213131,0.014407
101.731173,82.469861,19.261312,104.011130,84.791188,19.219942,3.960659,0.014538
101.806478,82.545697,19.260782,104.109810,84.943820,19.165991,3.939667,0.015945
101.747127,82.522044,19.225083,103.734888,84.553444,19.181444,4.095840,0.015450
101.667036,82.458971,19.208065,103.962096,84.767537,19.194560,3.980712,0.015704
101.696019,82.427786,19.268233,103.929252,84.761674,19.167579,4.042370,0.015179
