228.668054,220.721251,7.946803,214.328596,206.010833,8.317763,1.106583,0.000005
214.660631,206.342867,8.317765,214.564889,206.247124,8.317766,1.346326,0.000001
214.618002,206.300238,8.317766,214.295502,205.977738,8.317766,1.031559,0.000000
214.599409,206.281645,8.317766,214.362000,206.044235,8.317766,0.989621,0.000000
214.578811,206.261047,8.317766,214.255752,205.937988,8.317766,1.016872,0.000000
214.550971,206.233207,8.317766,214.374461,206.056697,8.317766,1.152713,0.000000
214.532591,206.214826,8.317766,214.341584,206.023819,8.317766,0.831015,0.000000
214.532794,206.215030,8.317766,214.275138,205.957374,8.317766,0.855457,0.000000
214.541964,206.224200,8.317766,214.318568,206.000804,8.317766,0.815127,0.000000
214.518551,206.200787,8.317766,214.276817,205.959052,8.317766,0.845742,0.000000
214.505989,206.188225,8.317766,214.297959,205.980195,8.317766,0.964653,0.000000
214.497876,206.180112,8.317766,214.238383,205.920619,8.317766,0.880926,0.000000
214.487069,206.169305,8.317766,214.231664,205.913899,8.317766,0.685407,0.000000
214.496835,206.179071,8.317766,214.254322,205.936558,8.317766,0.855645,0.000000
214.491940,206.174176,8.317766,214.357328,206.039564,8.317766,0.776857,0.000000
214.474499,206.156734,8.317766,214.223990,205.906225,8.317766,0.917852,0.000000
214.474248,206.156484,8.317766,214.218687,205.900922,8.317766,0.743610,0.000000
214.467304,206.149540,8.317766,214.220405,205.902641,8.317766,0.854201,0.000000
214.472580,206.154815,8.317766,214.260457,205.942693,8.317766,0.786428,0.000000
214.471320,206.153556,8.317766,214.222238,205.904474,8.317766,0.893068,0.000000
214.454741,206.136977,8.317766,214.429507,206.111742,8.317766,0.791968,0.000000
214.454878,206.137114,8.317766,214.205629,205.887865,8.317766,0.944118,0.000000
214.459616,206.141851,8.317766,214.281038,205.963274,8.317766,0.722395,0.000000
214.448717,206.130952,8.317766,214.244979,205.927215,8.317766,0.762624,0.000000
214.444389,206.126625,8.317766,214.142549,205.824785,8.317766,0.804143,0.000000
214.448795,206.131031,8.317766,214.175770,205.858005,8.317766,0.820642,0.000000
214.443716,206.125952,8.317766,214.212619,205.894854,8.317766,0.719157,0.000000
214.437881,206.120117,8.317766,214.246336,205.928571,8.317766,0.822218,0.000000
214.442822,206.125057,8.317766,214.219210,205.901446,8.317766,0.664984,0.000000
214.427508,206.109743,8.317766,214.239649,205.921885,8.317766,0.657938,0.000000
214.438399,206.120635,8.317766,214.187169,205.869405,8.317766,0.754596,0.000000
214.447019,206.129255,8.317766,214.175355,205.857591,8.317766,0.707496,0.000000
214.436377,206.118613,8.317766,214.192608,205.874844,8.317766,0.672682,0.000000
214.433579,206.115815,8.317766,214.137181,205.819417,8.317766,0.746015,0.000000
214.424461,206.106697,8.317766,214.183669,205.865904,8.317766,0.739340,0.000000
214.431913,206.115393,8.316522,214.236145,205.918380,8.317766,0.880002,0.000000
214.430893,206.113129,8.317766,214.243849,205.926085,8.317766,0.656294,0.000000
214.423601,206.105837,8.317766,214.195623,205.877858,8.317766,0.759940,0.000000
214.421653,206.103889,8.317766,214.172101,205.854337,8.317766,0.758147,0.000000
214.431491,206.113727,8.317766,214.155498,205.837734,8.317766,0.645936,0.000000
214.419013,206.101248,8.317766,214.184008,205.866244,8.317766,0.773246,0.000000
214.418484,206.100720,8.317766,214.212823,205.895059,8.317766,0.665273,0.000000
214.420290,206.102525,8.317766,214.212918,205.895154,8.317766,0.705821,0.000000
214.422233,206.104469,8.317766,214.229850,205.912086,8.317766,0.645846,0.000000
214.423514,206.105750,8.317766,214.205690,205.887926,8.317766,0.598024,0.000000
214.426731,206.108967,8.317766,214.181621,205.863857,8.317766,0.663658,0.000000
214.425584,206.107820,8.317766,214.241928,205.924164,8.317766,1.069846,0.000000
214.419831,206.102067,8.317766,214.197599,205.879835,8.317766,0.543372,0.000000
214.406105,206.088340,8.317766,214.194198,205.876433,8.317766,0.801714,0.000000
214.419767,206.102003,8.317766,214.207340,205.889576,8.317766,0.645682,0.000000
214.413979,206.096215,8.317766,214.164804,205.847040,8.317766,0.574316,0.000000
214.408060,206.090296,8.317766,214.238253,205.920488,8.317766,0.759078,0.000000
214.420007,206.102243,8.317766,214.173573,205.855808,8.317766,0.662628,0.000000
214.414789,206.097025,8.317766,214.140753,205.822989,8.317766,0.714695,0.000000
214.410936,206.093171,8.317766,214.191037,205.873273,8.317766,0.777750,0.000000
214.409970,206.092206,8.317766,214.260470,205.942706,8.317766,0.843020,0.000000
214.420517,206.102752,8.317766,214.177181,205.859417,8.317766,0.913758,0.000000
214.416283,206.098519,8.317766,214.170119,205.852355,8.317766,0.763934,0.000000
214.409517,206.091753,8.317766,214.304083,205.986319,8.317766,0.848206,0.000000
214.415010,206.097246,8.317766,214.175592,205.857827,8.317766,0.779973,0.000000
214.408321,206.090557,8.317766,214.201822,205.884058,8.317766,0.839983,0.000000
214.408429,206.090665,8.317766,214.135788,205.818024,8.317766,0.863255,0.000000
214.407893,206.090128,8.317766,214.196887,205.879122,8.317766,0.684898,0.000000
214.404192,206.086428,8.317766,214.137361,205.819597,8.317766,0.714714,0.000000
214.406746,206.088982,8.317766,214.123649,205.805884,8.317766,0.690605,0.000000
214.403693,206.085929,8.317766,214.191200,205.873436,8.317766,0.876676,0.000000
214.405585,206.087821,8.317766,214.161784,205.844019,8.317766,0.728851,0.000000
214.399987,206.082223,8.317766,214.176077,205.858312,8.317766,0.984268,0.000000
214.399221,206.081457,8.317766,214.168763,205.850998,8.317766,0.786397,0.000000
214.403149,206.085385,8.317766,214.149460,205.831696,8.317766,0.766099,0.000000
214.403042,206.085278,8.317766,214.125515,205.807751,8.317766,0.786058,0.000000
214.400506,206.082742,8.317766,214.144683,205.826919,8.317766,0.826248,0.000000
214.410585,206.092820,8.317766,214.147372,205.829608,8.317766,0.721190,0.000000
214.403429,206.085665,8.317766,214.177862,205.860097,8.317766,0.765882,0.000000
214.399469,206.081705,8.317766,214.174722,205.856958,8.317766,0.932792,0.000000
214.405612,206.087848,8.317766,214.209029,205.891265,8.317766,0.714926,0.000000
214.399554,206.081790,8.317766,214.121477,205.803713,8.317766,0.683333,0.000000
214.397564,206.080714,8.316852,214.203360,205.885596,8.317766,0.761184,0.000000
214.400280,206.082516,8.317766,214.208442,205.890678,8.317766,0.797005,0.000000
214.402712,206.084948,8.317766,214.187764,205.870000,8.317766,0.681857,0.000000
214.397672,206.079908,8.317766,214.161827,205.844063,8.317766,0.701284,0.000000
214.397123,206.079359,8.317766,214.141482,205.823718,8.317766,0.772074,0.000000
214.397750,206.079986,8.317766,214.139414,205.821650,8.317766,0.650098,0.000000
214.408109,206.090345,8.317766,214.200123,205.882359,8.317766,0.721010,0.000000
214.399268,206.081504,8.317766,214.159754,205.841990,8.317766,0.804525,0.000000
214.396119,206.078355,8.317766,214.145842,205.828078,8.317766,0.700515,0.000000
214.394104,206.076339,8.317766,214.123840,205.806076,8.317766,0.847253,0.000000
214.399067,206.081302,8.317766,214.183494,205.865730,8.317766,0.783640,0.000000
214.390462,206.072697,8.317766,214.152070,205.834306,8.317766,0.836362,0.000000
214.397289,206.079525,8.317766,214.143483,205.825719,8.317766,0.767102,0.000000
214.391927,206.074162,8.317766,214.183699,205.865934,8.317766,0.676369,0.000000
214.398066,206.080302,8.317766,214.110698,205.792934,8.317766,0.859818,0.000000
214.392264,206.074499,8.317766,214.263408,205.945644,8.317766,0.762040,0.000000
214.393250,206.075486,8.317766,214.164704,205.846940,8.317766,0.910558,0.000000
214.391613,206.073848,8.317766,214.127206,205.809442,8.317766,0.723356,0.000000
214.390612,206.072848,8.317766,214.127554,205.809790,8.317766,0.891954,0.000000
214.394022,206.076257,8.317766,214.204556,205.886792,8.317766,0.642057,0.000000
214.393908,206.076143,8.317766,214.134317,205.816553,8.317766,0.945626,0.000000
214.388895,206.071131,8.317766,214.270806,205.953042,8.317766,0.647465,0.000000
214.393721,206.075957,8.317766,214.213028,205.895264,8.317766,0.809713,0.000000
214.392590,206.074826,8.317766,214.163877,205.846113,8.317766,0.866420,0.000000
214.393995,206.076231,8.317766,214.139615,205.821851,8.317766,0.772693,0.000000
214.395627,206.077862,8.317766,214.171497,205.853733,8.317766,0.805504,0.000000
214.391309,206.073545,8.317766,214.212704,205.894940,8.317766,0.734662,0.000000
214.389445,206.071681,8.317766,214.160233,205.842469,8.317766,0.768374,0.000000
214.396145,206.078381,8.317766,214.129960,205.812196,8.317766,0.849308,0.000000
214.392897,206.075133,8.317766,214.169217,205.851453,8.317766,0.787129,0.000000
214.385879,206.068115,8.317766,214.163823,205.846059,8.317766,0.774455,0.000000
214.391633,206.073868,8.317766,214.157304,205.839540,8.317766,0.845222,0.000000
214.384149,206.066385,8.317766,214.162538,205.844774,8.317766,0.682622,0.000000
214.391833,206.074069,8.317766,214.145709,205.827944,8.317766,0.744545,0.000000
214.391395,206.073631,8.317766,214.180063,205.862299,8.317766,1.018747,0.000000
214.386223,206.068458,8.317766,214.135198,205.817433,8.317766,0.747024,0.000000
214.387320,206.069995,8.317328,214.109370,205.791606,8.317766,0.820573,0.000000
211.189803,202.890619,8.299184,205.162779,196.869778,8.293002,1.710983,0.003133
202.305824,194.065739,8.240085,196.152514,187.952573,8.199941,14.793847,0.006431
196.035008,187.903897,8.131111,192.195643,184.124337,8.071306,14.835528,0.011801
193.112241,185.059884,8.052357,191.587720,183.553341,8.034379,7.945016,0.009941
192.323418,184.327118,7.996301,188.750268,180.831268,7.919000,10.970160,0.013967
187.967228,180.061019,7.906210,180.758429,172.875226,7.883202,6.439306,0.017419
177.816398,170.054116,7.762283,172.125235,164.428104,7.697131,7.437513,0.024207
171.535110,163.867103,7.668007,170.321520,162.694366,7.627154,7.746179,0.023337
169.094369,161.510387,7.583982,166.771941,159.240440,7.531501,5.641994,0.028839
164.561532,157.114344,7.447188,161.295604,153.907415,7.388189,5.561419,0.029786
159.909853,152.591630,7.318222,156.701276,149.531132,7.170144,4.779203,0.038174
154.977571,147.771068,7.206503,153.770595,146.572257,7.198338,5.313005,0.037879
152.901806,145.698124,7.203682,152.099839,144.884478,7.215361,5.761456,0.038103
151.680855,144.470943,7.209912,150.846445,143.636010,7.210435,5.597539,0.040928
150.613332,143.415007,7.198324,150.097763,142.880801,7.216962,4.878897,0.035665
149.698837,142.506410,7.192427,148.813350,141.630754,7.182596,5.594206,0.039209
149.049728,141.857456,7.192272,148.315773,141.097048,7.218725,5.419059,0.041369
148.435060,141.244198,7.190861,148.115455,140.925056,7.190400,5.933790,0.037825
147.886428,140.677142,7.209286,147.345949,140.147440,7.198509,5.634906,0.038322
147.441264,140.243688,7.197576,146.848557,139.647677,7.200879,5.384108,0.043769
147.237204,140.041330,7.195874,146.624872,139.386699,7.238173,5.249406,0.042464
146.813704,139.613506,7.200198,146.508666,139.296268,7.212398,5.387835,0.037107
146.370468,139.176526,7.193943,146.041118,138.851609,7.189509,5.901784,0.042141
145.983538,138.791396,7.192141,145.547441,138.359816,7.187624,5.793891,0.036754
145.719935,138.534045,7.185890,145.775580,138.590545,7.185034,5.254443,0.038809
145.391699,138.206173,7.185527,145.163931,137.982999,7.180932,6.350512,0.033337
145.225401,138.038056,7.187344,144.678356,137.485823,7.192533,5.848941,0.041042
144.917790,137.733045,7.184745,144.857725,137.690160,7.167564,6.510254,0.036226
144.774241,137.590928,7.183313,144.890379,137.685620,7.204758,5.537918,0.037711
144.580181,137.393790,7.186391,144.550152,137.395801,7.154351,5.038786,0.039810
144.536655,137.358988,7.177666,144.416312,137.233850,7.182462,6.131304,0.037053
144.355626,137.175083,7.180543,144.352171,137.182633,7.169538,6.009042,0.039615
144.139407,136.964663,7.174744,144.205972,137.041549,7.164422,5.569241,0.041910
144.119111,136.940439,7.178672,144.149013,136.978039,7.170974,5.861109,0.040470
143.992344,136.810743,7.181601,143.822764,136.648443,7.174321,7.247956,0.035435
143.901054,136.728574,7.172481,143.430545,136.234746,7.195799,5.452540,0.042484
143.646185,136.468128,7.178057,144.107190,136.951542,7.155648,5.977466,0.040682
143.647283,136.489975,7.157308,143.472831,136.323263,7.149569,6.107807,0.038277
142.885352,135.811771,7.073581,142.454491,135.403239,7.051252,6.468754,0.039918
142.253700,135.190900,7.062800,142.032193,134.975280,7.056912,5.828474,0.041464
142.013226,134.971840,7.041386,142.258654,135.232528,7.026126,5.711995,0.044725
141.666463,134.622345,7.044118,141.794536,134.765128,7.029408,5.459435,0.041957
141.603136,134.557760,7.045375,141.675201,134.629875,7.045325,6.001150,0.036326
141.513097,134.462897,7.050200,141.006779,133.938168,7.068611,6.191715,0.040058
141.218947,134.173973,7.044974,141.649570,134.613090,7.036481,5.933925,0.039277
141.239267,134.202558,7.036709,140.990764,133.950114,7.040649,6.392706,0.035001
