224.120611,207.536486,16.584124,195.670896,176.945554,18.725342,2.678863,0.016432
182.189379,161.018282,21.171097,169.713533,146.572114,23.141419,2.495149,0.025096
164.361167,140.464652,23.896515,158.893662,134.501794,24.391868,2.501672,0.029624
156.177726,131.625224,24.552503,152.927953,127.628259,25.299694,2.386940,0.036973
150.421781,125.008476,25.413305,147.734059,121.940399,25.793659,2.559327,0.036694
146.242408,120.339720,25.902688,144.061306,117.803662,26.257645,2.878051,0.036415
143.534802,117.227243,26.307559,141.352809,114.802616,26.550192,2.714418,0.039128
141.283440,114.706497,26.576944,139.240894,112.489733,26.751161,3.018984,0.037677
139.489926,112.802034,26.687892,138.142053,111.320904,26.821149,2.819908,0.040721
137.975867,111.194370,26.781497,137.040746,110.215493,26.825253,2.792430,0.038786
136.934772,110.100424,26.834348,135.377464,108.472531,26.904932,2.878054,0.041978
135.791088,108.931995,26.859094,134.386663,107.511086,26.875576,3.020604,0.038547
134.947876,108.047526,26.900350,133.873549,107.006434,26.867115,2.985658,0.041564
134.095330,107.174504,26.920825,133.021598,106.077908,26.943690,3.169751,0.037044
133.408445,106.435368,26.973077,132.437709,105.441327,26.996382,3.137601,0.038817
132.878523,105.849032,27.029491,132.248997,105.209192,27.039805,3.070528,0.039887
132.163540,105.133513,27.030027,131.553678,104.476370,27.077308,3.101982,0.039537
131.703142,104.667465,27.035677,131.080319,104.096852,26.983467,3.085013,0.042585
131.252214,104.165796,27.086417,130.596035,103.586815,27.009220,3.108754,0.042001
130.765744,103.703660,27.062083,130.246108,103.171829,27.074280,3.136756,0.039869
130.433418,103.357947,27.075470,130.128954,103.040107,27.088846,3.102905,0.043851
129.971302,102.883965,27.087336,129.700178,102.666036,27.034142,3.143503,0.044484
129.671676,102.602392,27.069284,129.401924,102.327195,27.074730,3.225097,0.044273
129.233189,102.192575,27.040613,128.787506,101.815981,26.971525,3.262452,0.037414
128.936984,101.964287,26.972697,128.603673,101.670732,26.932941,3.200734,0.043535
128.562318,101.593610,26.968709,128.277824,101.357948,26.919876,3.469340,0.039788
128.196908,101.217271,26.979636,127.723414,100.749241,26.974173,3.305977,0.042114
127.913567,100.963790,26.949778,127.891823,100.964138,26.927686,3.348634,0.039917
127.593790,100.664238,26.929552,127.265602,100.281234,26.984368,3.370637,0.040671
127.336983,100.390722,26.946260,127.238462,100.319660,26.918802,3.401429,0.040115
127.015583,100.065935,26.949648,126.904224,99.982584,26.921639,3.281917,0.042925
126.831897,99.902874,26.929023,127.000110,100.122597,26.877513,3.174710,0.044498
126.320932,99.490931,26.830001,126.287794,99.443164,26.844630,3.476638,0.040155
126.152425,99.325792,26.826633,126.085257,99.261453,26.823804,3.162529,0.045062
125.925573,99.091000,26.834574,125.955294,99.116984,26.838310,3.256829,0.039880
125.646255,98.799089,26.847166,125.761195,98.960256,26.800939,3.224762,0.044726
125.334441,98.532247,26.802193,125.453552,98.661033,26.792519,3.180593,0.043244
125.205262,98.393092,26.812170,125.403317,98.600572,26.802745,3.495397,0.039702
125.002112,98.158707,26.843405,125.362430,98.614777,26.747653,3.151668,0.041270
124.832499,97.992909,26.839590,125.125942,98.260736,26.865206,3.125437,0.043455
124.594062,97.750018,26.844043,124.944604,98.263523,26.681081,3.249297,0.039149
124.507729,97.675728,26.832001,124.580793,97.801645,26.779148,3.196119,0.040496
124.224398,97.447557,26.776841,124.785846,98.131129,26.654717,3.160698,0.045368
124.002520,97.200978,26.801542,124.105153,97.369512,26.735641,3.513353,0.042141
123.847968,97.076292,26.771676,124.015939,97.237794,26.778145,3.195789,0.044770
123.668074,96.878333,26.789741,123.999640,97.239582,26.760057,3.333144,0.041490
123.559024,96.790289,26.768735,124.106013,97.365975,26.740037,3.210060,0.041171
123.402865,96.645183,26.757682,124.027682,97.279914,26.747769,3.341116,0.039164
123.256467,96.503403,26.753064,123.851113,97.204769,26.646344,3.322952,0.042685
123.104529,96.318937,26.785592,123.334233,96.587222,26.747011,3.381650,0.039449
122.894746,96.150817,26.743930,123.078643,96.420973,26.657670,3.218631,0.040686
122.756814,96.042471,26.714343,123.625744,96.971662,26.654083,3.379293,0.038848
122.603336,95.924162,26.679174,123.302097,96.673314,26.628783,3.285691,0.042890
122.459661,95.737977,26.721684,122.993337,96.344823,26.648514,3.436742,0.042182
122.253512,95.571157,26.682355,122.844518,96.219535,26.624983,3.441448,0.037130
122.077739,95.399028,26.678711,122.792162,96.193530,26.598632,3.658631,0.039690
122.001869,95.359441,26.642428,122.996104,96.446196,26.549907,3.271868,0.044692
121.923374,95.256063,26.667311,122.740634,96.138553,26.602081,3.330644,0.038959
121.808188,95.148792,26.659396,122.383411,95.753135,26.630276,3.440947,0.038548
121.634012,94.986757,26.647255,122.331090,95.774939,26.556150,3.544070,0.038829
121.564580,94.940700,26.623881,122.084486,95.499091,26.585395,3.388607,0.042135
121.423520,94.806300,26.617221,121.774909,95.168650,26.606259,3.449252,0.037728
121.323632,94.696206,26.627425,121.910839,95.360972,26.549867,3.429675,0.041061
121.254628,94.645201,26.609428,122.008791,95.366404,26.642387,3.365046,0.043840
121.146303,94.509241,26.637061,121.821941,95.273615,26.548326,3.527109,0.037237
120.930532,94.349784,26.580747,121.767877,95.218385,26.549491,3.303627,0.043640
120.887074,94.269338,26.617736,121.591616,94.970596,26.621021,3.369231,0.039587
120.816680,94.204519,26.612161,121.677064,95.075740,26.601324,3.510088,0.040759
120.648185,94.067279,26.580906,121.286301,94.762162,26.524139,3.348481,0.038988
120.607348,94.007761,26.599587,121.397215,94.846811,26.550404,3.444796,0.039884
120.582414,93.976170,26.606244,121.456264,94.909090,26.547174,3.500948,0.040725
120.444576,93.874025,26.570551,121.324058,94.811041,26.513017,3.461778,0.040068
120.370235,93.812682,26.557552,121.522393,95.047143,26.475251,3.208567,0.043414
120.255086,93.664488,26.590597,121.320005,94.784036,26.535969,3.512773,0.041440
120.208714,93.659328,26.549386,121.113268,94.541722,26.571546,3.525969,0.041481
120.143486,93.581252,26.562234,121.021934,94.420639,26.601296,3.371773,0.041428
119.960827,93.401474,26.559353,121.141659,94.648772,26.492887,3.543576,0.042366
119.944496,93.393557,26.550940,121.068189,94.523575,26.544614,3.529334,0.040155
119.883848,93.319376,26.564472,120.856597,94.294968,26.561628,3.496665,0.039029
119.811933,93.265724,26.546209,120.804620,94.288348,26.516272,3.255837,0.045963
119.757319,93.189949,26.567369,121.025818,94.562253,26.463564,3.134962,0.042026
119.665126,93.099988,26.565137,120.675992,94.101901,26.574091,3.368578,0.038743
119.537063,93.004338,26.532725,120.709352,94.191658,26.517693,3.455435,0.038396
119.483547,92.957594,26.525953,120.599383,94.192355,26.407029,3.566730,0.039821
119.411654,92.912995,26.498659,120.867951,94.499600,26.368350,3.376684,0.041317
119.367671,92.873763,26.493908,120.552151,94.106967,26.445184,3.429001,0.041670
119.286987,92.809401,26.477587,120.671915,94.293660,26.378256,3.633951,0.039616
119.224011,92.759729,26.464282,120.323981,93.963309,26.360672,3.560402,0.037194
119.175631,92.689255,26.486376,120.453539,94.085490,26.368049,3.545929,0.040510
119.111495,92.616265,26.495229,120.384551,93.972412,26.412139,3.402947,0.040680
118.950676,92.489861,26.460815,120.228659,93.858055,26.370604,3.332897,0.039061
118.932731,92.483431,26.449300,120.113487,93.775108,26.338379,3.479944,0.037341
118.812886,92.368090,26.444796,120.199543,93.808559,26.390983,3.225700,0.043978
118.780692,92.316190,26.464502,120.219931,93.836641,26.383290,3.352589,0.040987
118.739646,92.315090,26.424556,119.969499,93.570132,26.399367,3.485709,0.040085
118.625123,92.218071,26.407053,119.942641,93.601303,26.341338,3.497007,0.039505
118.551162,92.132602,26.418560,119.828308,93.422315,26.405992,3.379479,0.038557
118.484266,92.061909,26.422357,120.051339,93.679697,26.371643,3.500039,0.039386
118.508364,92.081081,26.427282,120.046077,93.561450,26.484626,3.393226,0.039655
118.405065,91.949527,26.455537,119.609439,93.239834,26.369605,3.525357,0.039410
118.213863,91.799975,26.413888,119.692528,93.272079,26.420449,3.515864,0.039427
118.206720,91.830574,26.376146,119.841948,93.554282,26.287666,3.403064,0.041836
118.249136,91.870502,26.378634,119.411653,93.060198,26.351455,3.317225,0.043924
118.157450,91.790616,26.366834,119.406536,93.157797,26.248738,3.597199,0.043114
118.050573,91.703518,26.347055,119.568792,93.228748,26.340044,3.408547,0.037571
117.971165,91.590640,26.380525,119.308148,93.002758,26.305391,3.643855,0.039197
117.925657,91.561251,26.364406,119.517828,93.236724,26.281104,3.611720,0.039772
117.840257,91.477063,26.363194,119.392540,93.018247,26.374293,3.344726,0.041716
117.835206,91.441400,26.393807,119.143105,92.780875,26.362230,3.468766,0.037811
117.756379,91.372707,26.383672,119.481472,93.176548,26.304924,3.441907,0.039727
117.654165,91.295056,26.359108,119.208098,92.900224,26.307874,3.351316,0.040335
117.625897,91.275006,26.350891,119.187308,92.894822,26.292486,3.371054,0.041903
117.574091,91.214147,26.359944,119.118687,92.770345,26.348343,3.480412,0.040740
117.539799,91.190143,26.349656,119.097160,92.797303,26.299857,3.335053,0.041524
117.552039,91.208653,26.343387,118.914559,92.579380,26.335179,3.203794,0.042216
117.510873,91.173586,26.337287,119.087559,92.790009,26.297549,3.374121,0.043552
117.427178,91.084615,26.342564,118.815842,92.483318,26.332525,3.345321,0.040398
117.411914,91.078839,26.333075,119.069560,92.732906,26.336653,3.232546,0.041583
117.345748,90.975514,26.370234,118.889319,92.528923,26.360396,3.575727,0.040007
117.279603,90.932634,26.346969,119.007017,92.686713,26.320304,3.611583,0.036102
117.184662,90.858625,26.326038,118.824527,92.466582,26.357945,3.446948,0.043853
117.130053,90.794472,26.335581,118.918482,92.624655,26.293827,3.444545,0.040890
117.181868,90.873853,26.308015,118.738026,92.459418,26.278608,3.654323,0.039028
117.140117,90.813877,26.326240,118.782717,92.485644,26.297073,3.443946,0.042735
117.047591,90.744717,26.302874,118.991727,92.756639,26.235087,3.443907,0.041512
117.025754,90.730750,26.295005,118.839424,92.601643,26.237782,3.526613,0.041302
116.963320,90.672864,26.290455,118.630914,92.406956,26.223958,3.385750,0.037321
116.889205,90.608632,26.280573,118.578676,92.370307,26.208369,3.433580,0.038690
116.865616,90.563584,26.302032,118.457686,92.235419,26.222267,3.660828,0.037762
116.862651,90.569845,26.292806,118.599458,92.342885,26.256574,3.434525,0.042356
116.720219,90.426124,26.294096,118.652262,92.350349,26.301913,3.338053,0.040732
116.657159,90.376253,26.280906,118.377621,92.043743,26.333878,3.438988,0.038959
116.633684,90.355641,26.278043,118.399785,92.159862,26.239923,3.584507,0.036276
116.633107,90.369183,26.263924,118.320541,92.070676,26.249865,3.596947,0.037825
116.599792,90.357606,26.242186,118.596773,92.383564,26.213208,3.472989,0.041316
116.512207,90.251774,26.260432,118.224643,92.074600,26.150044,3.575153,0.038394
116.529408,90.289247,26.240161,118.426153,92.238563,26.187590,3.424473,0.042595
116.486448,90.232327,26.254121,118.321471,92.043054,26.278416,3.554987,0.036427
116.346493,90.091604,26.254889,118.179853,91.939996,26.239857,3.359439,0.039180
116.286692,90.072687,26.214006,118.226632,92.152561,26.074072,3.229671,0.046923
116.214781,90.009129,26.205652,118.025682,91.869330,26.156352,3.351012,0.039172
116.278069,90.076741,26.201328,117.893228,91.755000,26.138227,3.455926,0.041334
116.184658,89.982652,26.202007,118.148969,92.002670,26.146299,3.666628,0.035417
116.056019,89.905339,26.150679,117.979229,91.868229,26.111000,3.405860,0.038372
116.097679,89.916738,26.180941,117.918515,91.783937,26.134579,3.487473,0.038029
115.972744,89.793630,26.179114,118.005023,91.882170,26.122852,3.327365,0.038110
115.928990,89.792230,26.136760,117.819792,91.769962,26.049830,3.476837,0.036716
115.954879,89.788267,26.166612,117.790407,91.681029,26.109377,3.483694,0.041494
115.926282,89.779549,26.146732,117.824237,91.771026,26.053211,3.507211,0.036864
115.889054,89.737285,26.151770,117.861047,91.786295,26.074752,3.537923,0.042125
115.807960,89.678316,26.129644,117.692428,91.610631,26.081798,3.342606,0.039297
115.803969,89.688851,26.115119,117.651727,91.597202,26.054525,3.446453,0.039703
115.702642,89.561638,26.141004,117.574310,91.560044,26.014265,3.324960,0.042464
115.659155,89.563490,26.095666,117.657389,91.596976,26.060412,3.520511,0.040090
115.577173,89.493763,26.083410,117.508613,91.496987,26.011626,3.553224,0.039627
115.596207,89.521751,26.074457,117.527570,91.492153,26.035417,3.264280,0.042863
115.502323,89.404151,26.098172,117.657331,91.633712,26.023619,3.578230,0.038396
115.479165,89.413569,26.065596,117.534955,91.577998,25.956956,3.426918,0.043318
115.511654,89.464531,26.047122,117.518306,91.566442,25.951864,3.438267,0.037941
115.387605,89.340260,26.047344,117.556408,91.583839,25.972569,3.456791,0.038709
