232.604319,230.172194,2.432125,188.856689,184.894655,3.962033,3.061732,0.013597
170.654171,162.599184,8.054987,154.311521,143.057061,11.254461,2.950430,0.021166
148.475949,136.141691,12.334258,141.830992,128.000781,13.830211,2.988945,0.021300
139.029496,124.630796,14.398700,135.002056,120.020956,14.981099,3.042035,0.022397
133.286011,117.610837,15.675174,129.792503,113.550597,16.241907,3.164933,0.021481
129.185768,112.522553,16.663215,126.783083,109.807042,16.976041,2.883183,0.023571
126.369010,108.921183,17.447827,124.081653,106.186299,17.895354,2.971814,0.021652
124.062542,106.074025,17.988517,122.053105,103.762206,18.290898,3.066964,0.021864
122.139416,103.811794,18.327623,120.457246,102.054410,18.402835,3.186242,0.020130
120.721181,102.166625,18.554556,119.551088,100.758327,18.792760,3.071017,0.022253
119.385011,100.555791,18.829220,118.245143,99.195530,19.049612,3.165645,0.021728
118.219269,99.175385,19.043884,117.099135,97.943617,19.155518,3.131202,0.022020
117.203186,97.971447,19.231739,116.593792,97.306201,19.287591,3.077700,0.021517
116.297803,96.947906,19.349898,115.281704,95.827556,19.454148,3.125178,0.021773
115.489577,95.946228,19.543348,115.092281,95.326104,19.766177,3.107329,0.020275
114.787870,95.079462,19.708408,114.474819,94.739220,19.735599,3.116313,0.021280
114.149115,94.348472,19.800643,113.794083,94.046514,19.747570,3.191814,0.019731
113.606946,93.765848,19.841099,112.866599,92.943722,19.922877,3.314343,0.019800
112.945734,93.032030,19.913705,112.867425,92.972691,19.894734,3.234343,0.020099
112.449166,92.472667,19.976499,112.267578,92.142308,20.125271,3.138733,0.019563
111.972087,91.903379,20.068708,111.727627,91.539980,20.187647,3.230015,0.020739
111.490593,91.428882,20.061711,111.349514,91.230918,20.118597,3.124897,0.020155
111.134970,91.005141,20.129830,111.108575,91.046430,20.062146,3.265375,0.018976
110.638536,90.470564,20.167973,110.632911,90.479206,20.153704,3.286158,0.018405
110.290361,90.003738,20.286622,110.486620,90.190103,20.296516,3.343268,0.017966
109.977086,89.628636,20.348450,110.389708,90.127168,20.262540,3.200788,0.020342
109.603062,89.249973,20.353089,110.584892,90.357946,20.226946,2.954653,0.021655
109.321736,88.924544,20.397191,110.108684,89.721680,20.387004,3.069061,0.020844
109.055597,88.632295,20.423302,109.587240,89.240761,20.346478,3.241600,0.020195
108.792936,88.402855,20.390081,109.126863,88.792183,20.334680,3.253950,0.018437
108.509756,88.072736,20.437020,108.973775,88.576966,20.396809,3.085386,0.020312
108.306297,87.822498,20.483799,108.952424,88.532957,20.419467,3.311096,0.018849
108.007177,87.467192,20.539985,108.514767,88.073339,20.441428,3.071717,0.019946
107.749746,87.236828,20.512918,108.476245,88.066982,20.409263,3.228641,0.019567
107.578281,87.031650,20.546631,107.883646,87.210844,20.672801,3.187801,0.017820
107.375592,86.807601,20.567991,108.082602,87.588385,20.494217,3.141505,0.019118
107.215184,86.667549,20.547634,107.996670,87.554439,20.442231,3.244823,0.018773
107.042922,86.417891,20.625031,107.690469,87.205730,20.484739,3.082786,0.020358
106.785151,86.222960,20.562191,107.699374,87.227586,20.471788,3.214005,0.017930
106.674972,86.077339,20.597632,107.416992,86.897807,20.519185,3.253354,0.018321
106.599555,85.979877,20.619678,107.760244,87.171385,20.588859,3.089437,0.019860
106.510587,85.897917,20.612670,107.543370,86.927423,20.615946,3.250314,0.017863
106.288979,85.671431,20.617548,107.236786,86.669704,20.567082,3.400725,0.016991
106.166663,85.486199,20.680463,107.361944,86.690552,20.671392,3.249803,0.017795
106.000129,85.246518,20.753611,107.022426,86.270569,20.751858,3.320132,0.017972
105.873513,85.130514,20.742999,107.332872,86.703035,20.629837,3.410562,0.016459
105.769511,85.084244,20.685267,107.331094,86.729351,20.601743,3.421305,0.016715
105.728238,85.008510,20.719727,107.140523,86.590231,20.550292,3.140348,0.018227
105.514012,84.802270,20.711742,107.156753,86.377320,20.779433,3.436409,0.017129
105.389659,84.704404,20.685255,106.994453,86.472127,20.522326,3.380200,0.017950
105.327035,84.680494,20.646541,106.796337,86.320199,20.476138,3.290866,0.018063
105.274901,84.635602,20.639299,106.954636,86.278545,20.676090,3.308345,0.018249
105.187964,84.488858,20.699105,106.949564,86.268677,20.680887,3.495835,0.017853
105.065243,84.362981,20.702263,106.511016,85.908332,20.602684,3.142253,0.018733
104.965315,84.250251,20.715064,106.431185,85.735149,20.696036,3.401619,0.016458
104.879027,84.118894,20.760133,106.526060,85.866307,20.659753,3.298190,0.017356
104.824499,84.125853,20.698645,106.422877,85.762444,20.660433,3.272340,0.016460
104.778634,84.076742,20.701892,106.448740,85.871633,20.577107,3.552339,0.016242
104.658221,83.923754,20.734468,106.256988,85.601440,20.655548,3.239663,0.017738
104.542625,83.797872,20.744753,106.423671,85.736130,20.687541,3.255790,0.016391
104.525165,83.869677,20.655488,106.319037,85.705653,20.613384,3.184968,0.017769
104.443000,83.715047,20.727952,105.906128,85.301008,20.605121,3.370887,0.016189
104.393189,83.712702,20.680487,106.080730,85.480557,20.600174,3.173473,0.017353
104.345208,83.629468,20.715741,106.345752,85.706645,20.639106,3.360577,0.017072
104.229803,83.497062,20.732741,106.103389,85.461059,20.642330,3.398993,0.016441
104.165363,83.452684,20.712679,106.038254,85.414350,20.623904,3.419026,0.016549
104.022807,83.343110,20.679697,106.154234,85.576707,20.577527,3.120689,0.020354
104.047853,83.373670,20.674183,105.798379,85.168389,20.629990,3.514204,0.015883
103.794693,83.155558,20.639135,105.723417,85.198698,20.524719,3.236212,0.017593
103.874152,83.201402,20.672751,105.951417,85.395508,20.555908,3.210179,0.017920
103.765194,83.048724,20.716470,105.842973,85.278088,20.564885,3.280638,0.018420
103.742534,82.996765,20.745769,105.804019,85.068906,20.735113,3.635952,0.016292
103.645225,82.949413,20.695813,105.788114,85.176857,20.611257,3.333082,0.017501
103.635893,82.914828,20.721065,105.625623,84.969670,20.655953,3.588481,0.016976
103.427488,82.662994,20.764494,105.754064,85.104165,20.649898,3.200298,0.017988
103.431056,82.716306,20.714750,105.665529,84.993840,20.671689,3.236352,0.016964
103.402608,82.613740,20.788868,105.527700,84.778375,20.749325,3.271781,0.016867
103.333558,82.539375,20.794183,105.514895,84.835483,20.679413,3.293374,0.017068
103.269721,82.492871,20.776850,105.696657,85.033799,20.662858,3.246888,0.017660
103.242842,82.433928,20.808915,105.521367,84.802775,20.718593,3.216532,0.016563
103.203528,82.392800,20.810728,105.392765,84.659011,20.733754,3.368192,0.016150
103.125497,82.311312,20.814186,105.433850,84.782802,20.651049,3.276916,0.017836
103.087360,82.305869,20.781491,105.241619,84.503973,20.737646,3.359077,0.015779
103.116704,82.284205,20.832499,105.836348,85.077141,20.759208,3.293219,0.016227
103.054640,82.189541,20.865099,105.434579,84.731083,20.703496,3.352570,0.017021
102.997479,82.152348,20.845131,105.178888,84.411075,20.767813,3.286404,0.016971
102.956533,82.099428,20.857105,105.670599,84.899573,20.771026,3.521768,0.015409
102.950278,82.074775,20.875503,105.543545,84.843821,20.699723,3.402897,0.015971
102.853607,82.004996,20.848611,105.400023,84.618415,20.781607,3.452440,0.015879
102.848834,82.014758,20.834076,105.492877,84.779410,20.713467,3.284223,0.017550
102.798165,81.972453,20.825713,105.418529,84.607676,20.810853,3.232960,0.016270
102.737820,81.914022,20.823798,105.678133,84.907842,20.770292,3.112020,0.017809
102.640969,81.759236,20.881733,105.415672,84.692840,20.722831,3.348598,0.016229
102.656676,81.776742,20.879934,105.428764,84.661698,20.767066,3.430666,0.016656
102.604806,81.675919,20.928887,105.317202,84.599417,20.717785,3.320442,0.016310
102.657074,81.756476,20.900597,105.383001,84.563132,20.819869,3.155577,0.017010
102.595676,81.679759,20.915918,105.146163,84.365971,20.780192,3.600752,0.016393
102.462195,81.543458,20.918737,105.388253,84.584175,20.804078,3.368450,0.017139
102.457130,81.521710,20.935420,105.415595,84.541061,20.874534,3.248152,0.016887
102.505664,81.562107,20.943556,105.038796,84.166318,20.872478,3.367937,0.016183
102.477297,81.497972,20.979326,104.993652,84.119996,20.873656,3.427333,0.015855
102.433178,81.433481,20.999698,105.308627,84.365077,20.943550,3.184736,0.017889
102.364588,81.395810,20.968777,105.115514,84.284033,20.831480,3.340704,0.016384
102.338803,81.406457,20.932346,105.224178,84.426408,20.797770,3.462438,0.015891
102.383112,81.408504,20.974608,105.312174,84.393012,20.919163,3.219253,0.015716
102.292159,81.303877,20.988282,105.161804,84.291817,20.869986,3.264698,0.017208
102.163121,81.172035,20.991086,105.272337,84.394664,20.877673,3.414224,0.016936
102.196606,81.210022,20.986585,105.260534,84.471210,20.789324,3.184744,0.016970
102.171622,81.198630,20.972993,105.414818,84.538961,20.875857,3.546142,0.016668
102.189179,81.226615,20.962565,105.070971,84.262817,20.808155,3.292010,0.015968
102.102513,81.117802,20.984711,105.421233,84.598095,20.823138,3.395772,0.015467
102.105599,81.134912,20.970687,105.395503,84.582416,20.813087,3.332218,0.017853
102.117521,81.122981,20.994540,105.076736,84.155489,20.921247,3.494467,0.015600
102.016494,81.011624,21.004869,105.257592,84.432120,20.825473,3.202368,0.017080
101.991072,81.014639,20.976433,105.294843,84.413101,20.881742,3.185675,0.017605
102.031095,81.028710,21.002386,104.973125,84.033910,20.939214,3.186860,0.017682
101.862651,80.833057,21.029595,105.169802,84.317516,20.852285,3.422454,0.016908
101.857734,80.892594,20.965141,105.276247,84.466900,20.809347,3.408368,0.016414
101.848809,80.868683,20.980125,105.296748,84.429386,20.867361,3.255146,0.017546
101.872136,80.845105,21.027031,105.151727,84.223994,20.927733,3.514573,0.015026
101.804028,80.783274,21.020754,105.253716,84.417044,20.836672,3.262408,0.016751
101.905110,80.849577,21.055533,105.158601,84.192352,20.966249,3.239056,0.016911
101.786380,80.790882,20.995498,105.204552,84.311115,20.893437,3.312288,0.016347
101.805647,80.773419,21.032228,105.224792,84.249242,20.975550,3.345602,0.017476
101.786801,80.710123,21.076677,105.385342,84.449087,20.936255,3.282643,0.016760
101.722455,80.660296,21.062159,105.133680,84.211120,20.922560,3.556483,0.015580
101.744415,80.689835,21.054580,105.053271,84.108329,20.944942,3.324545,0.017998
101.668090,80.599383,21.068707,105.139602,84.246665,20.892938,3.290746,0.017043
101.637758,80.571018,21.066740,105.197500,84.252163,20.945336,3.406160,0.017868
101.679963,80.603472,21.076491,105.131023,84.224086,20.906937,3.425561,0.015415
101.542486,80.461142,21.081344,104.985436,84.043588,20.941847,3.437768,0.015816
101.573584,80.478575,21.095008,105.064751,84.066348,20.998403,3.293119,0.015719
101.583986,80.499533,21.084452,105.264016,84.222277,21.041739,3.319126,0.015387
101.526739,80.420638,21.106101,104.844581,83.938399,20.906182,3.202868,0.015733
101.494615,80.473484,21.021131,105.141286,84.281009,20.860277,3.390001,0.015986
101.488533,80.422844,21.065689,105.182856,84.180697,21.002159,3.177205,0.017532
101.475126,80.372419,21.102706,105.137739,84.165233,20.972505,3.032218,0.017764
101.431162,80.314651,21.116511,105.010390,84.030326,20.980063,3.425149,0.015448
101.462981,80.337579,21.125401,105.168262,84.114140,21.054121,3.318819,0.016661
101.518786,80.403859,21.114927,105.283019,84.311173,20.971847,3.279246,0.016241
101.367640,80.251943,21.115697,105.075375,84.079782,20.995593,3.310048,0.016350
101.424440,80.281977,21.142463,105.237950,84.328109,20.909841,3.432789,0.015349
101.367555,80.266720,21.100835,105.357811,84.396577,20.961234,3.068443,0.017168
101.397570,80.278134,21.119436,105.176001,84.255244,20.920757,3.274097,0.016674
101.361234,80.250636,21.110598,105.358149,84.396314,20.961835,3.228473,0.016947
101.315028,80.228248,21.086781,105.002329,84.000960,21.001369,3.330681,0.016242
101.326723,80.228739,21.097984,105.043081,84.089008,20.954073,3.182836,0.017512
101.271292,80.140746,21.130545,105.027187,84.083065,20.944122,3.179665,0.016958
101.304984,80.200019,21.104965,105.302501,84.339823,20.962677,3.226298,0.016518
101.197638,80.087807,21.109830,105.264558,84.251508,21.013050,3.252902,0.016476
101.229376,80.125541,21.103834,105.197099,84.285126,20.911973,3.347904,0.015797
101.238627,80.122161,21.116467,105.131259,84.143881,20.987378,3.224954,0.016181
101.196521,80.075833,21.120688,104.815174,83.802763,21.012410,3.043179,0.016699
101.103851,79.975532,21.128319,105.130778,84.071720,21.059058,3.392689,0.015519
101.167021,80.000556,21.166464,105.066268,84.060809,21.005459,3.214715,0.016526
101.104901,79.916786,21.188114,105.023395,83.994247,21.029148,3.386698,0.016004
101.050361,79.883112,21.167248,104.882062,83.887037,20.995025,3.682226,0.014155
101.016346,79.912081,21.104265,105.000827,84.031520,20.969308,3.374879,0.015923
101.086395,79.947901,21.138494,104.995906,84.022367,20.973539,3.032336,0.016908
101.134470,79.991757,21.142713,105.244332,84.212982,21.031350,3.383390,0.016140
