192.139558,187.725716,4.413842,162.875307,153.384979,9.490328,2.965168,0.022106
151.036764,139.225580,11.811184,143.876037,130.935464,12.940573,3.056304,0.021487
140.097101,126.245195,13.851905,135.714476,121.026316,14.688160,2.911987,0.024530
133.509627,118.051770,15.457857,130.331403,114.493470,15.837932,2.975959,0.023412
129.498850,113.126171,16.372680,127.188394,110.386012,16.802382,2.886587,0.022758
126.836902,109.749946,17.086956,124.977888,107.505579,17.472308,2.927190,0.022918
124.722660,107.025394,17.697266,123.554820,105.568653,17.986167,2.850282,0.025100
122.904406,104.780241,18.124165,121.707581,103.454006,18.253576,2.916438,0.023552
121.469614,102.975803,18.493811,120.376838,101.584511,18.792326,3.154419,0.020410
120.269282,101.469359,18.799923,120.056958,101.061731,18.995226,2.810287,0.023870
119.274793,100.237548,19.037246,118.342183,99.173644,19.168539,2.945494,0.021965
118.339680,99.164842,19.174838,117.728901,98.515991,19.212909,3.066232,0.022562
117.542213,98.166195,19.376018,116.936759,97.505392,19.431367,2.908916,0.023023
116.922342,97.403620,19.518722,116.951915,97.290086,19.661829,3.048829,0.022050
116.285622,96.675038,19.610584,116.415494,96.727657,19.687837,2.919319,0.023189
115.637424,95.961100,19.676324,115.845197,96.138971,19.706226,3.011101,0.022601
115.218030,95.434707,19.783323,115.502158,95.761622,19.740535,2.926955,0.021597
114.730085,94.907822,19.822263,114.732988,94.795458,19.937530,3.004094,0.020552
114.257772,94.312629,19.945142,114.555599,94.641599,19.914000,2.971732,0.021452
113.807756,93.836057,19.971698,114.119596,94.095467,20.024130,3.159031,0.020275
113.470687,93.466833,20.003854,113.688870,93.605180,20.083689,3.313455,0.019755
113.089911,93.051624,20.038288,113.712520,93.544918,20.167602,3.250486,0.020054
112.806665,92.634822,20.171843,113.019288,92.761842,20.257446,3.025294,0.020851
112.455178,92.212387,20.242791,112.797645,92.621660,20.175985,3.193716,0.020764
112.223496,92.020062,20.203433,112.513084,92.249939,20.263145,3.230702,0.019295
111.958672,91.752872,20.205800,112.512530,92.244377,20.268153,3.171805,0.019689
111.716361,91.430516,20.285845,112.528461,92.225410,20.303052,3.137680,0.019648
111.444902,91.126856,20.318046,111.965532,91.658775,20.306757,3.325983,0.020357
111.257481,90.895752,20.361729,112.077399,91.780239,20.297160,3.158107,0.021614
111.098175,90.731115,20.367061,112.070958,91.687560,20.383399,3.044722,0.021002
110.942799,90.517093,20.425707,111.934005,91.491529,20.442476,3.340592,0.019610
110.643714,90.230816,20.412899,111.488164,91.086579,20.401586,3.232401,0.020453
110.501201,90.053375,20.447826,111.957508,91.550359,20.407149,3.020738,0.020382
110.319633,89.876364,20.443269,111.067643,90.727688,20.339955,3.270330,0.019210
110.030397,89.560361,20.470036,111.095768,90.567892,20.527877,3.246318,0.019761
109.948874,89.485428,20.463445,111.428775,90.981181,20.447594,3.097651,0.020636
109.825199,89.334995,20.490204,111.006605,90.517773,20.488833,3.156290,0.019434
109.573820,89.153457,20.420363,110.884921,90.439452,20.445470,3.117121,0.019380
109.540641,89.075178,20.465463,110.704830,90.250079,20.454751,3.256174,0.019427
109.454000,88.996556,20.457444,110.895046,90.434851,20.460195,3.085994,0.021985
109.152630,88.694789,20.457841,110.389596,89.939633,20.449964,3.325745,0.019436
108.963609,88.520701,20.442908,110.383143,89.940160,20.442984,3.070804,0.018362
108.831012,88.381275,20.449738,110.057601,89.696190,20.361411,3.223684,0.018761
108.723405,88.302456,20.420949,110.238340,89.910569,20.327771,3.187514,0.019375
108.661133,88.226423,20.434710,109.957674,89.488341,20.469334,3.122519,0.020774
108.503074,88.067339,20.435735,110.065563,89.585327,20.480236,3.029743,0.019827
108.348007,87.918356,20.429651,110.117235,89.677187,20.440048,2.934645,0.021675
108.250153,87.840226,20.409927,110.022485,89.740591,20.281895,3.373775,0.017984
108.173901,87.742568,20.431333,109.534860,89.135618,20.399242,3.413622,0.017331
108.022921,87.572758,20.450163,109.383021,89.123637,20.259384,3.189050,0.020034
107.850244,87.424461,20.425784,109.434697,89.008290,20.426407,3.329654,0.018365
107.768848,87.383079,20.385770,109.780720,89.446754,20.333966,3.045701,0.019247
107.624428,87.200400,20.424028,109.366795,89.019269,20.347526,3.176947,0.017890
107.501210,87.112960,20.388250,109.035057,88.632927,20.402129,3.199341,0.019976
107.439777,87.070197,20.369581,108.920495,88.574613,20.345882,3.150388,0.018736
107.405234,86.995523,20.409711,109.206253,88.775687,20.430566,3.240079,0.018659
107.285060,86.887070,20.397990,108.783327,88.403303,20.380024,3.192831,0.018716
107.087520,86.675416,20.412103,108.769983,88.355151,20.414833,3.203149,0.018066
107.012694,86.560406,20.452288,108.865183,88.452146,20.413037,3.215372,0.018607
107.069804,86.594106,20.475698,108.998077,88.568536,20.429541,3.368241,0.017890
106.803138,86.362835,20.440303,108.883394,88.374339,20.509056,3.248629,0.018312
106.807839,86.295388,20.512451,108.941480,88.440897,20.500583,3.213399,0.017885
106.770659,86.231922,20.538737,108.652107,88.205262,20.446846,3.149357,0.017708
106.677714,86.176002,20.501711,108.622405,88.176348,20.446057,3.279706,0.017894
106.661391,86.117718,20.543673,108.682356,88.108905,20.573450,3.472269,0.015864
106.549595,85.989148,20.560448,108.733523,88.235790,20.497734,3.281025,0.018070
106.577210,85.981571,20.595639,108.418169,87.863743,20.554426,3.281971,0.016021
106.387809,85.788334,20.599475,108.471093,87.916568,20.554525,3.293187,0.017844
106.298626,85.764595,20.534031,108.506910,87.930432,20.576478,3.112489,0.018124
106.278015,85.671788,20.606227,108.446652,87.877347,20.569305,3.302314,0.017068
106.330794,85.718459,20.612336,108.529175,88.019066,20.510109,3.081558,0.019964
106.142706,85.550389,20.592317,108.419802,87.916719,20.503082,3.202092,0.017788
106.201800,85.596297,20.605503,108.491594,87.976477,20.515117,3.312905,0.018501
106.071164,85.498093,20.573071,108.576673,88.064110,20.512563,2.993525,0.018775
106.088768,85.479862,20.608906,108.123950,87.522307,20.601643,3.252865,0.018498
106.119537,85.466709,20.652828,108.707759,88.138452,20.569307,3.318466,0.017066
106.012909,85.371551,20.641358,108.166635,87.585111,20.581524,3.390718,0.017950
105.955321,85.293710,20.661611,107.923927,87.331262,20.592666,3.368712,0.016247
105.858374,85.185746,20.672628,108.454876,87.829168,20.625708,3.015057,0.017604
105.774859,85.095233,20.679626,108.427204,87.825875,20.601329,3.080294,0.019126
105.784602,85.134102,20.650500,108.135821,87.564960,20.570861,3.463488,0.016048
105.707626,85.036614,20.671012,108.052828,87.462990,20.589838,3.320202,0.016753
105.655806,85.000636,20.655170,108.095400,87.493085,20.602315,3.180390,0.017907
105.633675,84.964059,20.669617,108.300350,87.646476,20.653873,3.159093,0.019090
105.526257,84.823554,20.702703,108.181411,87.507020,20.674391,3.224627,0.017566
105.553018,84.855041,20.697977,107.973425,87.274408,20.699017,3.271548,0.018299
105.533151,84.812229,20.720922,107.858012,87.157505,20.700507,3.264404,0.016073
105.494961,84.732369,20.762592,108.238183,87.570831,20.667352,3.170184,0.017391
105.496955,84.750181,20.746774,108.147472,87.413432,20.734040,3.278057,0.016543
105.474152,84.706492,20.767659,108.152829,87.506150,20.646679,2.971531,0.017425
105.402167,84.635472,20.766695,108.473212,87.794458,20.678754,3.322453,0.017102
105.379413,84.615611,20.763801,108.040367,87.309912,20.730455,3.297319,0.017800
105.366553,84.592855,20.773697,107.929674,87.204247,20.725426,3.441127,0.016110
105.289330,84.458904,20.830426,107.924513,87.138243,20.786271,3.203317,0.016739
105.267532,84.442035,20.825498,108.065661,87.319073,20.746587,3.399112,0.017774
105.273568,84.450313,20.823255,107.734953,86.956356,20.778596,3.226923,0.016475
105.232041,84.374901,20.857140,107.966302,87.196440,20.769863,3.200064,0.016593
105.182847,84.352510,20.830337,108.022059,87.184071,20.837988,3.197775,0.016465
105.112641,84.299227,20.813414,107.939267,87.152948,20.786318,3.292591,0.017213
105.152153,84.313056,20.839098,107.877214,87.045045,20.832168,3.242423,0.016819
105.105903,84.300292,20.805610,107.686442,86.956502,20.729940,3.473957,0.016335
105.064044,84.270512,20.793532,107.817872,87.134755,20.683117,3.188158,0.017329
105.035793,84.194583,20.841210,107.890606,87.134528,20.756078,3.253730,0.016974
105.010272,84.167942,20.842330,107.747032,86.925823,20.821209,3.143085,0.018642
104.979285,84.134763,20.844522,107.758895,86.948946,20.809949,3.182714,0.017154
104.991893,84.108656,20.883237,108.063654,87.156539,20.907115,3.284503,0.016309
104.934532,84.032223,20.902308,107.666238,86.825701,20.840537,3.204807,0.017372
104.850781,83.997330,20.853451,108.088649,87.313697,20.774952,3.103509,0.018776
104.806921,83.923840,20.883081,107.728134,86.890567,20.837567,3.189680,0.016775
104.910898,84.022973,20.887925,107.761237,86.897295,20.863942,3.111883,0.017767
105.012588,84.125650,20.886938,108.180659,87.367458,20.813201,3.378318,0.016688
104.819779,83.919875,20.899904,107.932216,87.152032,20.780184,3.155120,0.016838
104.661176,83.738800,20.922376,107.656789,86.767956,20.888832,3.248370,0.017400
104.818558,83.869606,20.948952,107.588893,86.701231,20.887662,3.298729,0.015234
104.738874,83.796944,20.941930,107.716201,86.925533,20.790668,3.266734,0.016560
104.680540,83.741375,20.939165,107.490524,86.632653,20.857871,3.349085,0.016492
104.659354,83.715127,20.944227,107.870850,87.018254,20.852596,3.298470,0.016685
104.761190,83.818570,20.942620,107.876595,86.980359,20.896236,3.331378,0.016981
104.696031,83.764698,20.931333,107.817737,86.927538,20.890199,3.022017,0.018172
104.584961,83.655104,20.929857,107.564436,86.718612,20.845823,3.358178,0.017416
104.731622,83.801705,20.929917,107.514947,86.682940,20.832007,3.337115,0.016330
104.593242,83.643227,20.950015,107.756670,86.890206,20.866464,3.047546,0.018490
104.544892,83.580778,20.964114,107.483665,86.604373,20.879292,3.160749,0.016050
104.705098,83.745796,20.959302,107.582803,86.645662,20.937141,3.220797,0.015943
104.629434,83.644611,20.984823,107.915188,86.953077,20.962110,3.121881,0.016858
104.601030,83.623451,20.977579,107.565276,86.692813,20.872463,3.280005,0.016755
104.561114,83.602362,20.958752,107.475317,86.582852,20.892466,3.106673,0.017855
104.455829,83.499738,20.956092,107.765781,86.915273,20.850507,3.216287,0.015826
104.547893,83.594990,20.952903,107.351769,86.470481,20.881288,3.121833,0.016257
104.478702,83.516298,20.962404,107.718218,86.823192,20.895026,3.037613,0.017954
104.561515,83.557994,21.003521,107.978573,87.019869,20.958704,3.155518,0.016072
104.426297,83.406012,21.020285,107.791508,86.833564,20.957944,3.063365,0.017716
104.437822,83.467306,20.970516,107.928480,87.082959,20.845521,3.255702,0.016449
104.320325,83.318596,21.001729,107.674748,86.773476,20.901273,3.229135,0.018942
104.460943,83.461142,20.999801,107.597709,86.715413,20.882296,3.314798,0.015808
104.271365,83.246813,21.024552,107.585822,86.637479,20.948343,3.094958,0.018408
104.308225,83.296054,21.012171,107.623343,86.679681,20.943663,3.282004,0.018300
104.317678,83.287768,21.029910,107.899683,86.944568,20.955116,3.157688,0.016990
104.284591,83.274127,21.010463,107.397059,86.439304,20.957755,3.365094,0.016490
104.344759,83.313798,21.030961,107.548611,86.587990,20.960621,3.199519,0.016420
104.332743,83.233405,21.099338,107.461331,86.434473,21.026858,3.237655,0.016770
104.277252,83.208989,21.068263,107.521366,86.570996,20.950369,3.394650,0.015673
104.346675,83.278019,21.068656,107.829935,86.853289,20.976646,3.067331,0.016769
104.322889,83.254483,21.068406,107.396863,86.426759,20.970104,3.220855,0.017298
104.231644,83.166196,21.065449,107.563078,86.541641,21.021437,3.214675,0.016303
104.265880,83.185887,21.079992,107.443047,86.429304,21.013743,3.240652,0.016661
104.312640,83.192257,21.120383,107.552895,86.583990,20.968905,3.504029,0.015013
104.199376,83.124260,21.075116,107.406395,86.454334,20.952061,3.101180,0.017520
104.194724,83.092826,21.101898,107.718436,86.732270,20.986167,3.331440,0.016574
104.111854,83.033510,21.078345,107.321008,86.339561,20.981447,3.376929,0.015368
104.298722,83.226811,21.071912,107.548807,86.524449,21.024358,3.146693,0.019259
104.220060,83.101589,21.118471,107.546251,86.510541,21.035710,3.273883,0.015687
104.219361,83.100921,21.118441,107.682989,86.636434,21.046555,3.060299,0.017217
104.190350,83.088579,21.101771,107.683872,86.700376,20.983496,3.354007,0.015622
104.165833,83.047160,21.118673,107.550536,86.483690,21.066846,3.203565,0.016808
104.179353,83.077977,21.101375,107.592359,86.522460,21.069899,3.184897,0.015996
104.248936,83.117876,21.131059,107.799091,86.776899,21.022192,3.082541,0.016558
104.117784,83.025306,21.092479,107.700026,86.635539,21.064487,3.317044,0.016417
104.145021,83.007723,21.137298,107.498007,86.443737,21.054270,3.372752,0.015251
104.124601,82.978266,21.146335,107.494387,86.473799,21.020588,3.268750,0.015882
