261.161231,253.967857,7.193374,214.387384,206.070462,8.316923,9.107944,0.000032
214.741305,206.423839,8.317466,214.746857,206.429206,8.317651,10.455318,0.000002
214.734386,206.416697,8.317689,214.416835,206.099119,8.317717,nan,0.000001
214.702069,206.384345,8.317723,214.466503,206.148773,8.317730,5.981302,0.000000
214.658937,206.341208,8.317729,214.347843,206.030109,8.317733,6.118481,0.000000
214.609022,206.291328,8.317694,214.545185,206.227927,8.317259,7.709384,0.000006
202.718445,196.154252,6.564193,176.522039,170.440456,6.081583,6.143189,0.014859
161.593918,154.612658,6.981260,152.422830,145.298786,7.124043,5.827615,0.022198
149.500181,142.328479,7.171702,147.051141,139.849000,7.202141,7.405011,0.025936
145.610293,138.378005,7.232288,144.698655,137.428396,7.270259,7.448381,0.033733
143.691292,136.436040,7.255252,143.019894,135.764167,7.255727,6.014536,0.030754
142.528294,135.259101,7.269193,142.101247,134.865455,7.235792,6.260236,0.027232
141.678723,134.423009,7.255715,141.172924,133.913522,7.259402,8.279297,0.027024
140.723585,133.437896,7.285689,140.251529,132.967447,7.284082,8.151935,0.029386
139.994649,132.701504,7.293145,139.519622,132.223015,7.296607,8.849627,0.026228
139.247952,131.947619,7.300333,138.906872,131.613911,7.292961,8.814858,0.025952
138.795379,131.490195,7.305183,138.388446,131.098019,7.290427,7.562559,0.030300
138.358006,131.061537,7.296469,137.996152,130.712532,7.283620,9.034815,0.022155
137.923883,130.626630,7.297253,137.763776,130.475104,7.288672,10.378613,0.028529
137.436952,130.140528,7.296424,137.265182,129.966851,7.298331,6.649639,0.032829
137.062303,129.746225,7.316079,136.379846,129.073364,7.306481,9.254745,0.027817
136.657055,129.323308,7.333748,136.252662,128.936207,7.316455,9.599272,0.027750
136.238196,128.915019,7.323177,136.015918,128.708490,7.307428,9.105253,0.027877
136.143642,128.819637,7.324005,135.152773,127.838558,7.314215,9.018600,0.027243
135.775428,128.443156,7.332271,135.811021,128.551058,7.259964,8.516159,0.027881
135.671563,128.364124,7.307439,134.986561,127.698951,7.287611,9.400751,0.027856
135.309849,127.979203,7.330646,135.088799,127.766239,7.322560,9.739303,0.025108
135.013764,127.696675,7.317089,135.121935,127.853884,7.268051,8.978763,0.029151
135.121206,127.813761,7.307445,135.424711,128.123830,7.300880,8.182960,0.028952
134.797380,127.453168,7.344212,135.251895,127.895654,7.356242,9.630140,0.031461
134.549075,127.216229,7.332846,134.921577,127.638554,7.283023,7.941154,0.032192
134.481227,127.139051,7.342176,134.427423,127.104344,7.323080,10.071148,0.024285
134.401802,127.070322,7.331481,134.829719,127.535432,7.294288,8.098423,0.026104
134.237144,126.890137,7.347006,134.601282,127.267697,7.333585,9.632882,0.028609
134.046883,126.698181,7.348702,133.924848,126.594897,7.329951,7.317483,0.031935
133.786292,126.446730,7.339562,133.863264,126.583684,7.279580,7.271516,0.034815
133.536961,126.205678,7.331284,134.145375,126.848819,7.296555,9.594772,0.025085
133.645353,126.323041,7.322312,133.678861,126.377321,7.301539,8.180072,0.028711
133.501809,126.173628,7.328181,133.266161,125.967716,7.298445,9.295876,0.027065
133.378400,126.028467,7.349934,133.898347,126.602146,7.296202,8.353989,0.030920
133.423520,126.091100,7.332420,133.509611,126.202541,7.307070,7.703320,0.027388
133.262323,125.922051,7.340272,133.522058,126.207576,7.314482,16.388601,0.030080
133.076211,125.730848,7.345364,133.341972,126.015486,7.326486,9.246862,0.028459
132.919881,125.565450,7.354431,133.059136,125.745680,7.313457,8.247827,0.029347
132.837991,125.503530,7.334461,133.254998,125.929519,7.325479,8.528007,0.025638
132.592191,125.238675,7.353516,133.141266,125.836253,7.305013,7.437673,0.027748
132.577227,125.220548,7.356679,133.119589,125.799613,7.319977,8.966570,0.031838
132.461817,125.108638,7.353180,132.838355,125.517595,7.320760,8.508259,0.028375
132.549327,125.201730,7.347597,133.010097,125.713378,7.296719,7.981579,0.027378
132.482606,125.145239,7.337368,133.153246,125.853953,7.299293,9.681865,0.025994
132.297875,124.971036,7.326839,132.682039,125.385338,7.296700,7.216587,0.030781
132.146659,124.806579,7.340080,132.796748,125.480613,7.316135,9.091951,0.026506
131.923368,124.578001,7.345367,132.235406,124.913441,7.321964,11.038762,0.025176
131.889394,124.557494,7.331900,131.939074,124.649841,7.289232,7.986364,0.029977
131.772820,124.437439,7.335380,132.383783,125.096170,7.287613,8.152689,0.031708
131.788192,124.475521,7.312671,132.505683,125.237464,7.268220,8.037859,0.029844
131.735421,124.402951,7.332470,132.414795,125.089666,7.325130,8.456169,0.028456
131.559868,124.214252,7.345616,132.437133,125.151878,7.285255,9.956879,0.027712
131.548839,124.204889,7.343950,132.035683,124.716474,7.319209,10.159299,0.027590
131.488011,124.154576,7.333435,132.343724,125.040940,7.302783,7.189893,0.030487
131.522576,124.180350,7.342227,132.115994,124.809137,7.306857,8.693304,0.026494
131.360384,124.028043,7.332341,132.264375,124.986831,7.277544,7.557659,0.030274
131.463650,124.102091,7.361559,132.100092,124.786933,7.313159,8.810043,0.028031
131.274612,123.912008,7.362604,131.986894,124.680666,7.306228,8.479845,0.027191
131.172775,123.809762,7.363013,131.662712,124.323518,7.339194,9.873298,0.028133
131.242903,123.882856,7.360047,132.400044,125.107978,7.292066,7.124916,0.032134
131.316791,123.977319,7.339472,131.882035,124.564150,7.317885,8.017827,0.030665
130.987304,123.641737,7.345567,132.088023,124.795556,7.292467,8.235231,0.030074
131.000317,123.662487,7.337830,131.645089,124.333261,7.311827,7.937309,0.030734
130.825225,123.463693,7.361533,131.498857,124.179046,7.319811,9.676167,0.033980
130.744038,123.380278,7.363761,131.479855,124.154495,7.325360,10.172342,0.027569
130.858020,123.500618,7.357402,132.025589,124.706571,7.319018,10.197701,0.033266
130.941149,123.578074,7.363075,132.234056,124.912036,7.322020,10.622604,0.030094
130.827996,123.460150,7.367846,131.798409,124.476367,7.322042,13.390778,0.026887
130.762205,123.381245,7.380960,131.274291,123.926919,7.347372,11.205036,0.026128
130.750389,123.381950,7.368439,131.933571,124.618115,7.315457,11.810676,0.030428
130.831388,123.456293,7.375095,131.221730,123.889694,7.332036,9.012560,0.027025
130.716630,123.336496,7.380134,131.612849,124.283647,7.329202,9.040322,0.025393
130.640988,123.258285,7.382703,131.602038,124.249949,7.352089,12.729324,0.026864
130.465794,123.092570,7.373225,131.290700,123.956894,7.333805,8.590385,0.030186
130.382474,123.000586,7.381889,132.066517,124.735696,7.330821,10.751124,0.029510
130.551380,123.170656,7.380725,131.656470,124.348251,7.308219,8.301592,0.024213
130.484703,123.103922,7.380781,131.347325,123.981755,7.365570,7.773734,0.029916
130.264159,122.862826,7.401334,131.343453,123.999665,7.343787,11.886445,0.025510
130.272467,122.888381,7.384086,131.688200,124.372913,7.315287,8.704790,0.026458
130.497909,123.134846,7.363064,131.537758,124.221287,7.316472,8.248079,0.026456
130.413269,123.033482,7.379788,131.576304,124.260609,7.315695,8.520361,0.024375
130.432806,123.044697,7.388109,131.456422,124.092448,7.363973,9.172212,0.031082
130.443337,123.053469,7.389869,131.073261,123.725190,7.348072,10.887650,0.026570
130.301358,122.897897,7.403461,131.541300,124.198820,7.342480,9.281710,0.023972
130.397241,122.988400,7.408842,131.243766,123.867187,7.376579,7.730207,0.027876
130.249023,122.838755,7.410268,131.348322,124.019644,7.328679,8.898744,0.030144
130.279487,122.877321,7.402166,131.669645,124.304512,7.365133,8.707766,0.030025
130.274696,122.864989,7.409707,131.509914,124.177036,7.332877,8.473484,0.028815
130.259797,122.867882,7.391915,131.046540,123.704007,7.342533,10.186337,0.033414
130.106357,122.709917,7.396440,131.407040,124.063652,7.343388,8.425319,0.027354
130.070770,122.657902,7.412868,130.702280,123.345802,7.356478,7.039524,0.029024
129.993757,122.580675,7.413083,131.230876,123.878372,7.352505,9.286932,0.027402
130.033731,122.619417,7.414314,131.127204,123.766510,7.360695,8.931673,0.027502
130.123357,122.720557,7.402799,131.691814,124.348525,7.343289,8.773320,0.035272
129.902086,122.478793,7.423293,130.819280,123.462926,7.356354,10.346009,0.030111
129.914185,122.509385,7.404800,131.599608,124.270831,7.328777,7.191921,0.035379
130.066280,122.659015,7.407265,131.620193,124.278493,7.341699,8.632820,0.028595
130.150469,122.733940,7.416529,131.382152,124.025914,7.356239,8.350973,0.025040
130.052218,122.637145,7.415073,131.301532,123.937581,7.363952,8.891724,0.028762
130.132735,122.727615,7.405121,131.742247,124.378013,7.364234,7.167425,0.028099
130.105283,122.681018,7.424265,131.059009,123.675755,7.383255,10.371702,0.023041
130.015636,122.586226,7.429411,131.523064,124.165987,7.357076,15.156489,0.027551
129.885898,122.465282,7.420615,132.079116,124.720962,7.358154,11.063535,0.025998
130.006687,122.573594,7.433093,131.570088,124.192601,7.377487,8.301882,0.031584
130.037594,122.624227,7.413367,131.553781,124.194721,7.359060,8.159338,0.029753
130.014406,122.579526,7.434880,131.360712,123.975385,7.385328,9.174146,0.024622
130.064499,122.618638,7.445861,131.888706,124.487123,7.401583,8.881136,0.025340
129.964824,122.524216,7.440608,131.414221,124.055388,7.358834,9.367538,0.027655
129.942544,122.529646,7.412898,131.222956,123.854069,7.368886,8.088943,0.030292
129.900961,122.461154,7.439807,131.076591,123.674515,7.402076,9.221271,0.030967
129.772252,122.323654,7.448598,131.417483,124.018397,7.399085,9.239120,0.028534
129.705682,122.244963,7.460719,131.281282,123.894944,7.386338,10.469661,0.023697
129.781149,122.319957,7.461192,131.252502,123.840156,7.412345,8.525192,0.030654
129.643855,122.193457,7.450398,131.287138,123.892077,7.395060,7.761837,0.026170
129.717019,122.270778,7.446241,131.461096,124.071582,7.389514,7.771193,0.026437
129.758409,122.314568,7.443841,131.278120,123.906179,7.371942,9.327454,0.024467
129.703416,122.257386,7.446030,131.580448,124.173700,7.406748,8.704765,0.024516
129.765139,122.315823,7.449316,131.087532,123.697035,7.390498,8.934698,0.024208
129.688406,122.237436,7.450970,131.681512,124.308102,7.373410,10.125230,0.029501
129.897992,122.446295,7.451697,131.497490,124.097724,7.399766,8.268844,0.027744
129.824951,122.355836,7.469115,131.898318,124.497748,7.400571,8.344117,0.029460
129.790224,122.321948,7.468276,131.453093,124.042037,7.411057,10.886742,0.027814
129.691875,122.218048,7.473828,131.605990,124.197666,7.408325,12.358544,0.021866
129.773454,122.306200,7.467254,131.341343,123.940203,7.401140,11.635698,0.025477
129.761588,122.292584,7.469004,131.695413,124.306242,7.389172,11.700543,0.029385
129.903911,122.446196,7.457715,131.345230,123.932738,7.412493,8.985460,0.026423
129.852176,122.377778,7.474398,131.166497,123.744635,7.421863,8.736600,0.035420
129.674983,122.205201,7.469782,131.596472,124.200233,7.396239,10.034485,0.029536
129.691924,122.222260,7.469664,131.447268,124.027175,7.420093,8.406878,0.024616
129.553527,122.094136,7.459390,131.199611,123.786850,7.412761,7.687257,0.032386
129.474477,122.002388,7.472088,131.214751,123.807863,7.406889,10.043657,0.028833
129.595091,122.134203,7.460888,131.133194,123.727775,7.405420,8.454608,0.023772
129.537553,122.067179,7.470374,131.531451,124.118851,7.412600,7.523571,0.026733
129.457651,121.981667,7.475984,131.552812,124.127810,7.425002,10.326365,0.030661
129.368925,121.905986,7.462939,130.792171,123.397254,7.394916,8.103752,0.034714
129.407132,121.939196,7.467936,131.322487,123.935816,7.386671,9.050278,0.026307
129.301424,121.840961,7.460464,131.107101,123.707787,7.399314,7.957118,0.029852
129.445394,121.980575,7.464819,131.210795,123.801889,7.408905,8.247868,0.028547
129.600614,122.129056,7.471558,131.552428,124.131212,7.421216,10.690427,0.027680
129.421433,121.936446,7.484986,131.134668,123.737241,7.397427,8.119489,0.026554
129.428253,121.939791,7.488461,131.334775,123.902982,7.431793,9.969307,0.030358
129.369717,121.867674,7.502043,131.040507,123.592519,7.447987,9.961299,0.033785
129.380066,121.884293,7.495774,130.952859,123.519361,7.433498,8.257161,0.029098
129.291585,121.809942,7.481642,131.322206,123.917139,7.405067,9.907339,0.032183
129.418846,121.932335,7.486511,130.867287,123.425937,7.441350,8.856171,0.025392
129.309600,121.820015,7.489585,131.788576,124.362777,7.425799,8.928951,0.026494
129.404748,121.914556,7.490192,131.416252,124.000609,7.415642,9.851829,0.033922
129.274362,121.777445,7.496916,131.380494,123.958984,7.421510,11.445923,0.031431
129.354746,121.863920,7.490826,131.812125,124.373754,7.438371,9.236414,0.029310
129.266097,121.774483,7.491614,131.549589,124.136150,7.413439,9.572891,0.032598
129.284035,121.796123,7.487912,131.422075,123.971395,7.450681,9.756080,0.025351
129.365812,121.852733,7.513078,131.473754,124.015029,7.458724,9.054052,0.025685
129.426226,121.909901,7.516324,131.350279,123.903812,7.446467,9.389033,0.025229
129.463867,121.971761,7.492107,131.089548,123.650190,7.439358,8.603666,0.027486
