261.391575,254.237763,7.153813,214.467894,206.150164,8.317730,3.662643,0.000010
214.746795,206.429036,8.317759,214.333174,206.015410,8.317766,4.320978,0.000000
214.735213,206.417449,8.317766,214.406232,206.088468,8.317766,2.963623,0.000000
214.682571,206.364807,8.317766,214.260528,205.942764,8.317766,3.776748,0.000000
214.648426,206.330662,8.317766,214.504480,206.186716,8.317766,3.614005,0.000000
214.624414,206.306649,8.317766,214.339380,206.021616,8.317766,2.777778,0.000000
214.596151,206.278387,8.317766,214.297031,205.979267,8.317766,3.489455,0.000000
214.582325,206.264561,8.317766,214.335693,206.017928,8.317766,nan,0.000000
214.588270,206.270506,8.317766,214.284726,205.966962,8.317766,nan,0.000000
214.577471,206.259707,8.317766,214.341728,206.023964,8.317766,nan,0.000000
214.529809,206.212044,8.317766,214.246418,205.928654,8.317766,nan,0.000000
214.533787,206.216022,8.317766,214.391200,206.073436,8.317766,nan,0.000000
214.537523,206.219759,8.317766,214.386252,206.068488,8.317766,nan,0.000000
214.521137,206.203373,8.317766,214.254157,205.936393,8.317766,nan,0.000000
214.508547,206.190783,8.317766,214.261827,205.944063,8.317766,nan,0.000000
214.496113,206.178349,8.317766,214.203259,205.885494,8.317766,nan,0.000000
214.494780,206.177016,8.317766,214.231099,205.913335,8.317766,nan,0.000000
214.502111,206.184347,8.317766,214.159253,205.841488,8.317766,nan,0.000000
214.478324,206.160559,8.317766,214.212680,205.894916,8.317766,nan,0.000000
214.493638,206.175874,8.317766,214.268555,205.950791,8.317766,nan,0.000000
214.479633,206.161869,8.317766,214.217095,205.899331,8.317766,nan,0.000000
214.458102,206.140338,8.317766,214.255993,205.938229,8.317766,nan,0.000000
214.460606,206.142842,8.317766,214.209552,205.891787,8.317766,nan,0.000000
214.460039,206.142275,8.317766,214.244834,205.927070,8.317766,nan,0.000000
214.462378,206.144613,8.317766,214.203428,205.885664,8.317766,nan,0.000000
214.453957,206.136193,8.317766,214.214224,205.896460,8.317766,nan,0.000000
214.453754,206.135990,8.317766,214.175905,205.858140,8.317766,nan,0.000000
214.450234,206.132470,8.317766,214.161808,205.844043,8.317766,nan,0.000000
214.446025,206.128261,8.317766,214.211052,205.893288,8.317766,nan,0.000000
214.443183,206.125419,8.317766,214.276393,205.958629,8.317766,nan,0.000000
214.445986,206.128222,8.317766,214.161098,205.843333,8.317766,nan,0.000000
214.437178,206.119414,8.317766,214.174584,205.856820,8.317766,nan,0.000000
214.427960,206.110196,8.317766,214.214311,205.896547,8.317766,nan,0.000000
214.436247,206.118482,8.317766,214.228904,205.911140,8.317766,nan,0.000000
214.438516,206.120751,8.317766,214.207050,205.889286,8.317766,nan,0.000000
214.430864,206.113099,8.317766,214.167137,205.849372,8.317766,nan,0.000000
214.424665,206.106900,8.317766,214.318538,206.000773,8.317766,nan,0.000000
214.442745,206.124981,8.317766,214.196335,205.878571,8.317766,nan,0.000000
214.419971,206.102207,8.317766,214.138995,205.821231,8.317766,nan,0.000000
214.424883,206.107119,8.317766,214.154172,205.836408,8.317766,nan,0.000000
214.421074,206.103310,8.317766,214.174204,205.856440,8.317766,nan,0.000000
214.417915,206.100151,8.317766,214.189816,205.872052,8.317766,nan,0.000000
214.420188,206.102424,8.317766,214.226412,205.908647,8.317766,nan,0.000000
214.410600,206.092835,8.317766,214.155913,205.838148,8.317766,nan,0.000000
214.425353,206.107589,8.317766,214.401984,206.084220,8.317766,nan,0.000000
214.424632,206.106868,8.317766,214.186211,205.868447,8.317766,nan,0.000000
214.418782,206.101018,8.317766,214.137287,205.819523,8.317766,nan,0.000000
214.412568,206.094804,8.317766,214.155460,205.837696,8.317766,nan,0.000000
214.415270,206.097506,8.317766,214.180732,205.862968,8.317766,nan,0.000000
214.410176,206.092412,8.317766,214.252755,205.934991,8.317766,nan,0.000000
214.416124,206.098360,8.317766,214.251339,205.933575,8.317766,nan,0.000000
214.412449,206.094684,8.317766,214.163778,205.846014,8.317766,nan,0.000000
214.413249,206.095485,8.317766,214.209260,205.891496,8.317766,nan,0.000000
214.407913,206.090149,8.317766,214.209702,205.891938,8.317766,nan,0.000000
214.409591,206.091827,8.317766,214.202101,205.884337,8.317766,nan,0.000000
214.407285,206.089521,8.317766,214.159648,205.841884,8.317766,nan,0.000000
214.406208,206.088444,8.317766,214.191765,205.874001,8.317766,nan,0.000000
214.409787,206.092023,8.317766,214.175094,205.857330,8.317766,nan,0.000000
214.407240,206.089476,8.317766,214.145229,205.827464,8.317766,nan,0.000000
214.405272,206.087507,8.317766,214.152066,205.834301,8.317766,nan,0.000000
214.407004,206.089239,8.317766,214.159589,205.841825,8.317766,nan,0.000000
214.407999,206.090235,8.317766,214.157604,205.839840,8.317766,nan,0.000000
214.404968,206.087204,8.317766,214.133264,205.815499,8.317766,nan,0.000000
214.407023,206.089259,8.317766,214.198529,205.880765,8.317766,nan,0.000000
214.402843,206.085078,8.317766,214.157347,205.839583,8.317766,nan,0.000000
214.402694,206.084930,8.317766,214.174342,205.856577,8.317766,nan,0.000000
214.406785,206.089020,8.317766,214.187362,205.869598,8.317766,nan,0.000000
214.402004,206.084240,8.317766,214.167216,205.849452,8.317766,nan,0.000000
214.405657,206.087893,8.317766,214.181740,205.863975,8.317766,nan,0.000000
214.407744,206.089979,8.317766,214.200017,205.882252,8.317766,nan,0.000000
214.405957,206.088193,8.317766,214.134658,205.816893,8.317766,nan,0.000000
214.400811,206.083047,8.317766,214.218546,205.900782,8.317766,nan,0.000000
214.401342,206.083578,8.317766,214.149174,205.831410,8.317766,nan,0.000000
214.403350,206.085586,8.317766,214.127356,205.809591,8.317766,nan,0.000000
214.400715,206.082950,8.317766,214.145159,205.827395,8.317766,nan,0.000000
214.397043,206.079279,8.317766,214.181590,205.863826,8.317766,nan,0.000000
214.397558,206.079794,8.317766,214.165520,205.847756,8.317766,nan,0.000000
214.399007,206.081243,8.317766,214.162422,205.844658,8.317766,nan,0.000000
214.396848,206.079084,8.317766,214.144451,205.826687,8.317766,nan,0.000000
214.401358,206.083594,8.317766,214.169060,205.851295,8.317766,nan,0.000000
214.394603,206.076839,8.317766,214.128199,205.810434,8.317766,nan,0.000000
214.395735,206.077971,8.317766,214.152747,205.834982,8.317766,nan,0.000000
214.391333,206.073568,8.317766,214.168284,205.850520,8.317766,inf,0.000000
214.400160,206.082396,8.317766,214.142592,205.824828,8.317766,nan,0.000000
214.398143,206.080379,8.317766,214.166025,205.848261,8.317766,1.750446,0.000000
214.401684,206.083920,8.317766,214.146614,205.828849,8.317766,nan,0.000000
214.401651,206.083886,8.317766,214.216741,205.898977,8.317766,nan,0.000000
214.402751,206.084986,8.317766,214.167467,205.849702,8.317766,nan,0.000000
214.394634,206.076870,8.317766,214.181094,205.863329,8.317766,nan,0.000000
214.393196,206.075432,8.317766,214.172581,205.854817,8.317766,nan,0.000000
214.401795,206.084030,8.317766,214.140184,205.822420,8.317766,nan,0.000000
214.399499,206.081735,8.317766,214.216431,205.898667,8.317766,nan,0.000000
214.390759,206.072994,8.317766,214.178666,205.860901,8.317766,nan,0.000000
214.394923,206.077159,8.317766,214.175874,205.858110,8.317766,nan,0.000000
214.393727,206.075963,8.317766,214.220636,205.902872,8.317766,nan,0.000000
214.397906,206.080142,8.317766,214.174523,205.856758,8.317766,nan,0.000000
214.388927,206.071163,8.317766,214.105950,205.788185,8.317766,nan,0.000000
214.393714,206.075950,8.317766,214.173544,205.855779,8.317766,nan,0.000000
214.387218,206.069454,8.317766,214.139088,205.821324,8.317766,nan,0.000000
214.389470,206.071705,8.317766,214.140336,205.822572,8.317766,nan,0.000000
214.392029,206.074264,8.317766,214.158943,205.841178,8.317766,nan,0.000000
214.392722,206.074958,8.317766,214.263893,205.946128,8.317766,nan,0.000000
214.400486,206.082722,8.317766,214.146408,205.828643,8.317766,nan,0.000000
214.389080,206.071316,8.317766,214.159500,205.841736,8.317766,nan,0.000000
214.393020,206.075256,8.317766,214.180726,205.862962,8.317766,nan,0.000000
214.390803,206.073038,8.317766,214.166913,205.849149,8.317766,nan,0.000000
214.391209,206.073444,8.317766,214.160883,205.843119,8.317766,nan,0.000000
214.389831,206.072067,8.317766,214.141464,205.823699,8.317766,nan,0.000000
214.389558,206.071794,8.317766,214.153575,205.835810,8.317766,nan,0.000000
214.388383,206.070618,8.317766,214.174099,205.856335,8.317766,nan,0.000000
214.387394,206.069630,8.317766,214.165524,205.847759,8.317766,nan,0.000000
214.388410,206.070645,8.317766,214.139471,205.821707,8.317766,nan,0.000000
214.393003,206.075238,8.317766,214.119121,205.801357,8.317766,nan,0.000000
214.394800,206.077035,8.317766,214.115903,205.798139,8.317766,nan,0.000000
214.388014,206.070249,8.317766,214.157225,205.839461,8.317766,nan,0.000000
214.386757,206.068993,8.317766,214.186233,205.868469,8.317766,nan,0.000000
214.386691,206.068927,8.317766,214.193886,205.876122,8.317766,nan,0.000000
214.388228,206.070463,8.317766,214.165704,205.847939,8.317766,nan,0.000000
214.390570,206.072806,8.317766,214.157932,205.840167,8.317766,nan,0.000000
214.389417,206.071653,8.317766,214.195505,205.877741,8.317766,nan,0.000000
214.385207,206.067443,8.317766,214.120578,205.802813,8.317766,nan,0.000000
214.385384,206.067620,8.317766,214.149629,205.831865,8.317766,nan,0.000000
214.385832,206.068068,8.317766,214.207839,205.890075,8.317766,nan,0.000000
214.385230,206.067466,8.317766,214.146559,205.828794,8.317766,nan,0.000000
214.383335,206.065570,8.317766,214.174149,205.856385,8.317766,nan,0.000000
214.391429,206.073665,8.317766,214.162058,205.844293,8.317766,nan,0.000000
214.390485,206.072721,8.317766,214.164792,205.847028,8.317766,nan,0.000000
214.383361,206.065597,8.317766,214.116802,205.799038,8.317766,nan,0.000000
214.385834,206.068069,8.317766,214.143750,205.825986,8.317766,nan,0.000000
214.384506,206.066742,8.317766,214.185271,205.867506,8.317766,nan,0.000000
214.383484,206.065720,8.317766,214.127694,205.809930,8.317766,nan,0.000000
214.382094,206.064330,8.317766,214.195063,205.877299,8.317766,nan,0.000000
214.387450,206.069686,8.317766,214.153481,205.835717,8.317766,nan,0.000000
214.391758,206.073994,8.317766,214.149023,205.831258,8.317766,nan,0.000000
214.384239,206.066475,8.317766,214.138067,205.820303,8.317766,nan,0.000000
214.384500,206.066736,8.317766,214.165892,205.848128,8.317766,nan,0.000000
214.385810,206.068046,8.317766,214.142133,205.824369,8.317766,nan,0.000000
214.382730,206.064966,8.317766,214.156838,205.839073,8.317766,nan,0.000000
214.386102,206.068337,8.317766,214.160384,205.842620,8.317766,nan,0.000000
214.383642,206.065878,8.317766,214.154307,205.836543,8.317766,nan,0.000000
214.384634,206.066869,8.317766,214.152777,205.835013,8.317766,nan,0.000000
214.383691,206.065927,8.317766,214.200293,205.882529,8.317766,nan,0.000000
214.384920,206.067156,8.317766,214.135410,205.817645,8.317766,nan,0.000000
214.380723,206.062959,8.317766,214.123042,205.805278,8.317766,nan,0.000000
214.383310,206.065546,8.317766,214.121724,205.803960,8.317766,nan,0.000000
214.385590,206.067826,8.317766,214.129448,205.811683,8.317766,nan,0.000000
214.382006,206.064241,8.317766,214.142653,205.824888,8.317766,nan,0.000000
214.387127,206.069363,8.317766,214.160367,205.842603,8.317766,nan,0.000000
214.383760,206.065996,8.317766,214.160258,205.842493,8.317766,nan,0.000000
214.387320,206.069555,8.317766,214.142894,205.825130,8.317766,nan,0.000000
214.381972,206.064207,8.317766,214.144023,205.826258,8.317766,nan,0.000000
214.382563,206.064799,8.317766,214.167419,205.849655,8.317766,nan,0.000000
214.380941,206.063177,8.317766,214.161280,205.843515,8.317766,nan,0.000000
214.387406,206.069642,8.317766,214.177838,205.860074,8.317766,nan,0.000000
214.383885,206.066121,8.317766,214.114988,205.797224,8.317766,nan,0.000000
214.381275,206.063511,8.317766,214.169511,205.851747,8.317766,nan,0.000000
214.382256,206.064492,8.317766,214.156477,205.838713,8.317766,nan,0.000000
214.383296,206.066611,8.316687,214.132080,205.814316,8.317766,nan,0.000000
213.352737,205.043021,8.309717,209.109089,200.801808,8.307280,1.802809,0.000348
206.102082,197.881365,8.220717,205.257645,197.052249,8.205397,2.183403,0.001203
