257.054272,233.868410,23.185862,212.837338,186.756991,26.080346,2.252028,0.017041
184.864527,159.665649,25.198878,166.228122,141.027114,25.201009,2.307818,0.029437
159.394716,133.984170,25.410546,153.401258,127.646157,25.755100,2.398808,0.034877
150.111635,124.133238,25.978397,145.659209,119.576567,26.082642,2.421407,0.040894
143.176526,117.267467,25.909058,139.767098,113.840910,25.926187,2.664996,0.038784
138.367137,112.718172,25.648965,134.876087,109.979005,24.897081,2.716534,0.038647
134.335707,109.209550,25.126156,132.140622,106.783293,25.357329,2.879997,0.037609
132.018304,106.586803,25.431501,130.214578,104.734272,25.480307,2.889943,0.040259
130.400769,104.801648,25.599121,129.348544,103.692462,25.656082,2.913911,0.039370
129.042444,103.293080,25.749364,127.836992,102.093836,25.743157,2.688118,0.041047
127.593515,101.989331,25.604183,126.778375,101.335302,25.443073,2.807733,0.040730
126.528116,100.954344,25.573772,125.905894,100.311521,25.594372,2.888293,0.041617
124.481184,99.937258,24.543926,122.805576,99.089380,23.716196,2.868762,0.039173
122.676860,98.898393,23.778467,122.043444,98.268562,23.774882,2.843163,0.042194
121.927818,97.944946,23.982871,121.393025,97.300664,24.092361,2.951801,0.040301
121.055816,96.994249,24.061567,120.592427,96.523796,24.068631,2.817922,0.039131
120.265391,96.271252,23.994139,120.058146,96.172716,23.885430,2.857158,0.042010
119.663480,95.624684,24.038797,119.606530,95.496253,24.110276,2.874004,0.040604
119.037058,95.050614,23.986445,118.968419,95.007357,23.961062,2.986423,0.040527
118.229411,94.462135,23.767276,118.225794,94.468279,23.757516,2.850325,0.042170
117.849050,94.087414,23.761636,117.649038,94.186880,23.462159,3.047703,0.038270
117.174685,93.596273,23.578412,117.110481,93.575506,23.534975,2.788588,0.043927
116.817372,93.272263,23.545109,116.882633,93.384104,23.498529,2.941233,0.041461
116.426421,92.892214,23.534207,116.940588,93.489174,23.451414,2.825042,0.042059
116.077877,92.525748,23.552129,116.472265,92.994545,23.477720,2.969211,0.038896
115.719317,92.207457,23.511860,116.000316,92.569472,23.430844,3.040994,0.037099
115.438588,91.919123,23.519465,116.224954,92.775006,23.449948,2.993347,0.040262
115.241355,91.696775,23.544581,115.676212,92.184299,23.491912,2.905921,0.040815
114.991030,91.425730,23.565300,115.306541,91.786104,23.520437,2.829967,0.043624
114.590998,91.100185,23.490813,115.398867,91.985283,23.413584,3.173810,0.036280
114.488756,90.959907,23.528849,115.217849,91.624023,23.593826,2.903617,0.037268
114.116541,90.617237,23.499304,114.744283,91.199069,23.545215,2.934970,0.038896
113.921788,90.424952,23.496836,114.533724,90.986646,23.547078,2.970227,0.038043
113.646373,90.166406,23.479967,114.768245,91.280977,23.487269,3.044417,0.037738
113.469172,90.000127,23.469045,114.170393,90.782794,23.387599,3.032716,0.040409
113.265371,89.837078,23.428292,113.749134,90.511678,23.237457,3.221656,0.035601
113.093447,89.641837,23.451610,113.880976,90.578039,23.302937,2.975716,0.042083
112.866043,89.454494,23.411549,113.939338,90.621391,23.317947,3.002988,0.037941
112.710760,89.320804,23.389956,113.548936,90.245330,23.303606,3.003827,0.039092
112.631314,89.224368,23.406945,113.341908,90.039489,23.302419,3.104004,0.036918
112.430969,89.046341,23.384627,113.564310,90.188727,23.375583,2.941194,0.038594
112.295406,88.849504,23.445902,113.202057,89.817794,23.384263,2.911968,0.037348
112.108533,88.681034,23.427499,113.174694,89.773141,23.401553,3.063855,0.038047
111.913609,88.474542,23.439066,112.878853,89.532044,23.346809,2.867388,0.038648
111.784201,88.375848,23.408353,112.752691,89.427635,23.325057,2.999796,0.034727
111.602340,88.188646,23.413694,112.621552,89.374156,23.247397,2.977088,0.038618
111.422756,88.034471,23.388285,112.739243,89.215398,23.523846,3.046589,0.038385
111.372124,87.988855,23.383269,112.441598,89.014552,23.427046,3.089946,0.038033
111.228143,87.905569,23.322574,112.395603,89.153135,23.242468,2.925376,0.040460
111.091162,87.708257,23.382905,112.161276,88.753057,23.408218,3.090618,0.035573
110.965400,87.612507,23.352893,112.396205,89.003652,23.392553,2.839291,0.040522
110.760094,87.416119,23.343975,112.065158,88.826905,23.238253,3.031713,0.038655
110.692026,87.354813,23.337213,111.556812,88.349017,23.207795,3.004773,0.037344
110.583869,87.273888,23.309980,111.752452,88.501429,23.251022,2.966104,0.039262
110.517773,87.185522,23.332251,111.783226,88.430814,23.352412,2.965375,0.038493
110.308506,86.936882,23.371624,111.341608,88.097369,23.244239,2.933892,0.037947
110.174392,86.867945,23.306447,111.154940,87.901045,23.253895,3.002148,0.037326
110.122246,86.813481,23.308765,111.364410,88.126153,23.238257,3.124027,0.034879
110.011428,86.699331,23.312097,111.359660,88.098711,23.260949,2.919069,0.039396
109.925262,86.616468,23.308793,111.139944,88.105393,23.034551,3.067697,0.039095
109.784848,86.490560,23.294289,111.225732,87.993741,23.231990,2.981932,0.037036
109.620071,86.340942,23.279129,111.133778,88.010014,23.123763,3.006515,0.039596
109.628139,86.344383,23.283756,110.938353,87.697139,23.241214,3.218657,0.036326
109.536303,86.244731,23.291572,111.003362,87.823632,23.179730,2.923935,0.039944
109.345952,86.048034,23.297918,110.753501,87.551378,23.202123,3.080565,0.037392
109.310802,86.022147,23.288655,110.793651,87.594623,23.199028,3.044020,0.036442
109.093609,85.831260,23.262349,110.501172,87.427811,23.073361,3.071338,0.035308
109.026152,85.833596,23.192557,110.629194,87.538205,23.090988,2.860900,0.039324
108.839667,85.713759,23.125908,110.419927,87.303337,23.116590,2.973004,0.037810
108.788314,85.695797,23.092517,110.275775,87.226534,23.049241,3.146337,0.034751
108.701122,85.654125,23.046997,110.226273,87.312235,22.914038,2.856023,0.038454
108.554215,85.470888,23.083326,110.448148,87.552465,22.895683,3.113558,0.035914
108.522697,85.489438,23.033259,110.072086,87.207779,22.864307,3.026784,0.038356
108.451392,85.394342,23.057050,110.076977,87.118903,22.958074,3.021061,0.036752
108.344475,85.254646,23.089829,110.060221,87.140261,22.919960,2.863507,0.039117
108.239651,85.202564,23.037087,109.878455,86.903051,22.975404,3.019289,0.036533
108.140398,85.081907,23.058491,109.749435,86.723130,23.026305,3.010793,0.037331
108.156266,85.061658,23.094607,110.017004,86.975905,23.041099,2.868618,0.037250
107.943092,84.892244,23.050848,109.580741,86.567421,23.013320,3.164424,0.034838
107.868062,84.891437,22.976625,109.718756,86.855011,22.863745,2.972181,0.038340
107.846042,84.826993,23.019049,109.759323,87.035181,22.724142,3.015402,0.036465
107.786277,84.792187,22.994090,109.561370,86.671234,22.890137,2.895066,0.038118
107.765591,84.773654,22.991937,109.447774,86.603493,22.844280,2.963849,0.039584
107.668549,84.670309,22.998240,109.272454,86.454386,22.818068,3.087936,0.037049
107.571596,84.592955,22.978641,109.513785,86.568885,22.944900,2.964206,0.037614
107.494052,84.537820,22.956232,109.399967,86.545716,22.854251,2.995220,0.039052
107.416233,84.460354,22.955878,109.374070,86.513222,22.860847,2.940202,0.035814
107.375518,84.492450,22.883068,108.977615,86.185029,22.792586,3.120077,0.034050
107.266748,84.347679,22.919069,109.172215,86.331340,22.840875,2.982584,0.037025
107.242003,84.350039,22.891964,108.950726,86.121310,22.829416,2.968449,0.038910
107.232786,84.306845,22.925941,108.890523,86.038857,22.851667,2.973068,0.040326
107.111623,84.176146,22.935477,108.713190,85.984810,22.728379,3.120118,0.035594
107.080770,84.161507,22.919263,108.864364,86.049996,22.814368,3.149301,0.033817
106.993348,84.102312,22.891036,108.755521,85.996074,22.759447,3.158621,0.032765
106.969149,84.078038,22.891110,108.773035,86.078422,22.694613,3.255076,0.034273
106.867874,84.016231,22.851643,109.004074,86.200027,22.804047,3.015605,0.036398
106.840515,83.927455,22.913060,108.859554,86.166064,22.693490,3.192025,0.038308
106.807493,83.911512,22.895982,108.701159,85.966076,22.735084,3.095657,0.034644
106.664250,83.841536,22.822714,108.551273,85.810070,22.741204,3.025488,0.038765
106.701384,83.843518,22.857867,108.918182,86.182147,22.736035,2.987710,0.037795
106.579147,83.705748,22.873399,108.456007,85.702593,22.753415,3.075477,0.035624
106.528871,83.647194,22.881677,108.428666,85.635730,22.792935,3.058995,0.038046
106.454153,83.607464,22.846690,108.428422,85.638775,22.789647,2.916238,0.037494
106.402936,83.547027,22.855910,108.411900,85.665788,22.746112,3.171260,0.035873
106.336791,83.502023,22.834768,108.352036,85.559247,22.792789,2.930210,0.034927
106.337850,83.497863,22.839987,108.529432,85.909114,22.620318,3.033860,0.034692
106.352332,83.476263,22.876069,108.423308,85.599735,22.823573,3.107772,0.034033
106.209947,83.328147,22.881800,108.044499,85.362290,22.682209,3.096076,0.036659
106.147315,83.302486,22.844829,108.204483,85.514801,22.689683,2.932800,0.035769
106.145735,83.311720,22.834015,107.946292,85.230608,22.715683,3.263944,0.030935
106.067468,83.212493,22.854975,108.206794,85.484438,22.722356,3.073820,0.035362
106.042195,83.181312,22.860883,107.928177,85.194205,22.733972,2.782881,0.040284
105.929738,83.071047,22.858692,108.004416,85.270303,22.734112,3.117519,0.033612
105.932172,83.078873,22.853299,108.082101,85.286518,22.795583,2.817374,0.037619
105.890994,83.073748,22.817246,108.283325,85.573168,22.710157,3.080675,0.034885
105.736197,82.945521,22.790676,108.040943,85.351174,22.689769,3.126707,0.032854
105.790316,82.993007,22.797309,107.922041,85.287832,22.634209,3.124728,0.035919
105.704633,82.880489,22.824144,107.887405,85.236553,22.650852,3.181861,0.033863
105.654494,82.856402,22.798092,107.873789,85.171385,22.702403,3.183509,0.035564
105.680403,82.852877,22.827526,108.153097,85.469738,22.683358,2.855322,0.034863
105.646474,82.823250,22.823225,107.758021,85.001482,22.756540,3.078840,0.035266
105.499134,82.696801,22.802332,107.731463,85.028322,22.703141,2.872615,0.035120
105.510281,82.695874,22.814407,107.762055,85.000548,22.761508,2.931085,0.037955
105.513274,82.688014,22.825261,107.732629,85.105820,22.626809,2.979138,0.036247
105.439197,82.664003,22.775194,107.519566,84.900881,22.618685,3.287246,0.032680
105.421493,82.625350,22.796143,107.696042,85.095938,22.600104,2.878971,0.038304
105.350772,82.524497,22.826275,107.688279,84.925786,22.762493,2.963943,0.035207
105.281076,82.514379,22.766697,107.535595,84.813732,22.721862,3.001431,0.036899
105.234682,82.500703,22.733980,107.430628,84.806704,22.623923,3.277954,0.032221
105.190680,82.424369,22.766311,107.632046,84.874153,22.757892,3.133882,0.034976
105.231338,82.451962,22.779376,107.439484,84.847535,22.591949,3.105738,0.033984
105.172285,82.419465,22.752820,107.575451,84.868649,22.706802,3.070504,0.036030
105.124726,82.347753,22.776973,107.320114,84.715284,22.604829,3.080845,0.036196
105.072521,82.295641,22.776880,107.675448,85.025583,22.649865,3.235507,0.031817
105.094695,82.328376,22.766319,107.284701,84.569976,22.714725,2.993887,0.033848
104.979054,82.193479,22.785575,107.278418,84.508318,22.770100,2.944809,0.036928
104.960406,82.211216,22.749190,107.052468,84.405417,22.647052,3.211426,0.033050
104.887734,82.140126,22.747608,107.176087,84.490868,22.685219,3.074418,0.037203
104.779080,82.056730,22.722351,107.038901,84.402415,22.636487,3.135243,0.035238
104.888435,82.127946,22.760489,107.008871,84.505175,22.503696,3.004076,0.034227
104.844034,82.024137,22.819898,107.292698,84.579222,22.713476,3.096520,0.033208
104.891675,82.076440,22.815235,107.132007,84.390271,22.741737,2.754880,0.039111
105.219139,82.141701,23.077439,107.469720,84.550129,22.919591,3.016553,0.034668
105.134729,82.169316,22.965412,107.433563,84.490110,22.943453,2.946288,0.034902
105.266486,82.218451,23.048035,107.356394,84.505278,22.851116,2.989028,0.034926
105.069200,82.150577,22.918622,107.082976,84.296749,22.786228,3.086473,0.032392
104.859475,81.975190,22.884286,107.239432,84.375758,22.863674,2.899139,0.040208
104.850894,81.962516,22.888377,107.044552,84.312829,22.731723,3.140620,0.034571
104.755109,81.870283,22.884826,107.352397,84.404220,22.948177,2.884793,0.034019
104.807411,81.898327,22.909085,107.211386,84.396419,22.814967,2.920862,0.039458
104.712331,81.816077,22.896254,107.108802,84.366775,22.742028,3.022867,0.033861
104.659881,81.772773,22.887107,106.827684,84.001659,22.826025,2.801493,0.036640
104.604876,81.760076,22.844800,107.255150,84.371056,22.884094,2.660177,0.039150
104.550272,81.683270,22.867003,106.861036,84.195394,22.665642,3.123805,0.037731
104.477576,81.614013,22.863563,106.775811,83.950791,22.825020,3.080674,0.033965
104.536242,81.689690,22.846551,107.150228,84.335748,22.814480,2.952598,0.036450
104.489021,81.643268,22.845754,106.899356,84.164399,22.734957,2.875743,0.037007
104.404874,81.572536,22.832338,106.823073,84.127710,22.695363,3.044499,0.032801
104.338727,81.525670,22.813057,107.073422,84.266667,22.806755,3.080458,0.033719
104.287934,81.421025,22.866909,106.842585,83.888060,22.954525,2.908762,0.034811
