277.329611,270.479777,6.849834,214.477750,206.160142,8.317609,4.856175,0.000022
214.681978,206.364255,8.317722,214.413718,206.095961,8.317757,5.013036,0.000001
214.634692,206.316930,8.317762,214.310697,205.992934,8.317765,5.112187,0.000000
214.645617,206.327853,8.317766,214.423199,206.105435,8.317766,4.540052,0.000000
214.630759,206.312995,8.317766,214.428362,206.110597,8.317766,4.421254,0.000000
214.616816,206.299052,8.317766,214.403861,206.086097,8.317766,inf,0.000000
214.587793,206.270029,8.317766,214.382453,206.064688,8.317766,nan,0.000000
214.564730,206.246966,8.317766,214.247981,205.930217,8.317766,nan,0.000000
214.555510,206.237745,8.317766,214.216214,205.898450,8.317766,nan,0.000000
214.550112,206.232348,8.317766,214.265573,205.947809,8.317766,nan,0.000000
214.530672,206.212908,8.317766,214.170546,205.852782,8.317766,nan,0.000000
214.539167,206.221403,8.317766,214.197586,205.879821,8.317766,nan,0.000000
214.510826,206.193062,8.317766,214.286611,205.968846,8.317766,nan,0.000000
214.519752,206.201988,8.317766,214.413213,206.095449,8.317766,nan,0.000000
214.499624,206.181860,8.317766,214.319280,206.001516,8.317766,nan,0.000000
214.495047,206.177283,8.317766,214.158498,205.840734,8.317766,nan,0.000000
214.509986,206.192222,8.317766,214.297288,205.979524,8.317766,nan,0.000000
214.485739,206.167975,8.317766,214.198559,205.880794,8.317766,nan,0.000000
214.498286,206.180522,8.317766,214.220574,205.902810,8.317766,nan,0.000000
214.488527,206.170763,8.317766,214.190217,205.872453,8.317766,nan,0.000000
214.474015,206.156250,8.317766,214.249476,205.931712,8.317766,nan,0.000000
214.482087,206.164322,8.317766,214.233580,205.915816,8.317766,nan,0.000000
214.473077,206.155312,8.317766,214.246576,205.928811,8.317766,nan,0.000000
214.464106,206.146342,8.317766,214.255237,205.937472,8.317766,nan,0.000000
214.458093,206.140328,8.317766,214.282981,205.965217,8.317766,nan,0.000000
214.450404,206.132640,8.317766,214.314855,205.997091,8.317766,nan,0.000000
214.453935,206.136170,8.317766,214.187265,205.869501,8.317766,nan,0.000000
214.437197,206.119433,8.317766,214.191344,205.873580,8.317766,nan,0.000000
214.450645,206.132881,8.317766,214.164125,205.846361,8.317766,nan,0.000000
214.454099,206.136334,8.317766,214.225667,205.907902,8.317766,nan,0.000000
214.440912,206.123148,8.317766,214.105609,205.787845,8.317766,nan,0.000000
214.432091,206.114326,8.317766,214.117513,205.799748,8.317766,nan,0.000000
214.435226,206.117462,8.317766,214.229484,205.911720,8.317766,nan,0.000000
214.428027,206.110262,8.317766,214.143962,205.826198,8.317766,nan,0.000000
214.437941,206.120177,8.317766,214.197906,205.880142,8.317766,nan,0.000000
214.437381,206.119617,8.317766,214.255138,205.937374,8.317766,nan,0.000000
214.436842,206.119078,8.317766,214.240052,205.922287,8.317766,nan,0.000000
214.427472,206.109707,8.317766,214.144346,205.826581,8.317766,nan,0.000000
214.421437,206.103673,8.317766,214.221335,205.903571,8.317766,nan,0.000000
214.438166,206.120402,8.317766,214.199038,205.881274,8.317766,nan,0.000000
214.422357,206.104592,8.317766,214.161510,205.843745,8.317766,nan,0.000000
214.429591,206.111826,8.317766,214.132632,205.814868,8.317766,nan,0.000000
214.416186,206.098421,8.317766,214.152880,205.835116,8.317766,nan,0.000000
214.419509,206.101745,8.317766,214.280588,205.962824,8.317766,nan,0.000000
214.422210,206.104446,8.317766,214.198000,205.880235,8.317766,nan,0.000000
214.417270,206.099506,8.317766,214.130293,205.812528,8.317766,nan,0.000000
214.425016,206.107251,8.317766,214.170636,205.852872,8.317766,nan,0.000000
214.417036,206.099272,8.317766,214.224830,205.907066,8.317766,nan,0.000000
214.416146,206.098382,8.317766,214.226996,205.909231,8.317766,nan,0.000000
214.413803,206.096039,8.317766,214.159760,205.841996,8.317766,nan,0.000000
214.420742,206.102977,8.317766,214.167723,205.849959,8.317766,nan,0.000000
214.413064,206.095300,8.317766,214.150021,205.832257,8.317766,nan,0.000000
214.415283,206.097519,8.317766,214.159836,205.842072,8.317766,nan,0.000000
214.412310,206.094546,8.317766,214.186874,205.869110,8.317766,nan,0.000000
214.415862,206.098098,8.317766,214.218112,205.900348,8.317766,nan,0.000000
214.409712,206.091947,8.317766,214.168033,205.850268,8.317766,nan,0.000000
214.414202,206.096437,8.317766,214.178842,205.861078,8.317766,nan,0.000000
214.412770,206.095005,8.317766,214.144590,205.826826,8.317766,nan,0.000000
214.406787,206.089023,8.317766,214.211685,205.893921,8.317766,nan,0.000000
214.410221,206.092457,8.317766,214.234113,205.916348,8.317766,nan,0.000000
214.404256,206.086492,8.317766,214.211595,205.893831,8.317766,nan,0.000000
214.414535,206.096770,8.317766,214.195405,205.877641,8.317766,nan,0.000000
214.410889,206.093125,8.317766,214.176152,205.858388,8.317766,nan,0.000000
214.406369,206.088605,8.317766,214.162144,205.844380,8.317766,nan,0.000000
214.407518,206.089754,8.317766,214.156316,205.838552,8.317766,nan,0.000000
214.404980,206.087216,8.317766,214.133305,205.815541,8.317766,nan,0.000000
214.405527,206.087763,8.317766,214.169245,205.851481,8.317766,nan,0.000000
214.403351,206.085587,8.317766,214.136526,205.818761,8.317766,nan,0.000000
214.410266,206.092501,8.317766,214.150048,205.832284,8.317766,nan,0.000000
214.400002,206.082237,8.317766,214.145501,205.827737,8.317766,nan,0.000000
214.397338,206.079573,8.317766,214.224478,205.906713,8.317766,nan,0.000000
214.400929,206.083165,8.317766,214.146673,205.828909,8.317766,nan,0.000000
214.403101,206.085337,8.317766,214.178262,205.860497,8.317766,nan,0.000000
214.405817,206.088053,8.317766,214.173579,205.855815,8.317766,nan,0.000000
214.407068,206.089303,8.317766,214.152161,205.834397,8.317766,nan,0.000000
214.401743,206.083979,8.317766,214.187883,205.870119,8.317766,nan,0.000000
214.400648,206.082884,8.317766,214.172074,205.854310,8.317766,nan,0.000000
214.405514,206.087750,8.317766,214.174834,205.857070,8.317766,nan,0.000000
214.397783,206.080019,8.317766,214.164930,205.847165,8.317766,nan,0.000000
214.400977,206.083213,8.317766,214.161208,205.843444,8.317766,nan,0.000000
214.402075,206.084310,8.317766,214.196100,205.878335,8.317766,nan,0.000000
214.397993,206.080229,8.317766,214.139042,205.821278,8.317766,nan,0.000000
214.396487,206.078722,8.317766,214.121923,205.804159,8.317766,nan,0.000000
214.399294,206.081530,8.317766,214.143096,205.825331,8.317766,nan,0.000000
214.402461,206.084697,8.317766,214.188257,205.870492,8.317766,nan,0.000000
214.396954,206.079190,8.317766,214.207118,205.889354,8.317766,nan,0.000000
214.399263,206.081498,8.317766,214.188570,205.870805,8.317766,nan,0.000000
214.399508,206.081744,8.317766,214.144081,205.826317,8.317766,nan,0.000000
214.394916,206.077151,8.317766,214.135523,205.817759,8.317766,nan,0.000000
214.392729,206.074965,8.317766,214.157685,205.839921,8.317766,nan,0.000000
214.402455,206.084691,8.317766,214.132374,205.814610,8.317766,nan,0.000000
214.390769,206.073005,8.317766,214.174885,205.857120,8.317766,nan,0.000000
214.395754,206.077990,8.317766,214.151626,205.833862,8.317766,nan,0.000000
214.398239,206.080474,8.317766,214.126078,205.808314,8.317766,nan,0.000000
214.393067,206.075303,8.317766,214.128912,205.811148,8.317766,nan,0.000000
214.402248,206.084484,8.317766,214.189542,205.871778,8.317766,nan,0.000000
214.397135,206.079371,8.317766,214.124407,205.806642,8.317766,nan,0.000000
214.394730,206.076966,8.317766,214.162455,205.844690,8.317766,nan,0.000000
214.397925,206.080161,8.317766,214.128891,205.811127,8.317766,nan,0.000000
214.391563,206.073799,8.317766,214.122690,205.804925,8.317766,nan,0.000000
214.395722,206.077958,8.317766,214.139014,205.821250,8.317766,nan,0.000000
214.394499,206.076735,8.317766,214.157549,205.839785,8.317766,nan,0.000000
214.392932,206.075168,8.317766,214.157332,205.839568,8.317766,nan,0.000000
214.395932,206.078168,8.317766,214.152518,205.834754,8.317766,nan,0.000000
214.388097,206.070332,8.317766,214.154200,205.836436,8.317766,nan,0.000000
214.392978,206.075213,8.317766,214.179312,205.861548,8.317766,nan,0.000000
214.392427,206.074663,8.317766,214.136181,205.818417,8.317766,nan,0.000000
214.389456,206.071692,8.317766,214.132014,205.814250,8.317766,nan,0.000000
214.388859,206.071095,8.317766,214.147802,205.830038,8.317766,nan,0.000000
214.391228,206.073464,8.317766,214.159488,205.841723,8.317766,nan,0.000000
214.388897,206.071132,8.317766,214.211942,205.894178,8.317766,nan,0.000000
214.391584,206.073820,8.317766,214.143873,205.826109,8.317766,nan,0.000000
214.387173,206.069409,8.317766,214.100102,205.782338,8.317766,nan,0.000000
214.392331,206.074567,8.317766,214.172843,205.855079,8.317766,nan,0.000000
214.391186,206.073422,8.317766,214.163132,205.845368,8.317766,nan,0.000000
214.388159,206.070395,8.317766,214.159177,205.841413,8.317766,nan,0.000000
214.386653,206.068888,8.317766,214.162761,205.844997,8.317766,nan,0.000000
214.394512,206.076748,8.317766,214.144689,205.826925,8.317766,nan,0.000000
214.387090,206.069326,8.317766,214.134991,205.817227,8.317766,nan,0.000000
214.384167,206.066403,8.317766,214.176977,205.859213,8.317766,nan,0.000000
214.392454,206.074690,8.317766,214.155941,205.838177,8.317766,nan,0.000000
214.383360,206.065596,8.317766,214.163998,205.846234,8.317766,nan,0.000000
214.386272,206.068508,8.317766,214.113861,205.796097,8.317766,nan,0.000000
214.384663,206.066899,8.317766,214.136929,205.819165,8.317766,nan,0.000000
214.388109,206.070345,8.317766,214.130316,205.812552,8.317766,nan,0.000000
214.388428,206.070663,8.317766,214.136152,205.818388,8.317766,nan,0.000000
214.393361,206.075596,8.317766,214.176593,205.858829,8.317766,nan,0.000000
214.384058,206.066293,8.317766,214.228532,205.910768,8.317766,nan,0.000000
214.388982,206.071218,8.317766,214.151379,205.833614,8.317766,nan,0.000000
214.384010,206.066245,8.317766,214.168859,205.851094,8.317766,nan,0.000000
214.389327,206.071563,8.317766,214.223056,205.905291,8.317766,nan,0.000000
214.385219,206.067455,8.317766,214.134697,205.816933,8.317766,nan,0.000000
214.391274,206.073510,8.317766,214.123641,205.805877,8.317766,nan,0.000000
214.390948,206.073184,8.317766,214.161518,205.843754,8.317766,nan,0.000000
214.385547,206.067783,8.317766,214.183033,205.865269,8.317766,nan,0.000000
214.390801,206.073037,8.317766,214.184722,205.866958,8.317766,nan,0.000000
214.389416,206.071652,8.317766,214.170054,205.852290,8.317766,nan,0.000000
214.386604,206.068840,8.317766,214.166941,205.849177,8.317766,nan,0.000000
214.390695,206.072931,8.317766,214.155564,205.837800,8.317766,nan,0.000000
214.381993,206.064228,8.317766,214.155753,205.837988,8.317766,nan,0.000000
214.387101,206.069337,8.317766,214.138044,205.820279,8.317766,nan,0.000000
214.386787,206.069023,8.317766,214.117346,205.799582,8.317766,nan,0.000000
214.393462,206.075698,8.317766,214.134205,205.816441,8.317766,nan,0.000000
214.388128,206.070363,8.317766,214.187508,205.869744,8.317766,nan,0.000000
214.390244,206.072479,8.317766,214.168814,205.851049,8.317766,nan,0.000000
214.388201,206.070437,8.317766,214.113080,205.795315,8.317766,nan,0.000000
214.383059,206.065295,8.317766,214.127603,205.809839,8.317766,nan,0.000000
214.386579,206.068815,8.317766,214.183839,205.866074,8.317766,nan,0.000000
214.384376,206.066612,8.317766,214.201288,205.883524,8.317766,nan,0.000000
214.385236,206.067472,8.317766,214.146597,205.828833,8.317766,nan,0.000000
214.385939,206.068175,8.317766,214.126992,205.809228,8.317766,nan,0.000000
214.385357,206.067593,8.317766,214.165441,205.847677,8.317766,nan,0.000000
214.385115,206.067351,8.317766,214.163409,205.845644,8.317766,nan,0.000000
214.382495,206.064731,8.317766,214.137471,205.819707,8.317766,nan,0.000000
214.381000,206.063235,8.317766,214.159849,205.842085,8.317766,nan,0.000000
214.384737,206.066972,8.317766,214.166283,205.848519,8.317766,nan,0.000000
214.386144,206.068379,8.317766,214.200665,205.882901,8.317766,nan,0.000000
214.382509,206.064744,8.317766,214.137769,205.820005,8.317766,nan,0.000000
214.380439,206.062675,8.317766,214.124220,205.806456,8.317766,nan,0.000000
214.382918,206.065154,8.317766,214.118398,205.800633,8.317766,nan,0.000000
