204.345391,201.622587,2.722804,181.453343,176.403609,5.049734,3.906062,0.009092
168.675577,160.984280,7.691297,155.127209,145.304066,9.823143,3.250632,0.014586
149.861323,139.187821,10.673502,144.362534,133.059491,11.303043,3.563718,0.015112
141.900999,130.046276,11.854724,138.009516,125.569136,12.440380,3.283006,0.018705
136.409000,123.506016,12.902983,133.564953,120.272427,13.292527,3.408872,0.017323
132.590953,119.015263,13.575689,130.055498,116.125826,13.929671,3.457427,0.018113
129.634158,115.574620,14.059538,127.927455,113.624097,14.303359,3.536136,0.018211
127.431383,112.960136,14.471246,125.649951,110.966655,14.683296,3.611380,0.017543
125.555580,110.752538,14.803043,123.667204,108.606954,15.060250,3.577345,0.017525
123.945311,108.750280,15.195031,122.459633,107.137738,15.321895,3.519854,0.018407
122.534007,107.103807,15.430200,121.130580,105.492564,15.638016,3.600643,0.017191
121.214455,105.540551,15.673905,120.152194,104.388614,15.763580,3.431138,0.018825
120.122362,104.316159,15.806202,118.969425,103.026159,15.943266,3.628754,0.017495
119.214581,103.242473,15.972109,118.314398,102.302152,16.012247,3.614835,0.017876
118.272242,102.190925,16.081317,117.551496,101.432202,16.119294,3.748011,0.017272
117.547046,101.368228,16.178819,116.659912,100.376725,16.283187,3.565840,0.018900
116.696844,100.436308,16.260536,115.944340,99.558300,16.386040,3.558756,0.017540
115.954983,99.563251,16.391731,115.330503,98.907058,16.423445,3.683719,0.017301
115.325257,98.846326,16.478932,114.953421,98.256421,16.697001,3.671475,0.017280
114.657253,98.112189,16.545065,114.060454,97.538093,16.522361,3.856844,0.016300
113.990187,97.363367,16.626820,113.414124,96.745988,16.668136,3.575252,0.016845
113.393773,96.712578,16.681194,112.909316,96.240317,16.668998,3.501066,0.018260
112.901344,96.227312,16.674032,112.657057,95.963600,16.693457,3.546120,0.018121
112.273554,95.485812,16.787742,111.961085,95.118074,16.843011,3.512497,0.017634
111.785168,95.031574,16.753594,111.437977,94.677930,16.760047,3.632393,0.017127
111.345223,94.614640,16.730583,111.010461,94.230667,16.779794,3.676537,0.016753
110.865073,94.099219,16.765854,110.777224,94.026775,16.750449,3.554295,0.016981
110.383124,93.618119,16.765005,110.085738,93.364524,16.721214,3.538452,0.017170
109.866399,93.143973,16.722426,109.957950,93.138711,16.819240,3.500533,0.017389
109.508973,92.706023,16.802950,109.408383,92.627281,16.781102,3.589034,0.017529
109.154574,92.304604,16.849971,108.972595,91.981408,16.991187,3.652704,0.016176
108.683214,91.815135,16.868080,108.574501,91.694155,16.880346,3.674769,0.017136
108.313020,91.444541,16.868480,108.279064,91.464058,16.815006,3.666220,0.016404
107.999100,91.065614,16.933486,108.246403,91.265341,16.981063,3.424853,0.017672
107.686904,90.731878,16.955025,107.944486,91.000130,16.944356,3.599599,0.017413
107.394269,90.403637,16.990632,107.507371,90.521243,16.986129,3.518854,0.017644
107.093263,90.083096,17.010167,107.196075,90.237057,16.959019,3.624643,0.017144
106.832975,89.796523,17.036452,106.890915,89.816909,17.074006,3.598325,0.016918
106.531850,89.478471,17.053378,106.607896,89.551316,17.056580,3.540735,0.016399
106.303405,89.203490,17.099915,106.284231,89.135733,17.148498,3.567902,0.016434
106.089054,88.942466,17.146587,106.232653,89.128826,17.103827,3.680560,0.016059
105.842349,88.691829,17.150520,106.224721,89.181164,17.043557,3.535634,0.016971
105.631062,88.441687,17.189375,105.915177,88.723570,17.191608,3.722680,0.015586
105.500525,88.331816,17.168709,105.794221,88.656898,17.137324,3.628346,0.015668
105.300959,88.093495,17.207464,105.581751,88.384895,17.196855,3.553942,0.016834
105.104110,87.942374,17.161735,105.611723,88.472924,17.138799,3.697038,0.016308
104.945046,87.774479,17.170566,105.402447,88.235166,17.167281,3.605832,0.015976
104.798502,87.612467,17.186035,105.419202,88.327276,17.091925,3.527004,0.017776
104.658597,87.465837,17.192760,105.136168,88.039748,17.096420,3.576330,0.015564
104.511949,87.288334,17.223615,105.119108,87.853927,17.265181,3.706500,0.015833
104.246468,86.998210,17.248258,105.073088,87.863265,17.209823,3.668066,0.016942
104.242414,86.986117,17.256297,104.761950,87.589583,17.172367,3.671212,0.015652
104.079616,86.820928,17.258688,104.449395,87.222963,17.226432,3.741848,0.016083
103.934837,86.700459,17.234378,104.713363,87.420708,17.292655,3.430950,0.016624
103.829889,86.551897,17.277993,104.423248,87.183682,17.239566,3.611634,0.016930
103.747100,86.486951,17.260149,104.452158,87.178880,17.273278,3.656877,0.016706
103.595993,86.315175,17.280817,104.375126,87.133108,17.242018,3.689054,0.015369
103.477194,86.172637,17.304557,104.439360,87.120302,17.319058,3.499158,0.016983
103.403065,86.079493,17.323572,104.389255,86.957445,17.431810,3.355874,0.017489
103.289530,85.951972,17.337558,103.902580,86.610683,17.291897,3.650597,0.015687
103.133795,85.804858,17.328938,104.012557,86.651382,17.361175,3.599969,0.016606
103.071279,85.723856,17.347423,103.990477,86.675962,17.314514,3.708563,0.015750
102.971280,85.647641,17.323638,103.856072,86.515311,17.340761,3.554645,0.016794
102.886150,85.486603,17.399546,103.693077,86.330856,17.362221,3.623870,0.015976
102.786242,85.402044,17.384198,103.793867,86.473915,17.319952,3.701836,0.015729
102.699240,85.336143,17.363097,103.940535,86.618844,17.321692,3.563945,0.016574
102.642202,85.285184,17.357018,103.524178,86.190059,17.334119,3.572111,0.016496
102.558774,85.159881,17.398893,103.574402,86.208565,17.365837,3.627659,0.016718
102.439902,85.006851,17.433050,103.596959,86.088780,17.508179,3.706488,0.016061
102.438582,85.011127,17.427455,103.391621,85.976065,17.415555,3.676160,0.016083
102.264990,84.824168,17.440822,103.444742,85.976011,17.468730,3.595869,0.015775
102.253064,84.810901,17.442163,103.295017,85.941694,17.353323,3.697893,0.015257
102.159957,84.733581,17.426375,103.346226,85.915524,17.430702,3.539756,0.016845
102.047802,84.625309,17.422493,103.217873,85.799894,17.417979,3.674939,0.015513
102.015057,84.582390,17.432668,102.916265,85.506388,17.409876,3.729354,0.015560
101.916313,84.475067,17.441246,103.021562,85.595240,17.426323,3.638940,0.016969
101.931319,84.479266,17.452053,103.086323,85.596926,17.489397,3.585598,0.016404
101.743507,84.268689,17.474818,103.109743,85.597244,17.512498,3.466547,0.017561
101.713537,84.240012,17.473525,103.008352,85.652535,17.355817,3.644752,0.015207
101.629828,84.148793,17.481035,102.992600,85.574192,17.418407,3.538097,0.016184
101.620159,84.133106,17.487053,102.834922,85.472283,17.362639,3.765564,0.015783
101.547358,84.058731,17.488627,102.688560,85.242910,17.445650,3.623563,0.016311
101.452770,83.968752,17.484018,102.667295,85.056246,17.611049,3.566861,0.016516
101.448181,83.969381,17.478800,102.585658,85.100134,17.485524,3.528397,0.016859
101.408981,83.936493,17.472488,102.491210,85.019210,17.472001,3.800625,0.015495
101.288487,83.746910,17.541577,102.785470,85.313174,17.472296,3.667599,0.016295
101.326410,83.795074,17.531335,102.592290,85.075114,17.517176,3.696302,0.016783
101.228864,83.675656,17.553208,102.639498,85.046186,17.593311,3.761556,0.015859
101.175384,83.617862,17.557523,102.601639,85.046603,17.555036,3.508775,0.016657
101.166527,83.625177,17.541349,102.358113,84.852734,17.505378,3.622446,0.017025
101.133773,83.601826,17.531946,102.121336,84.560613,17.560722,3.585274,0.016684
101.104618,83.543443,17.561174,102.484633,84.945043,17.539590,3.634109,0.015649
100.987191,83.435692,17.551499,102.664991,85.203781,17.461210,3.703749,0.016067
100.972207,83.412954,17.559253,102.256754,84.767607,17.489147,3.668605,0.016544
100.884634,83.299411,17.585223,102.397238,84.804281,17.592957,3.717126,0.015789
100.888591,83.310641,17.577950,102.164802,84.622730,17.542072,3.527329,0.016577
100.759663,83.200998,17.558665,102.366520,84.865573,17.500948,3.715975,0.016574
100.771616,83.166870,17.604746,102.192575,84.627210,17.565365,3.648586,0.015799
100.779728,83.176035,17.603693,102.249059,84.660275,17.588784,3.606096,0.016345
100.716156,83.102373,17.613784,102.156868,84.470169,17.686698,3.568655,0.016321
100.637922,83.015204,17.622719,102.275273,84.805022,17.470251,3.722355,0.014737
100.627450,83.018302,17.609148,102.154465,84.508516,17.645949,3.634119,0.016205
100.553102,82.996698,17.556404,102.152407,84.573382,17.579024,3.636073,0.015380
100.528036,82.903870,17.624166,101.960446,84.365235,17.595211,3.638471,0.015747
100.497841,82.879587,17.618255,102.078056,84.536714,17.541342,3.802705,0.015418
100.418310,82.826381,17.591929,102.229105,84.748755,17.480351,3.630259,0.015632
100.410688,82.805527,17.605161,102.063693,84.417558,17.646135,3.686100,0.015067
100.420698,82.778957,17.641741,101.943508,84.360258,17.583250,3.841518,0.015194
100.339123,82.680285,17.658838,101.988149,84.381264,17.606885,3.609891,0.016541
100.322302,82.708959,17.613343,102.072936,84.478049,17.594887,3.636505,0.015758
100.275872,82.664311,17.611560,102.100336,84.459671,17.640665,3.534964,0.017460
100.188114,82.566142,17.621971,101.849778,84.250226,17.599551,3.658118,0.016452
100.151489,82.547516,17.603972,101.845883,84.246743,17.599140,3.706470,0.016037
100.183630,82.583527,17.600103,101.835717,84.264692,17.571025,3.483126,0.016597
100.122020,82.491274,17.630746,101.756908,84.147936,17.608972,3.520405,0.016270
100.107069,82.455130,17.651938,101.769887,84.150306,17.619581,3.541748,0.016932
100.082329,82.443020,17.639308,101.847504,84.242306,17.605197,3.575974,0.016601
100.033978,82.403899,17.630079,101.767317,84.142202,17.625115,3.791523,0.015990
100.037876,82.407876,17.630000,101.612953,84.081878,17.531075,3.993185,0.015200
99.989979,82.319719,17.670260,102.026475,84.438976,17.587498,3.548513,0.016226
99.993073,82.294046,17.699027,101.709421,84.071159,17.638262,3.524639,0.016136
99.921950,82.238128,17.683821,101.580915,83.881479,17.699435,3.667021,0.015852
99.855682,82.129029,17.726653,101.618783,83.989132,17.629651,3.463940,0.016927
99.859801,82.149498,17.710303,101.532821,83.837267,17.695554,3.633840,0.015447
99.820946,82.156097,17.664850,101.515902,83.887744,17.628158,3.524051,0.016034
99.807248,82.096717,17.710531,101.571462,83.820235,17.751226,3.608964,0.016201
99.713101,82.034783,17.678318,101.492939,83.837319,17.655620,3.812509,0.013783
99.800022,82.144777,17.655245,101.599872,83.926578,17.673294,3.626506,0.015820
99.756078,82.059940,17.696138,101.523321,83.878119,17.645202,3.707546,0.016335
99.655245,81.951123,17.704122,101.472827,83.814743,17.658083,3.544705,0.016205
99.657134,81.963095,17.694039,101.561182,83.936222,17.624961,3.583578,0.016740
99.639268,81.979912,17.659357,101.476820,83.840962,17.635857,3.789258,0.015150
99.617983,81.912954,17.705029,101.496585,83.788150,17.708435,3.761446,0.016154
99.611216,81.893909,17.717307,101.669521,84.134661,17.534860,3.755083,0.016287
99.608786,81.886085,17.722701,101.536597,83.857400,17.679197,3.657160,0.015487
99.559381,81.865307,17.694074,101.392456,83.777595,17.614861,3.637130,0.016593
99.551377,81.835650,17.715727,101.419763,83.749001,17.670762,3.694910,0.015610
99.554022,81.829922,17.724099,101.523829,83.829283,17.694546,3.631175,0.016092
99.495815,81.748256,17.747559,101.398592,83.722647,17.675946,3.787128,0.014656
99.487919,81.756538,17.731381,101.364075,83.680291,17.683784,3.711045,0.016202
99.512855,81.819747,17.693108,101.650770,84.027091,17.623679,3.583165,0.016349
99.463204,81.781675,17.681528,101.337272,83.646414,17.690858,3.666806,0.015918
99.410707,81.666005,17.744702,101.412225,83.646445,17.765780,3.615646,0.015888
99.371460,81.647282,17.724178,101.384977,83.630493,17.754484,3.768591,0.015810
99.385350,81.628921,17.756429,101.494191,83.792651,17.701539,3.744843,0.016049
99.405975,81.649600,17.756374,101.233242,83.503114,17.730128,3.674253,0.014627
99.324307,81.582004,17.742303,101.544360,83.858879,17.685481,3.535541,0.016501
99.313478,81.554044,17.759434,101.380042,83.740860,17.639182,3.602567,0.017426
99.292481,81.553638,17.738844,101.549472,83.841757,17.707715,3.791660,0.016031
99.271681,81.513146,17.758535,101.139140,83.447427,17.691713,3.740915,0.014553
99.234095,81.465735,17.768361,101.356664,83.589507,17.767157,3.489791,0.016355
99.266701,81.503863,17.762839,101.252696,83.569872,17.682824,3.539139,0.018139
99.253870,81.498466,17.755404,101.280682,83.616059,17.664623,3.812317,0.015010
99.246596,81.498586,17.748010,101.422690,83.631508,17.791181,3.607753,0.017387
99.197959,81.404653,17.793306,101.106544,83.339781,17.766764,3.557029,0.016225
99.170375,81.359005,17.811370,101.211039,83.421366,17.789674,3.567001,0.016561
99.127173,81.367934,17.759239,101.332569,83.726883,17.605686,3.672148,0.017482
99.119982,81.371421,17.748561,101.148908,83.366500,17.782407,3.638868,0.015460
99.038961,81.258587,17.780374,101.298046,83.664115,17.633930,3.882715,0.015155
99.101437,81.314807,17.786629,101.388022,83.706388,17.681633,3.571403,0.017221
