207.071528,199.814887,7.256641,187.081424,179.231592,7.849831,9.078786,0.013484
183.038527,175.299763,7.738764,175.637339,168.046405,7.590933,10.004472,0.019252
164.849482,157.771332,7.078151,155.143943,148.051005,7.092937,4.709140,0.032601
152.594370,145.502275,7.092094,149.137172,142.172414,6.964758,4.935368,0.034203
148.601683,141.599181,7.002502,146.483315,139.496001,6.987313,5.312986,0.037583
145.776907,138.765778,7.011129,144.398619,137.473476,6.925143,5.254935,0.034995
143.705221,136.768977,6.936244,142.145730,135.240906,6.904824,5.952469,0.030953
141.905373,134.982417,6.922956,140.734977,133.766579,6.968397,5.701412,0.037694
140.745579,133.822848,6.922731,139.561351,132.643157,6.918195,4.955434,0.039401
139.818644,132.887127,6.931517,138.702703,131.801050,6.901653,5.840725,0.036124
139.006305,132.059481,6.946824,138.058445,131.127698,6.930746,7.255958,0.031893
138.466837,131.542087,6.924750,137.766070,130.881121,6.884949,6.148070,0.042230
137.793289,130.888387,6.904902,136.928660,130.035329,6.893331,5.473465,0.042107
137.261067,130.376896,6.884171,136.090350,129.198083,6.892266,6.129342,0.032779
136.617584,129.725062,6.892522,136.189989,129.305602,6.884387,5.092039,0.038837
135.968716,129.091886,6.876830,135.655053,128.828779,6.826273,6.271075,0.035521
135.576598,128.711342,6.865256,134.825801,127.980260,6.845541,5.584116,0.044324
135.096750,128.224013,6.872737,134.624085,127.837374,6.786711,5.293392,0.041832
134.817704,127.944700,6.873004,134.325714,127.483689,6.842025,5.617676,0.035912
134.349155,127.485849,6.863307,133.631788,126.748506,6.883281,5.415574,0.041832
134.069086,127.198982,6.870103,133.455704,126.627341,6.828362,5.755842,0.039724
133.630508,126.754743,6.875764,133.465079,126.616335,6.848745,6.367882,0.039569
133.431774,126.566109,6.865666,133.378494,126.561783,6.816711,5.267069,0.041096
133.190695,126.343371,6.847324,133.035750,126.218885,6.816865,5.980898,0.039435
132.957364,126.097638,6.859727,132.435614,125.522451,6.913162,5.784923,0.040167
132.773743,125.890312,6.883431,132.433767,125.579146,6.854621,5.886070,0.038909
132.586729,125.720063,6.866666,132.472154,125.637327,6.834827,5.365190,0.041147
132.490452,125.626523,6.863929,131.850861,124.953229,6.897633,5.926550,0.036064
132.129215,125.252284,6.876931,132.109453,125.274056,6.835397,6.180198,0.037219
132.125472,125.276026,6.849446,132.168351,125.381067,6.787284,5.300330,0.040433
131.898298,125.050013,6.848285,131.481941,124.642735,6.839207,5.875683,0.039807
131.615517,124.776795,6.838722,131.248235,124.424421,6.823815,5.470485,0.041403
131.487274,124.643490,6.843783,130.850042,124.023818,6.826225,5.689476,0.039006
131.254200,124.392154,6.862045,131.252160,124.419604,6.832556,6.169651,0.037942
131.235105,124.381339,6.853766,131.150469,124.284016,6.866454,5.725160,0.038384
130.899509,124.027721,6.871789,130.812586,123.980551,6.832035,6.225311,0.040036
130.829184,123.977469,6.851715,130.927910,124.088972,6.838937,5.711634,0.038423
130.654078,123.787650,6.866428,130.688432,123.845143,6.843289,6.831682,0.037281
130.526670,123.660578,6.866092,130.900494,124.075981,6.824513,5.679183,0.038077
130.441217,123.583420,6.857797,130.237593,123.388648,6.848946,6.383380,0.039738
130.283385,123.407359,6.876026,130.345691,123.500258,6.845433,5.709826,0.042306
130.258020,123.387545,6.870474,130.410628,123.584838,6.825789,5.980250,0.036404
130.314731,123.447922,6.866809,130.527551,123.666184,6.861366,5.671376,0.042958
130.044095,123.156850,6.887245,130.139552,123.292044,6.847508,5.493581,0.044023
129.921627,123.042711,6.878915,130.096207,123.266375,6.829832,6.277989,0.042862
129.962149,123.085780,6.876369,129.723349,122.872042,6.851307,6.160595,0.039737
129.728940,122.848978,6.879962,129.508796,122.657055,6.851740,6.585267,0.037685
129.639740,122.766031,6.873709,129.891031,123.046825,6.844206,6.664767,0.035590
129.628951,122.739876,6.889075,129.736453,122.845347,6.891106,5.680502,0.043988
129.561848,122.669228,6.892621,130.006731,123.151267,6.855464,5.553308,0.039394
129.496094,122.616858,6.879236,129.435181,122.566785,6.868396,5.970780,0.041621
129.310626,122.427169,6.883457,129.739898,122.890764,6.849135,5.470407,0.044985
129.328990,122.447706,6.881285,129.598211,122.728443,6.869768,5.546636,0.041319
129.287693,122.405209,6.882484,129.565411,122.737220,6.828191,5.298939,0.041211
129.266691,122.368787,6.897905,129.524911,122.662382,6.862528,5.616126,0.039922
129.126429,122.231857,6.894572,129.636523,122.789620,6.846905,6.069025,0.044390
129.066662,122.174904,6.891758,129.406058,122.560576,6.845481,5.216399,0.045649
129.087204,122.209838,6.877366,128.832433,121.938458,6.893976,6.219506,0.043044
128.942814,122.069617,6.873196,129.415268,122.569334,6.845934,5.644457,0.043012
129.015291,122.145916,6.869375,129.445318,122.586482,6.858836,5.982540,0.039656
128.880540,121.985382,6.895158,129.383008,122.539915,6.843094,6.171291,0.041409
128.855436,121.955420,6.900016,129.139205,122.270180,6.869024,6.983159,0.034996
128.795497,121.891606,6.903892,129.197138,122.319752,6.877387,5.770837,0.044978
128.741815,121.849398,6.892417,129.195872,122.330249,6.865623,6.393130,0.038203
128.722203,121.822683,6.899520,129.040343,122.180956,6.859387,6.308795,0.039879
128.688885,121.801191,6.887694,129.013500,122.149625,6.863874,6.455902,0.039375
128.700050,121.795657,6.904393,129.177994,122.323020,6.854974,5.859396,0.043110
128.521836,121.611874,6.909962,128.898829,122.038396,6.860433,5.712775,0.040268
128.526229,121.608553,6.917676,128.665957,121.799714,6.866244,6.048934,0.034380
128.476493,121.580608,6.895885,129.318418,122.459241,6.859177,6.379444,0.040988
128.553440,121.655685,6.897756,129.014157,122.169031,6.845126,6.167994,0.042273
128.550671,121.657684,6.892986,128.908393,122.031483,6.876909,6.519312,0.036797
128.406790,121.503284,6.903507,129.190778,122.328283,6.862495,6.402997,0.041147
128.389720,121.477614,6.912106,128.825409,121.944011,6.881397,6.052947,0.042449
128.211248,121.282074,6.929173,129.008794,122.136600,6.872194,6.126791,0.038446
128.303225,121.397555,6.905671,128.993163,122.107088,6.886075,5.555189,0.040843
128.220947,121.307468,6.913479,129.171054,122.324489,6.846566,6.001665,0.044830
128.309003,121.403868,6.905135,128.947436,122.083307,6.864128,4.830820,0.046842
128.224976,121.307568,6.917408,128.993095,122.113949,6.879147,6.760767,0.036781
128.265945,121.371868,6.894077,129.076205,122.200737,6.875468,6.190102,0.047324
128.185640,121.273985,6.911655,128.878249,121.973809,6.904441,5.991951,0.045318
128.183688,121.275072,6.908617,128.846765,121.933709,6.913056,5.391109,0.043292
128.052530,121.123398,6.929132,128.750042,121.879848,6.870194,5.788132,0.044418
128.022935,121.100188,6.922747,128.518050,121.635126,6.882924,5.950189,0.043154
128.031563,121.115410,6.916153,128.939789,122.100688,6.839101,5.647013,0.040115
128.016132,121.091427,6.924705,128.734848,121.811289,6.923559,6.458539,0.040974
127.993366,121.064321,6.929045,128.741566,121.844857,6.896709,5.708545,0.039674
127.918247,120.999735,6.918512,128.471675,121.597262,6.874412,6.481287,0.038026
127.851891,120.937683,6.914208,128.729863,121.860506,6.869357,5.859021,0.042809
128.037733,121.131027,6.906705,128.597365,121.706759,6.890606,6.874988,0.033836
127.892089,120.968138,6.923951,128.759743,121.856542,6.903200,6.029807,0.040943
127.836934,120.913016,6.923917,129.074153,122.207946,6.866208,5.577277,0.044938
128.017884,121.108820,6.909064,128.515274,121.625109,6.890165,5.589450,0.040504
127.826321,120.895096,6.931226,128.473489,121.579012,6.894478,5.961139,0.042325
127.722890,120.788200,6.934689,128.382021,121.495818,6.886204,5.315219,0.045693
127.692577,120.765177,6.927400,128.446244,121.530680,6.915565,5.165997,0.038073
127.646138,120.707435,6.938703,128.609052,121.724130,6.884922,6.242674,0.043478
127.493861,120.542248,6.951613,128.661252,121.778826,6.882426,6.741469,0.041656
127.538146,120.594145,6.944001,128.162348,121.227467,6.934881,5.765847,0.039102
127.482469,120.543810,6.938659,128.342021,121.417925,6.924096,5.321014,0.042262
127.572447,120.642510,6.929937,128.489147,121.634582,6.854564,6.355763,0.037540
127.613806,120.671657,6.942149,128.558424,121.671399,6.887025,5.851141,0.041802
127.589823,120.668900,6.920924,128.334075,121.443228,6.890847,5.994486,0.043428
127.468926,120.537387,6.931538,128.197471,121.288362,6.909109,6.193823,0.039392
127.498484,120.570337,6.928147,128.200596,121.304815,6.895781,5.613774,0.039904
127.484471,120.550616,6.933855,128.450346,121.553462,6.896885,6.119863,0.038961
127.429597,120.492266,6.937331,128.296120,121.400186,6.895933,5.767188,0.047335
127.318535,120.371403,6.947132,128.249732,121.354720,6.895012,6.229179,0.038515
127.453662,120.515866,6.937796,128.511457,121.620523,6.890935,6.922385,0.037104
127.384418,120.448059,6.936358,128.559371,121.686611,6.872760,6.313064,0.042293
127.554768,120.629785,6.924983,128.685095,121.773161,6.911935,6.073445,0.040411
127.527447,120.584176,6.943271,128.067822,121.156745,6.911077,5.961139,0.042347
127.324459,120.391711,6.932748,128.791560,121.916432,6.875127,5.858429,0.045441
127.483762,120.544324,6.939438,128.699590,121.811030,6.888559,5.621430,0.045033
127.330981,120.379074,6.951908,128.772727,121.899316,6.873411,5.923614,0.044816
127.457325,120.519941,6.937385,129.142543,122.217483,6.925061,6.348764,0.047651
127.331452,120.371545,6.959907,128.660508,121.752507,6.908001,5.707587,0.043019
127.385080,120.448291,6.936790,128.431702,121.528058,6.903644,6.093112,0.041039
127.275308,120.314998,6.960310,128.670437,121.756408,6.914029,5.876190,0.042331
127.325934,120.355273,6.970661,128.580795,121.663500,6.917295,5.895524,0.044826
127.243500,120.288533,6.954967,128.134289,121.213546,6.920743,5.500161,0.040992
127.201639,120.257573,6.944066,128.606158,121.697323,6.908835,5.344395,0.047305
127.423924,120.476666,6.947257,128.258137,121.329642,6.928495,6.085447,0.045213
127.245535,120.298655,6.946880,128.431078,121.548421,6.882657,6.223487,0.040466
127.288039,120.337575,6.950464,128.497320,121.588421,6.908899,5.623834,0.041020
127.168184,120.201779,6.966405,128.424424,121.515875,6.908549,5.342276,0.046408
127.209618,120.238195,6.971423,128.477651,121.555159,6.922491,5.895251,0.045057
127.228308,120.246601,6.981707,128.431649,121.508888,6.922760,5.323001,0.042112
127.354035,120.400113,6.953922,128.490224,121.559220,6.931003,6.057840,0.042509
127.096749,120.138916,6.957833,128.848004,121.934897,6.913107,6.160719,0.042869
127.168028,120.210611,6.957417,128.660545,121.762397,6.898148,5.872235,0.038186
127.196472,120.256981,6.939491,128.847948,121.962352,6.885597,6.017650,0.042732
127.231340,120.267495,6.963845,128.611373,121.683316,6.928056,5.751814,0.044258
127.175382,120.217812,6.957570,128.907428,122.004459,6.902968,6.311767,0.037237
127.176343,120.220168,6.956175,128.793334,121.876989,6.916345,5.778007,0.040538
127.230165,120.269481,6.960684,128.792211,121.877309,6.914902,5.903125,0.040339
127.076499,120.108954,6.967545,128.754401,121.857140,6.897261,6.811788,0.040252
127.157662,120.192558,6.965104,128.367458,121.445181,6.922277,5.977242,0.038589
126.952977,119.991587,6.961390,128.158949,121.232393,6.926555,5.402022,0.044375
127.065648,120.082183,6.983466,128.448785,121.483503,6.965282,5.867404,0.042287
127.097327,120.133042,6.964285,128.864734,121.969584,6.895151,5.855792,0.044357
127.197159,120.220389,6.976770,128.429940,121.500854,6.929086,6.670682,0.040545
126.998911,120.012992,6.985919,128.381748,121.483179,6.898569,5.079654,0.048397
127.156319,120.195609,6.960710,128.962492,122.041375,6.921116,5.784812,0.040973
127.078463,120.121317,6.957145,128.390252,121.473036,6.917216,6.249779,0.036837
127.033166,120.064075,6.969091,128.664297,121.744457,6.919840,5.850865,0.044701
127.043377,120.063143,6.980234,128.836950,121.930853,6.906098,5.749146,0.038997
126.957937,119.994819,6.963117,128.518360,121.594485,6.923875,5.093974,0.046267
126.961912,119.984884,6.977028,128.546903,121.641787,6.905117,6.606071,0.037096
127.066031,120.090654,6.975377,128.772696,121.870763,6.901933,6.621696,0.036756
127.079189,120.106524,6.972665,128.658462,121.745370,6.913092,6.388876,0.037701
127.056305,120.082562,6.973743,128.841092,121.928076,6.913015,6.816529,0.038129
127.073345,120.111640,6.961705,128.623095,121.715938,6.907157,5.513223,0.045467
127.083975,120.126646,6.957329,128.432455,121.515772,6.916683,6.412574,0.039326
126.920167,119.955172,6.964995,128.679359,121.764941,6.914418,6.560808,0.043392
126.981724,120.016698,6.965026,129.045440,122.152303,6.893137,5.824993,0.048638
126.985215,120.003504,6.981710,129.076198,122.156548,6.919649,6.031285,0.040409
127.004513,120.028205,6.976308,128.344378,121.418048,6.926330,6.319290,0.036818
127.068033,120.085926,6.982107,128.793592,121.854418,6.939174,5.690742,0.046973
126.996782,120.015786,6.980997,128.765257,121.861397,6.903860,6.267697,0.045881
