244.237713,240.061184,4.176528,193.669460,189.071827,4.597631,3.915842,0.008199
186.152110,179.004916,7.147194,175.787444,165.654223,10.133220,3.025884,0.015616
165.745615,151.783120,13.962495,155.553900,138.140160,17.413739,2.269269,0.025371
151.829257,133.490113,18.339144,146.916188,127.162410,19.753778,2.562127,0.025256
144.561371,124.164003,20.397367,140.627121,119.505350,21.121772,2.527194,0.027726
139.487344,117.203557,22.283787,136.121911,112.661296,23.460614,2.579267,0.031816
135.320422,111.394353,23.926068,132.655722,107.973628,24.682093,2.702270,0.029249
132.547533,107.552940,24.994593,130.178711,104.542968,25.635743,2.718703,0.029318
130.306476,104.704087,25.602388,128.611868,102.670602,25.941267,2.524367,0.032512
128.562994,102.420924,26.142071,126.868531,100.480887,26.387644,2.806964,0.031249
127.156643,100.683882,26.472761,125.639604,98.932097,26.707507,2.891454,0.029340
125.992964,99.269037,26.723927,124.792352,97.917698,26.874654,2.751313,0.031429
124.882708,97.964929,26.917779,124.195719,97.037915,27.157803,2.708884,0.031966
124.067750,96.896611,27.171139,123.233549,96.020409,27.213141,2.707140,0.031787
123.229357,96.006090,27.223267,122.612967,95.135361,27.477607,2.744352,0.031322
122.510593,95.189047,27.321545,121.738272,94.511755,27.226517,2.787999,0.031341
121.938765,94.500813,27.437952,121.153151,93.722908,27.430243,2.952757,0.030472
121.222239,93.721912,27.500327,120.703535,93.011738,27.691797,2.876335,0.031593
120.718252,93.138138,27.580114,120.492402,93.106938,27.385463,2.736007,0.033408
120.227609,92.580847,27.646763,119.375903,91.744718,27.631185,2.850463,0.029778
119.589125,91.988234,27.600891,119.478975,92.053009,27.425966,2.719280,0.033111
119.150202,91.519575,27.630626,118.860599,91.208455,27.652144,2.928035,0.029894
118.686748,91.011865,27.674883,118.369391,90.755211,27.614181,2.803547,0.031271
118.326786,90.700529,27.626257,118.103013,90.350106,27.752906,2.842650,0.030147
117.892805,90.272393,27.620413,117.727278,90.021882,27.705395,2.927837,0.030901
117.440222,89.794580,27.645642,117.523178,89.899314,27.623863,2.848982,0.030836
117.160516,89.536516,27.624000,116.859623,89.404821,27.454802,3.063335,0.028777
116.792889,89.134180,27.658709,116.888726,89.220141,27.668584,3.004270,0.029979
116.420989,88.810808,27.610180,116.310597,88.835107,27.475491,2.959745,0.028602
116.126052,88.557275,27.568777,115.916514,88.579907,27.336608,2.916492,0.030177
115.780911,88.207876,27.573035,115.814114,88.415703,27.398411,2.787747,0.031645
115.442222,87.940971,27.501251,115.414800,87.933130,27.481670,2.855388,0.032018
115.106482,87.664693,27.441790,115.256900,87.972526,27.284374,3.007137,0.028977
114.818726,87.382661,27.436065,114.969466,87.718435,27.251032,2.945026,0.029779
114.628866,87.220874,27.407992,114.485717,87.130836,27.354882,3.139811,0.027720
114.266780,86.950165,27.316616,114.400183,87.284772,27.115410,3.119438,0.026085
113.974831,86.691662,27.283170,114.064724,86.893195,27.171529,2.960753,0.028947
113.705122,86.467956,27.237166,113.763774,87.050676,26.713097,3.021686,0.028236
113.459763,86.358193,27.101571,113.667135,86.523870,27.143265,3.017498,0.027478
113.170512,86.097683,27.072829,113.616154,86.698288,26.917866,3.028673,0.028869
112.971483,85.896199,27.075283,113.316161,86.298098,27.018063,2.963798,0.028176
112.623066,85.624761,26.998305,113.006352,86.217630,26.788722,2.972138,0.029640
112.324150,85.470989,26.853160,112.913616,86.128079,26.785536,2.898675,0.031317
112.234386,85.409782,26.824605,112.541036,85.863663,26.677373,2.913629,0.028653
111.960469,85.180833,26.779636,112.313823,85.787654,26.526168,3.003102,0.028534
111.688787,84.964439,26.724348,111.934366,85.236728,26.697639,3.075947,0.027825
111.483666,84.777746,26.705920,111.914645,85.540484,26.374160,2.931333,0.028984
111.227138,84.612924,26.614214,111.759642,85.195520,26.564122,3.059922,0.028477
111.044521,84.506763,26.537758,111.636462,85.089025,26.547437,2.931772,0.029095
110.755233,84.292545,26.462688,111.281854,84.843803,26.438051,3.016998,0.027775
110.614595,84.142662,26.471933,111.027773,84.645430,26.382344,3.039134,0.027627
110.344141,83.938791,26.405350,111.271591,84.843734,26.427856,2.895849,0.029253
110.143121,83.812114,26.331007,110.532808,84.330852,26.201957,3.074859,0.027265
109.916571,83.667296,26.249274,110.516563,84.552841,25.963722,2.957727,0.028050
109.689941,83.530295,26.159646,110.364909,84.136164,26.228745,2.882563,0.029393
109.471465,83.344290,26.127175,110.045507,84.306698,25.738809,2.956400,0.028797
109.371256,83.290378,26.080878,110.019924,83.980556,26.039368,3.059752,0.026788
109.126887,83.097220,26.029667,109.642941,83.733029,25.909912,3.037119,0.027115
108.974564,82.983965,25.990599,109.159266,83.433165,25.726101,3.127361,0.025947
108.719737,82.818248,25.901489,109.372177,83.469325,25.902852,3.009207,0.027217
108.531993,82.690042,25.841951,109.364933,83.737219,25.627713,2.981874,0.028880
108.348943,82.564397,25.784546,108.885374,83.374185,25.511189,3.176507,0.026228
108.140301,82.411566,25.728735,108.749288,83.241468,25.507819,3.120082,0.025836
107.987036,82.299241,25.687795,108.481514,83.039305,25.442209,2.947539,0.028060
107.819507,82.141650,25.677857,108.692606,83.102490,25.590116,2.985444,0.026922
107.758122,82.108178,25.649944,108.535587,83.096457,25.439131,3.078147,0.024892
107.504849,81.944683,25.560166,108.402390,82.998672,25.403718,3.010022,0.026011
107.351313,81.861615,25.489699,108.168469,82.832002,25.336467,3.271942,0.023893
107.130782,81.726769,25.404014,107.705154,82.617324,25.087831,3.207226,0.024817
107.072294,81.703185,25.369109,108.110537,82.902748,25.207790,3.003512,0.027450
106.865426,81.465851,25.399575,107.829304,82.650304,25.179000,3.170438,0.023503
106.749933,81.379169,25.370764,107.489042,82.265533,25.223509,2.997568,0.025698
106.614886,81.250999,25.363887,107.415944,82.287182,25.128762,3.082929,0.025244
106.468391,81.174362,25.294029,107.276534,82.211733,25.064802,3.259704,0.025069
106.314607,81.084315,25.230292,107.236665,82.388063,24.848602,3.132076,0.023625
106.231299,80.989755,25.241545,106.966710,81.903148,25.063563,3.252150,0.024375
106.109519,80.938846,25.170673,106.740706,81.703612,25.037094,3.202022,0.024459
105.985030,80.818259,25.166771,106.885648,81.824534,25.061114,3.199239,0.026920
105.865809,80.753078,25.112731,106.519171,81.577799,24.941372,3.090603,0.025181
105.782006,80.623466,25.158540,106.753973,81.680726,25.073247,3.195402,0.024277
105.676117,80.571607,25.104510,106.479700,81.524251,24.955449,3.027317,0.027971
105.509963,80.426199,25.083765,106.244924,81.425684,24.819240,3.191661,0.024479
105.450142,80.386449,25.063694,106.200472,81.409347,24.791125,3.228036,0.023668
105.338720,80.313060,25.025659,106.106031,81.234807,24.871225,3.151398,0.026469
105.203370,80.188584,25.014786,106.245414,81.413521,24.831894,3.087704,0.025314
105.125881,80.164385,24.961495,106.169507,81.363179,24.806328,3.184387,0.026383
105.081552,80.091449,24.990103,105.921534,81.146352,24.775182,3.235282,0.024482
104.868470,79.961756,24.906714,105.826749,80.962401,24.864348,3.129828,0.025541
104.863779,79.955270,24.908509,105.643750,80.964240,24.679510,3.147623,0.021882
104.699749,79.741569,24.958180,105.495484,80.733157,24.762327,3.302677,0.023139
104.631978,79.757089,24.874889,105.496743,80.881961,24.614782,2.993456,0.025203
104.580903,79.703360,24.877543,105.622054,80.987460,24.634594,3.105447,0.026386
104.501427,79.658291,24.843136,105.663824,80.939403,24.724420,3.073222,0.027003
104.458487,79.595021,24.863466,105.528499,80.682270,24.846229,3.162755,0.024830
104.331054,79.522647,24.808407,105.356853,80.804051,24.552802,3.114450,0.026098
104.364903,79.477363,24.887540,105.455106,80.665329,24.789777,3.051491,0.025751
104.163537,79.356710,24.806827,105.287309,80.694030,24.593278,3.218809,0.022840
104.025510,79.255387,24.770123,105.035433,80.496098,24.539335,3.122177,0.026776
104.017245,79.287526,24.729720,105.046890,80.424122,24.622768,3.119154,0.025581
103.972187,79.187811,24.784376,105.141726,80.565851,24.575876,3.122390,0.026244
103.856843,79.089207,24.767635,105.187293,80.499007,24.688286,3.253597,0.023340
103.831626,79.076267,24.755359,105.103232,80.631482,24.471749,3.183529,0.025714
103.729781,79.008392,24.721389,104.894728,80.391904,24.502825,3.207487,0.026911
103.664574,78.964976,24.699598,104.862545,80.314179,24.548366,3.108268,0.024856
103.656980,78.915724,24.741256,104.669758,80.140098,24.529660,3.143484,0.024023
103.558370,78.843934,24.714436,104.640057,80.140104,24.499953,3.164356,0.024687
103.467020,78.764474,24.702546,104.905447,80.297740,24.607707,3.197406,0.024857
103.463791,78.784495,24.679297,104.722581,80.041031,24.681550,3.157319,0.023111
103.387709,78.646141,24.741568,104.489834,79.967124,24.522710,3.142889,0.025278
103.300780,78.579197,24.721583,104.593208,80.156056,24.437152,3.240995,0.022790
103.242408,78.547474,24.694934,104.716145,80.005986,24.710158,3.079639,0.025117
103.251957,78.523778,24.728179,104.505051,79.941070,24.563981,3.185063,0.024886
103.186301,78.494988,24.691314,104.332511,79.805626,24.526885,3.109701,0.024200
103.072632,78.389527,24.683104,104.111210,79.726168,24.385043,3.125167,0.025129
103.017836,78.377612,24.640224,104.202222,79.747993,24.454229,3.429088,0.024724
102.948240,78.326818,24.621422,104.322134,79.810378,24.511756,3.045890,0.025785
102.898433,78.240958,24.657475,104.270364,79.916624,24.353739,3.283936,0.025771
102.861735,78.241673,24.620062,104.364325,79.975771,24.388554,3.088472,0.025536
102.814484,78.195947,24.618537,104.113372,79.647977,24.465395,3.137665,0.024861
102.836371,78.220829,24.615542,104.298964,79.778236,24.520728,3.102308,0.026060
102.671626,78.059962,24.611664,104.236085,79.733087,24.502998,3.241400,0.024094
102.727231,78.078588,24.648643,103.925429,79.521729,24.403701,3.275584,0.023911
102.685812,78.005218,24.680594,104.046230,79.534816,24.511414,3.272060,0.023920
102.613254,78.027842,24.585412,104.046290,79.688278,24.358012,3.240020,0.024561
102.577806,77.952076,24.625729,104.189577,79.640242,24.549335,3.300809,0.023063
102.552603,77.879257,24.673346,103.967779,79.360927,24.606852,3.189626,0.024267
102.494446,77.848047,24.646399,103.990512,79.529966,24.460545,3.049964,0.026547
102.407642,77.799981,24.607661,103.906171,79.493803,24.412368,3.256357,0.022702
102.360761,77.733125,24.627636,103.723848,79.378048,24.345800,3.250970,0.025806
102.434465,77.791842,24.642622,104.014866,79.515961,24.498905,3.260622,0.023287
102.347227,77.671929,24.675298,103.903706,79.207626,24.696079,3.319016,0.025024
102.244629,77.610736,24.633893,103.505218,79.005046,24.500172,3.201200,0.023875
102.304416,77.637685,24.666731,103.710456,79.314213,24.396242,3.163748,0.024943
102.220888,77.597215,24.623673,103.799600,79.310455,24.489144,3.362917,0.022539
102.121351,77.512477,24.608875,103.611924,79.116784,24.495139,3.349516,0.021968
102.123810,77.501622,24.622188,103.661591,79.238823,24.422768,3.196695,0.025087
102.140525,77.473967,24.666559,103.549502,79.067010,24.482493,3.160207,0.023445
102.085822,77.448666,24.637156,103.652180,79.228638,24.423542,3.097597,0.023545
102.071651,77.455228,24.616424,103.495285,78.937356,24.557928,3.276464,0.023130
102.048463,77.408005,24.640458,103.663509,79.117110,24.546399,3.238588,0.023709
102.002818,77.323161,24.679657,103.673209,79.094338,24.578871,3.046598,0.025656
101.974080,77.335424,24.638656,103.565485,79.195990,24.369495,3.245472,0.023298
101.929000,77.347726,24.581274,103.552783,79.057143,24.495640,3.076911,0.024152
101.920181,77.293713,24.626468,103.609970,79.127783,24.482187,3.085326,0.024005
101.881256,77.286990,24.594265,103.535183,78.963225,24.571958,3.389715,0.023613
101.882811,77.199667,24.683145,103.386703,78.979730,24.406973,3.257399,0.023072
101.769770,77.158314,24.611456,103.677245,78.961497,24.715748,3.207837,0.022695
101.809176,77.151819,24.657357,103.457934,78.960190,24.497744,3.152059,0.024355
101.756082,77.137698,24.618385,103.607196,79.094224,24.512971,3.260422,0.024276
101.766233,77.110660,24.655573,103.534107,78.852312,24.681795,3.202378,0.023731
101.706062,77.037609,24.668453,103.383305,78.880864,24.502441,3.064685,0.026423
101.670344,77.028535,24.641809,103.298044,78.862646,24.435399,3.212318,0.023976
101.614537,77.015137,24.599400,103.390120,79.000270,24.389850,3.336651,0.026882
101.655720,76.999856,24.655865,103.390307,79.022216,24.368091,3.160433,0.024362
101.557950,76.968907,24.589044,103.135666,78.801848,24.333818,3.116324,0.026382
101.628345,76.964895,24.663450,103.242555,78.744426,24.498129,3.219427,0.025027
101.600732,76.913023,24.687709,103.302883,78.771036,24.531848,3.130224,0.024760
101.519916,76.894311,24.625605,103.361162,78.858129,24.503032,3.124446,0.023907
101.569551,76.892692,24.676860,103.192374,78.581191,24.611183,3.316686,0.024804
101.491899,76.826587,24.665312,103.211065,78.778230,24.432835,3.292632,0.023563
