206.814750,204.051629,2.763121,188.266031,184.228582,4.037450,4.846486,0.006453
176.371736,169.706805,6.664932,164.731444,156.068156,8.663288,3.650434,0.010310
156.421255,146.195577,10.225678,149.967695,138.928469,11.039227,3.689194,0.013171
146.692145,135.041210,11.650935,142.438749,130.243927,12.194821,3.892033,0.014498
140.475034,127.856058,12.618975,137.229079,124.021963,13.207117,3.931162,0.014330
136.228731,122.865764,13.362967,133.878578,120.221236,13.657343,4.177310,0.013543
133.096479,119.315006,13.781472,130.816512,116.895640,13.920872,4.083905,0.014584
130.311871,116.207810,14.104061,128.022345,113.716657,14.305688,4.027536,0.015323
128.043002,113.662074,14.380929,126.587098,112.075678,14.511420,3.989368,0.015155
126.178065,111.602610,14.575454,124.830767,110.162897,14.667870,3.911801,0.015701
124.548825,109.818221,14.730603,123.194455,108.302720,14.891735,3.943386,0.016242
123.237042,108.379202,14.857841,122.117343,107.159922,14.957421,4.209268,0.014399
122.138140,107.208304,14.929836,121.064238,106.161828,14.902409,4.200924,0.015753
121.009075,106.020233,14.988841,119.854558,104.883774,14.970785,4.181259,0.015572
120.064375,105.027153,15.037223,118.874739,103.898794,14.975944,4.173184,0.015687
119.104720,104.061504,15.043216,118.252958,103.232791,15.020167,4.164542,0.014717
118.395171,103.284213,15.110958,117.530182,102.484446,15.045736,4.009250,0.015727
117.609596,102.515374,15.094222,116.621536,101.505406,15.116129,4.116669,0.015635
116.876160,101.702883,15.173276,116.185173,100.958865,15.226309,4.254430,0.014816
116.229080,101.045650,15.183430,115.519748,100.264356,15.255391,4.077953,0.015750
115.538556,100.303600,15.234956,115.112284,99.859253,15.253032,4.221813,0.015379
114.962436,99.729045,15.233391,114.376969,99.054253,15.322716,3.985414,0.015150
114.360815,99.064818,15.295997,113.755173,98.438338,15.316835,4.107894,0.016125
113.800520,98.451570,15.348949,113.376215,98.036367,15.339848,4.161419,0.015592
113.230706,97.825994,15.404712,112.682477,97.318802,15.363675,4.142417,0.015349
112.648388,97.256491,15.391897,112.113296,96.656945,15.456351,4.288703,0.015052
112.313700,96.828598,15.485103,111.827151,96.422279,15.404872,4.371436,0.015422
111.821990,96.338956,15.483034,111.608646,96.102569,15.506077,4.101706,0.015086
111.323843,95.775257,15.548586,110.954589,95.436592,15.517997,4.345834,0.014439
110.972718,95.457378,15.515341,111.080109,95.620130,15.459980,4.350224,0.015136
110.576630,95.018402,15.558228,110.561833,95.020742,15.541092,4.173131,0.015024
110.274780,94.676089,15.598691,110.235440,94.650215,15.585226,4.046748,0.015174
109.815321,94.162147,15.653174,109.529068,93.831696,15.697373,4.146659,0.015220
109.570041,93.909911,15.660131,109.510503,93.792860,15.717642,4.203448,0.014690
109.199812,93.520722,15.679090,109.028248,93.254563,15.773686,4.323112,0.014008
108.918619,93.198862,15.719758,108.868802,93.133444,15.735358,4.039076,0.014519
108.623881,92.941378,15.682503,108.677620,93.040509,15.637110,4.117543,0.014632
108.429886,92.682481,15.747405,108.408641,92.734165,15.674475,4.208462,0.014542
108.068077,92.359416,15.708661,108.125747,92.425546,15.700201,4.089315,0.016476
107.815166,92.062026,15.753140,107.877688,92.185001,15.692686,4.148020,0.014005
107.594068,91.792785,15.801283,107.592742,91.840289,15.752453,4.199678,0.015892
107.382537,91.578873,15.803664,107.453140,91.730321,15.722820,4.145851,0.014394
107.187680,91.420993,15.766688,107.329771,91.579098,15.750673,4.101252,0.013820
106.944361,91.108671,15.835690,107.082585,91.289403,15.793183,4.238754,0.013626
106.783997,90.953358,15.830638,107.275214,91.411336,15.863877,4.215933,0.014650
106.589398,90.763195,15.826203,106.777220,90.859007,15.918213,4.118531,0.014546
106.367796,90.494588,15.873208,106.570709,90.682839,15.887870,4.289983,0.014074
106.103687,90.228010,15.875677,106.446857,90.587466,15.859391,4.065986,0.014858
106.038677,90.143608,15.895070,106.476248,90.477184,15.999064,4.247640,0.014305
105.833986,89.900515,15.933471,106.306953,90.402085,15.904868,4.219486,0.013964
105.691586,89.758529,15.933057,105.946296,90.035724,15.910572,4.432245,0.013363
105.548655,89.588863,15.959792,106.196909,90.242670,15.954240,3.969234,0.014348
105.496642,89.540946,15.955696,105.919099,89.921467,15.997632,4.159412,0.013927
105.199072,89.224151,15.974921,105.873346,90.032393,15.840954,4.108366,0.014201
105.143817,89.172581,15.971236,105.723963,89.736696,15.987267,4.079980,0.014564
104.998998,88.994458,16.004540,105.334660,89.298310,16.036351,4.185848,0.014050
104.861773,88.847706,16.014068,105.325899,89.235826,16.090073,4.069500,0.014957
104.710494,88.651124,16.059370,105.155196,89.116290,16.038906,4.109943,0.014698
104.631173,88.605936,16.025237,105.166194,89.122088,16.044106,4.327236,0.012668
104.538663,88.491950,16.046713,105.183017,89.161695,16.021322,4.107921,0.013913
104.365662,88.296876,16.068786,104.845072,88.731958,16.113114,4.214052,0.013500
104.286330,88.207570,16.078760,104.945081,88.915126,16.029955,4.213830,0.014685
104.200660,88.138414,16.062245,104.887658,88.800868,16.086790,4.086136,0.014681
104.073920,87.985093,16.088828,104.718969,88.610377,16.108593,4.345063,0.013850
103.947944,87.836147,16.111798,104.626321,88.535857,16.090464,4.200015,0.013296
103.831020,87.735106,16.095914,104.607257,88.540102,16.067155,4.110569,0.013167
103.857692,87.745978,16.111715,104.733483,88.725080,16.008403,4.112505,0.014242
103.713557,87.570804,16.142753,104.522437,88.422558,16.099879,4.249887,0.013388
103.667310,87.495092,16.172218,104.596201,88.395854,16.200347,4.134726,0.014514
103.545360,87.379805,16.165555,104.274055,88.153381,16.120675,3.962698,0.014544
103.379105,87.195127,16.183978,104.439291,88.300442,16.138849,3.954519,0.015160
103.359671,87.172960,16.186711,104.396908,88.211998,16.184910,4.120013,0.013653
103.260252,87.057194,16.203058,104.125756,87.939990,16.185766,4.079789,0.013713
103.164144,86.958712,16.205433,104.090357,87.936750,16.153607,4.109848,0.014465
103.112004,86.909075,16.202929,104.051106,87.836261,16.214845,4.184063,0.013609
103.033140,86.826440,16.206700,104.178449,88.053087,16.125362,4.199442,0.013751
103.009101,86.773398,16.235703,103.854447,87.645384,16.209063,4.190261,0.013578
102.911898,86.669626,16.242272,103.865876,87.638967,16.226909,4.247917,0.013978
102.777338,86.491196,16.286143,103.696140,87.413418,16.282722,4.132709,0.013070
102.787232,86.474945,16.312286,103.605735,87.288800,16.316935,4.283017,0.013398
102.652584,86.337765,16.314820,103.524587,87.235753,16.288834,3.972378,0.014056
102.559071,86.266588,16.292484,103.654086,87.453518,16.200568,4.282251,0.013321
102.476872,86.166449,16.310422,103.514182,87.145729,16.368453,4.167461,0.013361
102.436358,86.141445,16.294913,103.414903,87.200760,16.214142,4.069500,0.014228
102.367102,86.039949,16.327153,103.622786,87.324603,16.298183,4.290635,0.012876
102.389764,86.039380,16.350384,103.411607,87.035716,16.375891,4.168302,0.013013
102.317660,85.968864,16.348796,103.466256,87.192111,16.274145,4.217813,0.013457
102.256292,85.908301,16.347991,103.289176,86.973188,16.315989,4.167975,0.014234
102.120956,85.776797,16.344159,103.474905,87.113182,16.361722,4.026000,0.014160
102.156459,85.789392,16.367067,103.510253,87.168854,16.341399,4.166490,0.013640
102.054900,85.674255,16.380646,103.084191,86.756322,16.327869,4.222810,0.014515
101.945415,85.570797,16.374618,103.328214,86.997041,16.331174,4.227707,0.013004
101.837530,85.475438,16.362092,103.145061,86.834026,16.311035,4.040810,0.014023
101.909224,85.548251,16.360973,103.094456,86.710232,16.384224,4.076309,0.014072
101.768188,85.382576,16.385612,103.299763,86.994121,16.305641,4.247749,0.013554
101.752917,85.351734,16.401183,103.154238,86.818356,16.335882,4.111716,0.014370
101.717632,85.309972,16.407660,103.174495,86.852982,16.321512,4.014358,0.014240
101.669916,85.276425,16.393491,103.139580,86.773365,16.366215,4.050143,0.014645
101.610463,85.204230,16.406234,103.210850,86.845719,16.365130,4.268962,0.013708
101.652973,85.211867,16.441106,102.969676,86.487348,16.482328,4.001789,0.015696
101.523739,85.082699,16.441039,102.903991,86.487345,16.416646,4.068429,0.013906
101.459702,84.995305,16.464397,102.904581,86.492836,16.411745,4.070705,0.013285
101.387488,84.919402,16.468086,102.480487,86.002759,16.477728,4.190411,0.013950
101.308209,84.829094,16.479115,103.090366,86.634512,16.455853,4.103546,0.014477
101.327083,84.873834,16.453249,102.700283,86.218027,16.482256,4.188649,0.013669
101.246378,84.790119,16.456260,102.634989,86.242029,16.392960,4.315086,0.014773
101.244259,84.779252,16.465008,102.772025,86.383887,16.388138,4.149732,0.013645
101.245373,84.790522,16.454851,102.772212,86.332404,16.439808,4.196044,0.013864
101.184858,84.701394,16.483464,102.955490,86.510365,16.445126,4.252491,0.013719
101.196850,84.690122,16.506728,102.513122,85.935887,16.577235,4.440993,0.013197
101.107659,84.616934,16.490725,102.549446,86.024323,16.525122,4.364203,0.012835
101.042235,84.568923,16.473312,102.490624,86.116878,16.373746,4.485374,0.012921
101.039205,84.540036,16.499168,102.449389,85.892276,16.557114,4.148708,0.013088
100.932811,84.408429,16.524383,102.546453,86.043120,16.503333,3.874557,0.014302
100.845231,84.324068,16.521163,102.468842,85.944901,16.523941,3.958392,0.013714
100.869406,84.377164,16.492242,102.476475,86.010859,16.465616,4.158265,0.013033
100.840512,84.365082,16.475430,102.519880,86.047614,16.472266,3.965303,0.014268
100.857228,84.400162,16.457066,102.411187,85.980502,16.430685,4.248092,0.014181
100.775035,84.249530,16.525506,102.451365,86.033819,16.417546,4.250149,0.014359
100.735508,84.200851,16.534657,102.079538,85.582043,16.497494,3.971837,0.014293
100.657036,84.134328,16.522708,102.134615,85.606559,16.528056,4.334275,0.013443
100.601137,84.056089,16.545048,102.460390,85.966086,16.494304,4.108854,0.013545
100.576329,84.065462,16.510867,102.428057,85.990448,16.437609,4.188021,0.014187
100.551382,84.030162,16.521220,102.416221,85.946238,16.469984,4.303824,0.014739
100.564642,84.013079,16.551563,102.363655,85.820489,16.543166,4.092750,0.014462
100.543218,84.013424,16.529794,102.361041,85.896036,16.465005,3.986774,0.015020
100.515291,83.951424,16.563867,102.120854,85.621659,16.499195,4.063093,0.014250
100.419164,83.849307,16.569857,101.978089,85.420496,16.557593,4.198124,0.012178
100.417925,83.889737,16.528188,102.306624,85.833036,16.473588,4.384826,0.013985
100.412976,83.899046,16.513930,101.879408,85.421108,16.458300,4.331390,0.013656
100.424340,83.920219,16.504121,102.302792,85.828578,16.474214,4.133305,0.013624
100.318262,83.817796,16.500465,102.178954,85.705302,16.473652,4.064802,0.014731
100.300607,83.786314,16.514294,102.368655,85.932664,16.435991,4.032863,0.014265
100.295602,83.803331,16.492272,102.051712,85.567284,16.484429,4.285785,0.013396
100.239060,83.697517,16.541543,101.831288,85.335586,16.495702,4.043011,0.013584
100.268499,83.712595,16.555904,101.952719,85.432098,16.520621,4.282127,0.013411
100.164522,83.592594,16.571928,102.041986,85.516872,16.525114,4.222682,0.013910
100.144652,83.636520,16.508132,102.082642,85.526098,16.556543,4.056347,0.014004
100.172116,83.653969,16.518147,102.051495,85.602390,16.449105,4.434238,0.012630
100.126769,83.593196,16.533574,101.903169,85.379265,16.523905,4.107943,0.013913
100.081011,83.548527,16.532484,101.881557,85.393215,16.488342,4.237511,0.013925
100.060387,83.500297,16.560091,101.842764,85.306309,16.536455,4.193843,0.013287
100.022014,83.482721,16.539293,101.922250,85.365070,16.557180,3.998501,0.014739
100.007491,83.449043,16.558448,102.047229,85.513420,16.533808,4.095201,0.013389
99.966685,83.389610,16.577076,101.998315,85.383711,16.614604,4.125226,0.013485
99.916218,83.353216,16.563002,101.974404,85.469067,16.505337,4.517321,0.012607
99.993290,83.440820,16.552470,102.047313,85.462551,16.584762,4.117640,0.013778
99.914246,83.339314,16.574932,101.750875,85.253996,16.496880,3.983152,0.015441
99.849555,83.266111,16.583444,101.724834,85.220812,16.504022,4.091729,0.013771
99.853167,83.285596,16.567571,101.924971,85.428323,16.496649,4.378665,0.013140
99.871053,83.309513,16.561541,102.050773,85.536768,16.514006,4.351897,0.012726
99.871626,83.332117,16.539509,101.856472,85.345905,16.510567,4.103036,0.013358
99.872776,83.301050,16.571726,101.712950,85.156082,16.556868,4.122499,0.015121
99.744837,83.202029,16.542808,101.790964,85.283521,16.507443,4.031240,0.014532
99.790403,83.242981,16.547421,101.690616,85.179382,16.511234,4.247267,0.013284
99.732240,83.162404,16.569837,101.789996,85.281378,16.508618,4.192810,0.015803
99.716597,83.150526,16.566071,101.851120,85.309023,16.542097,4.157395,0.013483
99.733126,83.166559,16.566566,101.727488,85.244757,16.482731,4.079052,0.014951
99.686405,83.095108,16.591297,101.833500,85.328744,16.504757,4.239570,0.012670
99.629332,83.087079,16.542253,101.645651,85.161756,16.483894,4.263731,0.013611
