204.518453,200.309361,4.209092,181.535151,173.577406,7.957745,4.034941,0.009878
167.218790,155.186182,12.032608,155.707547,140.533106,15.174442,2.917601,0.019742
151.393688,134.939191,16.454497,146.632946,129.142738,17.490207,2.790251,0.024796
143.841343,125.449969,18.391374,140.237814,120.928623,19.309192,2.680982,0.029852
137.811801,117.812249,19.999552,134.716981,113.920056,20.796926,2.892665,0.028781
133.779008,112.730155,21.048854,131.792630,110.302250,21.490380,2.881955,0.029222
131.138783,109.572060,21.566723,129.254156,107.403921,21.850234,3.021803,0.033017
128.989834,107.125959,21.863874,127.784409,105.740474,22.043935,3.121504,0.031203
127.368215,105.268861,22.099354,126.368701,104.217851,22.150850,3.218246,0.029589
126.075149,103.795657,22.279492,125.179388,102.832103,22.347286,3.202942,0.028096
125.031894,102.620979,22.410915,124.045130,101.649359,22.395771,3.059636,0.031805
124.079087,101.571507,22.507580,123.449705,101.017159,22.432546,3.375517,0.029575
123.285418,100.694953,22.590465,123.014035,100.477953,22.536082,3.214282,0.030846
122.593705,99.887197,22.706508,122.058125,99.379356,22.678769,3.371305,0.030608
121.922800,99.204278,22.718522,121.772140,99.203154,22.568986,3.295640,0.027210
121.405952,98.626116,22.779836,121.432101,98.739501,22.692599,3.335282,0.032272
120.868716,98.018448,22.850268,120.784045,97.870581,22.913464,3.258783,0.033505
120.414729,97.490350,22.924380,120.881242,98.081127,22.800116,3.200606,0.032284
120.007029,97.072993,22.934036,120.326180,97.301608,23.024572,3.149719,0.034799
119.609382,96.609741,22.999641,120.026468,97.104474,22.921995,3.274181,0.032041
119.252862,96.236982,23.015880,119.556524,96.634976,22.921549,3.320252,0.031942
118.873065,95.845900,23.027165,119.451361,96.694205,22.757156,3.206719,0.031624
118.574156,95.552744,23.021412,119.162437,96.214748,22.947688,3.489553,0.032593
118.257321,95.187371,23.069950,118.887397,96.001848,22.885549,3.510372,0.029913
118.097674,95.001434,23.096240,118.596320,95.693340,22.902980,3.373151,0.031602
117.766571,94.685267,23.081305,118.275004,95.280685,22.994319,3.209658,0.033287
117.567435,94.400098,23.167338,118.262023,95.233498,23.028526,3.613477,0.030543
117.343665,94.203455,23.140210,118.161416,95.238761,22.922656,3.411105,0.030544
116.983638,93.832921,23.150717,118.198787,95.176484,23.022302,3.468250,0.034517
116.910035,93.683576,23.226459,117.867713,94.773465,23.094249,3.237818,0.032167
116.603096,93.395210,23.207886,117.891912,94.809494,23.082418,3.346800,0.032412
116.479610,93.269190,23.210420,117.702051,94.580104,23.121947,3.478636,0.031162
116.271451,93.035374,23.236076,117.356086,94.184908,23.171178,3.439554,0.031226
116.092946,92.845791,23.247156,117.430328,94.324989,23.105340,3.407166,0.033571
115.997019,92.708260,23.288759,117.302219,94.113883,23.188337,3.165645,0.032836
115.783943,92.451934,23.332009,117.131259,94.005936,23.125323,3.451828,0.035070
115.609720,92.291611,23.318108,116.879093,93.746756,23.132337,3.556398,0.030386
115.484809,92.137944,23.346865,116.960181,93.855075,23.105106,3.442442,0.028619
115.340153,91.993475,23.346678,116.652280,93.627946,23.024334,3.523828,0.032670
115.195260,91.874567,23.320693,116.815022,93.737573,23.077449,3.226987,0.033774
115.084241,91.753135,23.331106,116.467052,93.218215,23.248837,3.555749,0.030912
114.943234,91.567861,23.375372,116.594045,93.467550,23.126496,3.444592,0.031648
114.823642,91.382778,23.440865,116.361756,93.192992,23.168764,3.505903,0.029815
114.729221,91.298827,23.430394,116.518151,93.241915,23.276237,3.412979,0.030935
114.484854,91.044459,23.440395,116.214925,93.014924,23.200002,3.293288,0.030485
114.415295,91.011127,23.404167,115.970965,92.701205,23.269760,3.609191,0.031884
114.280792,90.862351,23.418441,116.353294,93.131387,23.221908,3.177899,0.033243
114.221151,90.760634,23.460517,116.121139,92.894566,23.226573,3.581210,0.032563
114.102894,90.652246,23.450649,115.787619,92.612531,23.175088,3.341886,0.029725
114.080385,90.641066,23.439318,115.938855,92.683087,23.255768,3.320487,0.033990
113.895161,90.449397,23.445764,115.903015,92.765985,23.137030,3.577656,0.031384
113.815385,90.365489,23.449896,115.618276,92.491954,23.126322,3.376077,0.031328
113.698706,90.265520,23.433187,115.350067,92.073435,23.276632,3.529634,0.031835
113.601872,90.115209,23.486663,115.664250,92.326722,23.337528,3.483052,0.033027
113.500804,90.027103,23.473701,115.404523,92.224284,23.180239,3.433376,0.033036
113.367941,89.896327,23.471614,115.480087,92.316908,23.163179,3.506863,0.031527
113.322957,89.878610,23.444347,115.624569,92.371012,23.253557,3.427611,0.030843
113.290677,89.818382,23.472295,115.840520,92.587751,23.252768,3.330060,0.033348
113.154142,89.780739,23.373404,115.540812,92.305467,23.235345,3.442624,0.033063
113.101835,89.632272,23.469562,115.461171,92.182743,23.278427,3.438558,0.031829
112.998416,89.486282,23.512134,115.122205,91.988093,23.134112,3.424102,0.032403
112.948046,89.448254,23.499792,115.145325,91.952649,23.192676,3.349411,0.033123
112.833562,89.332872,23.500690,115.285599,91.955679,23.329920,3.263710,0.033478
112.761250,89.255480,23.505770,114.860512,91.499952,23.360560,3.376938,0.031018
112.636380,89.071030,23.565349,115.185909,91.814682,23.371228,3.375723,0.031312
112.554939,89.053800,23.501139,114.873978,91.552842,23.321136,3.294497,0.032631
112.496531,89.048582,23.447950,114.698776,91.615309,23.083467,3.516176,0.031051
112.483178,88.977963,23.505215,114.973013,91.772562,23.200451,3.241748,0.031556
112.426572,88.965854,23.460718,114.861782,91.586902,23.274880,3.370044,0.030737
112.360799,88.786251,23.574548,114.801411,91.504812,23.296599,3.543178,0.029726
112.287462,88.735479,23.551983,114.694969,91.332755,23.362214,3.327919,0.033298
112.165645,88.624478,23.541167,114.777825,91.423494,23.354331,3.543212,0.031424
112.115724,88.615036,23.500689,114.526107,91.258901,23.267207,3.478658,0.031833
112.031710,88.548444,23.483266,114.600486,91.394652,23.205835,3.482884,0.031633
112.031038,88.536621,23.494417,114.533916,91.367828,23.166088,3.473706,0.029464
111.966623,88.444437,23.522186,114.402701,91.158800,23.243901,3.440949,0.030544
111.879743,88.352567,23.527177,114.629759,91.386896,23.242863,3.489103,0.029793
111.849659,88.307661,23.541998,114.317652,91.028596,23.289056,3.438341,0.031585
111.776212,88.241135,23.535077,114.401549,91.107509,23.294040,3.397299,0.032218
111.720787,88.180543,23.540244,114.377368,91.193967,23.183401,3.360115,0.031785
111.661860,88.118450,23.543409,114.431325,91.013035,23.418290,3.385360,0.030532
111.595965,88.065831,23.530134,114.479146,91.284022,23.195125,3.540676,0.030034
111.564575,87.972601,23.591974,114.502043,91.114938,23.387106,3.403948,0.034274
111.525343,87.983772,23.541571,114.052454,90.723736,23.328717,3.598351,0.029509
111.398373,87.829968,23.568405,114.299739,91.050714,23.249024,3.442002,0.034578
111.365373,87.847415,23.517958,114.326512,91.119002,23.207509,3.483516,0.031230
111.284552,87.783437,23.501115,114.339269,91.140522,23.198747,3.667054,0.029070
111.259419,87.746154,23.513264,114.221370,90.990315,23.231055,3.357511,0.032535
111.175079,87.669764,23.505315,113.963636,90.733547,23.230088,3.584092,0.031654
111.184381,87.699179,23.485202,114.231811,91.061260,23.170551,3.477341,0.030271
111.142837,87.584656,23.558181,113.939119,90.649890,23.289229,3.397085,0.031823
111.106884,87.565138,23.541746,113.754054,90.488068,23.265986,3.490574,0.031263
111.072682,87.482395,23.590287,114.211021,90.897504,23.313518,3.457619,0.030506
110.994595,87.453971,23.540624,113.863561,90.601192,23.262369,3.309311,0.033256
110.961225,87.437034,23.524192,114.187827,91.006877,23.180950,3.334949,0.034017
110.872302,87.335108,23.537194,113.808500,90.555787,23.252713,3.367899,0.032080
110.842459,87.318630,23.523829,113.897990,90.620850,23.277139,3.515743,0.031974
110.793931,87.279346,23.514585,113.953976,90.753482,23.200494,3.675128,0.030631
110.732396,87.183926,23.548470,113.856327,90.597464,23.258863,3.574112,0.029528
110.659648,87.131643,23.528005,113.900614,90.741431,23.159183,3.528404,0.030739
110.650758,87.080120,23.570637,113.842097,90.659448,23.182649,3.504345,0.032349
110.644678,87.169294,23.475384,113.814975,90.642870,23.172104,3.326598,0.030811
110.536402,86.973207,23.563195,113.555301,90.340705,23.214597,3.462639,0.032585
110.445198,86.960772,23.484426,113.759834,90.580215,23.179619,3.550732,0.029803
110.507990,86.982705,23.525285,113.546284,90.327949,23.218334,3.310818,0.031925
110.485129,86.920676,23.564453,113.659524,90.360837,23.298687,3.349325,0.031347
110.360368,86.836748,23.523620,113.615126,90.418210,23.196917,3.578877,0.032643
110.408111,86.883540,23.524571,113.690310,90.392638,23.297672,3.337131,0.033833
110.276553,86.716127,23.560427,113.522638,90.350427,23.172211,3.347088,0.031788
110.307479,86.796893,23.510586,113.359663,90.107310,23.252354,3.551202,0.030839
110.219145,86.678395,23.540750,113.390038,90.130773,23.259266,3.306774,0.035297
110.206728,86.698272,23.508456,113.485455,90.290940,23.194515,3.497339,0.030437
110.070877,86.558791,23.512086,113.184804,89.860507,23.324296,3.425416,0.031742
110.139551,86.580014,23.559538,113.323886,90.179097,23.144789,3.282886,0.034794
110.085716,86.632438,23.453278,113.292115,89.926665,23.365450,3.252544,0.032951
110.018770,86.509890,23.508880,113.205343,89.978775,23.226569,3.262506,0.033969
109.982390,86.473805,23.508586,113.473138,90.268249,23.204890,3.391361,0.033733
109.953877,86.440148,23.513730,113.425385,90.333899,23.091486,3.527543,0.030648
109.947075,86.451410,23.495664,113.124394,89.828608,23.295786,3.476822,0.030417
109.938905,86.358167,23.580738,113.226201,90.004058,23.222143,3.451329,0.032041
109.901928,86.385873,23.516055,113.640937,90.438261,23.202676,3.324704,0.035958
109.783504,86.318441,23.465063,113.202571,90.096451,23.106120,3.567107,0.033405
109.840241,86.383440,23.456801,113.157733,89.861383,23.296350,3.403802,0.033572
109.734779,86.205172,23.529607,113.074136,89.754762,23.319374,3.492961,0.033371
109.709199,86.191912,23.517287,113.167544,90.013903,23.153642,3.489008,0.033241
109.706844,86.139840,23.567004,113.078762,89.977511,23.101250,3.862537,0.028534
109.652443,86.152364,23.500080,113.330754,89.982350,23.348404,3.304686,0.031237
109.606313,86.113931,23.492381,113.147165,89.963016,23.184149,3.505303,0.033694
109.581858,86.068934,23.512924,113.078160,89.910829,23.167332,3.510945,0.029590
109.564662,86.048604,23.516058,113.159683,89.979087,23.180596,3.646953,0.029257
109.551153,86.029122,23.522031,113.237496,89.975321,23.262175,3.573398,0.029372
109.376098,85.910231,23.465867,113.194073,90.097818,23.096255,3.433245,0.033705
109.455301,85.972717,23.482584,112.990786,89.673056,23.317730,3.490224,0.034755
109.395315,85.906949,23.488366,113.081133,89.855439,23.225693,3.490752,0.033079
109.440616,85.931177,23.509439,113.049214,89.862506,23.186707,3.451433,0.027468
109.302477,85.782178,23.520298,112.806008,89.552142,23.253866,3.717235,0.031120
109.306125,85.787889,23.518236,112.783456,89.575280,23.208176,3.615718,0.031507
109.309684,85.754104,23.555580,112.782132,89.496001,23.286131,3.620742,0.032438
109.198450,85.591153,23.607297,112.991063,89.567349,23.423714,3.333089,0.034546
112.081548,85.864342,26.217206,121.180257,90.917842,30.262416,0.653364,0.087621
135.460571,102.630316,32.830255,138.577542,105.361682,33.215860,0.032387,0.133652
135.197292,101.967551,33.229742,132.843658,99.605045,33.238613,0.028833,0.115185
131.556363,98.310282,33.246081,131.047486,97.797107,33.250378,0.017882,0.115085
128.893330,95.642073,33.251257,129.090317,95.834407,33.255911,0.009001,0.111592
126.878089,93.623427,33.254662,127.544832,94.288664,33.256168,0.007038,0.116163
125.375869,92.118743,33.257126,126.547431,93.287845,33.259586,0.004111,0.112679
124.236488,90.977221,33.259267,125.758099,92.497320,33.260779,0.014428,0.106865
123.259844,89.999538,33.260306,125.138027,91.877030,33.260996,0.017698,0.104799
122.481257,89.219855,33.261401,124.555639,91.293069,33.262569,0.015690,0.098294
121.814070,88.551716,33.262354,124.095060,90.832132,33.262928,0.009536,0.111470
121.234177,87.971006,33.263171,124.023635,90.759212,33.264424,0.006549,0.105394
120.798192,87.534254,33.263938,123.711300,90.446997,33.264303,0.007629,0.094863
120.445033,87.180252,33.264781,123.516819,90.251401,33.265418,0.011746,0.102403
119.985319,86.720650,33.264670,123.322834,90.058033,33.264801,0.006782,0.103165
119.720266,86.455430,33.264837,123.086138,89.819352,33.266786,0.007014,0.093333
119.475542,86.210062,33.265481,123.137862,89.871703,33.266159,0.005637,0.105826
119.181169,85.915417,33.265752,123.057645,89.791485,33.266159,0.013872,0.095678
118.944289,85.678250,33.266040,122.922361,89.656220,33.266141,0.010245,0.101442
118.751408,85.485028,33.266380,122.775657,89.508627,33.267029,0.003716,0.109211
118.544201,85.277592,33.266608,122.725082,89.457929,33.267153,0.003607,0.095633
