247.332783,238.317140,9.015643,187.408505,181.118233,6.290272,2.476369,0.017239
171.449263,160.087370,11.361893,158.140628,143.332605,14.808022,2.596424,0.027311
152.619938,136.106447,16.513491,145.702794,127.544660,18.158134,2.379000,0.032216
142.726286,123.622304,19.103982,138.432488,118.276346,20.156141,2.386871,0.039613
136.615085,116.057453,20.557632,133.235977,112.036641,21.199337,2.612167,0.036954
132.718542,111.462887,21.255655,129.969636,108.623067,21.346568,2.693698,0.038257
129.856601,108.154684,21.701917,127.788309,105.883757,21.904553,2.553926,0.037345
127.669766,105.701226,21.968540,125.826726,103.666158,22.160567,2.685059,0.038248
125.878015,103.773175,22.104839,124.421822,102.119213,22.302608,2.787742,0.039489
124.611962,102.300367,22.311595,123.271048,100.839672,22.431375,2.628027,0.039530
123.485725,101.087705,22.398021,122.417896,99.827780,22.590116,2.765326,0.039818
122.318757,99.898392,22.420365,121.143318,98.671687,22.471631,2.926427,0.038371
121.424670,98.858697,22.565973,121.104241,98.412810,22.691432,2.614060,0.042255
120.624677,97.955283,22.669394,119.666945,97.135867,22.531078,2.743704,0.039464
119.993907,97.289982,22.703926,119.467690,96.728977,22.738713,2.821563,0.041169
119.290055,96.558658,22.731397,118.543953,95.858800,22.685153,2.812585,0.040363
118.664363,95.901796,22.762567,118.361583,95.494059,22.867524,2.960759,0.037393
118.193964,95.363458,22.830507,117.778517,94.954541,22.823976,2.839255,0.040589
117.671881,94.824990,22.846891,117.576379,94.689372,22.887007,2.925565,0.039061
117.150119,94.307336,22.842783,116.758188,93.917162,22.841027,3.064502,0.037730
116.708439,93.863720,22.844719,116.377245,93.515571,22.861675,2.940070,0.037981
116.370197,93.533708,22.836489,116.116835,93.300816,22.816020,2.982587,0.037600
115.886953,93.033517,22.853436,115.739380,92.961285,22.778095,2.949644,0.037892
115.586373,92.724220,22.862153,115.516375,92.702961,22.813414,3.048606,0.037493
115.285140,92.421742,22.863399,115.091351,92.185986,22.905365,3.066907,0.036325
114.888179,91.999563,22.888615,114.944739,92.155138,22.789601,2.870295,0.039808
114.632622,91.775817,22.856805,114.518819,91.678881,22.839938,3.044283,0.036500
114.346058,91.473846,22.872212,114.396771,91.534451,22.862320,3.049015,0.036239
114.030479,91.221165,22.809314,114.365804,91.641118,22.724686,2.793804,0.040254
113.791196,90.955853,22.835344,114.099774,91.366872,22.732902,2.973231,0.040336
113.526391,90.685263,22.841128,114.132655,91.237955,22.894700,2.911227,0.038384
113.249595,90.405753,22.843842,113.319859,90.548614,22.771245,3.032300,0.035855
112.950285,90.122020,22.828265,113.437355,90.769026,22.668329,3.058377,0.037104
112.795231,89.965437,22.829793,112.851509,90.108963,22.742546,3.191043,0.035558
112.535165,89.703793,22.831372,113.179113,90.468943,22.710170,3.087383,0.036667
112.295984,89.480306,22.815678,112.526456,89.802065,22.724391,3.051910,0.036986
112.126651,89.291426,22.835225,112.483192,89.761698,22.721495,3.183654,0.035824
111.818745,89.070462,22.748284,112.247102,89.640022,22.607080,3.308110,0.036247
111.670669,88.924611,22.746059,112.066178,89.333677,22.732501,3.102645,0.035741
111.504443,88.721531,22.782912,111.955081,89.225796,22.729285,3.006321,0.040295
111.239377,88.475508,22.763869,111.731149,89.126348,22.604801,3.069740,0.037060
111.083527,88.321265,22.762262,111.634415,89.074630,22.559785,3.128433,0.035728
110.954350,88.237986,22.716363,111.645547,88.938571,22.706977,3.100189,0.037619
110.711461,87.939240,22.772221,111.334773,88.636979,22.697794,3.079388,0.036852
110.571353,87.854644,22.716709,111.165764,88.631282,22.534483,3.018253,0.037806
110.375841,87.649647,22.726195,111.023502,88.229052,22.794450,3.104153,0.035398
110.219282,87.458267,22.761016,110.862509,88.196072,22.666437,3.040454,0.036640
109.973220,87.245345,22.727875,110.733986,88.142221,22.591765,3.049846,0.037571
109.775117,87.081300,22.693817,110.635692,88.015940,22.619753,3.124033,0.038315
109.675238,86.945035,22.730203,110.612466,87.987227,22.625238,2.999769,0.036772
109.418771,86.733384,22.685386,110.115445,87.442180,22.673265,3.075417,0.037938
109.236576,86.547243,22.689333,109.853322,87.352422,22.500899,3.092788,0.037716
109.151405,86.480667,22.670739,109.838979,87.217347,22.621632,2.988611,0.038084
108.958720,86.238328,22.720392,109.686080,87.149166,22.536914,2.972226,0.039956
108.762459,86.107379,22.655081,109.560478,87.061343,22.499135,3.062805,0.035867
108.698459,85.980015,22.718444,109.646171,86.920691,22.725479,2.940757,0.038585
108.506782,85.820099,22.686683,109.304959,86.641282,22.663678,3.294884,0.032546
108.323655,85.651784,22.671871,109.305084,86.672220,22.632865,3.177336,0.034886
108.195058,85.546882,22.648176,109.008514,86.351760,22.656754,3.178822,0.036718
107.919052,85.284424,22.634628,109.150902,86.492972,22.657929,3.036608,0.034700
107.953146,85.290137,22.663009,109.050322,86.542897,22.507425,3.188491,0.034558
107.742109,85.074400,22.667710,108.687697,86.152483,22.535214,3.146056,0.035898
107.628239,84.937093,22.691146,108.689917,86.062274,22.627643,3.130798,0.034933
107.481145,84.822032,22.659114,108.370715,85.695718,22.674997,3.202746,0.033938
107.348454,84.685711,22.662743,108.502478,85.975160,22.527318,3.128896,0.033759
107.241701,84.582007,22.659694,108.493874,85.860016,22.633857,3.147177,0.034603
107.158570,84.487638,22.670932,108.186505,85.552360,22.634145,3.010731,0.034743
107.039482,84.357803,22.681679,108.134795,85.537414,22.597381,3.174274,0.035170
106.933170,84.226786,22.706385,107.808914,85.215708,22.593207,3.164493,0.034710
106.710808,84.078110,22.632698,108.115436,85.545536,22.569899,3.103033,0.034403
106.695876,84.060844,22.635032,107.735910,85.219131,22.516779,3.181507,0.033205
106.544554,83.963759,22.580795,107.885054,85.428565,22.456489,3.029501,0.036027
106.567188,83.908323,22.658865,107.652928,85.103581,22.549348,3.129708,0.035311
106.396981,83.743615,22.653367,107.384929,84.799667,22.585262,3.094990,0.035563
106.295014,83.674619,22.620394,107.516891,85.058962,22.457929,2.955673,0.041221
106.221197,83.643679,22.577518,107.423478,84.886874,22.536605,3.123454,0.035951
106.039637,83.397456,22.642181,107.263630,84.649447,22.614183,3.141237,0.034541
105.958149,83.343532,22.614617,107.292063,84.769382,22.522681,3.081376,0.037336
105.859802,83.278101,22.581701,107.465878,84.949743,22.516135,3.134632,0.034738
105.809401,83.203815,22.605587,107.203552,84.633596,22.569956,3.120879,0.035505
105.800432,83.209906,22.590527,107.146882,84.671863,22.475020,3.164577,0.034466
105.668440,83.106945,22.561495,107.044530,84.528632,22.515898,3.032898,0.034528
105.624854,83.056755,22.568099,107.026934,84.588218,22.438715,2.895958,0.035615
105.581736,83.013266,22.568470,106.917963,84.455758,22.462205,3.103460,0.036060
105.445056,82.882463,22.562592,106.882221,84.361324,22.520897,3.080137,0.035975
105.443476,82.864937,22.578539,106.814534,84.402720,22.411813,3.148679,0.034340
105.352943,82.770981,22.581962,106.741852,84.224005,22.517846,3.099302,0.034662
105.296123,82.720308,22.575815,106.565519,84.206875,22.358644,2.996462,0.036276
105.188122,82.692984,22.495138,106.474792,84.039111,22.435681,3.345976,0.032261
105.159510,82.619157,22.540353,106.478521,84.009854,22.468667,3.265717,0.031203
105.076530,82.515673,22.560856,106.592874,84.140946,22.451929,3.094752,0.035508
105.049048,82.485247,22.563801,106.419370,83.930304,22.489066,2.993061,0.035472
104.961637,82.406730,22.554907,106.571150,84.091639,22.479512,3.173778,0.034112
104.901138,82.365402,22.535736,106.580325,84.131087,22.449237,3.223292,0.036892
104.818717,82.289004,22.529713,106.365743,84.014001,22.351742,3.233089,0.032654
104.771993,82.233930,22.538063,106.262424,83.882264,22.380161,3.324288,0.031022
104.725906,82.197543,22.528364,106.312722,83.937169,22.375553,3.206647,0.034835
104.706318,82.153808,22.552510,106.230798,83.871177,22.359621,2.958775,0.036329
104.596454,82.061002,22.535452,106.017319,83.601201,22.416119,3.178912,0.033720
104.486978,81.937693,22.549285,105.908282,83.476268,22.432014,3.065326,0.032952
104.465294,81.996885,22.468409,105.972482,83.677685,22.294797,3.276832,0.035091
104.428487,81.914601,22.513886,105.919252,83.503614,22.415638,3.301300,0.032500
104.384046,81.858791,22.525255,105.972212,83.467852,22.504359,3.134124,0.033587
104.330180,81.755008,22.575172,105.788958,83.441688,22.347270,3.066113,0.037728
104.264242,81.720366,22.543876,105.822825,83.498232,22.324593,3.154658,0.034396
104.289556,81.725306,22.564250,105.854731,83.373387,22.481344,3.230944,0.031946
104.197611,81.671154,22.526457,105.828117,83.366970,22.461147,3.083020,0.034118
104.142830,81.639924,22.502906,105.623790,83.315136,22.308653,3.096352,0.033954
104.040253,81.534688,22.505565,106.136822,83.647677,22.489145,3.151858,0.034588
104.034786,81.514325,22.520461,105.637543,83.253483,22.384060,3.384546,0.032155
103.992919,81.467485,22.525434,105.793707,83.319039,22.474668,3.166942,0.033098
103.961457,81.451521,22.509936,105.745194,83.298470,22.446724,3.172469,0.032912
103.940072,81.392112,22.547959,105.984890,83.563167,22.421723,3.026838,0.035411
103.893705,81.362530,22.531175,105.681463,83.347666,22.333797,3.449269,0.031724
103.805673,81.279490,22.526182,105.491729,83.109904,22.381824,3.234040,0.033212
103.750310,81.280054,22.470255,105.640394,83.295179,22.345215,3.190919,0.033092
103.774597,81.265511,22.509086,105.598996,83.181009,22.417987,3.211599,0.034453
103.669769,81.157956,22.511814,105.609538,83.231219,22.378319,3.091231,0.035804
103.667362,81.156866,22.510496,105.495879,83.061897,22.433982,3.137161,0.031890
103.669858,81.170552,22.499307,105.452077,82.999673,22.452404,3.104188,0.033807
103.520306,81.018501,22.501805,105.321557,82.885694,22.435862,3.220767,0.032258
103.547216,81.009247,22.537969,105.229551,82.845697,22.383855,3.503448,0.030854
103.458819,80.892096,22.566723,105.357766,82.915400,22.442366,3.385172,0.031327
103.476772,80.931170,22.545602,105.404960,82.921659,22.483301,3.076528,0.034935
103.409536,80.835266,22.574270,105.099451,82.621637,22.477814,3.077447,0.036450
103.359105,80.820557,22.538548,105.256507,82.836037,22.420470,3.094201,0.034499
103.324780,80.822350,22.502431,105.204159,82.819873,22.384286,3.270856,0.033546
103.257792,80.756707,22.501085,105.241774,82.820967,22.420807,3.300987,0.036040
103.289287,80.707860,22.581428,104.963026,82.424989,22.538037,3.153209,0.031349
103.219240,80.679242,22.539998,105.113829,82.682373,22.431456,3.297863,0.030953
103.211082,80.693532,22.517551,104.953809,82.594249,22.359560,3.329789,0.032614
103.146782,80.599982,22.546800,105.094681,82.623484,22.471197,3.069845,0.032774
103.097232,80.550806,22.546425,104.968547,82.530614,22.437933,3.252054,0.031818
103.098312,80.534187,22.564125,105.033540,82.451874,22.581666,3.288452,0.032341
103.087083,80.522956,22.564127,104.898903,82.459552,22.439351,3.263943,0.034652
103.044360,80.518449,22.525911,104.899193,82.534552,22.364641,3.183790,0.035961
102.991408,80.439475,22.551933,105.188304,82.705890,22.482414,3.115517,0.033868
102.958640,80.352860,22.605780,105.190414,82.695551,22.494863,3.126891,0.035737
102.925584,80.375220,22.550364,104.835310,82.355618,22.479692,3.180397,0.035559
102.853810,80.313864,22.539947,104.866582,82.409166,22.457417,3.253587,0.034048
102.809983,80.271538,22.538446,105.076619,82.628479,22.448140,3.224565,0.033900
102.811402,80.270066,22.541337,104.777160,82.358740,22.418421,3.103538,0.033760
102.809925,80.245840,22.564085,104.763384,82.327170,22.436214,3.243420,0.038033
102.777814,80.216525,22.561289,104.949024,82.503773,22.445252,3.174406,0.032893
102.782618,80.211766,22.570851,104.843837,82.378230,22.465607,3.258100,0.033695
102.743167,80.154996,22.588171,104.773390,82.316954,22.456436,3.184710,0.037473
102.702376,80.115953,22.586423,104.843809,82.368885,22.474923,3.269964,0.033367
102.655838,80.090521,22.565316,104.871674,82.411460,22.460214,3.136285,0.035783
102.640625,80.067757,22.572868,104.546691,82.008773,22.537918,3.012532,0.039874
102.640969,80.065315,22.575654,104.738072,82.315321,22.422751,3.364026,0.034480
102.563129,79.999810,22.563319,104.610831,82.105400,22.505431,3.181683,0.035383
102.576939,80.022663,22.554275,104.646877,82.191395,22.455482,3.342167,0.032341
102.594796,80.009313,22.585484,104.679894,82.131937,22.547957,2.983878,0.036410
102.529798,79.935852,22.593946,104.661282,82.093820,22.567462,3.279974,0.031159
102.494240,79.891526,22.602714,104.649464,82.269922,22.379543,3.152456,0.035307
102.432486,79.848230,22.584256,104.578339,82.218414,22.359925,3.318336,0.031366
102.417370,79.836513,22.580857,104.755661,82.200754,22.554907,2.909434,0.037453
102.423719,79.837737,22.585983,104.576084,82.131344,22.444739,3.213471,0.036397
102.366568,79.780057,22.586510,104.642815,82.224211,22.418604,3.252297,0.035212
102.340208,79.754867,22.585341,104.530387,82.149902,22.380485,3.318090,0.034554
