209.520163,206.929754,2.590408,190.183497,186.514644,3.668853,8.242452,0.005264
181.761426,175.366598,6.394828,168.356163,158.258474,10.097689,4.310364,0.014677
160.503194,148.746418,11.756775,153.407929,140.245738,13.162190,3.899701,0.017977
150.408976,136.303404,14.105572,146.561745,131.848026,14.713719,3.523980,0.020405
144.350089,128.822166,15.527923,141.054775,124.844330,16.210445,3.536925,0.023472
139.509921,122.744442,16.765479,136.675696,119.358688,17.317010,3.809409,0.022449
135.567235,117.779850,17.787385,133.245358,114.722769,18.522590,3.736796,0.023079
132.457761,113.618674,18.839087,130.626823,111.150671,19.476153,3.536181,0.024572
130.318345,110.672621,19.645725,128.747240,108.920845,19.826395,3.514282,0.025098
128.509890,108.412203,20.097687,127.213745,106.853247,20.360498,3.578853,0.023907
127.235193,106.732095,20.503098,125.760227,105.157644,20.602583,3.794959,0.023749
125.917935,105.090209,20.827726,124.939672,104.056877,20.882795,3.657571,0.023316
124.898673,103.776807,21.121866,124.130760,102.815898,21.314863,3.672352,0.022958
124.106480,102.633528,21.472953,123.684673,102.083815,21.600858,3.556833,0.024449
123.321806,101.650723,21.671082,123.008153,101.087051,21.921103,3.590200,0.024381
122.691349,100.687433,22.003916,121.997684,99.878487,22.119197,3.689110,0.024453
123.493427,100.408111,23.085316,126.222350,100.792029,25.430322,2.733202,0.040936
126.224930,99.592084,26.632846,127.459361,98.412972,29.046389,1.607398,0.064699
129.907694,98.467209,31.440485,130.328949,97.754511,32.574437,0.282875,0.086086
129.621915,96.811038,32.810877,128.845471,95.883929,32.961542,0.187309,0.088197
128.312078,95.292439,33.019638,128.011796,94.942310,33.069486,0.116966,0.078732
127.259045,94.168230,33.090816,127.154646,94.037655,33.116991,0.095013,0.088683
126.383969,93.255754,33.128214,126.504030,93.359783,33.144247,0.087743,0.088164
125.764163,92.609900,33.154263,126.136335,92.973806,33.162529,0.095653,0.085446
125.162320,91.994029,33.168291,125.717211,92.544191,33.173019,0.045478,0.080454
124.651008,91.468824,33.182183,125.548945,92.367261,33.181684,0.086300,0.083651
124.211425,91.022663,33.188763,125.057331,91.866788,33.190542,0.048235,0.088874
123.808497,90.611756,33.196740,124.956060,91.758586,33.197473,0.038178,0.078689
123.392837,90.191288,33.201550,124.572483,91.368136,33.204348,0.036713,0.084778
123.033641,89.826891,33.206749,124.360692,91.149157,33.211535,0.049467,0.083000
122.735515,89.525005,33.210510,124.440953,91.227614,33.213338,0.032015,0.077845
122.447124,89.233437,33.213688,124.149390,90.934448,33.214941,0.063352,0.083617
122.153192,88.935183,33.218009,124.138712,90.919739,33.218973,0.026637,0.093387
121.865548,88.645257,33.220290,123.899491,90.679674,33.219818,0.037391,0.090865
121.643822,88.420589,33.223232,123.869941,90.644388,33.225552,0.031388,0.088450
121.427927,88.202341,33.225586,123.677493,90.452045,33.225448,0.055834,0.081486
121.180696,87.953192,33.227504,123.800709,90.574647,33.226062,0.019918,0.085689
121.006063,87.776510,33.229553,123.416186,90.188052,33.228134,0.034956,0.093904
120.818924,87.588390,33.230533,123.258590,90.026889,33.231700,0.027912,0.097576
120.691163,87.458799,33.232364,123.253392,90.019334,33.234058,0.029252,0.083049
120.471125,87.237625,33.233500,123.322916,90.087496,33.235420,0.020221,0.089952
120.308037,87.072623,33.235414,123.184659,89.948643,33.236016,0.037944,0.087221
120.142715,86.905689,33.237026,123.167379,89.929687,33.237693,0.019069,0.091397
120.064373,86.826330,33.238043,123.099379,89.859883,33.239496,0.029519,0.095364
119.892874,86.653165,33.239710,123.064930,89.822682,33.242248,0.020844,0.093157
119.776522,86.535509,33.241013,122.957812,89.719124,33.238688,0.027978,0.098920
119.586928,86.344950,33.241978,122.855130,89.612195,33.242935,0.029111,0.090628
119.507889,86.265209,33.242680,122.928146,89.684532,33.243613,0.031200,0.096159
119.370066,86.125940,33.244126,122.732238,89.488509,33.243729,0.036431,0.086802
119.269572,86.025541,33.244031,122.579287,89.334491,33.244796,0.024618,0.091528
119.123520,85.878753,33.244768,122.637246,89.393210,33.244036,0.016030,0.093458
118.990469,85.744313,33.246156,122.652932,89.407759,33.245173,0.020626,0.100641
118.902892,85.655732,33.247159,122.475669,89.228552,33.247117,0.011590,0.093802
118.853836,85.607006,33.246831,122.626619,89.379959,33.246659,0.023105,0.085567
118.706729,85.458975,33.247754,122.454457,89.205402,33.249055,0.025823,0.094410
118.584776,85.337266,33.247510,122.654752,89.405937,33.248815,0.028649,0.101084
118.551775,85.303452,33.248323,122.461263,89.211336,33.249926,0.024349,0.105053
118.455269,85.205764,33.249506,122.517707,89.267543,33.250164,0.011386,0.100741
118.278181,85.028041,33.250139,122.577956,89.326249,33.251707,0.007829,0.093657
118.318192,85.066986,33.251207,122.485068,89.233873,33.251195,0.022395,0.098616
118.166579,84.914817,33.251762,122.321072,89.071291,33.249781,0.007566,0.087869
118.082472,84.830956,33.251516,122.475382,89.221858,33.253525,0.013217,0.094650
117.981349,84.728737,33.252612,122.437663,89.184947,33.252716,0.021110,0.096632
117.880854,84.627827,33.253028,122.338761,89.087034,33.251728,0.018902,0.093972
117.853081,84.599744,33.253337,122.522058,89.268624,33.253434,0.017075,0.102454
117.759842,84.506258,33.253584,122.410137,89.156235,33.253903,0.013160,0.096040
117.722104,84.467592,33.254512,122.332660,89.078655,33.254005,0.019715,0.094054
117.647041,84.392576,33.254465,122.284531,89.028554,33.255977,0.005464,0.100317
117.547349,84.292282,33.255067,122.308413,89.051635,33.256778,0.008015,0.100747
117.515932,84.260953,33.254979,122.353777,89.098874,33.254903,0.004699,0.099144
117.460143,84.205206,33.254937,122.343213,89.087048,33.256165,0.009202,0.095541
117.350442,84.094894,33.255548,122.286427,89.029488,33.256940,0.017348,0.105360
117.308142,84.052059,33.256083,122.261598,89.005392,33.256206,0.017831,0.092765
117.257437,84.001405,33.256032,122.355397,89.099202,33.256195,0.013732,0.104175
117.166760,83.910191,33.256569,122.348444,89.091252,33.257192,0.026301,0.102087
117.171775,83.914753,33.257022,122.277745,89.019815,33.257930,0.013165,0.102269
117.106400,83.849372,33.257028,122.213192,88.956719,33.256474,0.022260,0.094129
117.027812,83.770160,33.257652,122.336616,89.078671,33.257945,0.017785,0.108576
117.001916,83.743914,33.258002,122.249306,88.990419,33.258886,0.004575,0.106884
116.908297,83.649896,33.258402,122.054142,88.795337,33.258805,0.015640,0.100837
116.867912,83.609429,33.258483,122.200132,88.941904,33.258229,0.009403,0.099873
116.861306,83.603472,33.257834,122.268480,89.009654,33.258826,0.015486,0.105079
116.793433,83.534141,33.259292,122.167805,88.909083,33.258722,0.009506,0.097001
116.731006,83.472290,33.258716,122.262024,89.001752,33.260273,0.010852,0.088716
116.649406,83.390307,33.259099,122.334708,89.075072,33.259636,0.013221,0.098069
116.605442,83.345772,33.259671,122.234576,88.974462,33.260113,0.012007,0.109000
116.556096,83.296466,33.259630,122.333709,89.073744,33.259966,0.006636,0.118263
116.527805,83.268277,33.259528,122.237721,88.978145,33.259576,0.014079,0.095774
116.482688,83.222677,33.260011,122.280561,89.020780,33.259781,0.013471,0.098595
116.441038,83.181021,33.260017,122.251611,88.991244,33.260367,0.006772,0.097880
116.409708,83.149215,33.260493,122.167100,88.906966,33.260134,0.022167,0.098582
116.339274,83.078404,33.260870,122.191230,88.930202,33.261028,0.006846,0.100270
116.297233,83.036169,33.261064,122.228849,88.968908,33.259941,0.010612,0.106651
116.258578,82.997405,33.261172,122.419688,89.157906,33.261782,0.004254,0.097537
116.164905,82.903391,33.261514,122.312015,89.051632,33.260383,0.014393,0.099626
116.167399,82.906201,33.261198,122.343893,89.082319,33.261573,0.011282,0.102496
116.158469,82.896631,33.261838,122.152101,88.889566,33.262536,0.011622,0.097141
116.101405,82.839503,33.261902,122.326758,89.064640,33.262118,0.007883,0.104537
116.084693,82.823046,33.261647,122.261470,89.000311,33.261159,0.004161,0.101829
116.088344,82.826312,33.262032,122.197295,88.935414,33.261881,0.005962,0.105056
116.018452,82.756482,33.261970,122.427409,89.165252,33.262157,0.008958,0.100846
115.982504,82.720177,33.262327,122.301076,89.038456,33.262620,0.007526,0.101657
115.941325,82.678582,33.262743,122.164298,88.900895,33.263404,0.004386,0.113061
115.904684,82.642793,33.261892,122.295229,89.031861,33.263368,0.015088,0.112878
115.897301,82.634702,33.262600,122.414500,89.150996,33.263504,0.004773,0.104978
115.833946,82.571094,33.262851,122.368027,89.104102,33.263925,0.006075,0.100137
115.834409,82.571403,33.263006,122.353125,89.091425,33.261699,0.013046,0.106554
115.778377,82.515309,33.263068,122.221309,88.958200,33.263108,0.006915,0.101528
115.725044,82.461761,33.263283,122.298565,89.035190,33.263374,0.014644,0.108790
115.726139,82.462384,33.263755,122.462657,89.199008,33.263648,0.006390,0.101603
115.666024,82.402807,33.263217,122.377232,89.114113,33.263119,0.003630,0.100901
115.634216,82.370686,33.263529,122.375058,89.110523,33.264535,0.005929,0.102929
115.626553,82.362770,33.263784,122.344212,89.078846,33.265366,0.013255,0.107020
115.601991,82.338056,33.263935,122.268616,89.004544,33.264072,0.004289,0.096777
115.566059,82.301958,33.264100,122.428565,89.164577,33.263988,0.007522,0.108933
115.539065,82.274817,33.264248,122.643878,89.380211,33.263667,0.015700,0.106902
115.516015,82.251984,33.264030,122.331299,89.067986,33.263314,0.010960,0.110841
115.462576,82.198539,33.264037,122.427574,89.164285,33.263289,0.010822,0.102199
115.468325,82.204301,33.264023,122.456823,89.192288,33.264535,0.004692,0.102250
115.465539,82.200750,33.264789,122.493349,89.229009,33.264340,0.010106,0.100083
115.416020,82.151886,33.264134,122.448817,89.184350,33.264467,0.007759,0.104455
115.362013,82.097309,33.264705,122.399743,89.135317,33.264426,0.007273,0.098937
115.389669,82.124704,33.264965,122.290007,89.024768,33.265239,0.013731,0.120798
115.348632,82.083644,33.264988,122.351216,89.086050,33.265165,0.003934,0.101516
115.314370,82.049319,33.265051,122.423751,89.158465,33.265286,0.007388,0.100904
115.251315,81.986649,33.264666,122.336898,89.071528,33.265370,0.015521,0.101310
115.245842,81.980516,33.265326,122.296434,89.031116,33.265318,0.004267,0.107833
115.257407,81.992148,33.265259,122.324064,89.059371,33.264693,0.009374,0.104033
115.202241,81.936710,33.265531,122.452627,89.187368,33.265259,0.013418,0.104927
115.219060,81.953905,33.265154,122.344842,89.078507,33.266335,0.016209,0.109964
115.205727,81.940713,33.265015,122.324283,89.058692,33.265592,0.007475,0.106904
115.174975,81.909500,33.265475,122.507385,89.241591,33.265795,0.004012,0.100822
115.145724,81.880324,33.265400,122.444816,89.178689,33.266128,0.003650,0.104115
115.072037,81.806400,33.265637,122.378931,89.112971,33.265959,0.003723,0.104938
115.091651,81.825882,33.265769,122.423476,89.156951,33.266525,0.006240,0.112565
115.033006,81.767190,33.265816,122.383146,89.117371,33.265776,0.003637,0.114868
115.005050,81.738816,33.266234,122.391552,89.125614,33.265938,0.004577,0.097633
115.008034,81.741922,33.266111,122.459860,89.193720,33.266141,0.003681,0.109097
114.978841,81.713139,33.265702,122.594187,89.328437,33.265750,0.005889,0.106868
114.964801,81.698633,33.266168,122.311670,89.046189,33.265481,0.011414,0.109770
114.931487,81.665376,33.266111,122.386687,89.120474,33.266213,0.004013,0.116755
114.870615,81.604498,33.266117,122.456292,89.189692,33.266601,0.008379,0.101184
114.888082,81.621569,33.266514,122.416122,89.150446,33.265676,0.003720,0.107902
114.856225,81.589884,33.266341,122.439607,89.172861,33.266746,0.004998,0.111836
114.847021,81.580746,33.266275,122.422329,89.155864,33.266464,0.003736,0.110554
114.821683,81.555242,33.266441,122.564083,89.297154,33.266929,0.006610,0.102887
114.798174,81.531744,33.266430,122.544117,89.277441,33.266676,0.006996,0.101809
114.775087,81.508727,33.266359,122.388978,89.122488,33.266491,0.004337,0.100710
114.748125,81.481477,33.266648,122.537589,89.270483,33.267106,0.006019,0.109975
114.728347,81.461654,33.266693,122.587906,89.321571,33.266334,0.004176,0.103809
114.690963,81.423913,33.267051,122.523926,89.256881,33.267045,0.004389,0.103388
114.674740,81.408170,33.266569,122.514064,89.246880,33.267184,0.005736,0.112042
114.700585,81.433829,33.266756,122.646916,89.379546,33.267370,0.004724,0.103702
114.676040,81.409194,33.266846,122.432964,89.165973,33.266991,0.009346,0.110020
114.670995,81.404261,33.266734,122.559570,89.291819,33.267751,0.004622,0.109096
114.670120,81.403164,33.266955,122.451662,89.184862,33.266800,0.003744,0.108363
114.570396,81.303530,33.266866,122.557004,89.290013,33.266991,0.008537,0.103855
114.597720,81.330457,33.267264,122.537112,89.269427,33.267686,0.003772,0.109816
114.561254,81.293934,33.267320,122.666471,89.399348,33.267123,0.004330,0.105954
114.584107,81.316837,33.267270,122.450208,89.183569,33.266638,0.003679,0.119971
