200.796155,198.136750,2.659404,177.636288,171.658731,5.977558,4.668287,0.013103
164.288053,155.680707,8.607346,152.485932,141.910379,10.575554,4.015329,0.017877
148.756485,137.431301,11.325184,144.761359,132.609483,12.151876,3.842614,0.015686
143.007054,130.330677,12.676377,140.117386,126.779539,13.337848,3.542254,0.018718
138.322348,124.341715,13.980633,135.698623,121.107469,14.591154,3.601131,0.018060
134.489380,119.474782,15.014598,131.912332,116.399572,15.512759,3.633507,0.016937
131.861959,115.907426,15.954533,129.851342,113.591878,16.259464,3.705149,0.017424
129.725837,113.082288,16.643549,128.998705,111.829872,17.168833,3.575361,0.017577
127.907121,110.787942,17.119180,126.347790,109.098980,17.248809,3.494202,0.018395
126.318754,108.749732,17.569022,125.471790,107.480268,17.991522,3.605787,0.017808
125.182750,107.252995,17.929755,123.980296,105.815794,18.164502,3.567943,0.016225
124.079714,105.818983,18.260731,123.229326,104.725753,18.503573,3.629504,0.016291
123.364469,104.677918,18.686551,122.333544,103.343621,18.989923,3.460916,0.017106
122.378030,103.382144,18.995887,121.689909,102.632909,19.056999,3.402173,0.017903
121.700723,102.451838,19.248886,121.237224,101.892540,19.344684,3.489207,0.014988
120.939481,101.520658,19.418824,119.972718,100.413568,19.559150,3.388093,0.016651
120.266655,100.608018,19.658637,119.376161,99.739567,19.636595,3.574122,0.014974
119.740157,99.902352,19.837805,118.972842,99.064958,19.907884,3.337142,0.016460
119.097877,99.136513,19.961365,118.656246,98.547859,20.108388,3.352372,0.016312
118.636729,98.451546,20.185183,118.361814,98.107545,20.254268,3.485388,0.015799
118.123329,97.755642,20.367687,118.627887,98.300282,20.327605,3.379607,0.015869
117.814094,97.311751,20.502343,117.867440,97.197124,20.670316,3.540374,0.014501
117.447883,96.809649,20.638234,117.132550,96.480082,20.652467,3.565984,0.014272
117.062651,96.307946,20.754705,117.374711,96.506979,20.867733,3.490969,0.015519
116.726644,95.855509,20.871135,116.815815,95.882551,20.933264,3.523329,0.016199
116.405695,95.456090,20.949606,116.161027,95.231640,20.929386,3.364312,0.016139
115.977220,94.923454,21.053767,116.066514,95.012950,21.053564,3.398590,0.015544
115.810975,94.653470,21.157505,115.522633,94.401607,21.121026,3.362355,0.015541
115.629056,94.383813,21.245243,115.925010,94.631085,21.293925,3.397909,0.014607
115.181021,93.829136,21.351884,115.178592,93.694296,21.484296,3.393437,0.015418
115.188672,93.694118,21.494554,115.072287,93.539161,21.533126,3.372046,0.015425
114.733481,93.185926,21.547555,115.046520,93.391689,21.654831,3.445443,0.015319
114.646138,92.949239,21.696898,115.176413,93.548190,21.628223,3.476617,0.013946
114.415473,92.722355,21.693118,115.499401,93.662246,21.837155,3.333901,0.014394
114.352437,92.602123,21.750314,114.875610,93.007493,21.868116,3.532651,0.014778
113.888096,92.098257,21.789839,114.168805,92.380641,21.788163,3.412269,0.014683
113.695356,91.827727,21.867629,114.767215,92.770280,21.996935,3.396304,0.014092
113.719940,91.759809,21.960130,114.272036,92.296841,21.975195,3.482722,0.013481
113.400449,91.415177,21.985272,113.878497,91.888272,21.990224,3.263508,0.014995
113.485813,91.400437,22.085376,114.489995,92.389267,22.100729,3.445338,0.014119
113.171800,91.070071,22.101729,114.043925,91.909336,22.134590,3.454449,0.013930
112.950592,90.782926,22.167665,113.753890,91.482958,22.270933,3.449928,0.013191
112.514400,90.321380,22.193020,113.135212,90.935984,22.199229,3.576106,0.012648
112.461996,90.210904,22.251092,114.270603,92.017745,22.252858,3.282025,0.014769
112.569270,90.293460,22.275809,112.944432,90.657436,22.286996,3.482146,0.012946
112.039414,89.785482,22.253933,112.827021,90.575503,22.251519,3.252830,0.015139
112.032835,89.690510,22.342325,112.994833,90.587491,22.407341,3.284083,0.013705
112.061948,89.678361,22.383587,113.314393,90.933602,22.380792,3.393810,0.013450
111.813571,89.422764,22.390807,112.703833,90.300785,22.403048,3.361326,0.013684
111.699185,89.271645,22.427540,112.502996,90.023167,22.479829,3.611155,0.012898
111.735227,89.302007,22.433220,112.574944,90.010358,22.564586,3.546952,0.013165
111.471066,88.975007,22.496059,112.695991,90.228921,22.467071,3.335742,0.013391
111.447886,88.922426,22.525460,112.735970,90.081133,22.654836,3.421391,0.012680
111.242795,88.691045,22.551750,112.669582,90.103712,22.565871,3.483577,0.012364
111.113700,88.556104,22.557596,112.668608,90.016052,22.652556,3.296924,0.012882
111.118023,88.532264,22.585759,112.813436,90.178013,22.635423,3.378840,0.013663
111.047095,88.377957,22.669138,112.207350,89.579385,22.627965,3.473224,0.012055
110.998156,88.301169,22.696987,112.026772,89.284204,22.742568,3.370547,0.012135
110.810415,88.061922,22.748493,112.262878,89.577623,22.685255,3.387141,0.013134
110.705575,87.932606,22.772970,112.039310,89.232589,22.806721,3.399997,0.012431
110.532256,87.771822,22.760434,111.828886,89.081022,22.747864,3.531579,0.012015
110.618075,87.863616,22.754459,112.187900,89.391874,22.796027,3.320772,0.013254
110.328664,87.538040,22.790624,111.762710,88.920248,22.842461,3.344993,0.013670
110.398737,87.624544,22.774194,112.114318,89.290879,22.823439,3.393778,0.012658
110.223798,87.418402,22.805397,111.719770,88.822909,22.896860,3.517814,0.012447
110.248075,87.398736,22.849339,111.352736,88.446314,22.906422,3.480894,0.012431
110.037693,87.140553,22.897140,111.435982,88.651244,22.784738,3.453093,0.012422
110.171797,87.284832,22.886965,111.952329,88.912335,23.039994,3.450580,0.012341
110.104544,87.160047,22.944498,111.329311,88.464479,22.864833,3.670816,0.010929
109.736097,86.808869,22.927228,111.365479,88.360512,23.004967,3.377434,0.012927
109.617114,86.675903,22.941212,111.344795,88.394954,22.949841,3.400949,0.012500
109.726968,86.715481,23.011488,111.419843,88.222834,23.197008,3.334810,0.012271
109.675763,86.598796,23.076967,111.352058,88.287775,23.064283,3.630388,0.011514
109.569978,86.536579,23.033399,111.307460,88.257096,23.050364,3.540551,0.011752
109.513538,86.459729,23.053809,111.334278,88.179195,23.155082,3.515410,0.011554
109.406238,86.371208,23.035030,111.879095,88.722549,23.156545,3.641550,0.012080
109.697192,86.619126,23.078066,111.234610,88.215013,23.019597,3.697706,0.012203
109.259122,86.177575,23.081547,110.972225,87.920577,23.051649,3.578297,0.012876
109.363972,86.265175,23.098796,110.864870,87.769230,23.095641,3.646963,0.011104
109.362682,86.250210,23.112472,110.955414,87.800952,23.154462,3.471779,0.012810
109.207870,86.011015,23.196856,110.708388,87.583166,23.125222,3.434817,0.011801
109.263682,86.074632,23.189050,111.266033,88.085697,23.180337,3.622638,0.010772
109.154631,85.973910,23.180720,110.919795,87.790126,23.129670,3.509415,0.011273
109.044604,85.895458,23.149146,111.150995,88.049539,23.101456,3.551749,0.011096
109.034867,85.871307,23.163560,110.547986,87.427925,23.120062,3.612041,0.011696
108.894066,85.689020,23.205046,110.768625,87.628202,23.140423,3.462037,0.011310
108.900958,85.681675,23.219283,110.552035,87.367149,23.184886,3.399499,0.012637
109.009363,85.747074,23.262288,110.894833,87.653730,23.241103,3.565712,0.011925
108.846249,85.578814,23.267435,110.923133,87.798877,23.124257,3.395009,0.011727
108.972167,85.738767,23.233400,111.120455,87.840653,23.279802,3.595925,0.010872
108.975261,85.697541,23.277720,110.950139,87.704429,23.245709,3.600588,0.010563
108.878334,85.529982,23.348352,110.629091,87.240894,23.388197,3.605183,0.010380
108.665982,85.317108,23.348874,110.499244,87.168230,23.331015,3.480834,0.011150
108.613927,85.294749,23.319178,110.835484,87.427409,23.408076,3.464051,0.011436
108.606156,85.248442,23.357714,110.491869,87.110856,23.381014,3.443815,0.011888
108.476039,85.074358,23.401681,110.919414,87.526798,23.392617,3.404562,0.011028
108.526391,85.155599,23.370792,110.696280,87.368503,23.327777,3.470366,0.010857
108.462115,85.055916,23.406200,110.820185,87.360932,23.459252,3.374929,0.011193
108.467681,85.038637,23.429045,110.445684,87.033422,23.412262,3.454859,0.012390
108.475139,84.993148,23.481991,110.336832,86.882442,23.454390,3.572192,0.011209
108.296034,84.823783,23.472251,110.774858,87.257545,23.517313,3.465302,0.011096
108.366747,84.892993,23.473754,110.328426,86.869977,23.458449,3.416957,0.011212
108.357698,84.867436,23.490262,110.119050,86.609234,23.509816,3.490448,0.010657
108.227907,84.712417,23.515490,110.573058,87.062620,23.510438,3.445798,0.011412
108.243960,84.742601,23.501359,110.182445,86.693402,23.489043,3.504706,0.011758
108.185756,84.659856,23.525900,110.388860,86.960722,23.428138,3.598710,0.010316
108.106341,84.633248,23.473093,110.502571,87.009418,23.493153,3.275564,0.012738
107.999043,84.527459,23.471585,110.303629,86.889219,23.414411,3.469601,0.011169
108.008943,84.559229,23.449715,110.367694,86.885065,23.482628,3.382607,0.011846
107.965845,84.423048,23.542797,110.240048,86.696011,23.544038,3.654377,0.010695
107.968813,84.379590,23.589223,110.241130,86.658095,23.583035,3.325263,0.011593
108.076688,84.523336,23.553352,110.239567,86.755285,23.484282,3.443759,0.010823
108.051926,84.504757,23.547169,110.151160,86.571144,23.580017,3.593474,0.010659
107.859512,84.269557,23.589955,110.301142,86.730194,23.570948,3.487916,0.011549
107.924060,84.322202,23.601858,110.351739,86.900238,23.451501,3.489257,0.010567
107.826536,84.243196,23.583341,110.469452,86.912153,23.557299,3.472362,0.011113
107.851149,84.319659,23.531491,110.494667,86.908393,23.586274,3.428632,0.012131
108.003542,84.384582,23.618959,110.403275,86.721201,23.682074,3.666688,0.010963
107.895686,84.254344,23.641342,110.267302,86.576704,23.690598,3.511397,0.010977
107.763264,84.150585,23.612679,110.551888,87.028885,23.523002,3.431920,0.011154
108.082978,84.465817,23.617160,110.446100,86.828616,23.617483,3.383338,0.011437
107.861121,84.241869,23.619252,110.246563,86.674678,23.571885,3.305988,0.012371
107.688968,84.032517,23.656452,110.182833,86.598675,23.584158,3.354046,0.010933
107.627404,83.930209,23.697195,110.022121,86.317178,23.704943,3.456536,0.010868
107.559945,83.851283,23.708662,110.116175,86.408272,23.707902,3.317031,0.010531
107.548908,83.818912,23.729996,110.113136,86.382196,23.730940,3.347174,0.011865
107.445096,83.751834,23.693263,110.001085,86.375355,23.625730,3.593520,0.010368
107.618422,83.897762,23.720659,109.948040,86.245858,23.702182,3.422350,0.010698
107.570499,83.842571,23.727928,110.107766,86.429259,23.678507,3.345342,0.011568
107.631088,83.882726,23.748362,109.927225,86.235591,23.691634,3.440172,0.010937
107.298020,83.522574,23.775446,110.427539,86.669822,23.757717,3.875966,0.009579
107.748133,83.960672,23.787461,110.397740,86.512293,23.885446,3.356302,0.010780
107.364697,83.553522,23.811176,109.669364,85.936600,23.732764,3.624349,0.010508
107.517401,83.696424,23.820978,110.095183,86.280582,23.814601,3.612604,0.009411
107.222997,83.357061,23.865936,110.215085,86.428593,23.786492,3.420026,0.010412
107.193817,83.398091,23.795726,110.078425,86.380672,23.697753,3.504586,0.010400
107.363278,83.580274,23.783004,109.788818,86.085742,23.703076,3.444093,0.009795
107.391855,83.552393,23.839462,110.009231,86.213043,23.796188,3.688386,0.009531
107.231264,83.366822,23.864442,110.068768,86.203601,23.865167,3.392735,0.011869
107.393735,83.584268,23.809467,109.933225,86.083736,23.849489,3.672250,0.010959
107.231898,83.445138,23.786761,109.865298,86.128202,23.737095,3.417534,0.010322
107.146311,83.305493,23.840817,109.703616,85.888076,23.815540,3.434491,0.010904
107.092497,83.250721,23.841776,109.812029,86.046564,23.765465,3.560386,0.010263
106.952487,83.138820,23.813668,109.959627,86.231019,23.728608,3.417204,0.010454
107.182493,83.372432,23.810062,110.044995,86.318378,23.726617,3.663485,0.010674
107.245996,83.390582,23.855414,109.930563,85.988601,23.941962,3.644246,0.009847
107.174332,83.298849,23.875483,109.979320,86.083161,23.896160,3.722866,0.010401
107.235941,83.337873,23.898067,110.194579,86.313364,23.881215,3.560498,0.009651
107.448747,83.566069,23.882678,110.348761,86.444277,23.904485,3.663656,0.009774
107.182002,83.264305,23.917697,109.769133,85.883218,23.885914,3.531561,0.010370
107.068793,83.190915,23.877879,109.697756,85.865566,23.832190,3.750236,0.009702
107.034738,83.175837,23.858901,109.898739,86.046101,23.852639,3.474954,0.010590
107.224516,83.318026,23.906491,110.016931,86.093159,23.923772,3.476025,0.010192
107.071083,83.167106,23.903976,110.047291,86.105048,23.942243,3.385950,0.011094
107.090844,83.163173,23.927671,109.839060,85.955007,23.884053,3.417536,0.010327
107.046712,83.182622,23.864090,109.829250,86.006351,23.822899,3.590873,0.009798
107.071497,83.175346,23.896151,109.820800,85.905440,23.915359,3.735170,0.009877
106.786806,82.873921,23.912886,109.671963,85.821032,23.850930,3.434176,0.010039
107.162918,83.237230,23.925689,110.121695,86.172780,23.948915,3.794715,0.009500
106.936088,82.950147,23.985942,109.620691,85.675903,23.944788,3.600515,0.009469
