259.811238,255.513917,4.297321,194.706131,192.230403,2.475729,4.069982,0.007818
190.446489,186.868635,3.577855,180.304294,174.565559,5.738734,3.031615,0.012686
168.274632,159.802296,8.472336,157.650455,147.218733,10.431723,2.980599,0.016257
153.910851,142.991519,10.919332,148.890456,137.372929,11.517526,2.946239,0.018555
146.170532,134.081867,12.088664,142.202576,129.305112,12.897464,2.879043,0.020914
140.316632,127.015766,13.300866,137.694373,124.175115,13.519258,2.992442,0.021364
136.562852,122.629403,13.933449,133.920097,119.639154,14.280943,3.186703,0.019964
133.527038,119.102773,14.424265,131.362686,116.655380,14.707305,3.118494,0.020685
131.063959,116.207692,14.856267,129.109845,113.989027,15.120818,3.311241,0.021398
128.973351,113.753499,15.219851,127.062283,111.700206,15.362077,3.324860,0.020271
127.400244,111.941641,15.458603,125.543382,109.893496,15.649886,3.484041,0.019926
125.971009,110.307448,15.663560,124.445301,108.691523,15.753778,3.442843,0.021256
124.752100,108.930506,15.821594,123.122083,107.172314,15.949769,3.405050,0.021159
123.792714,107.782031,16.010683,122.327482,106.195217,16.132265,3.328514,0.021580
122.740152,106.592213,16.147938,121.277116,104.952159,16.324958,3.533801,0.020809
121.824760,105.543901,16.280859,120.734262,104.353056,16.381206,3.239436,0.022038
121.038485,104.599093,16.439392,120.169875,103.605749,16.564126,3.340142,0.020796
120.286030,103.756794,16.529236,119.293819,102.715989,16.577830,3.484351,0.020468
119.533864,102.887131,16.646734,118.728355,101.935415,16.792940,3.287917,0.021413
118.980978,102.287202,16.693776,117.981414,101.160058,16.821356,3.420238,0.021316
118.298583,101.487758,16.810825,117.175861,100.313174,16.862687,3.542827,0.019321
117.736027,100.870694,16.865334,116.982336,100.095562,16.886774,3.397250,0.021071
117.173424,100.256435,16.916990,116.446603,99.493078,16.953525,3.646177,0.019512
116.650066,99.656556,16.993509,116.077794,99.077064,17.000729,3.518332,0.020531
116.184776,99.126753,17.058023,115.326181,98.241047,17.085135,3.515377,0.019937
115.714384,98.597116,17.117268,114.998696,97.874098,17.124598,3.546745,0.020270
115.172736,97.994256,17.178480,114.821553,97.690546,17.131006,3.521557,0.019981
114.851612,97.682719,17.168893,114.595745,97.285573,17.310173,3.449628,0.020461
114.415264,97.189658,17.225607,114.009301,96.627528,17.381773,3.479069,0.020608
113.952101,96.663022,17.289079,113.549688,96.274710,17.274978,3.456561,0.020852
113.587053,96.293837,17.293216,113.232240,95.936703,17.295537,3.499153,0.020540
113.319695,95.960130,17.359566,112.867610,95.489500,17.378111,3.635119,0.019303
112.952039,95.535715,17.416324,112.639672,95.216652,17.423020,3.530050,0.019278
112.554673,95.176515,17.378158,112.563590,95.187891,17.375699,3.420219,0.020678
112.297942,94.889378,17.408564,112.211823,94.795528,17.416295,3.420743,0.019897
111.983591,94.572905,17.410686,111.826371,94.373870,17.452501,3.450043,0.020264
111.730931,94.308577,17.422354,111.459320,94.047708,17.411612,3.683669,0.018504
111.466784,94.048494,17.418290,111.537679,94.117480,17.420199,3.622579,0.019570
111.200735,93.744139,17.456596,111.410035,93.978060,17.431975,3.639859,0.018804
111.019530,93.571198,17.448332,110.821351,93.368471,17.452881,3.626407,0.020363
110.740040,93.305733,17.434307,110.705752,93.200936,17.504815,3.629851,0.019932
110.534311,93.061680,17.472630,110.410231,92.919898,17.490333,3.673056,0.019260
110.339483,92.856159,17.483324,110.365354,92.852830,17.512525,3.561129,0.019932
110.070743,92.604906,17.465837,110.120897,92.589757,17.531140,3.753201,0.018548
109.871483,92.368100,17.503382,109.981528,92.428351,17.553177,3.658000,0.020256
109.698505,92.154793,17.543712,109.656700,92.126806,17.529893,3.599784,0.019290
109.488105,91.926895,17.561211,109.419432,91.780453,17.638979,3.593785,0.018702
109.190716,91.591555,17.599161,109.363165,91.798755,17.564409,3.591259,0.019789
109.101776,91.527515,17.574260,109.344240,91.785464,17.558776,3.594412,0.019666
108.862651,91.301399,17.561252,108.989507,91.457890,17.531618,3.630075,0.019329
108.686390,91.104881,17.581508,108.938779,91.344974,17.593806,3.583800,0.019035
108.494641,90.904263,17.590379,108.743433,91.101211,17.642222,3.714725,0.019312
108.312308,90.703402,17.608906,108.669287,90.969914,17.699373,3.637047,0.019621
108.146953,90.529001,17.617952,108.451354,90.775044,17.676309,3.567830,0.019529
107.993433,90.365706,17.627727,108.299591,90.630484,17.669107,3.739833,0.019190
107.784938,90.169529,17.615409,108.188067,90.621568,17.566499,3.797153,0.018774
107.704005,90.049389,17.654616,108.075626,90.461562,17.614064,3.690153,0.018278
107.475906,89.796433,17.679472,107.986076,90.259315,17.726761,3.604676,0.018589
107.313342,89.629582,17.683760,107.897714,90.242503,17.655211,3.647706,0.019872
107.242620,89.611168,17.631452,107.636655,89.912595,17.724060,3.702842,0.018172
107.113698,89.437905,17.675793,107.653098,89.924020,17.729078,3.691485,0.018011
106.954971,89.261675,17.693296,107.316575,89.641507,17.675068,3.717088,0.019087
106.879192,89.150516,17.728677,107.205162,89.503903,17.701259,3.654289,0.018397
106.690798,88.944861,17.745938,107.246703,89.539515,17.707188,3.676789,0.018766
106.531441,88.809350,17.722091,106.853101,89.126828,17.726273,3.771946,0.018188
106.419140,88.649757,17.769384,106.769239,89.029101,17.740138,3.803537,0.017916
106.281295,88.502604,17.778691,106.545801,88.763628,17.782173,3.623536,0.018947
106.175701,88.403958,17.771743,106.851630,89.112557,17.739074,3.619902,0.019166
106.028412,88.218012,17.810400,106.720985,88.918098,17.802887,3.523466,0.019469
105.931394,88.087761,17.843632,106.337631,88.440249,17.897381,3.772296,0.018311
105.766189,87.908317,17.857873,106.317254,88.535920,17.781334,3.806404,0.018026
105.711238,87.870159,17.841079,106.367484,88.546399,17.821085,3.897018,0.017817
105.655809,87.769989,17.885820,106.209621,88.291223,17.918398,3.671385,0.019950
105.499087,87.574842,17.924245,105.909093,88.030219,17.878874,3.598664,0.019390
105.417549,87.496587,17.920963,106.215204,88.314589,17.900615,3.722526,0.019069
105.289954,87.341624,17.948330,106.082380,88.149815,17.932565,3.599068,0.019019
105.221917,87.274536,17.947381,106.081491,88.083112,17.998379,3.527217,0.019493
105.159900,87.150484,18.009416,105.974379,87.931420,18.042960,3.630115,0.019291
105.056605,87.043810,18.012795,105.895671,87.859110,18.036561,3.701000,0.018993
104.972179,86.938696,18.033483,105.785867,87.779930,18.005938,3.664043,0.018483
104.846644,86.801516,18.045128,105.628872,87.548324,18.080549,3.482392,0.018765
104.767716,86.719371,18.048345,105.599912,87.582253,18.017658,3.614895,0.017882
104.726936,86.666625,18.060311,105.415162,87.398914,18.016249,3.871873,0.017774
104.616533,86.548983,18.067550,105.269792,87.167641,18.102151,3.566937,0.018311
104.542084,86.481881,18.060204,105.260565,87.203711,18.056854,3.796897,0.018591
104.495435,86.387131,18.108305,105.287410,87.184364,18.103046,3.599251,0.018513
104.396907,86.265546,18.131361,105.219344,87.097351,18.121993,3.616801,0.018170
104.328398,86.163704,18.164695,105.190016,87.052783,18.137233,3.822903,0.018417
104.259747,86.117136,18.142611,105.127250,87.023583,18.103667,3.797404,0.017338
104.225632,86.028386,18.197245,104.912966,86.711495,18.201471,3.722651,0.017569
104.085487,85.929680,18.155807,105.023882,86.925553,18.098329,3.745609,0.019377
104.039155,85.837955,18.201199,104.807432,86.599060,18.208372,3.701095,0.017776
103.994724,85.776838,18.217886,104.973233,86.803088,18.170144,3.590885,0.018516
103.937287,85.717959,18.219328,104.906805,86.720833,18.185971,3.597387,0.018886
103.863530,85.634101,18.229429,104.914677,86.675272,18.239405,3.699811,0.018499
103.763049,85.492869,18.270180,104.947691,86.820988,18.126704,3.647309,0.018498
103.791751,85.562125,18.229626,104.863546,86.665856,18.197690,3.744681,0.017308
103.699838,85.426803,18.273034,104.765385,86.509050,18.256335,3.787695,0.018146
103.616479,85.348612,18.267867,104.689189,86.449616,18.239573,3.852300,0.018393
103.533922,85.223296,18.310626,104.816482,86.558684,18.257798,3.705275,0.016749
103.513606,85.244190,18.269416,104.779618,86.536380,18.243238,3.602940,0.017987
103.434595,85.180399,18.254196,104.453891,86.171199,18.282691,3.677609,0.017378
103.440149,85.147078,18.293071,104.611706,86.360840,18.250866,3.798413,0.016889
103.417241,85.116931,18.300309,104.591384,86.340104,18.251279,3.481918,0.019538
103.337650,85.021986,18.315664,104.532884,86.203149,18.329735,3.822745,0.017746
103.291040,84.976827,18.314213,104.348561,86.069419,18.279142,3.762224,0.018427
103.175746,84.824197,18.351549,104.318358,86.053483,18.264874,3.718105,0.017844
103.217673,84.891221,18.326451,104.305496,85.978020,18.327476,3.595401,0.019484
103.088047,84.715440,18.372607,104.214852,85.863351,18.351501,3.756260,0.017672
103.088111,84.716678,18.371433,104.341741,85.971579,18.370162,3.750875,0.018062
102.979546,84.618384,18.361162,104.250113,85.987771,18.262343,3.785156,0.018153
103.045420,84.704419,18.341001,104.150440,85.807957,18.342483,3.726625,0.017748
102.943512,84.567869,18.375642,104.102551,85.785286,18.317265,3.797626,0.017535
102.886359,84.536908,18.349451,104.095906,85.722443,18.373463,3.792162,0.016975
102.864585,84.453545,18.411041,104.122802,85.764678,18.358124,3.522611,0.018220
102.810757,84.411371,18.399386,104.319858,85.984906,18.334953,3.720963,0.017608
102.760036,84.392231,18.367806,104.145816,85.823742,18.322074,3.789063,0.017878
102.755567,84.390193,18.365374,104.333816,86.018151,18.315666,3.710299,0.018680
102.744968,84.369156,18.375812,104.057578,85.698177,18.359401,3.744832,0.017969
102.717619,84.313901,18.403718,104.082634,85.716973,18.365661,3.790459,0.017412
102.648887,84.240032,18.408854,104.018877,85.637792,18.381085,3.705215,0.017555
102.635321,84.196623,18.438698,103.956029,85.549725,18.406304,3.829093,0.017322
102.535917,84.101075,18.434842,103.762866,85.377612,18.385254,3.877950,0.016639
102.545233,84.121243,18.423991,104.067255,85.694723,18.372532,3.962999,0.017445
102.519256,84.078019,18.441238,103.804496,85.359039,18.445457,3.568675,0.018799
102.451562,84.019218,18.432344,104.109580,85.715767,18.393813,3.654271,0.018725
102.425406,83.959505,18.465901,104.004921,85.659114,18.345807,3.677306,0.017920
102.405813,83.942517,18.463295,103.733667,85.243925,18.489742,3.695265,0.018887
102.400972,83.915665,18.485307,103.790825,85.380128,18.410697,3.755438,0.016807
102.422133,83.943658,18.478475,103.716529,85.218461,18.498068,3.930132,0.015906
102.248493,83.760752,18.487741,103.757050,85.315197,18.441853,3.887446,0.017979
102.205775,83.751313,18.454462,103.847080,85.462968,18.384112,3.771211,0.017891
102.197139,83.681407,18.515732,103.696104,85.258443,18.437662,3.837372,0.017563
102.193758,83.693563,18.500195,103.599592,85.122942,18.476651,3.776720,0.016796
102.139757,83.646823,18.492935,103.722941,85.267942,18.454998,3.494712,0.018910
102.115633,83.620023,18.495610,103.613289,85.147053,18.466236,3.615064,0.018593
102.069876,83.621989,18.447887,103.637307,85.223643,18.413664,3.776946,0.017477
102.082626,83.598844,18.483782,103.798880,85.388709,18.410171,3.657237,0.018903
102.078041,83.603274,18.474768,103.537692,85.025974,18.511717,3.890235,0.017914
102.054631,83.536406,18.518225,103.734353,85.369574,18.364779,3.549418,0.018633
101.951677,83.454554,18.497124,103.759617,85.319659,18.439958,3.563962,0.018369
101.946320,83.438701,18.507620,103.417074,84.904169,18.512904,3.742523,0.017697
101.943589,83.449969,18.493620,103.721459,85.247535,18.473923,3.725473,0.018189
101.942723,83.418263,18.524461,103.558014,85.081967,18.476045,3.694566,0.018398
101.892712,83.354418,18.538294,103.549922,85.016453,18.533469,3.821741,0.017166
101.834767,83.314069,18.520698,103.557812,85.066039,18.491773,3.610121,0.019909
101.796017,83.278554,18.517463,103.542362,84.987301,18.555061,3.718686,0.018490
101.835340,83.311716,18.523623,103.452380,84.959554,18.492826,3.679072,0.019383
101.760988,83.245400,18.515587,103.561475,85.117478,18.443997,3.612018,0.019403
101.714440,83.222827,18.491613,103.631964,85.153991,18.477973,3.553619,0.018072
101.709803,83.155142,18.554662,103.335291,84.783077,18.552213,3.677577,0.019661
101.695556,83.101590,18.593966,103.409267,84.856325,18.552942,3.628773,0.018801
101.604860,83.028749,18.576111,103.494950,84.988716,18.506234,3.633235,0.018660
101.707292,83.194973,18.512319,103.244041,84.713579,18.530462,3.711197,0.017474
101.596247,83.047409,18.548838,103.223072,84.761676,18.461396,3.684694,0.018218
101.620602,83.065659,18.554943,103.361837,84.837952,18.523885,3.614045,0.017456
101.549005,82.982476,18.566529,103.448241,84.918181,18.530060,3.633338,0.018157
101.530458,82.916116,18.614343,103.253835,84.748882,18.504953,3.613300,0.020042
101.511794,82.947593,18.564201,103.250114,84.719505,18.530610,3.715476,0.017405
101.518738,82.956820,18.561918,103.284275,84.764977,18.519299,3.738858,0.019333
