204.441903,199.747059,4.694844,191.528629,184.167866,7.360764,10.532117,0.003383
187.289116,179.733394,7.555722,183.958498,176.227679,7.730820,8.466105,0.004933
183.672035,175.866482,7.805554,180.932300,173.126879,7.805422,nan,0.004398
178.805467,170.927412,7.878054,175.611735,167.690854,7.920882,nan,0.004261
179.202626,171.231783,7.970842,175.777140,167.798460,7.978679,nan,0.003637
177.114422,169.084083,8.030339,174.929320,166.912167,8.017153,nan,0.003411
177.496560,169.422164,8.074396,173.024108,164.968138,8.055970,nan,0.003282
179.082528,170.984586,8.097942,177.439045,169.336290,8.102755,nan,0.002897
178.965460,170.840350,8.125110,178.507042,170.385031,8.122012,nan,0.003105
180.063860,171.923480,8.140380,180.911782,172.751832,8.159951,nan,0.002092
180.348185,172.185003,8.163182,180.973874,172.803920,8.169954,nan,0.001341
181.422556,173.248587,8.173969,179.221396,171.043672,8.177724,nan,0.001269
182.559283,174.372528,8.186755,180.787844,172.597494,8.190351,nan,0.001747
185.007998,176.807556,8.200442,187.782176,179.580985,8.201192,nan,0.001144
186.441376,178.232040,8.209336,189.711237,181.492999,8.218238,nan,0.000882
188.900897,180.685163,8.215734,193.097661,184.881197,8.216464,nan,0.000461
189.409074,181.194749,8.214325,194.311314,186.087341,8.223974,nan,0.001035
192.588700,184.366331,8.222369,194.492429,186.265713,8.226715,nan,0.000838
194.923077,186.693826,8.229250,196.105891,187.876498,8.229393,nan,0.000841
195.136556,186.903601,8.232955,195.886261,187.650061,8.236200,nan,0.000835
197.522062,189.284109,8.237952,199.021125,190.787180,8.233946,nan,0.000175
199.515702,191.272889,8.242813,200.809012,192.563181,8.245831,nan,0.001003
201.797208,193.547814,8.249393,201.767843,193.524290,8.243554,nan,0.000669
203.839936,195.584726,8.255209,203.369898,195.115609,8.254290,nan,0.000425
202.879786,194.621059,8.258727,202.967445,194.706097,8.261348,nan,0.000447
203.339376,195.078008,8.261368,201.638722,193.383683,8.255038,nan,0.000455
203.514567,195.253652,8.260915,203.872125,195.613747,8.258377,nan,0.000656
204.212141,195.950760,8.261381,204.865899,196.604365,8.261534,nan,0.000543
205.190479,196.926742,8.263736,204.560314,196.303951,8.256364,nan,0.000420
204.223623,195.960194,8.263429,202.900780,194.638699,8.262081,nan,0.000252
204.732730,196.465875,8.266856,205.096152,196.829818,8.266335,nan,0.000971
205.648334,197.380004,8.268330,206.102007,197.835445,8.266561,nan,0.000674
205.894354,197.627660,8.266695,204.894576,196.633417,8.261160,nan,0.000478
206.303462,198.033571,8.269891,205.099301,196.835223,8.264078,nan,0.000256
205.203697,196.936380,8.267317,204.141520,195.873300,8.268220,nan,0.000605
205.457476,197.188738,8.268738,205.211314,196.947650,8.263664,nan,0.000165
206.752978,198.483344,8.269634,206.772550,198.504838,8.267712,nan,0.000573
206.136299,197.866326,8.269973,206.784096,198.515830,8.268265,nan,0.000243
207.212981,198.942531,8.270451,206.313939,198.049267,8.264673,nan,0.000207
207.211061,198.939959,8.271102,207.486303,199.217640,8.268663,nan,0.000221
207.724823,199.453462,8.271361,206.951212,198.684036,8.267175,nan,0.000186
208.736061,200.459179,8.276883,209.524615,201.244600,8.280015,nan,0.000229
209.586936,201.306364,8.280572,207.855934,199.587742,8.268191,nan,0.000000
208.077443,199.804417,8.273026,207.362629,199.096369,8.266261,nan,0.000437
208.361362,200.088757,8.272605,206.503207,198.241166,8.262040,nan,0.000404
208.344378,200.071572,8.272806,207.596537,199.326236,8.270300,nan,0.000163
208.527212,200.254937,8.272275,207.771984,199.505206,8.266778,nan,0.000161
209.173246,200.898134,8.275111,208.165711,199.892024,8.273687,nan,0.000288
209.020079,200.744161,8.275919,208.074148,199.805427,8.268721,nan,0.000116
209.368628,201.092544,8.276084,208.223117,199.955705,8.267412,nan,0.000186
209.059632,200.785510,8.274122,208.130431,199.863062,8.267369,nan,0.000184
208.582199,200.311072,8.271127,207.155418,198.893076,8.262343,nan,0.000432
208.883309,200.608542,8.274767,209.550620,201.274763,8.275856,nan,0.000121
209.649459,201.371872,8.277587,210.145591,201.866115,8.279477,nan,0.000066
209.922594,201.644220,8.278373,209.339721,201.062393,8.277328,nan,0.000142
209.537675,201.261800,8.275875,208.183992,199.917607,8.266384,nan,0.000360
208.692634,200.420146,8.272488,208.520744,200.248215,8.272529,nan,0.000134
208.907609,200.633964,8.273644,208.623868,200.353765,8.270103,nan,0.000017
208.502633,200.231043,8.271590,207.340494,199.069792,8.270702,nan,0.000385
208.318355,200.044178,8.274177,206.935419,198.667999,8.267420,nan,0.000368
208.499011,200.223419,8.275592,207.793042,199.519423,8.273620,nan,0.000127
208.356179,200.081075,8.275104,207.959156,199.684711,8.274444,nan,0.000286
209.069001,200.787901,8.281101,208.763529,200.484245,8.279283,nan,0.000088
209.657177,201.373361,8.283816,207.481647,199.209228,8.272419,nan,0.000223
208.982731,200.699412,8.283319,208.547862,200.269579,8.278284,nan,0.000083
209.092838,200.811118,8.281720,209.024989,200.745267,8.279722,nan,0.000116
209.264906,200.980300,8.284606,208.900446,200.620512,8.279934,nan,0.000000
209.230128,200.946016,8.284112,207.208471,198.933080,8.275391,nan,0.000292
208.795686,200.512863,8.282823,206.991502,198.720605,8.270896,nan,0.000178
206.751990,198.476326,8.275664,205.545173,197.270434,8.274739,nan,0.001269
206.710295,198.431818,8.278477,205.897129,197.622335,8.274793,nan,0.000327
206.804636,198.527290,8.277346,206.546154,198.272143,8.274010,nan,0.000641
207.172309,198.892819,8.279490,207.167831,198.892923,8.274909,nan,0.000162
207.976644,199.697875,8.278768,207.173145,198.897336,8.275808,nan,0.000391
208.597828,200.316026,8.281802,207.649585,199.373112,8.276473,nan,0.000347
207.949746,199.670740,8.279006,206.971906,198.695402,8.276505,nan,0.000312
208.297204,200.014088,8.283116,208.109695,199.831149,8.278546,nan,0.000118
209.162738,200.878995,8.283743,208.527905,200.247644,8.280262,nan,0.000061
209.499438,201.214703,8.284734,209.399923,201.115661,8.284262,nan,0.000034
210.013074,201.725723,8.287351,209.497417,201.214067,8.283350,nan,0.000153
209.806797,201.519687,8.287110,208.881936,200.598350,8.283587,nan,0.000179
209.702946,201.417831,8.285115,209.391124,201.110634,8.280490,nan,0.000128
210.136843,201.850680,8.286164,210.036488,201.746839,8.289650,nan,0.000022
209.702478,201.417620,8.284857,208.959677,200.681119,8.278558,nan,0.000493
208.931143,200.649690,8.281453,207.373646,199.097742,8.275904,nan,0.000308
208.442872,200.162990,8.279882,207.301135,199.028039,8.273096,nan,0.000171
208.967776,200.687930,8.279846,208.276523,200.002191,8.274330,nan,0.000046
209.448439,201.165442,8.282997,208.761921,200.483788,8.278132,nan,0.000172
209.385918,201.104401,8.281518,208.142736,199.866015,8.276721,nan,0.000148
209.503620,201.221837,8.281782,207.625480,199.359536,8.265944,nan,0.000537
208.622070,200.346935,8.275135,207.780085,199.508012,8.272073,nan,0.000367
208.764389,200.487775,8.276615,208.611994,200.338651,8.273342,nan,0.000079
209.571092,201.291625,8.279467,209.884730,201.602961,8.281769,nan,0.000065
209.681325,201.400670,8.280656,208.048261,199.778055,8.270206,nan,0.000238
208.848048,200.570545,8.277503,207.524172,199.251843,8.272329,nan,0.000311
208.493149,200.216762,8.276388,207.003974,198.737444,8.266530,nan,0.000254
207.869792,199.594658,8.275134,207.323796,199.046853,8.276943,nan,0.000350
208.240526,199.961581,8.278945,207.056875,198.783243,8.273631,nan,0.000145
208.209387,199.930293,8.279094,207.424301,199.148589,8.275713,nan,0.000215
208.420259,200.138109,8.282150,207.389621,199.111608,8.278013,nan,0.000281
210.066966,201.777808,8.289158,210.317176,202.024286,8.292890,nan,0.000206
210.061140,201.772078,8.289062,208.776369,200.493596,8.282773,nan,0.000070
208.678432,200.395925,8.282506,207.005462,198.728847,8.276615,nan,0.000419
208.749471,200.465741,8.283730,207.846235,199.566946,8.279289,nan,0.000496
208.371999,200.089973,8.282026,207.360848,199.083523,8.277326,nan,0.000169
208.737291,200.454520,8.282771,207.440880,199.164852,8.276028,nan,0.000318
209.249507,200.964316,8.285192,209.151928,200.869374,8.282555,nan,0.000035
209.970058,201.682619,8.287439,208.590976,200.312237,8.278739,nan,0.000205
208.884906,200.603198,8.281708,207.368680,199.092481,8.276200,nan,0.001206
209.085323,200.799392,8.285931,208.471904,200.189437,8.282467,nan,0.000175
209.408776,201.122501,8.286274,207.824515,199.545553,8.278962,nan,0.000410
208.958381,200.672278,8.286103,208.729840,200.444506,8.285333,nan,0.000148
208.770724,200.486723,8.284001,207.180414,198.908949,8.271465,nan,0.000202
208.031186,199.753874,8.277313,207.163781,198.890575,8.273207,nan,0.000275
208.211022,199.931899,8.279124,207.685516,199.410903,8.274613,nan,0.000101
209.098993,200.814072,8.284920,208.157999,199.877601,8.280397,nan,0.000713
209.152163,200.868120,8.284043,207.970178,199.692580,8.277597,nan,0.000330
208.859959,200.577972,8.281987,208.738288,200.454478,8.283810,nan,0.000017
209.703939,201.417209,8.286730,208.484004,200.202321,8.281683,nan,0.000123
209.053921,200.768380,8.285541,208.129581,199.846454,8.283127,nan,0.000429
208.856535,200.572016,8.284519,208.011788,199.730361,8.281427,nan,0.000076
208.718285,200.433164,8.285121,207.620981,199.341888,8.279094,nan,0.000367
208.399665,200.117217,8.282449,207.351277,199.074719,8.276559,nan,0.000095
208.561753,200.278902,8.282851,207.919879,199.638093,8.281786,nan,0.000281
209.459414,201.173411,8.286003,208.857716,200.573201,8.284514,nan,0.000317
209.741958,201.454789,8.287169,210.085272,201.795804,8.289467,nan,0.000146
209.809920,201.522768,8.287152,208.235485,199.955865,8.279620,nan,0.000162
209.082609,200.796854,8.285755,207.880775,199.600347,8.280428,nan,0.000162
208.723783,200.438177,8.285606,206.995308,198.716551,8.278758,nan,0.000338
207.523977,199.241698,8.282279,206.834256,198.553674,8.280582,nan,0.000088
207.460380,199.178031,8.282348,206.506710,198.226348,8.280361,nan,0.000190
207.398989,199.113257,8.285732,206.684949,198.403375,8.281574,nan,0.000525
207.889977,199.603353,8.286624,207.026859,198.743842,8.283018,nan,0.000191
207.925979,199.638063,8.287916,207.733155,199.447037,8.286118,nan,0.000225
208.481340,200.191927,8.289413,207.227923,198.941371,8.286551,nan,0.000058
209.655496,201.361703,8.293793,208.665125,200.376275,8.288849,nan,0.000100
209.116743,200.824778,8.291965,208.531195,200.240927,8.290268,nan,0.000087
209.031242,200.740622,8.290620,208.797457,200.505933,8.291524,nan,0.000121
208.938748,200.649330,8.289418,208.120151,199.835169,8.284983,nan,0.000354
208.865508,200.577167,8.288341,207.872899,199.588585,8.284314,nan,0.000218
207.958169,199.672754,8.285416,207.832131,199.549863,8.282267,nan,0.000247
208.770838,200.485006,8.285832,206.964096,198.682299,8.281797,nan,0.000094
208.374615,200.089097,8.285518,207.786466,199.505032,8.281434,nan,0.000143
208.719596,200.433507,8.286089,207.683587,199.401421,8.282167,nan,0.000279
208.364666,200.077849,8.286817,207.884822,199.599710,8.285112,nan,0.000090
208.990237,200.700132,8.290105,208.421296,200.130854,8.290442,nan,0.000071
208.940497,200.650138,8.290359,207.696872,199.412674,8.284198,nan,0.000291
208.414621,200.125772,8.288848,208.011217,199.724956,8.286261,nan,0.000436
208.314059,200.025576,8.288483,207.326269,199.037377,8.288892,nan,0.000105
208.724218,200.434663,8.289555,208.795194,200.505465,8.289729,nan,0.000047
208.731743,200.443621,8.288122,207.874707,199.592991,8.281715,nan,0.000050
208.295678,200.009010,8.286667,208.565582,200.275435,8.290147,nan,0.000327
209.472338,201.178448,8.293890,208.819016,200.529459,8.289556,nan,0.000378
208.508093,200.217878,8.290215,207.405551,199.118535,8.287016,nan,0.000263
208.725656,200.434579,8.291077,207.486601,199.200323,8.286278,nan,0.000283
208.419763,200.129460,8.290303,207.570211,199.282374,8.287836,nan,0.000204
208.507943,200.218707,8.289236,208.983114,200.692449,8.290664,nan,0.000142
209.568067,201.275766,8.292300,207.352641,199.064713,8.287928,nan,0.000097
208.218519,199.931544,8.286975,207.233936,198.950400,8.283536,nan,0.000275
208.450198,200.160698,8.289500,207.395243,199.109043,8.286200,nan,0.000141
