235.692813,233.906128,1.786684,192.374699,189.325232,3.049467,5.775799,0.008180
182.922965,177.373881,5.549084,169.950499,161.474198,8.476300,4.648140,0.013387
160.962717,150.614588,10.348128,151.989814,140.128331,11.861482,3.983434,0.017396
148.012320,135.249107,12.763212,143.013693,128.939646,14.074047,3.540684,0.020468
140.128995,125.555762,14.573232,136.788309,121.500705,15.287604,3.401395,0.020480
134.749852,119.030316,15.719536,132.131352,115.768142,16.363210,3.496552,0.021265
130.950729,114.315344,16.635385,128.791135,111.647779,17.143356,3.512177,0.019842
128.120656,110.919626,17.201030,126.051863,108.419906,17.631957,3.460323,0.020336
125.748884,107.933525,17.815359,123.935016,105.786046,18.148970,3.506646,0.019485
123.717019,105.516997,18.200022,122.125735,103.751415,18.374320,3.615276,0.019592
122.035944,103.388296,18.647649,120.360287,101.504373,18.855914,3.534671,0.020485
120.382966,101.398788,18.984178,119.057604,99.748379,19.309226,3.385878,0.020381
119.062372,99.882573,19.179799,117.882968,98.672995,19.209973,3.495266,0.019722
117.868013,98.443422,19.424591,116.668188,96.961729,19.706459,3.361152,0.019552
116.782086,97.133462,19.648625,115.963520,96.210518,19.753003,3.407763,0.020076
115.658149,95.892277,19.765873,114.936392,95.062081,19.874311,3.274200,0.018405
114.793939,94.837476,19.956462,114.011504,93.975409,20.036095,3.536764,0.018113
113.932530,93.726950,20.205580,113.809465,93.526131,20.283335,3.327507,0.019392
113.264654,92.873325,20.391329,112.658702,92.113739,20.544962,3.382391,0.018606
112.517047,92.059448,20.457599,112.592364,92.156669,20.435695,3.279170,0.019226
111.952239,91.348045,20.604194,111.498853,90.882228,20.616626,3.340300,0.019086
111.208413,90.607498,20.600915,111.259430,90.771216,20.488214,3.415412,0.018369
110.758476,90.102304,20.656172,110.778046,90.311705,20.466341,3.402514,0.018224
110.216200,89.445392,20.770808,110.296186,89.410788,20.885398,3.337104,0.018238
109.665269,88.819460,20.845809,109.763016,88.879171,20.883845,3.254068,0.018252
109.282675,88.353738,20.928937,109.074894,88.059999,21.014895,3.335308,0.017359
108.828422,87.791369,21.037053,108.924408,87.872048,21.052360,3.272668,0.017556
108.360451,87.346841,21.013610,108.536673,87.443815,21.092858,3.391463,0.017082
108.098523,87.012421,21.086103,108.521727,87.462343,21.059385,3.366146,0.017638
107.734807,86.658319,21.076488,108.197403,87.113438,21.083965,3.396769,0.017285
107.445306,86.303764,21.141542,107.656839,86.536992,21.119847,3.424269,0.017377
107.161666,85.880475,21.281192,107.478860,86.254920,21.223941,3.287707,0.016934
106.918396,85.609230,21.309166,107.265844,85.937013,21.328831,3.410140,0.016387
106.643288,85.327606,21.315682,107.463457,86.302517,21.160940,3.281915,0.017970
106.401484,85.070368,21.331117,106.911210,85.719198,21.192012,3.318730,0.018118
106.202555,84.785764,21.416791,106.830116,85.254250,21.575866,3.140258,0.017517
105.980918,84.544609,21.436309,106.714603,85.201975,21.512628,3.227513,0.017195
105.779628,84.352484,21.427144,106.350281,84.816986,21.533296,3.300788,0.016863
105.527255,83.958690,21.568565,106.345725,84.898060,21.447665,3.367806,0.016343
105.510148,83.888248,21.621899,106.190459,84.559353,21.631106,3.362966,0.016487
105.270018,83.731285,21.538733,106.186159,84.633125,21.553034,3.335722,0.017347
104.958079,83.391800,21.566279,105.974908,84.466485,21.508422,3.375937,0.016600
104.867388,83.277849,21.589539,105.787789,84.341114,21.446675,3.131603,0.017870
104.735889,83.180584,21.555306,105.817118,84.316119,21.500998,3.307770,0.016602
104.553467,82.965676,21.587791,105.676633,84.006362,21.670271,3.347466,0.016699
104.365801,82.732685,21.633116,105.016899,83.481519,21.535380,3.265695,0.017001
104.285363,82.661183,21.624181,105.162600,83.528409,21.634190,3.332878,0.017470
104.097494,82.477521,21.619974,105.584054,83.929506,21.654547,3.375654,0.016404
103.891587,82.229850,21.661737,104.922583,83.387753,21.534831,3.302729,0.016372
103.788500,82.144097,21.644403,104.811521,83.184717,21.626804,3.358197,0.016102
103.666284,82.021736,21.644547,104.765407,83.078379,21.687029,3.237228,0.016908
103.520986,81.849220,21.671765,104.956132,83.393590,21.562542,3.199547,0.017197
103.324123,81.657776,21.666347,104.358323,82.689878,21.668444,3.376951,0.016540
103.232445,81.580715,21.651731,104.458128,82.713318,21.744810,3.384054,0.015675
103.144273,81.424154,21.720119,104.149374,82.481424,21.667950,3.355842,0.016700
102.993656,81.309996,21.683660,104.337126,82.696569,21.640557,3.270724,0.016787
102.878109,81.186440,21.691669,103.995070,82.361311,21.633759,3.216635,0.017507
102.741623,81.050836,21.690787,104.023058,82.415867,21.607191,3.449224,0.015656
102.631659,80.955826,21.675833,103.931771,82.232318,21.699453,3.365868,0.015853
102.578147,80.822592,21.755554,103.787411,82.194299,21.593113,3.348605,0.017024
102.486043,80.810306,21.675738,103.939655,82.197232,21.742423,3.380299,0.016339
102.318958,80.579589,21.739369,103.774770,82.175798,21.598972,3.357117,0.016007
102.324897,80.570769,21.754128,104.110455,82.342351,21.768104,3.235178,0.016244
102.156560,80.370361,21.786199,103.519547,81.789997,21.729550,3.328446,0.015698
102.077174,80.261331,21.815843,103.691852,82.009912,21.681941,3.251961,0.015751
102.042344,80.232147,21.810198,103.625983,81.790910,21.835074,3.208982,0.016462
102.015809,80.200675,21.815134,103.593811,82.004302,21.589508,3.337092,0.015845
101.888526,80.066859,21.821668,103.729567,81.919569,21.809999,3.218548,0.016832
101.937918,80.185701,21.752217,103.610300,81.858737,21.751563,3.279195,0.016831
101.825708,80.000098,21.825610,103.585688,81.768056,21.817631,3.327219,0.015157
101.751744,79.809791,21.941953,103.552519,81.619812,21.932707,3.276737,0.016565
101.584891,79.678405,21.906486,103.406452,81.619245,21.787207,3.314230,0.015649
101.579239,79.697723,21.881516,103.700781,81.910902,21.789879,3.184096,0.016570
101.557763,79.691141,21.866622,103.475080,81.653260,21.821821,3.225135,0.016408
101.488179,79.636084,21.852095,103.420647,81.568058,21.852589,3.303901,0.015894
101.428520,79.479515,21.949004,103.491259,81.561779,21.929480,3.298424,0.016030
101.310788,79.396080,21.914708,103.270191,81.387255,21.882936,3.161558,0.016718
101.315729,79.361909,21.953820,103.081354,81.226024,21.855330,3.168470,0.018080
101.244715,79.291173,21.953542,103.122312,81.077431,22.044881,3.246663,0.016614
101.267929,79.319106,21.948824,103.114903,81.294128,21.820775,3.204278,0.016694
101.166110,79.242606,21.923504,103.183541,81.279142,21.904398,3.306397,0.015587
101.083823,79.155642,21.928181,103.171066,81.348678,21.822387,3.256061,0.016963
101.036044,79.062473,21.973571,103.103317,81.210834,21.892483,3.498234,0.014740
101.004082,78.987911,22.016172,103.116610,81.171749,21.944862,3.218716,0.016048
101.006550,79.016526,21.990024,102.992215,81.076329,21.915887,3.219065,0.016219
100.934000,78.944273,21.989728,103.155758,81.190967,21.964791,3.275073,0.015674
100.992078,78.947885,22.044193,103.157339,81.139726,22.017614,3.141361,0.016341
100.896483,78.808595,22.087888,102.901757,80.960713,21.941044,3.497986,0.014811
100.815200,78.750221,22.064979,103.089835,81.070104,22.019732,3.417837,0.014779
100.721083,78.668295,22.052788,102.737745,80.775522,21.962223,3.322250,0.015105
100.667574,78.687445,21.980129,102.836285,80.975988,21.860297,3.473111,0.015575
100.767060,78.676757,22.090303,102.877047,80.717290,22.159758,3.286388,0.015723
100.663971,78.592391,22.071581,102.917705,80.941455,21.976251,3.606427,0.014504
100.613648,78.557196,22.056452,102.820125,80.781447,22.038678,3.337996,0.015749
100.490557,78.460091,22.030466,102.874360,80.940210,21.934150,3.215626,0.016256
100.439368,78.431753,22.007615,102.985489,81.109442,21.876047,3.238152,0.016253
100.400641,78.415283,21.985358,102.561107,80.651628,21.909479,3.264813,0.015182
100.358419,78.406302,21.952117,102.629018,80.732420,21.896598,3.359237,0.015005
100.376757,78.325577,22.051180,102.710943,80.810266,21.900678,3.324265,0.017537
100.284544,78.265442,22.019101,102.554250,80.589663,21.964588,3.289886,0.015820
100.258307,78.181117,22.077190,102.306439,80.257519,22.048920,3.255969,0.016534
100.201451,78.171955,22.029496,102.723483,80.823444,21.900039,3.363540,0.015518
100.248450,78.220727,22.027723,102.542348,80.619563,21.922785,3.186446,0.016643
100.162497,78.127578,22.034919,102.712276,80.695567,22.016709,3.380015,0.015596
100.144324,78.063961,22.080363,102.439203,80.457934,21.981269,3.195523,0.016320
100.083484,78.018326,22.065158,102.501550,80.502699,21.998852,3.238462,0.015432
100.120597,78.063361,22.057236,102.596290,80.760181,21.836108,3.188373,0.016297
99.954279,77.957906,21.996373,102.783377,80.826962,21.956415,3.330428,0.015975
100.007600,77.998561,22.009039,102.233610,80.377779,21.855831,3.288351,0.015739
99.921885,77.932209,21.989677,102.370949,80.529085,21.841863,3.334072,0.016800
99.958598,77.902582,22.056016,102.365616,80.369683,21.995934,3.200507,0.015242
99.927211,77.873468,22.053742,102.597647,80.667923,21.929725,3.402205,0.015491
99.944357,77.913935,22.030422,102.207459,80.233277,21.974182,3.278637,0.014731
99.845176,77.789768,22.055409,102.270393,80.417832,21.852561,3.442873,0.014826
99.847731,77.809158,22.038572,102.399218,80.415054,21.984164,3.431025,0.014122
99.734534,77.718343,22.016191,102.491534,80.479979,22.011555,3.238504,0.015646
99.711410,77.701097,22.010313,102.261018,80.370261,21.890757,3.136637,0.017235
99.614731,77.650097,21.964634,102.437924,80.518679,21.919245,3.082018,0.016268
99.659913,77.633308,22.026606,102.384316,80.454106,21.930210,3.331469,0.015264
99.644934,77.592002,22.052931,102.179112,80.220386,21.958727,3.381295,0.014935
99.564054,77.590594,21.973460,102.313545,80.346581,21.966964,3.241670,0.016598
99.541314,77.544144,21.997170,102.293089,80.480648,21.812441,3.245001,0.015626
99.510234,77.502367,22.007867,102.162857,80.125897,22.036961,3.298356,0.015401
99.617426,77.512559,22.104867,102.042763,80.053375,21.989388,3.260085,0.015488
99.526496,77.486136,22.040359,102.093009,80.147849,21.945160,3.090789,0.016393
99.427642,77.372113,22.055530,102.135426,80.188454,21.946971,3.147403,0.016032
99.437186,77.409421,22.027765,102.235041,80.320735,21.914306,3.408781,0.015445
99.449026,77.395026,22.053999,102.003530,80.114834,21.888696,3.284058,0.015747
99.500132,77.434297,22.065835,102.298632,80.180001,22.118630,3.170380,0.015785
99.425565,77.262934,22.162631,102.121413,80.080340,22.041073,3.447852,0.015039
99.292413,77.182647,22.109766,101.842761,79.908167,21.934594,3.417885,0.014935
99.398397,77.305331,22.093066,102.079108,80.076620,22.002488,3.367736,0.016299
99.378662,77.298272,22.080389,102.188846,80.267409,21.921437,3.296515,0.016012
99.274099,77.182269,22.091830,102.108685,80.088915,22.019771,3.336823,0.015399
99.220568,77.132131,22.088437,101.985549,80.075217,21.910332,3.249373,0.015535
99.232169,77.075536,22.156633,102.132994,80.048525,22.084468,3.419707,0.014859
99.268024,77.167931,22.100093,102.367502,80.354331,22.013171,3.349111,0.015899
99.336478,77.191561,22.144917,102.257869,80.197197,22.060671,3.413873,0.014404
99.202492,77.110168,22.092324,101.978181,79.999430,21.978751,3.349478,0.014245
99.210347,77.090313,22.120034,102.991418,80.798159,22.193259,3.029971,0.016614
99.343357,77.115513,22.227844,102.223267,80.107280,22.115987,3.154342,0.016824
99.162573,76.996458,22.166116,101.939327,79.925815,22.013512,3.344003,0.016024
99.137395,77.024041,22.113354,101.954756,79.893884,22.060873,3.276284,0.015727
99.165769,77.010444,22.155325,102.215625,80.127828,22.087797,3.342917,0.015649
99.204797,77.047578,22.157219,102.564462,80.478721,22.085742,3.367853,0.015198
99.225705,77.121936,22.103769,102.141521,80.107918,22.033603,3.265012,0.015571
99.057533,76.910471,22.147062,102.292861,80.266381,22.026480,3.351570,0.015028
99.027041,76.947022,22.080019,102.079808,80.102772,21.977036,3.367752,0.014923
99.156750,77.034210,22.122540,102.102353,80.015121,22.087232,3.251619,0.015004
99.125504,76.953898,22.171606,102.286740,80.206677,22.080063,3.340435,0.015584
99.000032,76.848230,22.151802,102.108747,80.163409,21.945337,3.205000,0.016698
98.949392,76.841709,22.107683,102.209142,80.280859,21.928282,3.150533,0.016601
98.925031,76.833529,22.091502,101.976549,80.029954,21.946595,3.169063,0.016386
98.921203,76.789564,22.131639,101.952417,79.974429,21.977988,3.322336,0.015373
98.920448,76.811524,22.108924,102.013182,79.932745,22.080437,3.284309,0.015443
98.844909,76.739032,22.105877,101.860467,79.964334,21.896134,3.468858,0.014822
98.876233,76.781433,22.094800,101.994941,80.022966,21.971975,3.249532,0.015634
99.040065,76.887356,22.152710,102.131713,79.964979,22.166734,3.198637,0.015454
98.878337,76.698709,22.179628,102.069097,80.023237,22.045860,3.416950,0.015409
98.864316,76.737189,22.127127,102.161920,80.121282,22.040639,3.257522,0.015284
