197.427646,191.463852,5.963794,168.917622,156.905087,12.012535,2.186048,0.023243
155.683715,139.821214,15.862502,146.714079,128.747938,17.966141,2.344665,0.030958
142.631689,123.289235,19.342454,137.389842,116.836247,20.553595,2.336018,0.035198
135.296449,114.014763,21.281686,131.648692,109.743242,21.905450,2.326337,0.038422
131.077440,108.944267,22.133173,128.924765,106.548365,22.376400,2.604312,0.036255
128.432092,105.839263,22.592829,126.155312,103.316770,22.838542,2.515365,0.037043
126.317345,103.372514,22.944830,124.481469,101.583367,22.898102,2.545430,0.040056
124.783021,101.647349,23.135673,123.506843,100.329476,23.177367,2.531476,0.038583
123.675795,100.376794,23.299001,122.744595,99.458593,23.286002,2.532196,0.042417
122.666048,99.278506,23.387542,121.607277,98.169325,23.437951,2.634231,0.040510
121.813482,98.317412,23.496070,121.162946,97.678015,23.484930,2.516966,0.040918
121.187608,97.646306,23.541302,120.718344,97.204644,23.513701,2.737505,0.039733
120.456319,96.903096,23.553222,119.851460,96.275854,23.575606,2.692407,0.039520
119.944650,96.317237,23.627413,119.758464,96.079713,23.678751,2.639637,0.042429
119.479058,95.845699,23.633359,119.422982,95.708918,23.714063,2.759811,0.037837
119.043757,95.403841,23.639916,118.774471,95.255572,23.518899,2.823218,0.041364
118.624035,94.966897,23.657139,118.357441,94.682103,23.675338,2.766986,0.040176
118.213958,94.539662,23.674296,118.242016,94.505918,23.736098,3.128829,0.036272
117.913855,94.215261,23.698594,117.813985,94.020772,23.793213,2.690835,0.043580
117.587182,93.899318,23.687864,117.917169,94.297421,23.619748,2.909844,0.036900
117.321142,93.638087,23.683055,117.633291,93.922807,23.710484,2.820728,0.039276
117.066715,93.346897,23.719819,116.917711,93.222088,23.695623,2.728370,0.042168
116.793925,93.113828,23.680098,117.058263,93.335922,23.722341,2.894526,0.042127
116.509779,92.832870,23.676909,116.534899,92.879771,23.655128,2.867298,0.040951
116.279236,92.580209,23.699027,116.743728,93.206114,23.537614,2.925810,0.041380
116.074029,92.389526,23.684503,116.524548,92.882454,23.642095,2.706246,0.041721
115.889071,92.227903,23.661169,116.027469,92.302669,23.724800,2.761019,0.042057
115.590034,91.903800,23.686234,115.980205,92.371435,23.608770,2.917214,0.040132
115.332071,91.691642,23.640428,115.976091,92.312232,23.663860,2.956573,0.039980
115.260385,91.607203,23.653181,115.858389,92.247857,23.610533,2.914778,0.039210
115.107958,91.435298,23.672660,115.642310,92.046833,23.595478,2.823437,0.040461
114.914760,91.227740,23.687020,115.626631,91.960375,23.666256,2.718235,0.042054
114.644706,90.990934,23.653773,115.652158,91.989047,23.663110,2.796426,0.040843
114.520824,90.870525,23.650299,115.334344,91.693974,23.640371,2.698194,0.044802
114.466770,90.834243,23.632527,114.933065,91.330420,23.602646,3.032130,0.039587
114.256123,90.604915,23.651209,115.118664,91.422200,23.696464,2.875687,0.041743
114.113894,90.495364,23.618530,114.746119,91.147784,23.598335,2.909290,0.039910
114.000982,90.440544,23.560438,114.704686,91.069408,23.635278,2.958003,0.040011
113.885278,90.276498,23.608781,114.810596,91.152207,23.658389,2.928911,0.041182
113.720900,90.095135,23.625765,114.857619,91.282055,23.575563,2.908596,0.040122
113.595699,90.030810,23.564889,114.754464,91.091851,23.662613,2.906455,0.039391
113.458921,89.872505,23.586416,114.698084,91.083975,23.614109,2.830551,0.041452
113.333003,89.763056,23.569947,114.307624,90.804949,23.502675,3.105175,0.036701
113.263615,89.727470,23.536145,114.282157,90.776772,23.505385,2.917833,0.038419
113.176255,89.675361,23.500894,114.183251,90.721060,23.462191,3.045646,0.038906
112.955638,89.461453,23.494185,113.939000,90.608217,23.330783,2.914125,0.039615
112.841973,89.335037,23.506936,114.204575,90.744492,23.460084,2.925205,0.038274
112.690806,89.223806,23.467000,113.676121,90.304411,23.371710,2.926799,0.045090
112.603617,89.156600,23.447017,113.862566,90.408366,23.454200,2.949716,0.040130
112.551181,89.046652,23.504529,113.874674,90.391466,23.483208,2.965787,0.039013
112.431410,88.967495,23.463915,113.631891,90.149379,23.482511,2.892354,0.043453
112.411039,88.936964,23.474075,113.483903,90.113053,23.370851,2.954977,0.037644
112.270040,88.842569,23.427470,113.450287,90.174298,23.275990,2.983634,0.040726
112.135529,88.669243,23.466286,113.422180,89.952578,23.469602,2.823746,0.040439
112.048577,88.614817,23.433760,113.086924,89.637136,23.449788,2.985836,0.040286
111.985978,88.549265,23.436713,113.364826,89.977080,23.387746,2.986055,0.039951
111.869275,88.466719,23.402557,113.115217,89.879690,23.235527,2.954550,0.038269
111.806313,88.368999,23.437314,113.392890,90.051006,23.341883,2.837058,0.043526
111.729353,88.317354,23.411999,113.194422,89.862722,23.331700,2.966434,0.044065
111.647882,88.238734,23.409148,112.950259,89.686111,23.264149,3.030887,0.039677
111.623990,88.221247,23.402743,113.074052,89.624658,23.449394,2.982944,0.040304
111.435466,88.074048,23.361418,112.770839,89.395574,23.375266,3.033730,0.037179
111.414291,88.034617,23.379674,112.740098,89.502883,23.237216,2.822309,0.043447
111.258982,87.894624,23.364358,112.565160,89.234949,23.330211,2.991033,0.038381
111.173503,87.839334,23.334169,112.719351,89.438779,23.280573,3.110528,0.041469
111.090614,87.750444,23.340170,112.546727,89.248286,23.298441,3.040805,0.038440
111.104795,87.761630,23.343165,112.459723,89.202032,23.257691,2.947330,0.043309
110.972675,87.620603,23.352072,112.640085,89.469912,23.170173,2.965411,0.039175
110.967020,87.618567,23.348453,112.318802,89.070379,23.248423,3.054156,0.040920
110.901089,87.596148,23.304941,112.399311,89.158198,23.241114,3.009599,0.040460
110.763889,87.452531,23.311358,112.212755,88.988895,23.223860,3.046566,0.036424
110.715152,87.380481,23.334672,112.107227,88.880382,23.226844,2.908473,0.039415
110.618705,87.285197,23.333508,112.068124,88.755607,23.312517,2.885047,0.041571
110.637060,87.321781,23.315278,112.399804,89.122012,23.277792,3.014920,0.039156
110.455255,87.149180,23.306074,112.068852,88.801094,23.267758,3.041525,0.036665
110.450946,87.164700,23.286246,111.828150,88.590177,23.237973,3.005177,0.043813
110.327906,87.062357,23.265549,111.976722,88.814978,23.161744,3.049325,0.040861
110.221883,86.973796,23.248087,112.197682,89.083466,23.114216,2.845314,0.044149
110.195792,86.950318,23.245474,111.932632,88.880792,23.051841,3.100190,0.038795
110.228209,86.978584,23.249625,111.803497,88.468864,23.334634,2.888627,0.039182
110.017412,86.754824,23.262587,111.840990,88.699664,23.141326,3.044801,0.039746
110.046660,86.798848,23.247811,111.668407,88.438355,23.230052,2.915427,0.043636
109.936193,86.672793,23.263400,111.754784,88.648323,23.106461,3.062837,0.041229
109.847818,86.630890,23.216928,111.544172,88.385191,23.158981,2.963350,0.042442
109.813618,86.626211,23.187407,111.604462,88.460747,23.143715,2.962671,0.040811
109.770560,86.542817,23.227743,111.682384,88.475929,23.206455,3.234410,0.037942
109.784761,86.522680,23.262081,111.649768,88.566944,23.082824,2.918772,0.043486
109.622779,86.392203,23.230576,111.309898,88.150658,23.159241,3.046290,0.036837
109.594343,86.397497,23.196846,111.220537,88.096901,23.123636,3.230909,0.037570
109.603471,86.373929,23.229542,111.360210,88.123099,23.237111,2.920789,0.041850
109.464724,86.288270,23.176454,111.470065,88.316352,23.153713,3.100919,0.039385
109.492695,86.285261,23.207434,111.436917,88.233409,23.203508,2.916759,0.039144
109.384967,86.155713,23.229255,111.159387,87.944498,23.214890,3.046057,0.037844
109.351124,86.152999,23.198124,111.016012,87.756679,23.259333,2.951193,0.039886
109.285206,86.098387,23.186819,110.955393,87.759660,23.195733,3.181495,0.036403
109.258125,86.043891,23.214234,111.122261,87.916523,23.205739,2.970584,0.042295
109.138776,85.968007,23.170770,111.240810,88.183470,23.057341,3.013277,0.040115
109.073324,85.881181,23.192143,110.942784,87.796649,23.146135,3.025951,0.037643
109.021085,85.835245,23.185841,111.020615,87.962523,23.058091,3.070026,0.036100
109.046463,85.882377,23.164087,111.072569,87.904456,23.168112,3.132733,0.038108
109.000552,85.800721,23.199831,110.514210,87.334644,23.179567,3.275002,0.033625
108.917609,85.720815,23.196794,110.825275,87.731932,23.093343,3.037218,0.037988
108.875554,85.749526,23.126028,110.631986,87.556470,23.075515,3.049401,0.037507
108.762757,85.574476,23.188281,110.722850,87.696393,23.026457,3.055143,0.036521
108.812848,85.645027,23.167821,110.636135,87.560617,23.075517,3.145597,0.038798
108.692704,85.522500,23.170204,110.706868,87.665376,23.041492,3.109853,0.036978
108.639999,85.492552,23.147447,110.597132,87.577374,23.019758,3.151335,0.038546
108.631353,85.425626,23.205727,110.609941,87.390931,23.219011,3.038377,0.037981
108.622651,85.445834,23.176818,110.392637,87.336796,23.055841,3.141442,0.038351
108.567055,85.403804,23.163251,110.721058,87.642697,23.078362,3.008526,0.038443
108.524978,85.340664,23.184314,110.262141,86.995161,23.266980,2.910054,0.040861
108.499673,85.314945,23.184728,110.245418,87.185548,23.059870,2.993793,0.038448
108.461604,85.288820,23.172784,110.430561,87.241927,23.188634,2.893770,0.042110
108.367826,85.184814,23.183011,110.494483,87.437843,23.056639,2.911924,0.043279
108.414997,85.256225,23.158772,110.560817,87.503335,23.057481,2.981560,0.043926
108.300480,85.110096,23.190384,110.157820,87.049958,23.107861,2.945581,0.041592
108.314696,85.124661,23.190035,110.478206,87.430029,23.048177,3.087103,0.038548
108.220298,85.053180,23.167118,110.278509,87.247715,23.030794,3.093411,0.039365
108.228938,85.039746,23.189192,110.068085,86.992916,23.075170,3.113751,0.040297
108.149931,84.981468,23.168463,109.986869,86.874123,23.112746,3.113729,0.036702
108.195667,84.985611,23.210057,110.074995,86.977069,23.097927,2.949205,0.039350
108.153294,84.995560,23.157734,109.682454,86.633805,23.048649,3.228046,0.036111
108.038110,84.844755,23.193355,109.832313,86.679693,23.152620,2.881608,0.041612
107.944064,84.783321,23.160743,110.263640,87.160562,23.103078,3.060695,0.036589
107.988410,84.848891,23.139519,109.821084,86.761826,23.059258,2.985848,0.036349
107.848928,84.673743,23.175184,109.986737,86.758949,23.227789,3.021086,0.041954
107.920886,84.773388,23.147498,110.124669,87.062631,23.062038,3.195441,0.032417
107.842918,84.682977,23.159941,110.042357,86.952700,23.089657,3.081634,0.040029
107.892242,84.703711,23.188532,109.861904,86.758954,23.102950,2.877893,0.041636
107.790484,84.607409,23.183076,109.558694,86.498397,23.060297,3.192240,0.037311
107.709318,84.610486,23.098832,109.723538,86.622128,23.101410,2.911832,0.040995
107.688350,84.611389,23.076962,109.738749,86.714922,23.023828,3.067519,0.035767
107.655448,84.544364,23.111084,109.827187,86.876879,22.950309,3.026062,0.039609
107.594272,84.477888,23.116384,109.770301,86.694430,23.075871,3.039494,0.034616
107.589091,84.443750,23.145341,109.738676,86.825294,22.913382,2.961143,0.037792
107.578181,84.518901,23.059280,109.785134,86.816892,22.968242,3.011506,0.040830
107.540679,84.408729,23.131950,109.780479,86.632025,23.148455,2.989209,0.037575
107.452705,84.335417,23.117288,109.461864,86.468902,22.992962,3.105543,0.037818
107.487881,84.354074,23.133807,109.750589,86.648078,23.102511,3.022696,0.036132
107.337488,84.227055,23.110434,109.446945,86.425444,23.021500,2.969794,0.039250
107.434570,84.333495,23.101075,109.516186,86.499283,23.016903,3.165344,0.038555
107.340281,84.251449,23.088832,109.453610,86.398073,23.055537,3.000123,0.037602
107.320779,84.225018,23.095761,109.405276,86.334070,23.071207,3.112574,0.036993
107.332468,84.207524,23.124945,109.488191,86.451557,23.036634,3.027498,0.038359
107.243102,84.112002,23.131100,109.404829,86.305944,23.098885,3.125225,0.036970
107.195429,84.084157,23.111272,109.632069,86.564821,23.067249,2.899959,0.037168
107.179988,84.066151,23.113838,109.390762,86.390523,23.000240,3.233233,0.036752
107.159555,84.053558,23.105998,109.360120,86.367890,22.992230,3.038884,0.035868
107.090167,83.990847,23.099320,109.142963,86.110060,23.032903,3.252874,0.036629
107.048298,83.956051,23.092247,109.302319,86.233352,23.068968,3.003903,0.036626
107.050076,83.939467,23.110609,109.149254,86.044513,23.104742,2.804579,0.041030
106.893660,83.817222,23.076437,109.375741,86.476644,22.899097,3.150749,0.037997
107.087968,83.998671,23.089296,109.289427,86.218167,23.071260,3.090060,0.036484
106.935317,83.806732,23.128585,109.055248,85.992939,23.062310,3.095879,0.039482
106.939589,83.839617,23.099972,109.042032,85.991822,23.050210,3.055205,0.039185
106.935126,83.855009,23.080117,109.167802,86.232622,22.935180,3.051895,0.038448
106.880113,83.793418,23.086695,109.202216,86.224312,22.977903,3.048562,0.040854
106.872197,83.767957,23.104239,109.115153,86.125280,22.989873,3.266922,0.036344
106.847601,83.755683,23.091918,109.219731,86.207520,23.012212,3.005700,0.038829
106.784869,83.680026,23.104843,109.471414,86.467732,23.003683,3.046712,0.037060
