269.141013,267.128406,2.012607,195.421344,192.194671,3.226673,4.918094,0.007723
192.129781,187.555160,4.574621,186.814408,181.233709,5.580699,8.471520,0.006633
183.749523,177.621975,6.127548,178.074301,171.429714,6.644587,8.081129,0.008962
172.231623,165.249239,6.982384,166.914793,159.626001,7.288791,12.035292,0.010825
163.325678,155.935846,7.389832,159.664979,152.131898,7.533081,16.481081,0.010396
158.862372,151.280659,7.581713,156.145791,148.507509,7.638281,58.625595,0.006496
156.076579,148.408185,7.668395,153.453552,145.785894,7.667657,11.307996,0.012869
153.783508,146.036106,7.747402,152.692959,144.880904,7.812055,12.508013,0.009413
152.159896,144.358535,7.801362,151.606993,143.765306,7.841686,15.696733,0.008957
150.624823,142.788181,7.836642,149.303086,141.461899,7.841187,20.044838,0.008914
149.412294,141.559736,7.852559,147.883269,140.024402,7.858867,17.110693,0.008124
148.486341,140.608495,7.877846,149.095174,141.195273,7.899900,14.779787,0.007297
148.131592,140.219500,7.912091,148.235955,140.300515,7.935439,13.954330,0.009130
147.663592,139.726658,7.936934,147.537647,139.602604,7.935043,32.177212,0.005092
147.247738,139.292571,7.955167,146.567140,138.611526,7.955614,19.438921,0.009276
147.070187,139.097474,7.972713,148.017896,140.027935,7.989962,14.256370,0.007984
147.417131,139.426647,7.990484,146.499479,138.490299,8.009180,18.213060,0.009601
146.007650,138.010778,7.996872,145.756080,137.764298,7.991783,1103.876221,0.006950
146.382179,138.377522,8.004657,146.294784,138.285636,8.009149,21.207390,0.007702
145.979168,137.971822,8.007346,146.545933,138.533093,8.012840,19.863007,0.008275
146.376458,138.355294,8.021164,144.804349,136.777082,8.027267,46.808441,0.006142
145.723509,137.692512,8.030997,145.437447,137.416720,8.020727,23.098619,0.005003
145.235871,137.197564,8.038307,145.282541,137.243772,8.038768,17.760109,0.006707
145.662486,137.618396,8.044090,145.288798,137.233337,8.055461,17.993616,0.005390
145.243312,137.187220,8.056092,145.517555,137.460972,8.056584,24.634645,0.004233
145.140803,137.082290,8.058513,145.566897,137.505498,8.061400,25.674034,0.005664
145.131203,137.066027,8.065176,146.925265,138.852315,8.072949,nan,0.006172
144.813353,136.744083,8.069270,143.987591,135.922841,8.064751,35.833591,0.005254
144.867383,136.795119,8.072264,144.399151,136.325798,8.073354,nan,0.006288
144.796825,136.717886,8.078939,144.485727,136.411459,8.074267,nan,0.007466
144.734863,136.649232,8.085631,144.814264,136.725645,8.088619,17.179491,0.002967
144.351743,136.263383,8.088361,144.447368,136.365154,8.082215,18.486382,0.003661
144.278350,136.190219,8.088131,145.345030,137.257331,8.087699,30.746830,0.005312
144.684529,136.598980,8.085549,144.248246,136.163030,8.085216,17.683027,0.006034
144.550062,136.457449,8.092613,144.245062,136.146375,8.098687,38.330379,0.003070
144.754305,136.658579,8.095726,144.614231,136.518466,8.095765,15.306236,0.006086
143.972203,135.874309,8.097894,143.389534,135.294044,8.095489,25.025337,0.007260
143.770037,135.665275,8.104762,143.499768,135.400277,8.099491,34.033813,0.005321
143.524345,135.419241,8.105104,144.165048,136.055263,8.109785,39.137001,0.005120
144.011301,135.903911,8.107390,143.399448,135.293416,8.106032,nan,0.004917
143.341016,135.232498,8.108518,143.391351,135.287216,8.104136,32.122635,0.004516
143.450892,135.338952,8.111940,142.714155,134.609199,8.104956,24.612692,0.004150
143.323869,135.209770,8.114099,143.519304,135.402258,8.117045,18.685661,0.004398
143.805463,135.685466,8.119997,144.229791,136.110010,8.119781,25.815268,0.004623
143.204054,135.085523,8.118530,143.244544,135.126847,8.117697,26.388828,0.004322
143.351551,135.229975,8.121576,142.698957,134.582188,8.116769,nan,0.001972
142.620212,134.500546,8.119667,143.527635,135.408035,8.119601,nan,0.004498
143.160957,135.036094,8.124864,143.824451,135.693318,8.131133,nan,0.003367
142.900543,134.771972,8.128571,143.698211,135.565108,8.133103,20.894760,0.005324
143.078099,134.945812,8.132288,143.915091,135.785214,8.129877,nan,0.003700
143.009187,134.878572,8.130614,143.382533,135.248747,8.133786,21.720158,0.003987
142.459675,134.329222,8.130453,143.522834,135.389971,8.132863,nan,0.005187
142.560769,134.426451,8.134318,143.354639,135.223249,8.131389,nan,0.006148
141.971357,133.842204,8.129153,142.024929,133.889790,8.135137,nan,0.004397
142.484762,134.347500,8.137262,141.838669,133.699247,8.139421,nan,0.006121
142.551474,134.408939,8.142535,142.927904,134.784906,8.142997,nan,0.004426
142.009515,133.867055,8.142460,141.337630,133.199216,8.138414,nan,0.003902
142.425861,134.279599,8.146262,142.556253,134.404184,8.152070,nan,0.002392
141.778323,133.629543,8.148779,141.615797,133.474777,8.141020,nan,0.004864
141.273933,133.130244,8.143689,141.350424,133.198555,8.151868,25.589575,0.003552
141.350112,133.201274,8.148838,141.415085,133.266553,8.148532,19.705471,0.002582
142.145953,133.992060,8.153892,142.370820,134.212903,8.157916,nan,0.003575
141.667869,133.517668,8.150200,141.243455,133.095131,8.148324,21.970547,0.004710
140.955962,132.805804,8.150157,140.403302,132.257280,8.146022,nan,0.005967
141.024063,132.872861,8.151203,142.807102,134.647835,8.159267,nan,0.003882
141.457585,133.301963,8.155622,140.854773,132.707222,8.147550,nan,0.003943
141.054980,132.903068,8.151912,140.972315,132.820636,8.151680,18.691051,0.004334
140.623453,132.467282,8.156172,141.081747,132.929048,8.152699,nan,0.003431
141.081628,132.920171,8.161457,141.403002,133.242104,8.160897,nan,0.004022
141.252898,133.095851,8.157048,141.063596,132.905427,8.158170,nan,0.004376
140.882391,132.722020,8.160370,142.352570,134.192713,8.159857,nan,0.003462
141.375303,133.212714,8.162590,140.857450,132.707488,8.149961,nan,0.002508
141.186530,133.022074,8.164456,141.963305,133.803931,8.159374,nan,0.003122
140.773826,132.613282,8.160544,140.899195,132.737314,8.161881,nan,0.003702
140.357188,132.195123,8.162065,140.681880,132.519256,8.162623,nan,0.003510
140.620998,132.453700,8.167298,141.594850,133.425573,8.169277,nan,0.003559
140.796679,132.631081,8.165598,141.392930,133.228211,8.164719,nan,0.004334
140.505914,132.335422,8.170492,140.608408,132.443833,8.164575,nan,0.003638
140.397210,132.227990,8.169220,141.055468,132.881048,8.174420,nan,0.004441
141.123766,132.950666,8.173099,142.246044,134.073834,8.172210,nan,0.003703
140.787565,132.617127,8.170438,140.360561,132.190364,8.170198,nan,0.003931
140.437465,132.268201,8.169264,140.667116,132.495435,8.171682,nan,0.003029
140.003135,131.834337,8.168798,140.900390,132.727945,8.172444,nan,0.003573
140.493772,132.320347,8.173424,141.073282,132.903663,8.169618,nan,0.003632
140.528864,132.356414,8.172450,141.239152,133.070913,8.168239,nan,0.003241
140.212368,132.040509,8.171860,140.369993,132.202850,8.167144,nan,0.003389
140.324074,132.150658,8.173416,140.611406,132.436813,8.174593,nan,0.003375
140.168460,131.992068,8.176393,141.463969,133.290281,8.173687,nan,0.003279
140.881519,132.705614,8.175906,140.810444,132.632313,8.178131,nan,0.002439
140.337335,132.160281,8.177053,141.095568,132.924159,8.171409,nan,0.002790
140.436420,132.256012,8.180408,141.300736,133.125998,8.174739,nan,0.003355
140.804015,132.623074,8.180942,140.783169,132.605891,8.177277,nan,0.001934
140.879187,132.698714,8.180473,140.722688,132.547502,8.175186,nan,0.003118
140.697369,132.516650,8.180719,140.888793,132.704366,8.184426,nan,0.002580
140.377670,132.195038,8.182632,140.324817,132.146524,8.178293,nan,0.004418
140.222087,132.040040,8.182048,141.826291,133.641413,8.184878,nan,0.002201
140.283933,132.102458,8.181475,141.332471,133.150941,8.181529,nan,0.002842
139.738678,131.558687,8.179991,139.915017,131.734732,8.180285,nan,0.003192
139.945678,131.763408,8.182269,140.422480,132.242526,8.179955,nan,0.002819
139.915463,131.732203,8.183260,140.212798,132.032531,8.180266,nan,0.002966
139.823194,131.639386,8.183809,140.746419,132.559327,8.187092,nan,0.002352
140.151719,131.969021,8.182697,141.330646,133.145007,8.185640,nan,0.002389
140.049141,131.861320,8.187821,141.036475,132.852453,8.184022,nan,0.003990
140.471327,132.280458,8.190870,140.925410,132.740716,8.184694,nan,0.003286
139.543101,131.356928,8.186173,140.371121,132.187407,8.183716,nan,0.004697
139.992561,131.802564,8.189998,140.228521,132.037113,8.191408,nan,0.002476
140.652865,132.460150,8.192716,141.082852,132.893404,8.189448,nan,0.003538
140.138223,131.946941,8.191282,140.092153,131.902743,8.189410,nan,0.004715
139.785806,131.593536,8.192270,140.030388,131.841712,8.188676,nan,0.001432
139.930038,131.737474,8.192564,141.014981,132.824480,8.190501,nan,0.003057
139.723205,131.531560,8.191645,139.867916,131.678548,8.189368,nan,0.003010
139.866742,131.674848,8.191894,141.331572,133.139512,8.192060,nan,0.002331
139.991104,131.800705,8.190399,140.906832,132.716360,8.190472,nan,0.002070
140.284583,132.094017,8.190565,140.448751,132.259282,8.189470,nan,0.003602
139.969165,131.777761,8.191404,139.629273,131.443295,8.185978,nan,0.004552
139.961167,131.765464,8.195703,140.797274,132.602208,8.195066,nan,0.001832
140.306509,132.109750,8.196759,140.523736,132.329695,8.194041,nan,0.002654
139.816847,131.622107,8.194739,139.895116,131.706907,8.188208,nan,0.003169
139.503873,131.308383,8.195490,140.386917,132.190825,8.196093,nan,0.002571
139.860744,131.662414,8.198330,140.888900,132.692070,8.196829,nan,0.002999
139.582717,131.384160,8.198556,139.636073,131.440398,8.195675,nan,0.003351
139.981651,131.781527,8.200124,141.295415,133.099953,8.195461,nan,0.001677
140.457746,132.258314,8.199432,140.785322,132.586844,8.198478,nan,0.002913
139.926116,131.727452,8.198663,140.041536,131.841673,8.199863,nan,0.002770
139.615920,131.415144,8.200775,140.053634,131.854467,8.199168,nan,0.004584
139.717350,131.516188,8.201162,139.932192,131.735294,8.196898,nan,0.002345
139.211594,131.013176,8.198418,139.344321,131.150201,8.194120,nan,0.002343
139.235663,131.033858,8.201805,140.484364,132.281534,8.202830,nan,0.004135
139.085245,130.881665,8.203581,140.201583,132.000186,8.201397,nan,0.002703
140.164436,131.959979,8.204456,140.063761,131.867198,8.196562,nan,0.003850
139.524464,131.320624,8.203839,140.249021,132.046630,8.202391,nan,0.003344
139.369760,131.168369,8.201391,139.599751,131.404805,8.194946,nan,0.003598
139.078331,130.878023,8.200308,139.949484,131.751302,8.198183,nan,0.002108
139.835776,131.632053,8.203722,141.073094,132.872503,8.200591,nan,0.003610
139.741065,131.539060,8.202005,140.328035,132.129158,8.198878,nan,0.002210
139.733949,131.532975,8.200974,141.543449,133.339961,8.203488,nan,0.002985
140.683990,132.479928,8.204062,141.537811,133.334646,8.203166,nan,0.001032
140.528538,132.320223,8.208315,140.882636,132.677450,8.205185,nan,0.002815
140.369998,132.164494,8.205504,141.222264,133.017319,8.204946,nan,0.003668
140.883587,132.674971,8.208616,141.205114,132.999383,8.205730,nan,0.001971
140.009811,131.803237,8.206574,140.445670,132.242178,8.203492,nan,0.002364
140.302106,132.093067,8.209039,141.142601,132.938574,8.204027,nan,0.003351
140.570655,132.362317,8.208339,141.056295,132.853556,8.202738,nan,0.002304
139.955900,131.746392,8.209509,140.195737,131.993083,8.202654,nan,0.002152
140.088771,131.881227,8.207543,140.676777,132.474826,8.201951,nan,0.003288
139.636415,131.426393,8.210022,140.351258,132.141720,8.209538,nan,0.001687
139.910757,131.698251,8.212506,140.940169,132.727582,8.212588,nan,0.002381
139.364081,131.151120,8.212961,139.646496,131.434158,8.212337,nan,0.003185
139.534116,131.321108,8.213008,140.262505,132.048800,8.213705,nan,0.002506
139.788589,131.574633,8.213956,140.458032,132.242761,8.215272,nan,0.001939
139.633484,131.418206,8.215278,140.047008,131.838079,8.208928,nan,0.002283
140.798889,132.582656,8.216233,142.826875,134.612232,8.214644,nan,0.001448
140.604475,132.387387,8.217089,140.854523,132.645370,8.209153,nan,0.002809
140.589730,132.373126,8.216603,140.983168,132.771354,8.211814,nan,0.001448
140.644392,132.428661,8.215731,142.330743,134.113998,8.216744,nan,0.002801
140.499879,132.286218,8.213660,139.896369,131.688383,8.207985,nan,0.002507
139.925606,131.708600,8.217005,140.911652,132.701090,8.210562,nan,0.003619
139.779466,131.561689,8.217777,140.560060,132.345776,8.214283,nan,0.002815
139.568229,131.348802,8.219427,141.148364,132.933305,8.215059,nan,0.001856
139.717082,131.499256,8.217826,140.282979,132.068604,8.214375,nan,0.001895
