199.690146,196.775421,2.914725,180.850236,175.327172,5.523065,4.081804,0.007967
164.887229,155.666316,9.220913,154.728209,143.674620,11.053588,3.468266,0.011862
149.282985,137.393528,11.889457,144.696609,132.322558,12.374051,3.407693,0.013456
142.129691,129.341490,12.788202,138.607566,125.403292,13.204274,3.738174,0.013669
137.276229,123.716736,13.559493,134.875047,120.969923,13.905124,3.632312,0.014410
133.911627,119.771265,14.140362,131.651080,117.258625,14.392455,3.848008,0.014537
131.617785,117.172130,14.445654,129.827861,115.163597,14.664265,3.871356,0.014206
129.627153,114.864917,14.762236,128.038967,113.150176,14.888790,3.709073,0.014996
128.063219,112.995124,15.068095,126.907079,111.813894,15.093186,3.732239,0.014807
126.614802,111.301727,15.313074,125.118579,109.608090,15.510490,3.821505,0.014712
125.370484,109.914630,15.455854,124.517279,109.042463,15.474817,3.723992,0.015642
124.243407,108.686936,15.556471,122.965348,107.293232,15.672116,4.116306,0.013783
123.270371,107.614410,15.655961,122.453748,106.760387,15.693361,3.806473,0.015082
122.363498,106.581909,15.781589,121.854710,106.019481,15.835229,3.809296,0.015764
121.491212,105.630433,15.860778,121.483354,105.532702,15.950652,3.753033,0.015495
120.778048,104.797900,15.980148,120.185718,104.139818,16.045900,3.998311,0.014238
120.125092,104.050777,16.074315,119.879400,103.763690,16.115710,3.943411,0.014670
119.503030,103.362340,16.140691,118.983966,102.812256,16.171709,4.052950,0.014939
119.042963,102.854588,16.188376,119.205053,102.905016,16.300036,3.849200,0.015923
118.531827,102.262217,16.269610,118.348057,102.015732,16.332326,3.957605,0.015373
118.135895,101.798317,16.337579,118.225372,101.834188,16.391184,3.954628,0.015328
117.632342,101.289716,16.342626,117.773832,101.365247,16.408584,3.887756,0.015288
117.177936,100.806658,16.371278,117.457718,101.081577,16.376141,4.009025,0.014965
116.914183,100.517299,16.396884,116.784130,100.389662,16.394467,4.081817,0.015471
116.584969,100.189191,16.395778,116.527257,100.113869,16.413388,3.979967,0.014743
116.252719,99.815000,16.437720,116.503798,100.072132,16.431666,3.968860,0.015026
115.982259,99.546244,16.436015,116.338586,99.948958,16.389628,4.034208,0.014813
115.728339,99.275067,16.453271,116.178894,99.744809,16.434084,3.920230,0.015286
115.489949,99.033305,16.456644,115.733769,99.239636,16.494134,4.123358,0.014717
115.221332,98.760475,16.460858,115.292456,98.873209,16.419247,4.216952,0.013962
114.962179,98.499122,16.463057,115.648702,99.353733,16.294969,4.112199,0.015112
114.946787,98.493533,16.453255,114.993531,98.535700,16.457830,4.324272,0.013264
114.593262,98.172564,16.420699,115.053123,98.637060,16.416063,4.163120,0.014393
114.400321,97.982694,16.417627,114.953496,98.499718,16.453778,4.064368,0.014714
114.190834,97.745407,16.445427,114.686421,98.198617,16.487804,4.217233,0.014373
114.032396,97.615014,16.417382,114.536148,98.083847,16.452302,4.174536,0.014707
113.976203,97.530977,16.445225,114.432546,98.006143,16.426402,4.073610,0.015254
113.702772,97.279715,16.423057,114.369295,97.987212,16.382083,4.089836,0.014670
113.509432,97.080657,16.428776,113.956817,97.538134,16.418683,4.239520,0.014979
113.432951,97.020539,16.412412,114.146868,97.845505,16.301363,4.256047,0.014739
113.192984,96.754396,16.438587,114.055130,97.661717,16.393414,4.014547,0.015207
113.122660,96.684737,16.437922,114.005033,97.676254,16.328779,4.120799,0.016244
113.055735,96.603899,16.451836,113.867831,97.364727,16.503103,4.309124,0.014635
112.891201,96.458330,16.432871,113.778217,97.317943,16.460274,4.154495,0.014784
112.759934,96.341851,16.418083,113.511039,97.208438,16.302601,4.184303,0.014839
112.678324,96.271370,16.406954,113.292424,96.832343,16.460080,4.094059,0.015612
112.550342,96.147921,16.402421,113.233238,96.807562,16.425675,4.082418,0.015892
112.432830,96.000134,16.432697,113.187645,96.883872,16.303772,3.974883,0.015067
112.274523,95.884996,16.389527,113.111679,96.798435,16.313244,4.143818,0.014980
112.174367,95.760344,16.414023,113.056688,96.806656,16.250033,4.407528,0.014408
112.025085,95.588340,16.436745,112.547209,96.249016,16.298193,4.320062,0.014943
111.985024,95.557571,16.427453,113.025932,96.725068,16.300865,4.092068,0.014257
111.816271,95.390986,16.425285,112.604187,96.245447,16.358741,4.356345,0.013981
111.652572,95.229909,16.422663,112.625083,96.180847,16.444236,4.327632,0.014292
111.559816,95.148077,16.411740,112.648248,96.259891,16.388358,4.213566,0.015631
111.453574,95.057063,16.396510,112.314884,95.862000,16.452883,4.360162,0.014051
111.339586,94.898746,16.440840,112.409634,96.114966,16.294669,4.330914,0.015860
111.177254,94.777785,16.399468,111.914936,95.510680,16.404256,4.239989,0.015328
111.157811,94.689489,16.468321,111.921393,95.458269,16.463124,4.310735,0.013993
110.934461,94.519281,16.415180,111.933272,95.592774,16.340498,4.439276,0.014673
110.871013,94.468393,16.402620,112.003285,95.615380,16.387905,4.287617,0.014018
110.818289,94.398585,16.419704,111.917918,95.562069,16.355849,4.361350,0.015190
110.705627,94.298078,16.407549,112.065992,95.739985,16.326007,4.134025,0.015381
110.605661,94.207019,16.398643,111.613198,95.262886,16.350312,4.447330,0.014143
110.547698,94.170276,16.377421,111.522024,95.022726,16.499298,4.267526,0.013773
110.423259,93.984469,16.438789,111.396315,94.988318,16.407997,4.277069,0.015003
110.330933,93.920856,16.410077,111.471319,94.982834,16.488484,4.036423,0.015012
110.260469,93.837085,16.423384,110.851548,94.442609,16.408939,4.445879,0.014033
110.147282,93.717852,16.429430,111.051720,94.490958,16.560762,4.215838,0.016649
110.027245,93.597623,16.429621,111.238823,94.924000,16.314823,4.304958,0.014484
109.926558,93.483521,16.443037,111.431970,95.041084,16.390886,4.035686,0.015704
109.814614,93.420327,16.394288,110.894047,94.397071,16.496976,4.313993,0.013574
109.764836,93.344640,16.420195,110.730828,94.288686,16.442142,4.059510,0.015249
109.712381,93.270311,16.442070,110.781306,94.358400,16.422906,4.370257,0.014386
109.612820,93.154155,16.458665,110.970890,94.512424,16.458467,4.433588,0.014650
109.540300,93.102231,16.438069,110.795354,94.365734,16.429620,4.277085,0.014719
109.424360,92.951854,16.472506,110.460388,93.987116,16.473272,4.039274,0.015516
109.392906,92.929960,16.462946,110.878119,94.343477,16.534642,4.143917,0.015689
109.297733,92.829061,16.468672,111.086814,94.781286,16.305527,4.165996,0.015145
109.327653,92.875485,16.452168,110.561344,94.170912,16.390432,4.515187,0.014626
109.250613,92.788200,16.462413,110.728522,94.293479,16.435044,4.386721,0.014020
109.149729,92.704134,16.445595,110.581527,94.120017,16.461511,4.370408,0.014408
109.080849,92.659506,16.421343,110.309837,93.831394,16.478443,4.337804,0.014402
109.053472,92.579608,16.473864,110.166514,93.542565,16.623949,4.385143,0.014327
108.989430,92.509012,16.480417,110.288044,93.805265,16.482779,4.340477,0.015368
108.892937,92.396592,16.496344,110.188758,93.734337,16.454422,4.572493,0.013773
108.838810,92.391067,16.447743,110.175905,93.657805,16.518101,4.244507,0.014520
108.816315,92.367266,16.449049,110.233553,93.804162,16.429392,4.508011,0.014962
108.734713,92.272500,16.462213,110.227745,93.754042,16.473704,4.284468,0.013421
108.664143,92.197243,16.466901,110.274964,93.743981,16.530982,4.306856,0.013643
108.653384,92.194310,16.459074,110.411615,93.959827,16.451788,4.362785,0.014609
108.579938,92.101043,16.478894,110.006727,93.559955,16.446772,4.456889,0.014029
108.602226,92.129633,16.472594,109.857303,93.461590,16.395713,4.350939,0.013574
108.544713,92.068023,16.476690,110.002205,93.566837,16.435368,4.457407,0.014394
108.510744,92.038230,16.472514,110.237507,93.843852,16.393654,4.385843,0.013794
108.477244,92.044773,16.432471,110.193869,93.785154,16.408715,4.375397,0.014195
108.419922,91.973606,16.446316,109.936037,93.409937,16.526100,4.635745,0.013767
108.392872,91.914524,16.478348,109.821930,93.415609,16.406321,4.453211,0.013554
108.283646,91.800151,16.483496,109.653584,93.112462,16.541122,4.412599,0.014566
108.249977,91.744625,16.505352,109.599321,93.136516,16.462805,4.684825,0.013651
108.223866,91.761301,16.462564,109.765844,93.371998,16.393846,4.498665,0.013824
108.225691,91.747974,16.477717,109.664762,93.171728,16.493034,4.425823,0.014242
108.197666,91.691097,16.506569,109.775281,93.358154,16.417127,4.557252,0.014986
108.180129,91.728288,16.451841,109.769417,93.323472,16.445944,4.317159,0.015181
108.160093,91.676032,16.484061,109.546987,93.129231,16.417757,4.492912,0.013775
108.103556,91.625344,16.478212,109.346829,92.826912,16.519916,4.637530,0.013502
108.117958,91.625429,16.492528,109.623895,93.158892,16.465003,4.352717,0.014306
108.001627,91.500442,16.501185,109.344369,92.811604,16.532764,4.519864,0.013423
107.917634,91.408306,16.509328,109.448234,92.952745,16.495489,4.750175,0.013706
107.891069,91.389447,16.501623,109.451770,92.969815,16.481955,4.530184,0.014575
107.830838,91.349602,16.481235,109.345859,92.862717,16.483142,4.498229,0.014291
107.907294,91.378741,16.528552,109.401236,92.880385,16.520851,4.348124,0.014075
107.823823,91.330240,16.493583,109.412282,92.966541,16.445741,4.451065,0.013438
107.746021,91.273361,16.472660,109.510003,93.027613,16.482390,4.557399,0.015694
107.804566,91.315939,16.488627,109.123229,92.639933,16.483296,4.515848,0.012002
107.641956,91.130709,16.511248,109.349644,92.965638,16.384006,4.593508,0.014220
107.723442,91.211784,16.511657,109.254689,92.747891,16.506798,4.384792,0.014507
107.713819,91.226183,16.487637,109.512077,93.075253,16.436824,4.357033,0.015148
107.691008,91.185365,16.505644,109.207246,92.687127,16.520118,4.340943,0.014636
107.625977,91.132429,16.493548,109.509065,93.080388,16.428677,4.628062,0.014746
107.629340,91.132406,16.496935,109.149742,92.645982,16.503759,4.679088,0.014807
107.689370,91.159343,16.530027,109.099746,92.607364,16.492382,4.597192,0.013927
107.488564,90.989669,16.498895,109.358752,92.995070,16.363683,4.380134,0.015405
107.553507,91.035913,16.517594,109.053702,92.470450,16.583252,4.635562,0.013113
107.528493,91.017201,16.511292,109.131825,92.474678,16.657147,4.264143,0.014964
107.649424,91.166955,16.482469,109.294369,92.751991,16.542378,4.477938,0.015055
107.529865,91.022998,16.506867,108.939171,92.453694,16.485477,4.820972,0.013709
107.426793,90.911618,16.515175,109.116021,92.646170,16.469850,4.457710,0.015279
107.443952,90.956063,16.487889,109.153315,92.561341,16.591975,4.392748,0.014966
107.326637,90.816795,16.509842,108.768608,92.274208,16.494400,4.505445,0.013938
107.372304,90.847796,16.524508,109.263942,92.734922,16.529021,4.282630,0.013673
107.412986,90.886450,16.526536,108.974640,92.480827,16.493813,4.551689,0.014578
107.427420,90.904914,16.522506,109.089913,92.477277,16.612636,4.560196,0.014206
107.333991,90.783397,16.550594,108.871186,92.374899,16.496286,4.364259,0.015479
107.342614,90.832696,16.509918,108.843183,92.277459,16.565724,4.371513,0.014182
107.292752,90.776346,16.516407,108.723290,92.168377,16.554913,4.577732,0.013802
107.361464,90.836563,16.524901,109.209409,92.803329,16.406080,4.671632,0.013878
107.287170,90.787941,16.499229,108.667565,92.232842,16.434723,4.709671,0.013581
107.182259,90.680991,16.501268,109.223007,92.796890,16.426117,4.522623,0.013821
107.249926,90.707327,16.542599,108.963210,92.463893,16.499317,4.511155,0.013772
107.266083,90.793127,16.472957,108.871476,92.464931,16.406545,4.504377,0.014625
107.229475,90.769052,16.460423,108.985156,92.549509,16.435648,4.803866,0.014616
107.213366,90.704147,16.509220,108.970667,92.565432,16.405234,4.389836,0.015025
107.150210,90.688647,16.461563,109.080672,92.645488,16.435184,4.508341,0.015524
107.140239,90.662661,16.477578,108.745785,92.262153,16.483632,4.517142,0.014495
107.082012,90.601074,16.480938,108.832636,92.340759,16.491877,4.630409,0.014545
107.077103,90.598320,16.478783,109.133232,92.755887,16.377345,4.706879,0.014195
107.113409,90.602389,16.511020,109.139978,92.719097,16.420882,4.515246,0.013501
107.127244,90.626601,16.500643,108.966958,92.493098,16.473860,4.695084,0.012747
107.022407,90.544452,16.477955,108.643337,92.231580,16.411757,4.695239,0.014394
107.081570,90.605616,16.475954,108.647644,92.199406,16.448238,4.432063,0.014637
107.056228,90.586868,16.469361,108.835061,92.328565,16.506496,4.440444,0.014331
107.017800,90.522848,16.494953,109.136184,92.620253,16.515931,4.313593,0.016356
106.899593,90.404550,16.495043,108.824517,92.404689,16.419828,4.694703,0.013809
107.018236,90.552561,16.465676,108.777176,92.419660,16.357517,4.640265,0.014898
106.974274,90.547772,16.426502,108.681660,92.117895,16.563766,4.726357,0.014488
106.967044,90.522571,16.444473,108.762877,92.348165,16.414711,4.632788,0.013943
106.899673,90.450297,16.449376,108.867197,92.474592,16.392605,4.772591,0.014317
106.929247,90.482942,16.446305,108.596874,92.211336,16.385537,4.601621,0.014777
106.869344,90.412245,16.457099,108.906597,92.421257,16.485340,4.488346,0.014347
