244.445866,242.675332,1.770534,194.604608,191.899719,2.704889,4.650457,0.006304
190.949059,187.260142,3.688917,182.349084,176.882754,5.466330,4.352853,0.007824
172.387023,164.729974,7.657049,162.763999,153.252607,9.511392,3.586766,0.012547
156.044489,145.418080,10.626408,150.255797,138.899722,11.356075,3.632955,0.013163
146.709479,134.585982,12.123497,142.136180,129.312491,12.823689,3.832826,0.014667
140.352719,127.240469,13.112250,137.277203,123.712620,13.564583,3.770745,0.015356
136.406966,122.821469,13.585496,134.057055,120.195755,13.861300,4.146184,0.014980
133.494224,119.578340,13.915884,131.520041,117.369309,14.150731,4.152910,0.014721
131.072083,116.792974,14.279109,129.164326,114.669700,14.494626,4.316132,0.013501
128.959705,114.238149,14.721557,127.459273,112.494828,14.964445,3.799736,0.016222
127.053193,111.921822,15.131371,126.028187,110.692892,15.335295,3.722287,0.016922
125.359467,109.840326,15.519141,123.479810,107.742981,15.736830,4.221025,0.014515
123.801102,108.022888,15.778214,122.387977,106.309449,16.078528,4.002820,0.014698
122.455992,106.459791,15.996201,121.249471,105.014511,16.234960,3.999531,0.015748
121.309015,105.113369,16.195646,120.182426,103.992729,16.189698,4.023185,0.015822
120.258226,103.919921,16.338305,118.935315,102.438052,16.497263,4.020890,0.014804
119.211566,102.782064,16.429502,118.224125,101.676525,16.547599,4.001725,0.015447
118.407257,101.827285,16.579971,117.659662,100.929223,16.730439,4.076997,0.015692
117.633151,100.960300,16.672850,116.664580,99.847879,16.816702,4.002835,0.015037
116.908510,100.088041,16.820469,116.002716,99.113356,16.889360,4.094814,0.015972
116.131485,99.175245,16.956240,115.766894,98.801119,16.965775,4.143373,0.014760
115.579709,98.590978,16.988731,115.027502,97.808528,17.218974,4.064089,0.015508
115.025506,97.967881,17.057624,114.474119,97.322188,17.151931,4.181596,0.014709
114.384581,97.240973,17.143608,113.740057,96.526950,17.213106,4.147695,0.015354
113.830207,96.658952,17.171255,113.392844,96.125270,17.267575,4.105806,0.015515
113.469393,96.225226,17.244167,113.149100,95.921236,17.227864,3.957694,0.015613
112.959675,95.631231,17.328444,112.850237,95.435548,17.414689,4.196804,0.014890
112.574206,95.215664,17.358542,112.218411,94.871920,17.346490,4.058220,0.015560
112.202439,94.797794,17.404646,111.902017,94.453057,17.448960,4.342253,0.013676
111.784692,94.360574,17.424118,111.508310,94.056411,17.451900,4.188985,0.015050
111.442318,93.993949,17.448369,111.122416,93.585169,17.537246,4.232118,0.014262
111.123235,93.615803,17.507432,110.791281,93.187561,17.603720,4.279712,0.014297
110.761769,93.200744,17.561025,110.628977,93.177836,17.451142,4.280110,0.015057
110.492015,92.934159,17.557855,110.390119,92.877686,17.512433,4.199951,0.014048
110.214803,92.625990,17.588813,110.123097,92.467406,17.655690,4.183921,0.014365
109.973189,92.347385,17.625805,110.089819,92.428980,17.660839,4.102132,0.015355
109.672425,91.974725,17.697700,109.799203,92.045703,17.753500,4.228916,0.014724
109.429641,91.714358,17.715284,109.761550,91.976239,17.785310,4.151266,0.016182
109.227740,91.514027,17.713713,109.691091,91.997408,17.693683,4.135712,0.014808
108.990272,91.245221,17.745051,109.503045,91.741227,17.761818,4.030223,0.015003
108.692020,90.888364,17.803656,108.945538,91.123716,17.821822,4.205974,0.014583
108.525564,90.714252,17.811312,109.166326,91.448131,17.718195,4.092010,0.015294
108.380468,90.569655,17.810813,108.614540,90.798149,17.816391,4.287615,0.014062
108.129486,90.272903,17.856584,108.483851,90.638577,17.845274,4.195784,0.015340
107.979235,90.096206,17.883029,108.432815,90.627256,17.805559,4.186970,0.016875
107.743900,89.846075,17.897825,108.179788,90.225796,17.953992,4.144682,0.015058
107.592255,89.650733,17.941522,108.012629,90.042740,17.969889,4.375118,0.014270
107.419862,89.440095,17.979768,108.156398,90.259363,17.897035,4.170859,0.015204
107.301818,89.347934,17.953883,107.648093,89.573958,18.074135,4.374604,0.013271
107.038446,88.978903,18.059543,107.337706,89.242065,18.095641,4.262980,0.014155
106.964516,88.952964,18.011552,107.487939,89.424599,18.063340,4.236387,0.014756
106.779921,88.726383,18.053538,107.305662,89.255359,18.050303,4.351213,0.014066
106.637423,88.566315,18.071108,107.225939,89.104491,18.121447,4.097159,0.014771
106.490409,88.423126,18.067283,107.066078,88.940313,18.125765,4.322949,0.013107
106.369945,88.255154,18.114791,107.071108,88.918536,18.152572,4.248782,0.013775
106.202178,88.045124,18.157053,106.970999,88.737619,18.233380,4.056120,0.014354
106.073741,87.918877,18.154864,106.789700,88.582017,18.207684,4.184333,0.014291
105.959026,87.807094,18.151932,106.680441,88.543798,18.136643,4.223793,0.014859
105.777265,87.587199,18.190066,106.617309,88.442816,18.174494,4.023770,0.014524
105.748685,87.575026,18.173659,106.524816,88.360626,18.164190,4.176577,0.014813
105.578716,87.386806,18.191909,106.474130,88.244282,18.229848,4.233170,0.013610
105.468689,87.232358,18.236331,106.469827,88.187586,18.282241,4.226775,0.014617
105.293719,87.034147,18.259573,106.035742,87.811548,18.224194,4.286723,0.013515
105.204483,86.927557,18.276927,106.234165,87.945084,18.289080,4.309052,0.013933
105.103463,86.807193,18.296270,106.028741,87.810995,18.217745,4.212471,0.013727
105.064431,86.800516,18.263915,106.065907,87.799770,18.266137,4.266532,0.013957
104.915402,86.618439,18.296963,105.913342,87.677001,18.236341,4.108101,0.015047
104.869602,86.544931,18.324672,105.814215,87.441004,18.373211,4.116408,0.014303
104.686945,86.358742,18.328203,105.639678,87.342114,18.297563,4.376613,0.014111
104.698970,86.379710,18.319260,105.736490,87.421762,18.314728,4.380038,0.014002
104.587440,86.239876,18.347565,105.563032,87.184346,18.378687,4.324306,0.013620
104.502702,86.150944,18.351758,105.426349,87.046118,18.380231,4.260269,0.013335
104.417490,86.043535,18.373955,105.525641,87.195019,18.330622,4.130928,0.014038
104.314257,85.945416,18.368842,105.403956,87.054444,18.349512,4.075869,0.014152
104.289437,85.874886,18.414551,105.493079,87.052038,18.441040,4.241163,0.013998
104.125703,85.708985,18.416719,105.307707,86.859061,18.448646,4.137705,0.013925
104.128929,85.703128,18.425801,105.271443,86.884489,18.386954,4.287321,0.013239
103.998082,85.542449,18.455633,105.045871,86.686303,18.359568,4.243207,0.014517
103.937511,85.525029,18.412482,105.045655,86.699337,18.346319,4.360784,0.013113
103.857894,85.421622,18.436272,105.082360,86.604203,18.478157,4.274462,0.014283
103.841103,85.336385,18.504718,104.815280,86.326603,18.488677,4.400623,0.012407
103.718164,85.241692,18.476472,105.080893,86.522878,18.558014,4.069725,0.014158
103.669384,85.181271,18.488113,104.919955,86.414351,18.505603,4.169892,0.014187
103.629901,85.105609,18.524292,104.914492,86.423788,18.490704,4.256643,0.014289
103.551093,85.034678,18.516415,104.655164,86.176911,18.478252,4.206097,0.014378
103.486807,84.960227,18.526581,104.767486,86.244350,18.523136,4.166845,0.014461
103.428898,84.928592,18.500305,104.716149,86.190131,18.526018,4.220730,0.013976
103.381428,84.848338,18.533089,104.721521,86.142658,18.578863,4.226062,0.013597
103.332039,84.833189,18.498850,104.458220,85.926909,18.531311,4.196835,0.013995
103.247044,84.737218,18.509826,104.479730,85.987642,18.492088,4.170422,0.014574
103.182740,84.656161,18.526580,104.431658,85.888276,18.543382,4.110039,0.013733
103.186375,84.656606,18.529769,104.362636,85.819841,18.542795,4.142136,0.014007
103.132827,84.573082,18.559745,104.317888,85.704295,18.613593,4.192130,0.013459
103.053094,84.515179,18.537915,104.271233,85.751549,18.519684,4.198097,0.014375
103.088484,84.491699,18.596785,104.389587,85.773142,18.616445,4.285108,0.014256
102.966340,84.354085,18.612255,104.208906,85.648542,18.560364,4.220816,0.014608
102.880348,84.300345,18.580003,104.387430,85.841714,18.545716,4.269279,0.014303
102.901265,84.288227,18.613038,104.197842,85.545620,18.652222,4.410594,0.013438
102.869135,84.253716,18.615418,104.369665,85.818705,18.550960,4.424719,0.013097
102.781897,84.185650,18.596247,104.231310,85.624862,18.606448,4.266188,0.013521
102.803220,84.177951,18.625270,104.124096,85.471973,18.652124,4.220170,0.014023
102.709833,84.080236,18.629597,104.267468,85.563328,18.704141,4.268642,0.014025
102.687547,84.027944,18.659602,104.183645,85.474405,18.709240,4.243953,0.014012
102.657296,83.960938,18.696358,103.915397,85.292778,18.622619,4.138602,0.014225
102.617866,83.966066,18.651800,104.020713,85.378903,18.641810,4.203574,0.013297
102.614116,83.913765,18.700351,104.188170,85.457495,18.730675,4.122245,0.015212
102.473932,83.799155,18.674777,104.098237,85.347383,18.750854,4.296612,0.014070
102.466436,83.755175,18.711261,104.168876,85.515856,18.653020,4.051713,0.014614
102.437287,83.703616,18.733671,104.055612,85.404162,18.651451,4.303348,0.013898
102.433850,83.734747,18.699102,104.053047,85.393435,18.659612,4.331358,0.013383
102.372963,83.722503,18.650460,103.726781,85.054016,18.672765,4.464451,0.012885
102.369330,83.672932,18.696398,104.145349,85.428368,18.716980,4.264347,0.014377
102.316753,83.583165,18.733588,103.862628,85.134393,18.728235,4.318060,0.013665
102.321021,83.601444,18.719577,104.097267,85.458247,18.639020,4.378576,0.013441
102.298127,83.535547,18.762580,103.997932,85.285663,18.712269,4.129070,0.014293
102.266561,83.495501,18.771060,103.870201,85.003324,18.866878,4.114149,0.015569
102.219362,83.450884,18.768479,103.751535,84.929184,18.822351,4.086141,0.014553
102.170798,83.407059,18.763739,103.871057,85.115616,18.755441,4.174349,0.013416
102.259783,83.491835,18.767948,103.742082,84.995897,18.746185,3.967935,0.015395
102.088132,83.348781,18.739351,103.722901,85.041695,18.681207,4.262339,0.014679
102.057239,83.266686,18.790553,103.797413,85.061684,18.735729,4.257896,0.014644
102.038749,83.246678,18.792071,103.747112,84.956471,18.790640,4.227634,0.013371
102.060583,83.269796,18.790787,103.681601,84.874508,18.807094,4.090229,0.014515
102.097845,83.349579,18.748266,103.682471,84.883527,18.798944,4.217659,0.014189
101.990296,83.181150,18.809146,103.942797,85.194571,18.748225,4.218387,0.013945
101.981155,83.160393,18.820761,103.730998,84.928748,18.802250,4.115598,0.014785
101.979962,83.174740,18.805222,103.850332,85.116966,18.733366,4.160189,0.014083
101.926596,83.112907,18.813690,103.629425,84.838322,18.791103,4.141931,0.014073
101.945794,83.167816,18.777979,103.653610,84.905927,18.747682,4.139556,0.014356
101.913861,83.068639,18.845222,103.858368,85.069883,18.788485,4.083457,0.014819
101.930733,83.096471,18.834262,103.785931,84.932873,18.853058,4.085490,0.014325
101.803754,82.964888,18.838866,103.575234,84.723840,18.851394,4.196486,0.013645
101.849322,83.030824,18.818498,103.595906,84.694618,18.901289,3.955155,0.015348
101.788248,82.984835,18.803414,103.628934,84.916109,18.712825,4.191589,0.014518
101.816734,82.997453,18.819281,103.841295,85.058972,18.782323,4.192516,0.014581
101.773065,82.951887,18.821177,103.554074,84.734225,18.819849,4.082035,0.015334
101.782566,82.958272,18.824295,103.574946,84.789793,18.785153,4.178163,0.013909
101.712220,82.843197,18.869023,103.583825,84.703322,18.880504,4.108615,0.014883
101.692452,82.834214,18.858237,103.565450,84.772526,18.792925,4.105408,0.014981
101.681623,82.837996,18.843627,103.692260,84.786811,18.905448,4.136938,0.014298
101.688613,82.796105,18.892508,103.224184,84.385952,18.838233,4.297011,0.014199
101.684911,82.814046,18.870865,103.381618,84.488519,18.893099,4.360870,0.014048
101.576710,82.685379,18.891331,103.565650,84.756909,18.808741,4.241994,0.013821
101.597055,82.700639,18.896416,103.570002,84.698097,18.871905,3.942281,0.015410
101.572621,82.681579,18.891042,103.888265,85.040130,18.848135,4.073031,0.014257
101.644572,82.773551,18.871021,103.741598,84.872139,18.869460,4.050617,0.014288
101.507366,82.635318,18.872048,103.488989,84.674468,18.814521,4.158771,0.013959
101.573141,82.655003,18.918137,103.483212,84.570319,18.912893,4.199339,0.014441
101.495786,82.662303,18.833483,103.505599,84.678799,18.826801,4.397389,0.013768
101.548303,82.713353,18.834950,103.730885,84.858950,18.871935,4.158709,0.014978
101.412469,82.521988,18.890481,103.329480,84.460985,18.868496,4.213399,0.014368
101.529519,82.634560,18.894959,103.450933,84.592377,18.858556,4.223215,0.013613
101.482355,82.584047,18.898307,103.465697,84.543555,18.922142,4.294960,0.014342
101.438275,82.538822,18.899454,103.476457,84.540753,18.935705,4.218162,0.014708
101.388071,82.523046,18.865024,103.656109,84.768484,18.887625,4.206151,0.013710
101.323583,82.445716,18.877867,103.411506,84.613340,18.798165,4.131450,0.014734
101.311627,82.458800,18.852827,103.398429,84.593738,18.804691,4.290795,0.014687
101.373776,82.480478,18.893298,103.472793,84.576585,18.896208,4.278690,0.014306
101.343669,82.456081,18.887588,103.270639,84.346046,18.924593,4.108911,0.014788
101.389431,82.519694,18.869737,103.435196,84.498677,18.936519,4.015347,0.015135
