208.226867,202.470016,5.756851,180.165347,171.226367,8.938980,2.409647,0.019502
164.944851,151.155879,13.788972,153.758021,137.136697,16.621324,2.530499,0.027523
150.079092,132.383822,17.695271,144.924251,126.341874,18.582377,2.425601,0.035892
142.895667,123.506678,19.388989,139.304340,119.285467,20.018873,2.605386,0.034347
138.171648,117.736838,20.434810,135.264839,114.390216,20.874624,2.675508,0.037385
134.742364,113.535590,21.206774,132.647889,111.101616,21.546273,2.593452,0.038800
132.078285,110.361747,21.716538,130.369494,108.299499,22.069995,2.535194,0.040329
130.101557,107.990152,22.111406,128.471568,106.191819,22.279748,2.683752,0.039672
128.378895,105.973459,22.405437,126.828489,104.216068,22.612421,2.600796,0.038914
126.999311,104.389172,22.610140,125.730898,102.951199,22.779699,2.751089,0.037770
125.837488,103.067653,22.769835,124.648006,101.742467,22.905539,3.040483,0.037119
124.871710,101.989251,22.882460,123.748305,100.742769,23.005536,2.785672,0.038345
123.942398,100.972029,22.970369,122.828276,99.809120,23.019157,2.764174,0.040909
123.193407,100.144172,23.049235,122.075701,98.959753,23.115947,2.861848,0.038816
122.512497,99.457240,23.055257,121.663599,98.541806,23.121793,2.738135,0.041925
121.875340,98.734303,23.141037,121.180172,97.956215,23.223957,2.899296,0.038940
121.419880,98.206641,23.213239,120.706350,97.372551,23.333800,2.770660,0.041438
120.843198,97.618465,23.224733,120.074503,96.760567,23.313936,3.004795,0.039920
120.338204,97.038793,23.299410,119.786430,96.482149,23.304281,2.941796,0.037889
119.890982,96.629703,23.261280,119.488226,96.131290,23.356937,3.026400,0.039583
119.544468,96.218622,23.325846,119.284381,95.943051,23.341330,3.070616,0.039401
119.191450,95.840200,23.351249,118.768424,95.416442,23.351982,2.958823,0.039641
118.766792,95.403848,23.362944,118.467250,95.043792,23.423458,3.114913,0.037888
118.386186,95.018675,23.367511,118.257964,94.834269,23.423695,2.806649,0.041254
118.058489,94.652435,23.406053,117.862928,94.473522,23.389406,2.897762,0.042989
117.855673,94.440276,23.415397,117.491679,93.992628,23.499050,2.857156,0.041404
117.549541,94.063961,23.485580,117.359776,93.856322,23.503454,2.956800,0.041005
117.216251,93.759505,23.456747,117.131758,93.677799,23.453959,2.825608,0.045084
117.007500,93.523216,23.484284,116.930524,93.463190,23.467334,2.892577,0.041021
116.793041,93.310650,23.482391,116.940794,93.534315,23.406478,3.100464,0.037818
116.508498,93.042006,23.466492,116.660074,93.177581,23.482493,3.063538,0.037824
116.351737,92.811604,23.540133,116.211135,92.691127,23.520008,2.934584,0.038850
116.145143,92.600758,23.544385,116.121767,92.539068,23.582699,2.885219,0.042484
115.866993,92.337838,23.529155,116.238006,92.682679,23.555327,2.936601,0.039754
115.693829,92.152626,23.541202,115.844866,92.341426,23.503439,3.032404,0.036991
115.547668,92.018540,23.529129,115.606073,92.092168,23.513906,3.127796,0.039945
115.334150,91.762908,23.571243,115.532674,91.935192,23.597481,2.982543,0.041946
115.124327,91.550403,23.573925,115.241099,91.677015,23.564085,3.167676,0.037105
114.982789,91.379442,23.603348,115.139130,91.624916,23.514214,3.092547,0.040878
114.804715,91.233719,23.570997,115.100633,91.543314,23.557319,2.953258,0.040975
114.662376,91.101318,23.561058,114.986536,91.391989,23.594547,3.089806,0.039854
114.537502,90.937779,23.599723,114.889782,91.269366,23.620416,3.098727,0.036800
114.314540,90.741006,23.573535,114.707043,91.183131,23.523913,3.074846,0.040707
114.196750,90.605617,23.591133,114.492079,90.933698,23.558380,3.050412,0.038445
114.055454,90.465986,23.589469,114.404720,90.787861,23.616859,3.115176,0.037976
113.967441,90.357930,23.609512,114.275995,90.733993,23.542002,2.974967,0.040149
113.803468,90.207226,23.596243,114.160557,90.540310,23.620246,3.080028,0.038936
113.656833,90.046075,23.610758,114.091573,90.509091,23.582482,2.900568,0.039252
113.590838,89.998567,23.592270,114.022501,90.393732,23.628770,3.087454,0.040549
113.467278,89.865839,23.601439,114.021259,90.425794,23.595465,3.149718,0.038369
113.333420,89.723179,23.610241,114.281181,90.721188,23.559993,3.047862,0.039009
113.253753,89.666372,23.587382,113.841070,90.202804,23.638265,3.112437,0.040399
113.120700,89.497699,23.623001,113.604416,89.967330,23.637086,3.132483,0.040162
112.972221,89.337949,23.634272,113.652332,89.956648,23.695684,3.037082,0.040853
112.838514,89.236765,23.601748,113.485532,89.940289,23.545243,3.102422,0.039157
112.788163,89.186767,23.601396,113.301972,89.619462,23.682510,2.995995,0.042699
112.633156,89.011879,23.621277,113.247456,89.701788,23.545667,3.145941,0.037805
112.561983,88.990401,23.571582,113.252418,89.693334,23.559084,3.084594,0.041508
112.418140,88.835472,23.582668,112.892822,89.339526,23.553296,3.138322,0.036559
112.369525,88.768825,23.600700,112.919376,89.353298,23.566079,3.243193,0.037320
112.283635,88.727612,23.556024,113.348509,89.707958,23.640551,3.061933,0.044472
112.191049,88.595668,23.595381,112.819578,89.283913,23.535665,3.112351,0.040091
112.055812,88.444702,23.611110,112.818356,89.255034,23.563322,3.109571,0.038986
111.978062,88.408209,23.569854,112.736901,89.144834,23.592067,3.176948,0.039881
111.899464,88.334645,23.564819,112.792979,89.246167,23.546813,3.145294,0.042468
111.867853,88.277852,23.590001,112.871184,89.236774,23.634410,3.221398,0.040995
111.751860,88.165391,23.586470,112.569818,89.035703,23.534115,3.139983,0.040173
111.670805,88.092319,23.578486,112.618556,89.085528,23.533028,3.227393,0.036066
111.563137,88.006301,23.556836,112.506541,89.020166,23.486374,3.246315,0.034954
111.497058,87.902205,23.594853,112.482138,88.955639,23.526499,3.118332,0.041917
111.394263,87.826302,23.567961,112.285483,88.693441,23.592042,3.033973,0.045169
111.316342,87.771784,23.544558,112.338173,88.857584,23.480589,3.102930,0.041502
111.265579,87.689490,23.576089,112.157392,88.634016,23.523376,3.310108,0.035805
111.215833,87.644781,23.571052,112.260852,88.668227,23.592626,3.215928,0.038658
111.169914,87.588085,23.581829,112.004247,88.447080,23.557167,3.135893,0.040878
111.051606,87.476690,23.574916,112.193210,88.721498,23.471712,3.067550,0.040225
110.983339,87.410401,23.572938,112.413123,88.809203,23.603920,3.017218,0.041824
110.891041,87.333037,23.558004,111.781737,88.284832,23.496905,3.049559,0.041960
110.814438,87.219366,23.595072,111.837229,88.272294,23.564934,3.195399,0.039546
110.751838,87.214373,23.537465,111.904030,88.419084,23.484947,3.103462,0.037938
110.718333,87.138825,23.579508,111.663454,88.143975,23.519479,3.078389,0.039057
110.656166,87.085260,23.570906,111.648340,88.122318,23.526022,3.293453,0.039773
110.543972,86.980766,23.563207,111.813396,88.307555,23.505842,3.197855,0.041378
110.496946,86.930385,23.566562,111.447722,87.907369,23.540353,3.163471,0.038516
110.433016,86.878167,23.554849,111.661180,88.165196,23.495985,3.033188,0.042974
110.344435,86.792111,23.552324,111.562758,88.069832,23.492926,3.121245,0.039986
110.336309,86.767997,23.568312,111.799403,88.213660,23.585743,2.942356,0.040533
110.312825,86.727302,23.585523,111.426121,87.795341,23.630779,3.033985,0.036827
110.219798,86.631701,23.588097,111.276763,87.739526,23.537238,3.281135,0.038700
110.140259,86.574418,23.565841,111.381122,87.865188,23.515934,3.178090,0.040171
110.051834,86.536808,23.515025,111.396680,87.880572,23.516108,3.032696,0.041257
110.083116,86.522540,23.560577,111.304830,87.824166,23.480665,3.173016,0.039171
109.991534,86.417611,23.573923,111.077379,87.572933,23.504447,3.339108,0.035833
109.935437,86.384855,23.550582,111.507478,87.989263,23.518215,3.127746,0.040454
109.865555,86.316721,23.548834,111.102506,87.592862,23.509644,3.226766,0.040500
109.834900,86.299149,23.535751,111.105068,87.657845,23.447223,3.132757,0.042184
109.736856,86.173782,23.563075,110.884329,87.350247,23.534081,3.105958,0.039938
109.734088,86.168821,23.565267,111.013057,87.601384,23.411674,3.230031,0.040663
109.635946,86.126571,23.509374,110.913352,87.389742,23.523610,3.254026,0.038238
109.602560,86.078133,23.524428,111.233861,87.717508,23.516353,3.094926,0.042066
109.547741,86.026852,23.520889,110.877246,87.444604,23.432642,3.099814,0.040728
109.552766,86.020122,23.532643,110.908167,87.426383,23.481784,3.227948,0.039328
109.463245,85.919557,23.543689,110.926819,87.413925,23.512894,3.166055,0.039866
109.463629,85.894867,23.568762,110.868159,87.252635,23.615524,3.463741,0.037983
109.348356,85.789744,23.558611,110.848042,87.334553,23.513489,3.363420,0.038080
109.307366,85.774908,23.532458,110.779139,87.269191,23.509948,3.231965,0.037822
109.293104,85.774057,23.519047,110.744910,87.294436,23.450473,3.274301,0.038076
109.250196,85.713263,23.536934,110.743818,87.326087,23.417732,3.066161,0.038055
109.197900,85.642406,23.555494,110.735142,87.220931,23.514211,3.313466,0.036158
109.156724,85.626572,23.530153,110.498989,86.957826,23.541163,3.100057,0.039907
109.058029,85.512216,23.545813,110.512410,87.015745,23.496664,3.242150,0.041561
109.094332,85.560123,23.534209,110.408882,87.027882,23.381000,3.287881,0.036742
109.009132,85.476819,23.532313,110.337856,86.833376,23.504480,3.206116,0.037859
108.990459,85.441126,23.549334,110.430267,86.918038,23.512229,3.280622,0.038988
108.878627,85.337487,23.541140,110.600963,87.130901,23.470062,3.261622,0.036252
108.914959,85.377148,23.537812,110.316619,86.784048,23.532572,3.286669,0.038694
108.771818,85.259646,23.512172,110.246336,86.789870,23.456465,3.312186,0.038667
108.757885,85.273233,23.484652,110.379429,86.968923,23.410506,3.081161,0.039776
108.751033,85.272070,23.478963,110.284544,86.861047,23.423498,3.289991,0.039885
108.684232,85.161670,23.522563,110.306270,86.851442,23.454828,3.249456,0.036711
108.654030,85.151861,23.502170,110.363526,86.895536,23.467990,3.373322,0.035108
108.604028,85.113261,23.490767,110.278793,86.807386,23.471407,3.180634,0.041385
108.597918,85.082803,23.515115,110.176509,86.777410,23.399099,3.163481,0.041949
108.517558,85.015399,23.502159,110.098305,86.657752,23.440552,3.135301,0.038956
108.442998,84.948435,23.494564,110.245123,86.760284,23.484839,3.170958,0.044108
108.470607,84.980094,23.490513,110.069386,86.553250,23.516136,3.381197,0.036509
108.427452,84.926600,23.500853,109.989834,86.628633,23.361201,3.097826,0.038694
108.372612,84.891323,23.481289,110.052925,86.706919,23.346006,3.200804,0.035206
108.302139,84.829522,23.472617,109.926920,86.546843,23.380077,3.306775,0.035696
108.361977,84.883775,23.478202,110.111008,86.634861,23.476147,3.185261,0.037148
108.249194,84.752062,23.497132,110.057788,86.594331,23.463456,3.236781,0.039796
108.188215,84.680571,23.507644,109.951131,86.508464,23.442667,3.251113,0.037565
108.215572,84.747310,23.468262,109.965534,86.559058,23.406476,3.201839,0.039518
108.123448,84.660485,23.462963,109.894742,86.514138,23.380605,3.223726,0.036163
108.086250,84.626283,23.459967,109.921623,86.535750,23.385874,3.067158,0.037511
108.127913,84.662184,23.465729,109.783491,86.341554,23.441937,3.209595,0.038014
108.029839,84.549339,23.480501,109.753011,86.349333,23.403679,3.097101,0.041934
107.965328,84.506231,23.459098,109.575841,86.133305,23.442536,3.165878,0.041781
107.890062,84.410619,23.479443,109.657199,86.295821,23.361378,3.231543,0.038816
107.896975,84.458457,23.438519,109.465604,86.158813,23.306791,3.245383,0.038504
107.894918,84.455203,23.439715,109.805784,86.316247,23.489537,3.139319,0.039509
107.846699,84.392985,23.453713,109.520219,86.162398,23.357820,3.234787,0.038696
107.767029,84.311780,23.455249,109.734115,86.374500,23.359615,3.232454,0.040118
107.792089,84.331352,23.460737,109.508131,86.077457,23.430673,3.320429,0.036520
107.745892,84.279539,23.466353,109.406040,86.014502,23.391537,3.138011,0.036627
107.649706,84.174683,23.475023,109.392386,85.961296,23.431090,3.268408,0.038235
107.547580,84.078631,23.468949,109.559640,86.125248,23.434392,3.217711,0.039656
107.601742,84.150905,23.450837,109.498044,86.121414,23.376630,3.129535,0.043553
107.612082,84.157994,23.454088,109.322558,85.884178,23.438380,3.116665,0.039539
107.538902,84.077535,23.461367,109.376917,86.059422,23.317496,3.205446,0.038832
107.494140,84.056652,23.437488,109.535597,86.090714,23.444883,3.209824,0.039744
107.433941,83.979400,23.454541,109.215542,85.844397,23.371146,3.182346,0.039317
107.411955,83.979493,23.432463,109.161644,85.747721,23.413923,3.180010,0.038369
107.389656,83.935743,23.453913,109.261249,85.939061,23.322189,3.196826,0.039505
107.313660,83.870316,23.443343,109.290730,85.867372,23.423358,3.309139,0.036285
107.341524,83.867775,23.473749,109.187659,85.753382,23.434277,3.099758,0.039271
107.326136,83.877648,23.448488,109.133088,85.664376,23.468712,3.285777,0.038258
107.221466,83.764770,23.456696,109.106269,85.662811,23.443459,3.289407,0.037962
107.190721,83.750830,23.439891,109.337478,85.955917,23.381561,3.060494,0.041758
107.235468,83.789137,23.446331,109.042686,85.681240,23.361447,3.321634,0.035397
