243.668442,241.679991,1.988452,194.791661,192.302516,2.489144,5.179698,0.006196
191.255981,187.552867,3.703114,182.762300,177.304253,5.458047,4.003576,0.009966
173.265416,165.550449,7.714968,162.614297,152.835825,9.778472,3.913729,0.012623
155.871974,144.542881,11.329093,149.659985,137.812970,11.847015,3.766754,0.015348
147.129025,134.690127,12.438898,143.194001,130.327496,12.866504,4.003594,0.014223
141.753940,128.453474,13.300466,138.891020,125.132026,13.758994,3.902660,0.014661
137.619975,123.517851,14.102124,134.776022,120.242638,14.533383,3.981945,0.015095
134.304919,119.548201,14.756718,131.707460,116.595657,15.111803,4.351033,0.014551
131.643588,116.372235,15.271353,129.491696,113.826016,15.665680,4.144777,0.014994
129.551669,113.904845,15.646824,127.780930,111.815978,15.964951,4.034509,0.015850
127.690325,111.710793,15.979531,125.603299,109.316273,16.287026,4.056387,0.015076
125.982063,109.712951,16.269112,124.537336,108.268130,16.269206,4.024374,0.015811
124.488452,108.020607,16.467845,123.492676,106.905527,16.587149,4.238441,0.016451
123.285203,106.563266,16.721937,122.344153,105.471263,16.872890,3.885557,0.016362
122.020800,105.177880,16.842920,120.796344,103.974421,16.821923,3.966814,0.016242
121.021048,104.124319,16.896729,119.898495,102.877200,17.021295,4.245970,0.015236
120.189365,103.185515,17.003850,118.950816,101.788864,17.161952,4.330749,0.014949
119.311098,102.278250,17.032848,118.375081,101.179773,17.195308,4.158215,0.015515
118.457587,101.412130,17.045456,117.479744,100.363151,17.116592,4.136277,0.015458
117.804175,100.702740,17.101435,116.968921,99.780029,17.188892,4.347924,0.015428
117.121419,99.962748,17.158671,116.514514,99.349579,17.164935,4.118295,0.015794
116.517155,99.281288,17.235867,115.748530,98.534286,17.214244,4.375409,0.014577
115.920519,98.632218,17.288300,115.720700,98.363564,17.357135,4.221579,0.015496
115.411033,98.044025,17.367008,114.800569,97.368202,17.432367,4.151955,0.015798
114.851880,97.428394,17.423485,114.487169,96.991415,17.495754,4.090730,0.016941
114.455802,97.003220,17.452581,113.847021,96.294427,17.552594,4.262789,0.015828
113.944599,96.417974,17.526625,113.650300,96.067410,17.582890,3.997219,0.016536
113.518811,95.926111,17.592700,113.174110,95.579828,17.594282,4.307124,0.014955
113.117138,95.462292,17.654846,112.758170,95.082044,17.676126,4.236695,0.015960
112.692797,95.007879,17.684918,112.607407,95.029056,17.578351,4.345933,0.015988
112.264535,94.493436,17.771099,112.155127,94.394086,17.761041,4.050520,0.016433
111.974668,94.217193,17.757475,111.963258,94.159049,17.804209,4.365657,0.014702
111.598550,93.807673,17.790877,111.476302,93.688210,17.788092,4.117045,0.016517
111.275665,93.428836,17.846830,111.172818,93.351209,17.821610,4.286329,0.015639
110.992544,93.115601,17.876943,111.206591,93.348832,17.857759,4.002126,0.016333
110.603892,92.691419,17.912473,110.723633,92.876982,17.846651,4.231143,0.014608
110.336581,92.378045,17.958537,110.239527,92.382268,17.857259,4.114374,0.015491
110.105458,92.157051,17.948407,110.225022,92.340066,17.884956,4.276607,0.014759
109.766313,91.768311,17.998002,109.888129,91.915045,17.973085,4.294550,0.014778
109.500051,91.476990,18.023061,109.843606,91.766947,18.076660,4.089762,0.015463
109.238624,91.181914,18.056710,109.541207,91.497302,18.043904,4.294781,0.014910
108.980605,90.910184,18.070421,109.302495,91.228169,18.074326,4.301083,0.015403
108.812537,90.734586,18.077951,108.972233,90.874046,18.098187,4.212790,0.014110
108.597889,90.453610,18.144279,108.746047,90.594665,18.151381,4.098771,0.015962
108.343410,90.175066,18.168344,108.555442,90.416757,18.138685,4.301666,0.014339
108.072677,89.935130,18.137546,108.326445,90.155602,18.170844,4.233917,0.015168
107.892185,89.720563,18.171622,108.290630,90.202707,18.087922,4.379112,0.014624
107.791662,89.550962,18.240701,108.108721,89.886629,18.222092,4.130260,0.015655
107.511489,89.277375,18.234115,107.853967,89.634330,18.219637,4.329451,0.014125
107.272976,88.983683,18.289294,107.996882,89.665226,18.331656,4.097124,0.016122
107.102683,88.799166,18.303517,107.469141,89.262341,18.206799,4.415984,0.014723
106.962262,88.643146,18.319117,107.208624,88.945877,18.262747,4.194634,0.014896
106.786369,88.403320,18.383049,107.519482,89.136860,18.382622,4.178275,0.014499
106.665844,88.289806,18.376039,107.073156,88.772311,18.300845,4.313439,0.014101
106.410681,88.031699,18.378982,107.018952,88.590249,18.428703,4.160529,0.015228
106.368148,87.942383,18.425765,106.918822,88.476830,18.441992,4.052546,0.015208
106.240453,87.798682,18.441771,106.960873,88.564867,18.396006,4.202560,0.014960
106.057338,87.640947,18.416391,106.709759,88.274217,18.435542,4.187902,0.015713
105.934420,87.470118,18.464302,106.697633,88.335697,18.361936,4.365808,0.014601
105.779393,87.325862,18.453530,106.653605,88.231481,18.422125,4.406795,0.015042
105.677586,87.174942,18.502644,106.385114,87.703315,18.681799,4.071043,0.015306
105.564078,86.997872,18.566206,106.387167,87.748839,18.638327,4.207694,0.014535
105.373319,86.848367,18.524952,106.150619,87.656677,18.493943,4.248091,0.014905
105.347409,86.810439,18.536970,106.247274,87.637333,18.609941,4.102385,0.015228
105.234129,86.607828,18.626301,105.839376,87.193155,18.646221,3.982547,0.014630
105.067411,86.445553,18.621857,105.936931,87.311121,18.625810,4.524569,0.014318
104.909445,86.319826,18.589619,105.864924,87.361656,18.503267,4.281898,0.014465
104.873482,86.245275,18.628207,105.983664,87.334152,18.649512,4.145157,0.015200
104.852801,86.207266,18.645535,105.779001,87.162643,18.616357,4.124600,0.014331
104.701304,86.064098,18.637205,105.493371,86.935187,18.558184,4.137458,0.014789
104.605386,85.977057,18.628329,105.430233,86.874660,18.555573,4.147863,0.015022
104.547243,85.904660,18.642583,105.491718,86.885413,18.606305,4.154193,0.015449
104.415340,85.686749,18.728590,105.243083,86.587647,18.655436,4.160494,0.015565
104.374860,85.702481,18.672378,105.316006,86.654423,18.661583,4.105700,0.015282
104.208899,85.535507,18.673392,105.281957,86.649513,18.632444,4.133327,0.015759
104.175658,85.486571,18.689087,105.227159,86.573497,18.653662,4.285784,0.013983
104.076054,85.370860,18.705194,105.054465,86.252777,18.801689,4.195560,0.015169
103.965968,85.215704,18.750264,105.092698,86.421466,18.671232,4.245695,0.014105
103.973635,85.274732,18.698902,105.042757,86.389199,18.653559,4.200004,0.015157
103.869970,85.145699,18.724271,105.060795,86.438947,18.621848,4.213941,0.014793
103.778111,85.063484,18.714627,104.727413,86.060760,18.666653,4.332672,0.014184
103.824845,85.084389,18.740456,105.042753,86.264820,18.777933,4.043407,0.015102
103.645274,84.888452,18.756823,105.016458,86.277314,18.739144,3.999204,0.014552
103.582452,84.839923,18.742529,104.665560,85.935485,18.730075,4.014393,0.014928
103.481012,84.717143,18.763869,104.465798,85.708880,18.756919,4.027455,0.014957
103.421307,84.667510,18.753798,104.784911,86.004394,18.780517,4.075993,0.014601
103.361318,84.623964,18.737354,104.618712,85.927558,18.691154,4.173554,0.013815
103.231801,84.471293,18.760508,104.679259,85.950127,18.729132,4.184594,0.014694
103.269995,84.509593,18.760402,104.484190,85.652592,18.831598,4.090318,0.014940
103.143452,84.319564,18.823888,104.409544,85.549524,18.860019,4.245847,0.014060
103.122482,84.341881,18.780601,104.304964,85.525303,18.779661,4.224927,0.013878
103.038594,84.214442,18.824153,104.438064,85.542281,18.895784,4.232999,0.014648
102.997260,84.202502,18.794758,104.370616,85.655462,18.715154,4.229647,0.014984
102.969861,84.216241,18.753621,104.337790,85.617841,18.719948,4.227676,0.014067
102.883282,84.115521,18.767761,104.464476,85.655086,18.809390,4.278880,0.015009
102.831932,84.032927,18.799005,104.100772,85.247934,18.852839,4.186466,0.015181
102.749177,83.964124,18.785053,104.222280,85.486659,18.735621,4.201982,0.014272
102.670254,83.886049,18.784205,104.074132,85.437169,18.636963,4.185230,0.015162
102.638103,83.886239,18.751864,104.076359,85.343767,18.732592,4.180941,0.014644
102.543632,83.748861,18.794770,104.085183,85.378318,18.706865,4.264143,0.014864
102.478663,83.749718,18.728945,104.241924,85.572980,18.668943,4.349955,0.014048
102.476667,83.770267,18.706400,103.741296,85.056160,18.685136,4.248560,0.014742
102.447590,83.663151,18.784439,103.715649,85.094087,18.621561,4.214317,0.014537
102.374831,83.626453,18.748378,103.954436,85.224705,18.729731,4.254696,0.013631
102.352157,83.579852,18.772305,103.884997,85.205336,18.679660,4.042990,0.014728
102.274375,83.498406,18.775969,103.760355,85.105045,18.655310,4.206549,0.015542
102.221285,83.458434,18.762851,103.921087,85.153213,18.767874,4.098659,0.014500
102.070896,83.302917,18.767979,103.759337,84.992718,18.766619,4.006516,0.014881
102.099562,83.319568,18.779994,103.675863,85.077931,18.597932,4.224892,0.013854
102.069216,83.319456,18.749760,103.589482,84.851757,18.737725,4.199688,0.014604
101.989119,83.206992,18.782127,103.466704,84.688260,18.778444,4.276676,0.014188
101.987087,83.210961,18.776126,103.618805,84.894477,18.724328,4.204035,0.014090
101.908288,83.141452,18.766836,103.464901,84.826696,18.638205,4.122485,0.015622
101.902877,83.158057,18.744821,103.610906,84.925258,18.685647,4.241364,0.014107
101.809523,83.068537,18.740986,103.522700,84.792023,18.730677,3.980950,0.014942
101.859351,83.094451,18.764900,103.793592,85.009919,18.783673,4.178864,0.014134
101.808595,83.027292,18.781303,103.311325,84.476826,18.834499,4.317509,0.014021
101.741530,82.970622,18.770908,103.406210,84.643778,18.762432,4.184592,0.013928
101.642229,82.864823,18.777407,103.676232,84.875725,18.800508,4.112242,0.015356
101.724473,82.919047,18.805426,103.307659,84.523386,18.784273,4.334959,0.013617
101.624505,82.856424,18.768081,103.181548,84.404615,18.776933,4.299786,0.014397
101.586468,82.813438,18.773031,103.609438,84.825553,18.783885,4.164566,0.014286
101.579924,82.799594,18.780330,103.472303,84.718321,18.753981,4.198602,0.014301
101.467699,82.698129,18.769569,103.436920,84.796062,18.640858,4.021678,0.015293
101.499203,82.716734,18.782469,103.304014,84.613751,18.690264,4.231038,0.015170
101.486180,82.719238,18.766942,103.356741,84.554704,18.802037,4.130193,0.014962
101.376596,82.604785,18.771811,103.196288,84.505205,18.691083,4.362942,0.014230
101.351513,82.568766,18.782747,103.141085,84.447105,18.693980,4.008766,0.015080
101.325959,82.561748,18.764211,103.151368,84.464017,18.687351,4.186799,0.013735
101.279338,82.465605,18.813734,103.206359,84.526032,18.680327,4.185362,0.014544
101.291462,82.469788,18.821674,103.226208,84.368068,18.858140,4.250358,0.013565
101.240390,82.419362,18.821028,103.145327,84.479672,18.665656,4.118634,0.013784
101.195252,82.393031,18.802220,103.078340,84.274695,18.803645,4.239534,0.013764
101.183379,82.390865,18.792514,103.147801,84.373739,18.774062,4.304971,0.014435
101.127349,82.339000,18.788349,103.113274,84.471845,18.641428,4.274200,0.014288
101.154782,82.375104,18.779678,103.184507,84.543238,18.641269,4.056837,0.014691
101.101264,82.301964,18.799300,103.037125,84.342383,18.694742,4.346655,0.013465
101.097348,82.307524,18.789824,103.296137,84.667252,18.628885,4.171869,0.015085
101.044851,82.300370,18.744482,103.085261,84.332124,18.753137,4.272871,0.014921
101.066533,82.228077,18.838456,102.855977,84.004417,18.851561,4.248271,0.014335
100.988404,82.140138,18.848266,102.868916,84.001777,18.867140,4.229018,0.014213
101.020228,82.170785,18.849443,102.978352,84.234041,18.744311,4.266223,0.014434
100.937699,82.119671,18.818028,102.992011,84.227806,18.764206,4.400805,0.012912
100.922972,82.069250,18.853722,102.951906,84.130610,18.821297,4.144498,0.013817
100.893319,82.099362,18.793957,102.786726,83.967063,18.819664,4.322725,0.014722
100.856974,82.007375,18.849599,103.103201,84.306378,18.796823,4.106807,0.014916
100.860709,82.018368,18.842342,102.806262,84.030267,18.775995,4.078176,0.014742
100.835563,82.033942,18.801621,102.841213,83.998405,18.842808,4.248968,0.014187
100.778381,81.970939,18.807441,102.782634,84.033545,18.749088,4.140204,0.015119
100.817590,81.988639,18.828951,102.812125,84.058356,18.753770,4.223429,0.015145
100.735393,81.905133,18.830260,103.062454,84.243229,18.819226,4.074276,0.014335
100.708005,81.893494,18.814511,102.858586,84.139243,18.719344,4.216012,0.013984
100.789151,81.935289,18.853862,102.935748,84.065876,18.869873,4.030755,0.015872
100.730921,81.910934,18.819987,102.905428,84.160584,18.744843,4.171091,0.015285
100.655293,81.819869,18.835424,102.750378,83.959590,18.790787,4.028855,0.015886
100.655297,81.789138,18.866159,102.779605,84.041419,18.738186,4.060576,0.015300
100.596775,81.748021,18.848754,102.702954,83.951772,18.751181,4.256070,0.013941
100.595755,81.740217,18.855538,102.610035,83.804853,18.805183,4.180206,0.014322
100.555468,81.648551,18.906917,102.584261,83.782640,18.801621,4.211165,0.015065
100.557888,81.695075,18.862812,102.835193,84.033219,18.801973,4.157397,0.015798
