261.139533,254.023362,7.116170,214.380542,206.063062,8.317481,9.068176,0.000033
214.744063,206.426369,8.317694,214.751587,206.433826,8.317761,13.371119,0.000000
214.734408,206.416646,8.317764,214.409550,206.091787,8.317765,nan,0.000000
214.701656,206.383892,8.317765,214.457371,206.139607,8.317766,nan,0.000000
214.659597,206.341833,8.317766,214.357317,206.039553,8.317766,nan,0.000000
214.610610,206.292846,8.317766,214.568208,206.250444,8.317766,nan,0.000000
214.590733,206.272968,8.317766,214.396956,206.079192,8.317766,nan,0.000000
214.592383,206.274619,8.317766,214.244973,205.927209,8.317766,nan,0.000000
214.600765,206.283001,8.317766,214.347702,206.029938,8.317766,nan,0.000000
214.566429,206.248665,8.317766,214.327115,206.009351,8.317766,nan,0.000000
214.534303,206.216539,8.317766,214.373577,206.055813,8.317766,nan,0.000000
214.530122,206.212358,8.317766,214.223618,205.905854,8.317766,nan,0.000000
214.517847,206.200082,8.317766,214.251475,205.933711,8.317766,nan,0.000000
214.517285,206.199520,8.317766,214.257885,205.940121,8.317766,nan,0.000000
214.515603,206.197839,8.317766,214.373655,206.055891,8.317766,nan,0.000000
214.498838,206.181074,8.317766,214.227132,205.909367,8.317766,nan,0.000000
214.495461,206.177697,8.317766,214.237507,205.919743,8.317766,nan,0.000000
214.480171,206.162406,8.317766,214.224626,205.906862,8.317766,nan,0.000000
214.484917,206.167152,8.317766,214.256921,205.939157,8.317766,nan,0.000000
214.478695,206.160930,8.317766,214.215745,205.897980,8.317766,nan,0.000000
214.460643,206.142878,8.317766,214.432095,206.114331,8.317766,nan,0.000000
214.460125,206.142361,8.317766,214.204989,205.887225,8.317766,nan,0.000000
214.462055,206.144290,8.317766,214.271642,205.953878,8.317766,nan,0.000000
214.450545,206.132780,8.317766,214.254545,205.936781,8.317766,nan,0.000000
214.447209,206.129445,8.317766,214.139054,205.821290,8.317766,nan,0.000000
214.449902,206.132138,8.317766,214.172870,205.855105,8.317766,nan,0.000000
214.444780,206.127016,8.317766,214.211233,205.893468,8.317766,nan,0.000000
214.437494,206.119730,8.317766,214.244290,205.926526,8.317766,nan,0.000000
214.443199,206.125435,8.317766,214.218352,205.900588,8.317766,nan,0.000000
214.426357,206.108593,8.317766,214.249342,205.931578,8.317766,nan,0.000000
214.437507,206.119743,8.317766,214.181157,205.863393,8.317766,nan,0.000000
214.445898,206.128133,8.317766,214.174389,205.856625,8.317766,nan,0.000000
214.434742,206.116978,8.317766,214.194553,205.876788,8.317766,nan,0.000000
214.431797,206.114033,8.317766,214.133929,205.816165,8.317766,nan,0.000000
214.422258,206.104493,8.317766,214.182748,205.864984,8.317766,nan,0.000000
214.426413,206.108649,8.317766,214.234532,205.916768,8.317766,nan,0.000000
214.428307,206.110543,8.317766,214.238993,205.921229,8.317766,nan,0.000000
214.421132,206.103368,8.317766,214.194348,205.876584,8.317766,nan,0.000000
214.419115,206.101350,8.317766,214.168724,205.850960,8.317766,nan,0.000000
214.428953,206.111188,8.317766,214.155093,205.837329,8.317766,nan,0.000000
214.416283,206.098519,8.317766,214.180844,205.863080,8.317766,nan,0.000000
214.415794,206.098030,8.317766,214.209930,205.892166,8.317766,nan,0.000000
214.417447,206.099683,8.317766,214.213232,205.895468,8.317766,nan,0.000000
214.419300,206.101536,8.317766,214.228079,205.910315,8.317766,nan,0.000000
214.420838,206.103073,8.317766,214.200749,205.882985,8.317766,nan,0.000000
214.423726,206.105961,8.317766,214.176976,205.859212,8.317766,nan,0.000000
214.423133,206.105368,8.317766,214.237643,205.919879,8.317766,nan,0.000000
214.417062,206.099297,8.317766,214.193707,205.875943,8.317766,nan,0.000000
214.403437,206.085672,8.317766,214.191940,205.874176,8.317766,nan,0.000000
214.416989,206.099224,8.317766,214.203256,205.885491,8.317766,nan,0.000000
214.411023,206.093258,8.317766,214.162883,205.845118,8.317766,nan,0.000000
214.405398,206.087634,8.317766,214.242914,205.925149,8.317766,nan,0.000000
214.417577,206.099812,8.317766,214.172366,205.854602,8.317766,nan,0.000000
214.411915,206.094150,8.317766,214.139577,205.821813,8.317766,nan,0.000000
214.408365,206.090601,8.317766,214.188259,205.870495,8.317766,nan,0.000000
214.406978,206.089213,8.317766,214.257381,205.939617,8.317766,nan,0.000000
214.418085,206.100321,8.317766,214.172401,205.854637,8.317766,nan,0.000000
214.413747,206.095983,8.317766,214.165347,205.847583,8.317766,nan,0.000000
214.406545,206.088781,8.317766,214.298160,205.980396,8.317766,nan,0.000000
214.411920,206.094155,8.317766,214.174102,205.856338,8.317766,nan,0.000000
214.405375,206.087611,8.317766,214.199476,205.881712,8.317766,nan,0.000000
214.405391,206.087627,8.317766,214.134841,205.817076,8.317766,nan,0.000000
214.404780,206.087016,8.317766,214.199471,205.881707,8.317766,nan,0.000000
214.401503,206.083738,8.317766,214.137439,205.819675,8.317766,nan,0.000000
214.404059,206.086295,8.317766,214.123162,205.805398,8.317766,nan,0.000000
214.401327,206.083562,8.317766,214.187714,205.869950,8.317766,nan,0.000000
214.403069,206.085305,8.317766,214.161948,205.844184,8.317766,nan,0.000000
214.397593,206.079828,8.317766,214.173903,205.856139,8.317766,nan,0.000000
214.396793,206.079029,8.317766,214.167623,205.849858,8.317766,nan,0.000000
214.400843,206.083078,8.317766,214.148749,205.830984,8.317766,nan,0.000000
214.400702,206.082938,8.317766,214.123547,205.805783,8.317766,nan,0.000000
214.398136,206.080371,8.317766,214.143022,205.825258,8.317766,nan,0.000000
214.408137,206.090373,8.317766,214.145326,205.827562,8.317766,nan,0.000000
214.401788,206.084024,8.317766,214.173952,205.856188,8.317766,nan,0.000000
214.397434,206.079670,8.317766,214.172189,205.854425,8.317766,nan,0.000000
214.403460,206.085695,8.317766,214.207012,205.889248,8.317766,nan,0.000000
214.397350,206.079585,8.317766,214.120589,205.802825,8.317766,nan,0.000000
214.396363,206.078599,8.317766,214.200211,205.882447,8.317766,nan,0.000000
214.398137,206.080372,8.317766,214.207233,205.889469,8.317766,nan,0.000000
214.400478,206.082714,8.317766,214.184445,205.866681,8.317766,nan,0.000000
214.395806,206.078042,8.317766,214.160468,205.842703,8.317766,nan,0.000000
214.395053,206.077289,8.317766,214.139953,205.822189,8.317766,nan,0.000000
214.396100,206.078336,8.317766,214.139967,205.822202,8.317766,nan,0.000000
214.406599,206.088835,8.317766,214.196991,205.879227,8.317766,nan,0.000000
214.397314,206.079550,8.317766,214.159714,205.841949,8.317766,nan,0.000000
214.394462,206.076697,8.317766,214.145023,205.827259,8.317766,nan,0.000000
214.392317,206.074552,8.317766,214.123249,205.805485,8.317766,nan,0.000000
214.397245,206.079481,8.317766,214.182921,205.865156,8.317766,nan,0.000000
214.388946,206.071182,8.317766,214.150893,205.833129,8.317766,nan,0.000000
214.395379,206.077615,8.317766,214.142594,205.824830,8.317766,nan,0.000000
214.390586,206.072821,8.317766,214.183581,205.865817,8.317766,nan,0.000000
214.396278,206.078513,8.317766,214.111142,205.793378,8.317766,nan,0.000000
214.390773,206.073009,8.317766,214.260254,205.942490,8.317766,nan,0.000000
214.391792,206.074027,8.317766,214.161550,205.843785,8.317766,nan,0.000000
214.389929,206.072165,8.317766,214.125818,205.808053,8.317766,nan,0.000000
214.389213,206.071448,8.317766,214.127460,205.809696,8.317766,nan,0.000000
214.393026,206.075262,8.317766,214.203793,205.886029,8.317766,nan,0.000000
214.392710,206.074946,8.317766,214.133676,205.815911,8.317766,nan,0.000000
214.387711,206.069947,8.317766,214.267391,205.949627,8.317766,nan,0.000000
214.392570,206.074806,8.317766,214.214874,205.897110,8.317766,nan,0.000000
214.393181,206.075417,8.317766,214.163828,205.846064,8.317766,nan,0.000000
214.393223,206.075458,8.317766,214.141862,205.824098,8.317766,nan,0.000000
214.394569,206.076804,8.317766,214.171208,205.853444,8.317766,nan,0.000000
214.390292,206.072528,8.317766,214.215910,205.898146,8.317766,nan,0.000000
214.388893,206.071129,8.317766,214.159593,205.841828,8.317766,nan,0.000000
214.396054,206.078290,8.317766,214.130177,205.812412,8.317766,nan,0.000000
214.392278,206.074514,8.317766,214.168621,205.850857,8.317766,nan,0.000000
214.385100,206.067336,8.317766,214.165615,205.847851,8.317766,nan,0.000000
214.390465,206.072701,8.317766,214.156655,205.838891,8.317766,nan,0.000000
214.383052,206.065288,8.317766,214.160124,205.842360,8.317766,nan,0.000000
214.390991,206.073226,8.317766,214.144338,205.826574,8.317766,nan,0.000000
214.390660,206.072895,8.317766,214.178848,205.861083,8.317766,nan,0.000000
214.385050,206.067286,8.317766,214.133349,205.815584,8.317766,nan,0.000000
214.384951,206.067187,8.317766,214.107848,205.790083,8.317766,nan,0.000000
214.389062,206.071297,8.317766,214.158523,205.840759,8.317766,nan,0.000000
214.386504,206.068740,8.317766,214.157490,205.839726,8.317766,nan,0.000000
214.389294,206.071530,8.317766,214.138707,205.820943,8.317766,nan,0.000000
214.392082,206.074318,8.317766,214.147388,205.829624,8.317766,nan,0.000000
214.390110,206.072346,8.317766,214.153479,205.835714,8.317766,nan,0.000000
214.390997,206.073233,8.317766,214.168488,205.850724,8.317766,nan,0.000000
214.386723,206.068959,8.317766,214.173551,205.855787,8.317766,nan,0.000000
214.385983,206.068219,8.317766,214.183324,205.865560,8.317766,nan,0.000000
214.385465,206.067700,8.317766,214.136613,205.818849,8.317766,nan,0.000000
214.386217,206.068453,8.317766,214.172677,205.854913,8.317766,nan,0.000000
214.385502,206.067737,8.317766,214.172922,205.855157,8.317766,nan,0.000000
214.386454,206.068689,8.317766,214.145353,205.827588,8.317766,nan,0.000000
214.385041,206.067277,8.317766,214.177376,205.859611,8.317766,nan,0.000000
214.384202,206.066438,8.317766,214.177158,205.859394,8.317766,nan,0.000000
214.388273,206.070509,8.317766,214.164249,205.846484,8.317766,nan,0.000000
214.382830,206.065066,8.317766,214.170588,205.852824,8.317766,nan,0.000000
214.386780,206.069015,8.317766,214.161528,205.843763,8.317766,nan,0.000000
214.387538,206.069774,8.317766,214.147060,205.829295,8.317766,nan,0.000000
214.381490,206.063726,8.317766,214.149241,205.831476,8.317766,nan,0.000000
214.383658,206.065893,8.317766,214.130125,205.812361,8.317766,nan,0.000000
214.389227,206.071463,8.317766,214.150091,205.832326,8.317766,nan,0.000000
214.383242,206.065477,8.317766,214.106927,205.789162,8.317766,nan,0.000000
214.385661,206.067896,8.317766,214.121429,205.803665,8.317766,nan,0.000000
214.384514,206.066750,8.317766,214.130950,205.813186,8.317766,nan,0.000000
214.383940,206.066176,8.317766,214.107674,205.789909,8.317766,nan,0.000000
214.389270,206.071505,8.317766,214.197498,205.879734,8.317766,nan,0.000000
214.382910,206.065146,8.317766,214.167323,205.849559,8.317766,nan,0.000000
214.389624,206.071860,8.317766,214.154225,205.836461,8.317766,nan,0.000000
214.388091,206.070327,8.317766,214.189096,205.871332,8.317766,nan,0.000000
214.381302,206.063538,8.317766,214.171955,205.854191,8.317766,nan,0.000000
214.386456,206.068692,8.317766,214.127457,205.809692,8.317766,nan,0.000000
214.384003,206.066239,8.317766,214.161188,205.843424,8.317766,nan,0.000000
214.376634,206.058870,8.317766,214.147009,205.829245,8.317766,nan,0.000000
214.383681,206.065917,8.317766,214.155267,205.837503,8.317766,nan,0.000000
214.382664,206.064900,8.317766,214.125300,205.807536,8.317766,nan,0.000000
214.380929,206.063165,8.317766,214.139922,205.822158,8.317766,nan,0.000000
214.381202,206.063438,8.317766,214.139494,205.821729,8.317766,nan,0.000000
214.382871,206.065106,8.317766,214.138692,205.820928,8.317766,nan,0.000000
214.385278,206.067514,8.317766,214.148650,205.830886,8.317766,nan,0.000000
214.384814,206.067050,8.317766,214.125332,205.807567,8.317766,nan,0.000000
214.382600,206.064836,8.317766,214.120111,205.802347,8.317766,nan,0.000000
214.380453,206.062688,8.317766,214.139481,205.821717,8.317766,nan,0.000000
214.381592,206.063827,8.317766,214.166738,205.848974,8.317766,nan,0.000000
214.381276,206.063511,8.317766,214.126392,205.808627,8.317766,nan,0.000000
214.379076,206.061312,8.317766,214.166105,205.848340,8.317766,nan,0.000000
214.382856,206.065092,8.317766,214.131974,205.814210,8.317766,nan,0.000000
