202.527286,199.446995,3.080291,180.850482,175.364117,5.486366,4.261702,0.008143
167.153866,158.921900,8.231966,154.887138,144.547461,10.339676,3.680050,0.012474
149.852681,138.763458,11.089223,145.143909,133.524804,11.619105,3.753317,0.014167
142.735057,130.709827,12.025230,139.078266,126.377250,12.701016,3.752145,0.015344
136.828029,123.758692,13.069337,133.683202,120.194732,13.488471,3.909281,0.015511
132.711004,119.030400,13.680604,130.400928,116.415153,13.985775,3.715118,0.016263
129.599468,115.396785,14.202684,127.432668,112.941476,14.491192,3.638942,0.018680
126.963865,112.422168,14.541697,124.679334,109.970308,14.709026,3.880731,0.016567
124.825033,109.971113,14.853920,123.106470,108.104724,15.001746,3.810351,0.017115
122.974930,107.831103,15.143827,121.500588,106.188963,15.311624,3.857913,0.016555
121.355687,106.027384,15.328303,120.156526,104.653416,15.503109,3.630121,0.018003
119.966722,104.475794,15.490928,118.738222,103.208151,15.530071,4.088158,0.016561
118.858929,103.291838,15.567091,117.979538,102.345073,15.634465,4.015527,0.017438
117.889654,102.188087,15.701567,116.952977,101.229924,15.723053,4.061657,0.015415
116.782827,100.958252,15.824575,116.221184,100.380849,15.840336,4.127430,0.016209
116.059767,100.218210,15.841557,115.470163,99.537449,15.932715,4.029061,0.015942
115.294793,99.398087,15.896705,114.776862,98.778469,15.998393,3.931754,0.017167
114.562399,98.528599,16.033801,113.950812,97.883383,16.067429,3.975311,0.016739
113.886397,97.812104,16.074293,113.283388,97.158030,16.125357,3.879501,0.016780
113.214102,97.101794,16.112308,112.948148,96.981066,15.967082,3.969686,0.015931
112.766732,96.701201,16.065531,111.936444,95.702905,16.233539,3.854158,0.016491
112.099299,95.982401,16.116898,112.195056,96.163993,16.031062,3.871924,0.017815
111.634715,95.524201,16.110514,111.453520,95.360606,16.092914,3.793109,0.017974
111.178038,95.091586,16.086452,111.163352,95.057883,16.105469,4.050241,0.016678
110.654376,94.504064,16.150312,110.369357,94.228743,16.140614,3.953789,0.016823
110.192943,94.029530,16.163414,110.314629,94.163781,16.150848,4.023884,0.016624
109.814050,93.677709,16.136341,109.795266,93.631257,16.164008,3.916237,0.016712
109.316189,93.156525,16.159664,109.704401,93.651229,16.053172,4.028019,0.016730
109.037204,92.879973,16.157231,108.884066,92.844873,16.039194,3.954049,0.015935
108.674340,92.514374,16.159966,108.770106,92.752713,16.017393,3.929968,0.015518
108.279268,92.120703,16.158565,108.395620,92.188783,16.206838,3.870003,0.015777
107.972674,91.763352,16.209322,108.030433,91.821949,16.208483,3.971313,0.015789
107.695311,91.478531,16.216780,107.691908,91.378694,16.313214,3.940837,0.015709
107.351236,91.099236,16.251999,107.694909,91.454232,16.240678,3.965178,0.016378
107.061097,90.779719,16.281378,107.307255,91.054721,16.252534,4.000667,0.014677
106.856878,90.550203,16.306675,107.097197,90.709331,16.387866,3.843072,0.015551
106.504458,90.146154,16.358305,106.761533,90.361984,16.399549,3.920607,0.015162
106.354361,90.033142,16.321219,106.664620,90.313013,16.351607,4.014974,0.015059
106.037344,89.660628,16.376716,106.615274,90.228333,16.386942,4.000975,0.015148
105.881660,89.481507,16.400152,106.388937,89.933557,16.455380,3.935605,0.015140
105.636609,89.208369,16.428240,105.788135,89.467944,16.320190,3.983169,0.015104
105.591505,89.206710,16.384795,105.979656,89.572008,16.407648,3.865264,0.015997
105.269799,88.809418,16.460381,105.663331,89.181974,16.481358,3.782135,0.016123
105.174436,88.660231,16.514205,105.549343,89.094380,16.454963,3.792499,0.016187
104.825780,88.373482,16.452298,105.491625,89.063566,16.428059,3.857955,0.015806
104.726388,88.305085,16.421303,105.384643,88.898051,16.486592,3.933884,0.015081
104.629534,88.113132,16.516402,105.240294,88.677378,16.562915,4.052199,0.014532
104.440210,87.969619,16.470592,105.094529,88.691136,16.403394,4.037757,0.014983
104.332754,87.831792,16.500963,104.958406,88.494366,16.464041,3.776198,0.015153
104.144940,87.662387,16.482554,104.637140,88.184134,16.453006,3.865774,0.014853
104.055287,87.559684,16.495603,104.623378,88.204156,16.419221,3.972404,0.014706
103.843498,87.306748,16.536751,104.572411,88.124995,16.447416,3.963983,0.014483
103.741235,87.192259,16.548976,104.385086,87.825209,16.559877,3.885188,0.015489
103.631944,87.052469,16.579475,104.381803,87.780882,16.600920,4.003681,0.014496
103.521621,86.945642,16.575980,104.335496,87.896891,16.438605,3.932155,0.014744
103.370177,86.817831,16.552346,104.405000,87.837748,16.567252,4.128495,0.014570
103.321643,86.760575,16.561068,104.169241,87.560287,16.608954,3.816251,0.015760
103.197682,86.639567,16.558116,104.223093,87.645852,16.577241,4.094318,0.014171
103.122141,86.545986,16.576155,104.260065,87.691331,16.568734,3.798373,0.014807
102.974761,86.359733,16.615028,104.028034,87.376810,16.651224,3.971661,0.016006
102.895424,86.283726,16.611698,103.980515,87.508044,16.472472,4.009974,0.015311
102.843925,86.230082,16.613844,103.944212,87.401963,16.542249,3.853238,0.014603
102.717407,86.135118,16.582288,103.835542,87.365430,16.470113,3.912735,0.014636
102.783792,86.163602,16.620189,103.773085,87.140654,16.632431,3.706762,0.016328
102.565973,85.916302,16.649672,103.652962,87.152763,16.500199,3.965627,0.014600
102.506785,85.887677,16.619108,103.453288,86.843975,16.609313,4.098351,0.013600
102.308259,85.693505,16.614754,103.657136,87.119940,16.537196,3.805462,0.015130
102.270700,85.650434,16.620266,103.449231,86.876615,16.572616,3.790201,0.016123
102.268839,85.648408,16.620431,103.429817,86.825510,16.604308,3.997339,0.014439
102.169678,85.512269,16.657409,103.645816,87.134589,16.511226,4.105327,0.014754
102.208662,85.540039,16.668624,103.009969,86.225338,16.784631,3.674143,0.015135
101.929809,85.203668,16.726141,103.148584,86.514207,16.634377,3.866879,0.015251
101.916485,85.243060,16.673425,103.240080,86.537066,16.703014,3.925419,0.013909
101.862781,85.141878,16.720903,103.275234,86.603083,16.672151,3.797559,0.015224
101.809529,85.135548,16.673980,103.215622,86.548038,16.667584,3.811902,0.016060
101.826932,85.135008,16.691924,102.968779,86.306369,16.662410,3.949407,0.014083
101.705141,85.008979,16.696162,103.218164,86.461429,16.756735,3.884170,0.014755
101.628786,84.929611,16.699175,103.165595,86.495661,16.669934,4.046509,0.013991
101.576435,84.855644,16.720791,103.202800,86.359333,16.843466,3.946032,0.014649
101.568667,84.863570,16.705098,103.089143,86.474993,16.614150,3.854642,0.016152
101.487275,84.768966,16.718310,102.914079,86.236631,16.677448,4.067544,0.014134
101.430010,84.693516,16.736494,102.739919,86.022857,16.717062,4.208616,0.012938
101.419223,84.666639,16.752584,102.737774,85.925173,16.812601,3.844793,0.014765
101.273097,84.476752,16.796345,102.731530,86.007792,16.723739,3.996714,0.013164
101.203423,84.440065,16.763358,102.663888,86.008775,16.655113,3.868600,0.014925
101.205269,84.464235,16.741034,102.848228,86.083021,16.765207,3.800801,0.014584
101.228296,84.426819,16.801477,102.713449,85.982225,16.731224,4.019459,0.014148
101.120274,84.339211,16.781063,102.675830,85.930668,16.745162,3.971377,0.013802
101.086167,84.332696,16.753471,102.668404,85.973205,16.695199,3.902756,0.015486
101.105231,84.289314,16.815917,102.827970,86.022710,16.805259,3.924364,0.015513
100.956616,84.179405,16.777212,102.647335,85.911205,16.736131,3.950028,0.013764
100.931746,84.161398,16.770348,102.388626,85.708005,16.680622,3.960041,0.013536
100.905130,84.104332,16.800798,102.240649,85.539943,16.700706,3.821859,0.014901
100.826030,84.048455,16.777576,102.467034,85.720187,16.746847,3.938407,0.014544
100.785711,83.954826,16.830886,102.251907,85.492649,16.759258,3.715984,0.014946
100.733919,83.951910,16.782008,102.408507,85.711721,16.696786,4.048307,0.014281
100.766811,83.973065,16.793746,102.534037,85.858328,16.675709,3.834270,0.014521
100.710136,83.949571,16.760565,102.121811,85.347365,16.774446,3.827779,0.014319
100.751605,83.893379,16.858226,102.438494,85.680643,16.757851,3.826597,0.014183
100.527398,83.714197,16.813202,102.221062,85.427793,16.793270,3.891500,0.014435
100.588461,83.786859,16.801603,102.481969,85.666005,16.815963,4.034370,0.014449
100.466285,83.648839,16.817446,102.324781,85.547080,16.777701,3.867767,0.014339
100.520952,83.758066,16.762886,102.159813,85.398320,16.761494,3.872841,0.015113
100.439090,83.659633,16.779458,102.257505,85.405555,16.851950,3.823629,0.015756
100.400812,83.568895,16.831918,102.792271,85.959039,16.833232,3.703669,0.014359
100.415759,83.590361,16.825397,102.318378,85.621165,16.697213,3.850695,0.016452
100.367662,83.609978,16.757684,101.967970,85.164652,16.803318,3.931765,0.014172
100.246830,83.430445,16.816385,101.981633,85.156473,16.825160,3.747510,0.013885
100.196722,83.334712,16.862010,102.047846,85.310153,16.737693,4.124719,0.014351
100.201878,83.353587,16.848291,101.982705,85.044289,16.938416,3.828866,0.014689
100.124719,83.304074,16.820646,102.265902,85.411343,16.854559,3.887402,0.014559
100.164237,83.337397,16.826841,101.927503,85.127957,16.799546,3.876243,0.014744
100.156375,83.353418,16.802957,101.725792,84.968452,16.757341,4.023267,0.014112
100.036131,83.216545,16.819586,101.910254,85.144913,16.765341,3.959367,0.013998
100.018866,83.164414,16.854452,101.960268,85.134772,16.825496,4.010026,0.013906
100.047479,83.247189,16.800290,101.771960,85.070480,16.701480,3.851837,0.014581
99.865193,83.018202,16.846992,101.803417,84.959870,16.843547,3.954609,0.015081
99.841005,83.012434,16.828571,101.890443,85.063659,16.826784,3.806025,0.014599
99.813524,82.982489,16.831035,101.746364,84.946764,16.799600,4.007978,0.015080
99.802549,82.943173,16.859376,101.594414,84.768200,16.826213,3.997761,0.013503
99.803735,82.979063,16.824672,101.616581,84.772690,16.843890,3.737893,0.015438
99.693848,82.842834,16.851014,101.528670,84.774206,16.754464,3.957979,0.014140
99.669981,82.824257,16.845724,101.546404,84.761171,16.785233,3.811718,0.014545
99.656116,82.823118,16.832998,101.513561,84.681357,16.832204,3.822398,0.014482
99.610026,82.741690,16.868335,101.398547,84.587929,16.810618,3.973688,0.013892
99.628630,82.783418,16.845211,101.517246,84.798871,16.718375,3.954658,0.014632
99.538972,82.728168,16.810804,101.605902,84.843705,16.762196,4.019006,0.013998
99.583657,82.772495,16.811162,101.654215,84.985363,16.668852,3.891291,0.014962
99.613801,82.754670,16.859131,101.439665,84.524108,16.915558,3.941114,0.013654
99.555732,82.689136,16.866596,101.701381,84.853181,16.848200,3.972006,0.013878
99.489273,82.611045,16.878228,101.482610,84.583171,16.899439,3.823984,0.014302
99.474892,82.592540,16.882352,101.692842,84.848800,16.844042,3.778657,0.014775
99.365273,82.470899,16.894374,101.452597,84.639984,16.812612,4.022440,0.013527
99.379847,82.518078,16.861769,101.465716,84.663806,16.801911,3.876722,0.014459
99.366843,82.506895,16.859948,101.501092,84.745437,16.755655,3.903262,0.014150
99.355198,82.477414,16.877784,101.658562,84.821165,16.837397,3.840755,0.014332
99.344528,82.455424,16.889104,101.437858,84.636622,16.801236,3.974570,0.014492
99.303133,82.445547,16.857586,101.608381,84.775645,16.832736,4.135329,0.013879
99.300694,82.416524,16.884170,101.339539,84.545130,16.794409,4.092395,0.013115
99.277557,82.442973,16.834584,101.344196,84.595131,16.749066,3.976753,0.015005
99.183259,82.325238,16.858020,101.348429,84.593802,16.754627,3.886256,0.013952
99.172912,82.308105,16.864808,101.278296,84.481519,16.796777,4.067397,0.013963
99.104660,82.237456,16.867204,101.312100,84.470564,16.841536,4.052826,0.014320
99.151727,82.249240,16.902487,101.390583,84.537499,16.853084,3.853081,0.014395
99.140284,82.257687,16.882598,101.236901,84.397257,16.839643,3.953501,0.013463
99.061592,82.140387,16.921205,101.157852,84.335533,16.822319,3.904502,0.014950
99.103171,82.188554,16.914616,101.323841,84.452586,16.871255,3.898807,0.013417
99.047965,82.157007,16.890959,101.309456,84.474291,16.835165,3.929731,0.014069
99.047573,82.163023,16.884550,101.152151,84.291895,16.860257,4.127053,0.013275
99.037539,82.154945,16.882594,101.307369,84.437464,16.869904,3.723029,0.014805
99.039817,82.139247,16.900571,101.256218,84.373699,16.882520,3.633648,0.014370
98.940366,82.012028,16.928338,101.133891,84.308044,16.825846,4.203729,0.013818
98.972881,82.061827,16.911054,101.232207,84.412984,16.819224,3.838485,0.014804
98.945354,82.038746,16.906607,101.224174,84.350733,16.873441,3.778245,0.013935
98.895816,81.949663,16.946154,101.299562,84.365243,16.934319,3.718720,0.014497
98.882272,81.915441,16.966831,101.519385,84.668607,16.850778,3.803725,0.015395
98.863654,81.941074,16.922580,101.019329,84.215577,16.803752,4.002892,0.014043
98.865660,81.948700,16.916960,101.202582,84.283645,16.918937,3.820421,0.014695
98.804965,81.851317,16.953648,101.068286,84.035387,17.032899,4.048193,0.013081
98.750553,81.780575,16.969978,101.066828,84.244645,16.822184,3.863541,0.013964
