202.635610,200.107947,2.527664,183.739217,179.010546,4.728671,9.482758,0.007315
172.296794,164.721843,7.574951,162.415292,152.557728,9.857564,6.766450,0.011799
155.086219,143.267089,11.819130,149.747484,136.553918,13.193566,5.244618,0.016261
146.694407,132.667922,14.026484,143.768101,128.867255,14.900846,4.563557,0.017259
141.570283,126.316531,15.253751,138.881115,123.263064,15.618051,4.475415,0.018406
137.601583,121.379413,16.222170,135.255191,118.382759,16.872431,4.380112,0.018358
134.004500,116.756101,17.248398,131.948575,114.138453,17.810122,4.483242,0.019275
131.280713,113.232267,18.048447,129.740847,111.400885,18.339961,4.682156,0.017785
129.327951,110.951151,18.376800,128.513449,109.755440,18.758008,4.145644,0.019903
128.018752,109.291461,18.727290,127.015042,108.156676,18.858366,4.188250,0.019590
126.845546,107.886119,18.959428,125.887667,106.655595,19.232071,4.572700,0.017718
125.830931,106.565873,19.265057,124.733996,105.465164,19.268832,4.248078,0.018977
125.085403,105.632060,19.453343,124.510873,104.812387,19.698486,4.186493,0.019375
124.295853,104.609331,19.686522,123.918848,104.104502,19.814346,4.566107,0.017492
123.593923,103.789765,19.804158,123.515395,103.707071,19.808324,4.442298,0.018646
122.900616,102.977764,19.922852,122.861301,102.859676,20.001625,4.433367,0.019054
122.527008,102.419303,20.107705,123.391928,103.231363,20.160566,4.159226,0.020281
122.090054,101.876703,20.213352,122.670422,102.426177,20.244245,4.365640,0.018570
121.675370,101.236036,20.439334,121.669545,101.212330,20.457215,4.424388,0.018291
121.187219,100.665875,20.521344,121.409015,100.850332,20.558683,4.075195,0.018528
120.921112,100.266163,20.654949,121.474589,100.832529,20.642061,4.288953,0.018649
120.595071,99.816403,20.778668,121.455435,100.685989,20.769445,4.347170,0.017891
120.293582,99.436123,20.857459,121.362086,100.529190,20.832897,4.378602,0.018801
120.058362,99.109281,20.949082,121.155541,100.106408,21.049133,4.427303,0.017728
119.882301,98.865615,21.016686,120.688811,99.537070,21.151740,4.227116,0.019397
119.549274,98.461318,21.087956,120.400682,99.405437,20.995246,4.563587,0.017117
119.312502,98.218864,21.093639,120.158444,99.087374,21.071070,4.379347,0.017693
118.945138,97.735752,21.209387,120.482625,99.225701,21.256923,4.288014,0.019178
118.902507,97.633936,21.268571,119.843605,98.634428,21.209176,4.476418,0.015844
118.589356,97.268498,21.320858,119.873324,98.510204,21.363120,4.389421,0.015423
118.571300,97.156937,21.414363,119.825883,98.441248,21.384635,4.621604,0.017766
118.326211,96.832410,21.493801,119.440658,97.921340,21.519317,4.477264,0.016850
118.047012,96.539605,21.507407,119.290612,97.870638,21.419973,4.395881,0.016428
117.851584,96.331262,21.520323,119.368306,97.906745,21.461562,3.995539,0.018266
117.732485,96.148268,21.584217,119.378805,97.790960,21.587844,4.491249,0.015835
117.569071,95.937742,21.631329,119.268622,97.710003,21.558619,4.205658,0.017232
117.336837,95.633725,21.703112,118.655482,97.005308,21.650174,4.678383,0.016562
117.221951,95.442076,21.779875,118.625545,96.879490,21.746054,4.582718,0.015371
117.182477,95.384403,21.798074,119.053893,97.275076,21.778817,4.551204,0.016357
116.936795,95.135367,21.801427,118.581446,96.915218,21.666228,4.340838,0.016878
116.956882,95.054015,21.902867,118.786711,96.884024,21.902687,4.230945,0.017045
116.952928,94.976836,21.976092,118.688077,96.858628,21.829449,4.434719,0.017285
116.735729,94.713426,22.022303,118.677228,96.649783,22.027445,4.370215,0.016855
116.505380,94.416408,22.088972,118.434264,96.410282,22.023982,4.347009,0.015685
116.256426,94.234378,22.022047,118.107589,96.234044,21.873545,4.198673,0.016236
116.182003,94.213515,21.968489,118.571818,96.608873,21.962945,4.499354,0.016265
116.172669,94.142867,22.029801,118.022912,95.932532,22.090380,4.405608,0.016699
116.183969,93.987350,22.196618,118.263429,96.169750,22.093679,4.656973,0.014217
116.109009,93.904475,22.204534,118.898777,96.697871,22.200906,4.474797,0.015579
115.851244,93.690101,22.161143,118.541168,96.463674,22.077494,4.320143,0.017377
115.804312,93.651782,22.152530,118.108380,96.106399,22.001981,4.556221,0.014703
115.740256,93.561311,22.178945,118.026592,95.865957,22.160635,4.500983,0.016493
115.654931,93.372362,22.282568,117.630997,95.441883,22.189114,4.183873,0.016956
115.519661,93.263103,22.256558,117.701988,95.583906,22.118082,4.235837,0.016163
115.521806,93.204687,22.317119,117.894344,95.607676,22.286668,4.770627,0.013448
115.355856,93.032918,22.322937,118.015415,95.700350,22.315065,4.449282,0.014173
115.268251,92.932212,22.336039,117.810822,95.438783,22.372040,4.410266,0.015917
115.030508,92.693315,22.337193,117.800382,95.512625,22.287757,4.953234,0.013058
115.433050,92.967870,22.465180,118.150940,95.708870,22.442070,4.429522,0.015169
115.082885,92.566706,22.516179,117.880923,95.460976,22.419946,4.792505,0.015655
114.947395,92.434864,22.512531,117.772862,95.248525,22.524337,4.496911,0.013801
114.871338,92.321767,22.549571,117.814285,95.396275,22.418010,4.568678,0.013942
114.953134,92.379082,22.574052,118.002098,95.458920,22.543178,4.444551,0.014679
114.920438,92.330883,22.589554,117.670481,95.235670,22.434811,4.416983,0.015083
114.649748,92.069749,22.579999,117.603399,95.105178,22.498221,4.619896,0.015335
114.625101,92.011189,22.613912,117.885743,95.418820,22.466924,4.033716,0.016100
114.533870,91.900414,22.633457,117.824783,95.239485,22.585299,3.998076,0.017756
114.564451,91.890332,22.674120,117.565791,94.904975,22.660816,4.492834,0.013292
114.370197,91.674143,22.696053,117.625400,94.986017,22.639383,4.512203,0.014433
114.376898,91.715667,22.661232,117.622505,94.984520,22.637985,4.218129,0.015793
114.414853,91.705134,22.709719,117.418043,94.717230,22.700813,4.236141,0.015683
114.123110,91.402681,22.720429,117.647667,95.037802,22.609866,4.377754,0.015109
114.085748,91.386741,22.699007,117.016072,94.309687,22.706385,4.361914,0.014609
114.282709,91.497284,22.785425,117.731690,94.962846,22.768844,4.515403,0.014543
114.197155,91.399033,22.798122,117.186365,94.460851,22.725514,4.360625,0.014689
113.923763,91.157802,22.765961,117.619255,94.972611,22.646644,4.668165,0.013888
113.917834,91.148621,22.769214,117.454613,94.772791,22.681823,4.610676,0.013676
113.895625,91.124090,22.771535,117.444616,94.677787,22.766829,4.347978,0.014859
113.878373,91.044276,22.834097,117.251667,94.585884,22.665783,4.295836,0.014220
113.646581,90.852640,22.793942,117.409708,94.651221,22.758487,4.477712,0.014330
113.839130,90.979164,22.859966,117.050764,94.271331,22.779433,4.366121,0.012710
113.729921,90.824626,22.905295,117.347216,94.507593,22.839623,4.240929,0.014156
113.627526,90.729430,22.898096,117.250878,94.480686,22.770192,4.717116,0.012876
113.540570,90.628690,22.911880,117.269703,94.455973,22.813730,4.109325,0.014350
113.662094,90.699490,22.962604,117.245788,94.294733,22.951055,4.192433,0.017031
113.582078,90.633970,22.948108,117.478066,94.549937,22.928129,5.275397,0.013093
113.641811,90.640282,23.001529,117.449251,94.565047,22.884204,4.360251,0.012723
113.531293,90.523756,23.007537,117.227048,94.297634,22.929415,4.442674,0.012712
113.359271,90.376649,22.982622,117.180410,94.255885,22.924525,4.594008,0.012968
113.372498,90.393548,22.978950,117.299011,94.342829,22.956183,4.095447,0.015445
113.236850,90.242331,22.994520,117.259921,94.350282,22.909639,4.363803,0.014233
113.349066,90.320250,23.028816,117.194224,94.200361,22.993864,4.401388,0.013188
113.339171,90.276844,23.062327,117.327551,94.368147,22.959404,4.279462,0.015026
113.226104,90.177657,23.048447,117.133450,94.130904,23.002546,4.623555,0.012861
113.036578,89.967528,23.069050,116.921224,93.962026,22.959198,4.344825,0.014239
113.249080,90.146140,23.102940,117.229309,94.210014,23.019296,4.703577,0.013548
113.267443,90.176449,23.090994,117.301737,94.176550,23.125188,4.779153,0.011029
113.286177,90.162264,23.123913,117.091311,94.089134,23.002177,4.158380,0.013197
113.001584,89.909015,23.092569,117.014333,94.007359,23.006974,4.397060,0.014084
112.940860,89.894608,23.046251,117.388992,94.450070,22.938922,4.557211,0.013618
113.086502,90.027168,23.059334,117.209747,94.167609,23.042138,4.548337,0.014202
113.075577,89.964056,23.111521,117.149314,94.136121,23.013194,4.251999,0.016377
112.923951,89.766098,23.157853,117.022833,93.891316,23.131517,4.408283,0.013727
113.003744,89.832787,23.170957,117.586089,94.490174,23.095915,4.577261,0.012659
112.968845,89.777016,23.191829,117.068949,93.917513,23.151436,4.473753,0.012071
112.865419,89.713308,23.152111,116.893041,93.815408,23.077634,4.434113,0.013455
112.740934,89.543524,23.197410,117.206618,93.982413,23.224205,4.469694,0.012393
112.919656,89.699074,23.220582,117.059079,93.914464,23.144615,4.573317,0.013277
112.868847,89.634450,23.234397,116.839002,93.671525,23.167477,4.193197,0.012995
112.632299,89.406965,23.225333,117.159876,94.011579,23.148297,4.514771,0.013833
112.916750,89.669172,23.247579,116.916601,93.765978,23.150624,4.008855,0.013422
112.634636,89.395025,23.239611,116.885839,93.711987,23.173852,4.708696,0.013041
112.603062,89.345501,23.257561,116.901687,93.741293,23.160394,4.766610,0.012923
112.663700,89.403795,23.259905,117.386222,94.114808,23.271415,4.235537,0.012787
112.674803,89.397121,23.277682,116.786987,93.613424,23.173563,4.100126,0.013643
112.563062,89.243610,23.319452,117.220185,93.947565,23.272620,4.716318,0.012598
112.499640,89.139606,23.360034,117.002472,93.743428,23.259044,4.892066,0.011036
112.681901,89.306509,23.375392,116.807420,93.534781,23.272640,4.731780,0.011534
112.503909,89.147327,23.356582,116.914849,93.646765,23.268085,4.597356,0.011491
112.547771,89.178342,23.369429,116.929001,93.642688,23.286313,3.869131,0.014354
112.594116,89.242871,23.351245,117.067084,93.830956,23.236128,4.863276,0.012796
112.541685,89.156674,23.385011,117.377607,94.025285,23.352322,4.303075,0.013831
112.610995,89.244453,23.366542,117.108736,93.817416,23.291320,4.378453,0.014133
112.611618,89.214704,23.396914,116.673128,93.400023,23.273104,4.423252,0.011612
112.257920,88.882704,23.375217,117.135419,93.722076,23.413343,4.712640,0.012024
112.381969,88.977621,23.404349,116.978369,93.704053,23.274317,4.482628,0.012883
112.358819,88.972075,23.386744,117.020559,93.732764,23.287794,4.457426,0.012209
112.212168,88.831118,23.381050,116.888180,93.561285,23.326895,4.122254,0.012663
112.386086,88.987859,23.398227,116.936921,93.600435,23.336486,4.559280,0.013028
112.210396,88.749670,23.460726,116.874631,93.564841,23.309791,4.106109,0.013674
112.521101,89.093274,23.427827,117.168195,93.875476,23.292719,4.471325,0.013483
112.541610,89.130635,23.410976,116.934314,93.667606,23.266709,4.234316,0.013075
112.117584,88.728680,23.388904,116.954171,93.544032,23.410138,4.295724,0.012912
112.141107,88.707629,23.433478,116.697391,93.348370,23.349021,4.566142,0.011806
112.138041,88.697524,23.440517,116.857180,93.555933,23.301247,4.453076,0.012085
112.080310,88.635436,23.444873,117.056550,93.610266,23.446285,4.449558,0.012048
112.112242,88.614187,23.498056,117.352166,93.732287,23.619879,4.243808,0.011771
112.148080,88.619852,23.528228,117.075206,93.597050,23.478156,4.851729,0.009825
112.201864,88.734276,23.467588,117.212359,93.802689,23.409670,4.042690,0.013484
112.053426,88.528323,23.525103,117.212811,93.799883,23.412928,4.183466,0.012118
112.164134,88.619332,23.544802,116.918964,93.454120,23.464844,4.961887,0.011490
112.068008,88.554727,23.513282,116.774518,93.310410,23.464108,4.380954,0.011908
112.059409,88.504644,23.554765,117.022009,93.504879,23.517130,4.395944,0.012167
112.132276,88.543282,23.588994,116.948906,93.529063,23.419843,4.804667,0.011461
112.136859,88.584280,23.552580,117.114452,93.634362,23.480090,4.271833,0.012997
112.150355,88.562961,23.587394,117.236870,93.780194,23.456677,3.991563,0.013013
111.840346,88.250131,23.590215,116.969220,93.524327,23.444893,4.284966,0.012704
111.907207,88.325823,23.581384,117.114378,93.545885,23.568493,4.371985,0.012292
112.004818,88.421374,23.583444,117.167878,93.686623,23.481255,4.995212,0.012009
111.953956,88.370050,23.583906,116.706417,93.253605,23.452811,4.674892,0.011759
111.762031,88.148602,23.613429,116.985919,93.464650,23.521269,4.596710,0.012457
111.880151,88.293690,23.586461,116.987616,93.478710,23.508906,4.837049,0.010929
111.778572,88.167074,23.611498,116.799293,93.264806,23.534487,4.601954,0.010599
111.847033,88.196896,23.650136,116.903640,93.374000,23.529641,4.450403,0.011654
111.848750,88.232026,23.616724,117.031791,93.407282,23.624509,4.452457,0.011654
111.728621,88.083861,23.644761,116.913414,93.354999,23.558415,4.236619,0.011780
111.717414,88.075185,23.642229,117.144941,93.651067,23.493874,4.543098,0.011203
111.755149,88.093983,23.661167,116.849816,93.304604,23.545212,4.300457,0.012594
111.751201,88.083074,23.668126,117.042459,93.541749,23.500710,4.514960,0.010998
111.740016,88.083711,23.656305,116.896527,93.321859,23.574668,4.352082,0.010714
