198.427298,192.665019,5.762279,173.237034,166.755081,6.481953,5.903920,0.016560
161.475183,154.573832,6.901351,152.549022,145.417021,7.132001,7.273789,0.025228
150.272235,143.023848,7.248387,147.785806,140.488133,7.297673,7.872098,0.023130
146.356593,138.968528,7.388066,143.892979,136.461457,7.431524,9.120309,0.025916
143.948948,136.530714,7.418234,142.564402,135.129357,7.435046,6.605509,0.025152
142.484910,135.049789,7.435121,141.730273,134.286564,7.443710,9.640800,0.023613
141.526417,134.052168,7.474249,140.470139,132.991862,7.478278,9.656208,0.020680
140.362513,132.903399,7.459113,140.317310,132.848968,7.468342,9.218940,0.022480
139.718302,132.224399,7.493904,139.385510,131.864415,7.521094,10.373856,0.022800
138.967133,131.481980,7.485153,138.375454,130.880421,7.495033,10.682558,0.025165
138.448641,130.955350,7.493291,137.748480,130.242808,7.505671,20.063305,0.024272
137.974985,130.473626,7.501359,137.172552,129.657110,7.515442,8.416980,0.025105
137.439579,129.932287,7.507291,136.864364,129.360933,7.503431,9.147479,0.023112
137.160153,129.649118,7.511035,136.768283,129.233654,7.534629,11.475059,0.022841
136.770263,129.241241,7.529022,136.222673,128.681331,7.541342,10.305283,0.023176
136.512897,128.985686,7.527211,136.519057,128.984956,7.534102,16.518505,0.021936
136.349992,128.818570,7.531422,135.699064,128.160801,7.538263,10.369083,0.020891
135.892212,128.352185,7.540027,135.637610,128.115136,7.522474,16.205700,0.023207
135.591439,128.040945,7.550494,135.426010,127.837270,7.588740,12.357989,0.020385
135.247277,127.681371,7.565906,135.557780,127.986128,7.571652,10.161168,0.024146
135.172099,127.602823,7.569276,135.133523,127.578837,7.554688,12.738730,0.028490
134.839806,127.287055,7.552752,135.199425,127.637491,7.561934,10.998199,0.020660
134.675689,127.122544,7.553145,134.378742,126.820649,7.558093,10.683302,0.020867
134.419014,126.858921,7.560093,134.496800,126.912477,7.584323,10.314776,0.021543
134.374858,126.790997,7.583861,134.719174,127.142795,7.576379,9.421825,0.025330
134.164022,126.588501,7.575520,133.950253,126.374312,7.575941,11.226063,0.025855
134.043508,126.451438,7.592070,134.345698,126.751038,7.594660,9.478559,0.022523
133.966490,126.366029,7.600460,134.164538,126.598095,7.566444,10.630572,0.021731
133.855829,126.261443,7.594387,134.593822,127.007809,7.586013,8.607826,0.027164
133.705471,126.091700,7.613771,133.750419,126.139476,7.610943,10.260116,0.022622
133.565282,125.953150,7.612132,133.449915,125.840603,7.609312,11.069839,0.025234
133.303634,125.687447,7.616187,134.033665,126.454068,7.579597,11.765449,0.022680
133.424049,125.828173,7.595877,133.425001,125.837754,7.587246,11.727531,0.019740
133.364100,125.752194,7.611905,133.373478,125.765915,7.607563,9.608343,0.024391
133.155879,125.516383,7.639496,133.027572,125.402468,7.625104,11.014526,0.020710
133.095070,125.454705,7.640365,133.553046,125.927175,7.625871,12.116328,0.018824
132.968478,125.301351,7.667127,133.838924,126.196209,7.642716,11.173083,0.020552
132.987180,125.338945,7.648235,133.358159,125.743712,7.614447,11.040263,0.020786
132.927615,125.276520,7.651095,133.698432,126.066554,7.631877,8.627884,0.024551
132.688583,125.036914,7.651669,133.090406,125.456689,7.633716,10.475019,0.020278
132.687325,125.042943,7.644382,133.052992,125.424907,7.628084,11.976087,0.018692
132.535753,124.882888,7.652865,132.813057,125.189666,7.623391,12.059401,0.022287
132.620755,124.957517,7.663239,133.440445,125.775353,7.665092,19.317184,0.023555
132.488165,124.807401,7.680764,133.129822,125.477684,7.652137,20.020313,0.021901
132.586943,124.910028,7.676916,133.554497,125.923036,7.631461,10.821412,0.024297
132.494062,124.823312,7.670750,133.234959,125.595020,7.639939,13.237640,0.018131
132.399446,124.722840,7.676606,133.682492,126.035417,7.647076,10.356803,0.019375
132.410159,124.722643,7.687516,133.278063,125.617096,7.660967,11.992978,0.024983
132.203021,124.513417,7.689603,133.422146,125.759756,7.662390,18.453207,0.022274
132.268723,124.585233,7.683490,132.714897,125.046344,7.668554,12.933539,0.018732
132.134092,124.451068,7.683024,133.224212,125.547548,7.676664,10.774876,0.018454
132.175298,124.484334,7.690963,133.399964,125.725696,7.674267,16.013258,0.019549
132.125408,124.430861,7.694547,132.979282,125.310611,7.668670,10.127755,0.021953
131.918437,124.212933,7.705504,132.786154,125.106261,7.679894,10.064063,0.025650
132.070900,124.366957,7.703943,133.350543,125.672107,7.678437,12.747246,0.020027
131.924871,124.201626,7.723244,132.995850,125.312587,7.683264,14.106977,0.023671
131.773730,124.054092,7.719638,133.117883,125.420888,7.696996,11.194155,0.023295
131.836902,124.110885,7.726016,132.751162,125.066625,7.684537,14.634635,0.023128
131.768395,124.058400,7.709995,132.257958,124.580606,7.677353,20.236881,0.020939
131.575583,123.862257,7.713326,133.002488,125.319018,7.683470,11.662691,0.020554
131.867277,124.145116,7.722160,132.557524,124.849856,7.707668,16.688101,0.020792
131.500550,123.771975,7.728575,132.823187,125.156524,7.666663,11.928420,0.017020
131.444722,123.723756,7.720966,132.781212,125.081848,7.699365,24.201958,0.016837
131.420156,123.683606,7.736549,132.701764,125.013597,7.688168,9.205719,0.025034
131.265281,123.529368,7.735914,132.722530,125.042546,7.679984,9.252659,0.019140
131.465024,123.733028,7.731996,133.218245,125.508011,7.710234,13.826082,0.020313
131.396280,123.666435,7.729844,132.796194,125.112918,7.683276,9.361990,0.020554
131.314059,123.572409,7.741651,132.371505,124.656918,7.714587,14.759266,0.021335
131.152167,123.404090,7.748077,132.962940,125.261975,7.700965,10.023342,0.019588
131.248786,123.511784,7.737002,132.901126,125.197380,7.703746,10.185805,0.021690
131.320026,123.579299,7.740727,133.055125,125.343857,7.711269,11.876448,0.021702
131.252382,123.520621,7.731760,132.130598,124.438833,7.691765,13.245327,0.020156
131.208118,123.461859,7.746259,132.582176,124.862965,7.719211,15.573501,0.018692
131.183912,123.427015,7.756897,132.808102,125.083746,7.724356,9.687030,0.024762
131.098865,123.345548,7.753316,132.790918,125.082410,7.708509,12.302082,0.021650
131.208210,123.453845,7.754366,133.013528,125.317768,7.695761,14.633337,0.021868
131.332362,123.568831,7.763531,132.871877,125.148892,7.722985,13.156870,0.020524
131.084866,123.330500,7.754366,132.749233,125.043701,7.705533,12.195932,0.022285
130.897669,123.139448,7.758221,132.614951,124.887763,7.727188,9.962871,0.018806
131.050586,123.280290,7.770295,132.816144,125.090939,7.725205,11.227506,0.020197
131.253801,123.491062,7.762739,132.990328,125.269223,7.721105,12.452527,0.021928
131.125527,123.367240,7.758287,132.747681,125.023537,7.724144,12.461418,0.024658
131.138845,123.369986,7.768858,133.431253,125.701225,7.730027,10.674741,0.024806
131.411209,123.637842,7.773367,132.549095,124.822069,7.727026,10.736328,0.020285
131.183019,123.416319,7.766700,132.789138,125.062227,7.726910,11.189428,0.020337
131.128747,123.360370,7.768378,132.350119,124.616687,7.733431,22.637489,0.022878
130.901252,123.127415,7.773838,132.598485,124.855709,7.742777,14.888779,0.017825
130.891595,123.109610,7.781986,133.018863,125.287876,7.730987,11.081182,0.019100
130.945989,123.167490,7.778499,132.627439,124.891479,7.735960,15.703728,0.024648
131.042292,123.261302,7.780990,132.956334,125.218973,7.737361,10.315006,0.020315
130.993627,123.216627,7.777000,132.759978,125.039238,7.720740,13.336088,0.021384
130.894649,123.118714,7.775935,132.872018,125.147454,7.724563,11.392515,0.021111
131.004059,123.240532,7.763527,133.430229,125.711082,7.719147,10.141822,0.022946
131.000217,123.230106,7.770111,132.992922,125.270286,7.722637,11.398991,0.026238
130.968979,123.197727,7.771252,132.522561,124.781622,7.740938,14.499091,0.023712
130.884316,123.101803,7.782513,132.667626,124.929759,7.737867,11.208506,0.021139
130.899182,123.112085,7.787097,132.485494,124.741242,7.744252,14.509470,0.025134
130.753281,122.964229,7.789052,132.581305,124.840380,7.740924,15.280978,0.022153
131.022305,123.243196,7.779109,132.808915,125.071957,7.736958,18.769482,0.016069
130.894397,123.120461,7.773936,132.898993,125.161331,7.737662,9.162907,0.021975
130.974544,123.188986,7.785558,132.678579,124.943583,7.734996,18.519419,0.019194
130.955166,123.170999,7.784168,132.525650,124.794354,7.731296,10.449567,0.020935
130.880087,123.094707,7.785379,133.129739,125.398884,7.730855,10.555871,0.026236
130.960985,123.168288,7.792697,133.077673,125.344608,7.733065,11.977980,0.022519
130.887271,123.098989,7.788282,133.328278,125.587884,7.740394,11.584331,0.022762
130.988009,123.196154,7.791855,133.191763,125.436881,7.754881,14.563000,0.018494
131.321938,123.514122,7.807816,133.835701,126.075856,7.759845,8.726207,0.024265
131.088391,123.281261,7.807131,133.120214,125.367148,7.753067,14.552907,0.020316
130.953722,123.152122,7.801600,133.216612,125.456365,7.760247,9.901373,0.024293
130.972155,123.160037,7.812118,132.681832,124.919957,7.761875,11.920068,0.017928
130.802972,122.985863,7.817109,133.096019,125.320980,7.775039,11.044016,0.017952
130.847774,123.034130,7.813644,132.706427,124.925096,7.781330,16.289938,0.021903
130.728440,122.907460,7.820981,133.263333,125.491616,7.771716,10.557993,0.025358
130.595017,122.767888,7.827129,132.953089,125.172294,7.780794,19.498640,0.021214
130.811792,122.989949,7.821843,133.020782,125.258761,7.762020,15.557273,0.023333
130.898352,123.085253,7.813099,133.054718,125.291750,7.762969,13.103703,0.023818
130.938257,123.127107,7.811149,133.397733,125.639420,7.758314,13.307158,0.021306
130.912378,123.101848,7.810530,133.046033,125.268248,7.777785,13.212555,0.025246
130.860474,123.034905,7.825569,133.763965,125.994469,7.769495,16.239658,0.024323
131.091892,123.260155,7.831738,133.575256,125.782678,7.792577,9.263344,0.021818
131.046411,123.211551,7.834860,133.378008,125.602555,7.775453,35.637737,0.019803
130.854419,123.016517,7.837902,132.844173,125.066691,7.777482,12.182851,0.023148
130.645398,122.813455,7.831943,132.923037,125.152829,7.770209,11.740455,0.019675
130.977893,123.146169,7.831724,133.441202,125.667833,7.773369,10.565460,0.021012
130.955925,123.116443,7.839482,132.997420,125.197932,7.799489,15.544052,0.022646
131.015023,123.168129,7.846893,133.633193,125.830409,7.802784,13.817433,0.022250
131.015666,123.165486,7.850179,133.103807,125.318326,7.785480,11.715947,0.018693
131.010834,123.170093,7.840742,133.621628,125.823147,7.798481,10.935200,0.022244
130.943513,123.102104,7.841409,133.036927,125.245732,7.791195,14.023353,0.020876
130.930852,123.085804,7.845047,133.682142,125.900415,7.781727,12.579106,0.018172
130.734250,122.889132,7.845118,132.853453,125.064601,7.788851,13.132491,0.019913
130.711929,122.870223,7.841706,133.614493,125.823260,7.791233,11.593908,0.020995
130.748181,122.900081,7.848099,133.445516,125.637112,7.808404,17.432838,0.014830
130.900983,123.042989,7.857993,133.091555,125.273853,7.817702,13.526371,0.018403
130.939012,123.078028,7.860984,133.186362,125.387900,7.798462,12.891575,0.018375
130.952284,123.098623,7.853661,133.196649,125.407052,7.789597,11.082262,0.024407
130.856163,123.009225,7.846938,133.375682,125.576632,7.799049,12.795674,0.016919
130.988981,123.134692,7.854289,133.152637,125.338707,7.813930,21.524841,0.022749
130.887376,123.030007,7.857369,133.954803,126.145576,7.809228,11.067305,0.016961
130.918063,123.061268,7.856795,133.266122,125.448110,7.818012,12.062214,0.020659
130.884768,123.027004,7.857764,133.662253,125.856787,7.805466,12.000982,0.019755
131.334188,123.479993,7.854195,133.976733,126.168924,7.807809,15.547080,0.017850
131.101660,123.243585,7.858075,133.765708,125.960109,7.805599,12.539252,0.020579
131.414196,123.552620,7.861576,133.587705,125.779616,7.808088,11.453847,0.020878
131.546477,123.683964,7.862513,133.390874,125.563054,7.827819,18.946476,0.019426
131.112775,123.242347,7.870428,133.569830,125.751560,7.818269,17.382868,0.014146
131.061652,123.196142,7.865510,133.638241,125.822125,7.816116,11.993735,0.015549
131.339188,123.470848,7.868340,133.741233,125.934418,7.806816,11.631701,0.022786
131.339559,123.475658,7.863901,133.250579,125.437259,7.813320,11.709366,0.017982
131.084410,123.216045,7.868366,133.563582,125.750355,7.813227,13.582595,0.021450
131.304374,123.439090,7.865284,134.078361,126.259036,7.819324,9.285094,0.017845
131.116492,123.245685,7.870807,133.784506,125.965790,7.818716,16.797365,0.019461
131.167757,123.291643,7.876114,134.094552,126.254938,7.839614,15.341731,0.020706
131.201429,123.312638,7.888791,133.914055,126.064801,7.849255,11.532559,0.019987
131.096240,123.205409,7.890831,133.924611,126.084384,7.840226,7.963816,0.025482
131.377636,123.489980,7.887656,133.797979,125.970738,7.827240,10.519126,0.015980
131.624439,123.741824,7.882614,134.009814,126.161262,7.848553,28.086617,0.020418
131.408194,123.513813,7.894381,134.295015,126.450151,7.844864,12.492898,0.016766
131.483610,123.583044,7.900566,133.938120,126.082999,7.855121,11.882238,0.021215
131.320960,123.420077,7.900883,134.492376,126.647947,7.844429,12.724218,0.020084
