256.104475,249.278900,6.825576,204.525589,196.369741,8.155848,11.892918,0.004319
203.150198,195.086347,8.063851,199.417894,191.542853,7.875042,5.326926,0.008153
193.259419,185.421000,7.838419,187.243256,179.404926,7.838330,10.045115,0.009621
186.241997,178.418306,7.823690,185.045588,177.235045,7.810544,6.889994,0.011985
184.015145,176.180910,7.834235,183.654520,175.822122,7.832397,9.693352,0.011550
176.139743,168.650418,7.489326,164.370354,157.017364,7.352990,5.944833,0.018387
160.719570,153.423224,7.296346,157.660931,150.308396,7.352534,5.867961,0.019585
155.834925,148.630366,7.204559,153.967280,146.848710,7.118570,6.120652,0.020168
152.081316,145.038016,7.043300,149.111426,142.185574,6.925852,5.740345,0.019757
147.372873,140.649397,6.723477,145.453417,138.715098,6.738319,6.497893,0.016993
144.276603,137.638928,6.637675,142.559547,135.942419,6.617127,5.224841,0.021490
141.737638,135.106923,6.630715,141.104933,134.513377,6.591557,5.248496,0.021388
140.124276,133.519271,6.605004,138.943907,132.386486,6.557421,4.965071,0.022992
138.644840,132.077426,6.567413,137.673546,131.082549,6.590996,5.107595,0.025058
137.452579,130.849661,6.602918,136.933396,130.343969,6.589428,5.535880,0.022596
136.556948,129.954994,6.601954,135.443668,128.909302,6.534365,5.506563,0.021632
135.642221,129.093467,6.548754,134.977107,128.441846,6.535261,5.074258,0.021926
134.880960,128.383950,6.497010,134.060958,127.562191,6.498767,5.346855,0.021513
134.199483,127.711371,6.488113,133.819195,127.381825,6.437370,6.518350,0.017234
133.761687,127.268842,6.492845,133.242170,126.736214,6.505956,5.771123,0.021736
133.231438,126.701833,6.529605,132.863357,126.339824,6.523534,5.554614,0.021353
132.872179,126.363948,6.508232,132.513117,126.039602,6.473516,5.406883,0.021484
132.295779,125.795231,6.500549,131.521659,125.038943,6.482716,5.735634,0.023137
131.942326,125.452328,6.489998,131.561715,125.027043,6.534673,5.848135,0.021722
131.484366,124.968845,6.515521,131.060582,124.528543,6.532040,6.040700,0.020334
131.197919,124.677244,6.520675,130.957512,124.448411,6.509101,5.278456,0.022733
130.879534,124.344372,6.535162,130.732316,124.191588,6.540728,5.586128,0.021812
130.663884,124.133754,6.530130,130.320273,123.781681,6.538592,5.612243,0.022509
130.502594,123.954436,6.548158,130.061909,123.502034,6.559875,6.236621,0.024351
130.270170,123.712603,6.557567,129.923874,123.365131,6.558742,5.735470,0.022311
130.052649,123.490053,6.562596,129.973098,123.428045,6.545054,5.877291,0.023111
129.840284,123.254441,6.585844,129.625425,123.073601,6.551824,5.880832,0.020346
129.618593,123.032949,6.585645,129.783591,123.232357,6.551235,5.392855,0.022459
129.546221,122.957309,6.588911,129.211459,122.631484,6.579975,6.140131,0.021759
129.515146,122.944451,6.570696,129.241451,122.653464,6.587986,6.094594,0.022134
129.274681,122.658650,6.616030,129.408976,122.821629,6.587346,5.592355,0.022215
129.149590,122.551521,6.598068,129.205931,122.600512,6.605419,5.918741,0.023141
129.129114,122.537522,6.591592,129.534591,122.941423,6.593168,5.663291,0.021434
129.035503,122.434445,6.601059,129.572839,122.989121,6.583718,6.223807,0.023857
128.966689,122.359303,6.607386,128.890891,122.305248,6.585643,6.384636,0.020322
128.791836,122.183150,6.608686,128.964266,122.354297,6.609968,6.204407,0.019399
128.739228,122.123235,6.615993,129.155891,122.560118,6.595773,5.869747,0.021224
128.660956,122.028046,6.632911,128.865983,122.273427,6.592557,5.717946,0.025470
128.652380,122.054996,6.597384,128.891251,122.319810,6.571440,5.907214,0.022581
128.563491,121.950118,6.613373,129.061526,122.510448,6.551078,5.632142,0.022847
128.604628,122.001369,6.603258,128.885499,122.297152,6.588347,5.844497,0.021309
128.569474,121.966752,6.602722,128.723949,122.125341,6.598608,5.745217,0.022334
128.319215,121.701033,6.618182,128.755204,122.121899,6.633305,6.260912,0.020540
128.262479,121.631943,6.630536,128.901380,122.307779,6.593601,5.787625,0.020708
128.262101,121.629355,6.632746,128.587047,121.972362,6.614685,6.455400,0.022153
128.236429,121.610166,6.626264,128.369089,121.763983,6.605106,6.294907,0.020999
128.133583,121.511602,6.621982,128.415826,121.771731,6.644095,6.321231,0.019488
128.074418,121.431052,6.643366,128.379825,121.762966,6.616858,5.760242,0.022170
128.079898,121.462411,6.617487,128.628094,122.028445,6.599649,6.105883,0.023586
128.077627,121.445892,6.631735,129.068544,122.484110,6.584434,5.908267,0.025987
127.961515,121.331851,6.629665,128.532552,121.914121,6.618431,5.726974,0.024029
127.967997,121.328783,6.639214,128.256580,121.655801,6.600779,6.233938,0.021423
127.936560,121.302094,6.634466,128.419452,121.771356,6.648096,6.010821,0.021310
127.740975,121.087739,6.653236,127.973615,121.330020,6.643595,5.876702,0.021969
127.731711,121.072851,6.658860,128.031796,121.404625,6.627171,6.019830,0.021867
127.583097,120.917268,6.665828,127.713190,121.068395,6.644796,6.171923,0.021100
127.650139,120.990956,6.659183,128.581136,121.975242,6.605894,6.013412,0.022211
127.639660,121.001378,6.638282,128.257855,121.655831,6.602024,6.714210,0.020047
127.673782,121.029250,6.644532,128.158431,121.518199,6.640231,5.716168,0.023809
127.666380,121.009392,6.656987,128.317693,121.698814,6.618879,5.982302,0.022651
127.634242,120.982469,6.651773,128.041156,121.406015,6.635141,5.835725,0.021935
127.547280,120.907127,6.640153,128.386657,121.775050,6.611607,6.297482,0.022709
127.553743,120.904406,6.649337,127.906104,121.247167,6.658938,5.611322,0.023024
127.556783,120.912319,6.644464,127.958998,121.271179,6.687819,5.883639,0.022388
127.476290,120.815268,6.661022,127.823697,121.191556,6.632141,6.463747,0.019491
127.458130,120.816331,6.641799,128.677481,122.076839,6.600642,6.368147,0.023201
127.389057,120.738296,6.650762,128.109841,121.502735,6.607106,6.055708,0.024364
127.328039,120.677768,6.650271,128.050912,121.426191,6.624721,5.862628,0.022291
127.375370,120.723531,6.651839,127.974909,121.336369,6.638539,5.900476,0.023833
127.398591,120.751284,6.647307,127.810905,121.163285,6.647621,5.856936,0.024102
127.178422,120.517077,6.661345,128.244707,121.627213,6.617494,6.234763,0.022000
127.334829,120.677382,6.657447,127.832468,121.178078,6.654389,6.482565,0.022778
127.206927,120.553633,6.653294,128.220790,121.557315,6.663475,5.752766,0.024533
127.228820,120.569758,6.659063,127.570677,120.904252,6.666426,5.802262,0.025598
127.223350,120.552959,6.670392,127.695657,121.016385,6.679272,6.257852,0.021353
127.234935,120.592996,6.641939,127.823430,121.186909,6.636521,5.887209,0.024260
127.187237,120.524131,6.663106,127.403506,120.721860,6.681647,6.409338,0.019882
126.996453,120.309999,6.686454,128.081266,121.425030,6.656235,6.032216,0.022330
127.225756,120.557083,6.668672,128.203471,121.587997,6.615474,5.981355,0.021642
127.269336,120.621384,6.647952,127.877852,121.210614,6.667238,5.748801,0.024534
127.142174,120.474508,6.667667,127.677208,121.018439,6.658769,6.323773,0.022335
127.047365,120.383686,6.663680,127.793039,121.184222,6.608817,5.963886,0.021567
127.198661,120.541464,6.657197,127.800718,121.169006,6.631713,6.100179,0.021256
127.007484,120.329140,6.678345,127.694234,121.045546,6.648688,5.817374,0.022481
126.922184,120.255469,6.666714,128.148390,121.523447,6.624943,6.079943,0.022712
126.959071,120.305515,6.653556,127.531858,120.889599,6.642259,6.402040,0.020035
126.925720,120.249367,6.676354,127.806799,121.129916,6.676883,5.942384,0.021579
127.049572,120.392351,6.657221,127.514603,120.875610,6.638994,6.769332,0.023101
126.949841,120.310256,6.639585,127.607403,120.979201,6.628201,5.804319,0.024007
126.981276,120.318431,6.662845,128.071367,121.451005,6.620361,6.903847,0.021912
126.869554,120.202096,6.667458,128.059796,121.432811,6.626985,6.335469,0.021886
126.881961,120.218860,6.663101,127.748037,121.096753,6.651284,5.788834,0.022438
126.925746,120.269532,6.656214,127.903399,121.258877,6.644521,6.505898,0.022326
126.914717,120.241112,6.673605,127.595279,120.934797,6.660483,6.161904,0.022473
126.863797,120.208040,6.655757,127.479628,120.847425,6.632203,5.959408,0.022803
126.930430,120.270813,6.659617,127.615031,120.944520,6.670510,6.314600,0.021630
126.851003,120.181601,6.669401,127.691398,121.035800,6.655597,6.193225,0.024316
126.864007,120.188877,6.675130,127.792305,121.171291,6.621014,6.623544,0.021596
126.842861,120.177792,6.665069,127.680685,121.016664,6.664020,6.163161,0.022076
126.933875,120.264453,6.669422,127.631149,120.976755,6.654393,6.141903,0.022127
126.916537,120.268457,6.648080,127.746232,121.104498,6.641734,6.228392,0.023074
127.025303,120.353913,6.671390,128.469747,121.837268,6.632480,6.547015,0.022409
126.866533,120.186461,6.680071,127.432082,120.769067,6.663015,5.864275,0.023554
126.890959,120.218123,6.672836,127.348211,120.661724,6.686486,5.934791,0.023191
126.776780,120.094095,6.682685,127.584138,120.920277,6.663860,5.723569,0.025141
126.780679,120.103981,6.676698,127.777997,121.129289,6.648708,6.259641,0.020675
126.977310,120.316779,6.660532,127.257001,120.567192,6.689809,6.303306,0.021630
126.883066,120.195375,6.687692,127.279700,120.589291,6.690409,6.475286,0.023319
126.738749,120.036758,6.701991,127.464834,120.810734,6.654100,6.331529,0.023069
126.870734,120.178500,6.692234,127.377251,120.696445,6.680807,6.016449,0.022123
126.776452,120.098927,6.677525,127.506246,120.865610,6.640635,6.253438,0.021591
126.737225,120.066163,6.671062,127.735105,121.069055,6.666050,6.139675,0.024042
126.653693,119.968524,6.685169,126.998244,120.339357,6.658887,6.119304,0.023020
126.704479,120.023328,6.681151,127.420774,120.746134,6.674641,6.392920,0.023025
126.696464,120.020688,6.675776,127.706736,121.050753,6.655984,5.732208,0.021590
126.684526,120.015343,6.669183,127.433642,120.799483,6.634159,6.295502,0.023997
126.781734,120.105612,6.676121,127.480137,120.821291,6.658846,5.986072,0.022321
126.667466,119.988611,6.678855,127.344392,120.694562,6.649830,5.541831,0.022880
126.701980,120.035222,6.666758,127.785744,121.162930,6.622814,5.959272,0.022552
126.538662,119.853011,6.685651,127.351247,120.684715,6.666532,6.653290,0.019960
126.693949,120.012128,6.681821,126.935751,120.242185,6.693566,7.396459,0.022037
126.626071,119.946465,6.679606,127.268963,120.610085,6.658878,6.476003,0.022077
126.542838,119.849530,6.693307,127.210404,120.531843,6.678561,5.622546,0.023733
126.533998,119.859587,6.674411,127.657051,120.988116,6.668934,6.054488,0.023624
126.555805,119.879354,6.676451,127.234415,120.580056,6.654360,5.463445,0.025833
126.572403,119.905168,6.667235,127.243589,120.565928,6.677661,6.105452,0.023311
126.547713,119.854248,6.693465,127.039991,120.355504,6.684486,5.782024,0.020783
126.615213,119.942750,6.672463,127.490489,120.834605,6.655884,6.552504,0.023846
126.695425,120.012283,6.683143,127.453068,120.790219,6.662849,6.334706,0.023123
126.536067,119.851154,6.684914,127.653403,121.025575,6.627828,6.406526,0.024520
126.763801,120.106097,6.657704,127.654521,121.007522,6.646999,6.064413,0.022034
126.765725,120.100097,6.665628,127.662251,120.996847,6.665404,5.684144,0.024035
126.647329,119.960771,6.686558,127.542862,120.891379,6.651484,6.042472,0.021704
126.653497,119.973226,6.680271,127.379266,120.707168,6.672098,6.487039,0.020893
126.670269,119.997073,6.673196,127.747000,121.085309,6.661691,6.295321,0.019977
126.584481,119.889359,6.695122,127.179282,120.493740,6.685542,6.067885,0.023556
126.615001,119.943785,6.671216,127.717348,121.067991,6.649357,5.672348,0.025174
126.673857,119.992001,6.681857,127.682625,121.035324,6.647301,6.270261,0.022204
126.634324,119.953162,6.681161,127.652697,120.987563,6.665135,6.249242,0.022355
126.613620,119.937190,6.676430,128.158013,121.528632,6.629381,5.821268,0.022622
126.707079,120.030697,6.676382,127.432905,120.761545,6.671359,5.664196,0.024520
126.658021,119.953935,6.704086,127.583278,120.911767,6.671510,5.936593,0.022538
126.654852,119.968408,6.686444,127.087971,120.403355,6.684616,5.380881,0.021706
126.604440,119.907826,6.696615,126.971898,120.277863,6.694035,7.284041,0.019978
126.594859,119.896482,6.698377,127.705951,121.063107,6.642843,6.135423,0.023662
126.678979,119.994983,6.683995,128.255404,121.635093,6.620311,5.802735,0.024870
126.735410,120.074051,6.661359,128.010542,121.388299,6.622243,6.247975,0.021637
126.731922,120.049466,6.682456,127.802427,121.163091,6.639337,6.703673,0.022350
126.496327,119.810972,6.685356,127.344197,120.664317,6.679879,5.576654,0.025095
126.642067,119.958113,6.683953,127.845015,121.199795,6.645219,6.535437,0.023795
126.623104,119.950243,6.672861,127.660049,121.031114,6.628935,5.764509,0.023507
126.647338,119.975917,6.671420,127.571539,120.912868,6.658671,5.950819,0.023213
126.494045,119.804540,6.689505,127.532797,120.894173,6.638625,5.920171,0.025797
126.474572,119.783474,6.691098,127.647936,120.996310,6.651626,5.600262,0.022925
126.489327,119.814990,6.674336,127.810439,121.173345,6.637094,5.862442,0.024724
