211.487265,209.361274,2.125991,192.535706,189.412641,3.123065,5.290656,0.006203
187.821017,183.476986,4.344031,177.873113,171.316354,6.556758,4.165800,0.009626
169.888180,161.597770,8.290410,162.438225,152.948728,9.489495,4.071975,0.011250
157.038491,146.411332,10.627159,152.008315,140.728815,11.279500,3.938184,0.012934
149.689519,137.904574,11.784945,146.413611,134.244006,12.169605,4.146710,0.013756
144.731506,132.328398,12.403108,141.975289,129.103008,12.872282,3.826069,0.014834
141.069148,127.992239,13.076909,138.529170,125.035225,13.493944,4.067784,0.013942
138.032807,124.332237,13.700570,136.112467,122.076480,14.035986,4.145473,0.013923
135.611287,121.391208,14.220079,133.988656,119.532156,14.456500,3.918886,0.015449
133.445512,118.821732,14.623780,131.856294,117.083182,14.773112,4.068492,0.015311
131.826521,116.763494,15.063027,130.281260,115.017750,15.263509,4.078737,0.015002
130.124134,114.706007,15.418127,128.612670,112.952037,15.660632,4.120549,0.014404
128.667821,112.916904,15.750917,127.120613,111.047207,16.073406,4.223775,0.015147
127.359216,111.249453,16.109763,126.052391,109.678214,16.374177,4.097477,0.015194
126.242083,109.863067,16.379016,125.364280,108.846318,16.517962,3.932154,0.015907
125.294389,108.740073,16.554317,124.008013,107.311291,16.696722,4.039302,0.016182
124.343437,107.670913,16.672524,123.179399,106.285328,16.894070,4.028095,0.015894
123.474412,106.618159,16.856253,122.461962,105.406879,17.055083,3.935399,0.015336
122.721253,105.769035,16.952218,122.012452,104.972608,17.039844,4.251857,0.014574
122.032605,104.952882,17.079723,121.273966,104.078962,17.195003,3.957284,0.015409
121.303500,104.115291,17.188209,120.489567,103.301506,17.188062,4.179540,0.015636
120.664138,103.379793,17.284345,119.861106,102.540277,17.320828,4.110784,0.015780
120.143465,102.764978,17.378487,119.252460,101.749119,17.503341,4.263572,0.014895
119.491851,101.996060,17.495791,118.701424,101.115537,17.585887,4.197272,0.015418
118.988567,101.416620,17.571947,118.501977,100.759639,17.742338,4.038295,0.015864
118.572875,100.857711,17.715163,117.735028,99.949364,17.785664,4.296093,0.015043
117.929656,100.159224,17.770432,117.279542,99.492545,17.786997,4.154988,0.015501
117.504730,99.686671,17.818058,117.132017,99.212966,17.919050,4.045913,0.015740
117.062405,99.092318,17.970087,116.447806,98.395111,18.052695,4.318314,0.015169
116.611160,98.571893,18.039266,116.091186,97.904440,18.186745,4.074447,0.015858
116.273300,98.176033,18.097267,115.541692,97.406613,18.135079,4.269556,0.014397
115.774504,97.617031,18.157473,114.970733,96.847038,18.123695,4.239261,0.014619
115.431586,97.230480,18.201106,114.800153,96.481498,18.318654,4.134848,0.014536
115.057521,96.785500,18.272021,114.552989,96.235559,18.317430,4.260099,0.014557
114.658491,96.375031,18.283461,114.266665,95.953659,18.313005,4.211811,0.014672
114.326543,95.993426,18.333118,114.363832,95.984674,18.379159,3.958015,0.015844
114.012651,95.657103,18.355549,113.486922,95.061852,18.425069,4.008021,0.015396
113.702737,95.320071,18.382666,113.231871,94.750260,18.481612,4.092335,0.014732
113.297009,94.883558,18.413451,112.961895,94.544095,18.417801,4.197123,0.014847
113.152250,94.738350,18.413899,112.921043,94.536140,18.384903,4.132139,0.015738
112.795661,94.366065,18.429596,112.332989,93.863704,18.469285,4.209174,0.014738
112.439579,93.996926,18.442653,111.998120,93.499055,18.499065,4.352005,0.014091
112.184274,93.714122,18.470152,111.923809,93.446178,18.477631,4.176708,0.014955
111.865916,93.371373,18.494543,111.601272,93.049575,18.551697,4.228886,0.014576
111.708016,93.174550,18.533465,111.361460,92.782500,18.578960,4.176750,0.014678
111.384772,92.814073,18.570699,111.113636,92.555423,18.558213,4.203128,0.014377
111.134395,92.601855,18.532540,111.071948,92.478473,18.593474,4.132793,0.014939
110.954454,92.430307,18.524147,110.689164,92.151421,18.537743,4.136110,0.014156
110.696376,92.117863,18.578514,110.619601,92.061469,18.558131,4.132243,0.015287
110.398713,91.842937,18.555776,110.327051,91.720440,18.606611,4.548078,0.013106
110.263109,91.699016,18.564093,110.276565,91.668002,18.608564,4.191397,0.015317
110.008585,91.404616,18.603969,109.964957,91.312528,18.652429,4.025119,0.014892
109.768503,91.178431,18.590072,109.740904,91.231152,18.509752,4.202962,0.014191
109.591140,90.982385,18.608754,109.310920,90.645168,18.665752,4.174405,0.014383
109.373030,90.746332,18.626698,109.240171,90.611406,18.628765,4.156703,0.014757
109.189187,90.600654,18.588534,109.439646,90.798825,18.640821,4.143843,0.013582
108.979776,90.365911,18.613866,108.888993,90.327505,18.561488,4.096644,0.014794
108.849729,90.288558,18.561171,108.814269,90.239820,18.574448,4.101627,0.014548
108.592493,90.017337,18.575156,108.737756,90.128510,18.609246,4.175875,0.013949
108.488871,89.919841,18.569030,108.661551,89.976894,18.684657,4.040576,0.015160
108.289776,89.689365,18.600411,108.473721,89.749527,18.724194,4.236874,0.014702
108.159956,89.535305,18.624652,108.145381,89.521908,18.623473,4.449497,0.013817
107.974920,89.368615,18.606305,108.260156,89.608888,18.651268,3.997885,0.015024
107.835774,89.227156,18.608618,107.851938,89.221812,18.630127,4.087550,0.014387
107.748784,89.106056,18.642729,108.045373,89.386435,18.658938,4.153495,0.014304
107.573532,88.923422,18.650111,107.710211,89.058565,18.651646,4.234611,0.014370
107.428886,88.750759,18.678128,107.753485,89.053095,18.700391,4.028593,0.014627
107.307082,88.640651,18.666431,107.392316,88.732805,18.659511,4.280491,0.013999
107.152036,88.463550,18.688486,107.489309,88.817171,18.672138,4.304034,0.014123
107.024534,88.347905,18.676629,107.462723,88.762403,18.700321,4.157875,0.014382
106.870717,88.204575,18.666143,107.248778,88.649652,18.599126,4.226079,0.014742
106.810843,88.137173,18.673670,107.149631,88.446762,18.702870,4.325362,0.013514
106.650272,87.960928,18.689344,107.232079,88.561863,18.670217,4.294447,0.014889
106.587115,87.866186,18.720929,106.959073,88.213796,18.745276,4.204103,0.013132
106.486460,87.744686,18.741775,106.838203,88.148513,18.689690,4.160289,0.014347
106.284286,87.571008,18.713278,106.728405,88.040643,18.687762,4.336687,0.013522
106.271227,87.532472,18.738755,106.630416,87.882008,18.748409,4.451068,0.013122
106.141430,87.412549,18.728882,106.334822,87.613868,18.720954,4.269098,0.014040
106.017769,87.253061,18.764708,106.644551,87.826601,18.817950,4.178919,0.014099
105.908444,87.122831,18.785613,106.247101,87.435456,18.811645,4.243805,0.013953
105.824237,87.040270,18.783966,106.202559,87.449371,18.753187,4.272422,0.014034
105.739137,86.960538,18.778599,106.197347,87.397605,18.799742,4.260287,0.014027
105.651372,86.834376,18.816996,106.036601,87.240733,18.795868,4.339345,0.013571
105.498171,86.689863,18.808309,105.789260,87.026060,18.763201,4.124037,0.015581
105.485315,86.648058,18.837257,105.889298,87.000429,18.888869,4.245213,0.014085
105.361814,86.501326,18.860488,105.731617,86.938296,18.793321,4.373346,0.013889
105.206106,86.351029,18.855078,105.807041,86.914159,18.892883,4.161695,0.014485
105.159936,86.277686,18.882250,105.580500,86.683879,18.896621,4.162598,0.014223
105.071743,86.192823,18.878920,105.719050,86.776362,18.942689,4.280040,0.014135
105.010549,86.117030,18.893519,105.628906,86.841414,18.787492,4.105625,0.014497
104.913377,86.038939,18.874438,105.449935,86.629732,18.820203,4.172573,0.013624
104.834529,85.971111,18.863417,105.460110,86.596247,18.863863,4.281370,0.014117
104.685530,85.814846,18.870684,105.509570,86.613684,18.895886,4.245104,0.013695
104.610929,85.736589,18.874340,105.272048,86.429718,18.842331,4.202731,0.014169
104.525723,85.644433,18.881290,105.212976,86.242879,18.970098,4.449957,0.012992
104.489035,85.555714,18.933321,105.066994,86.127000,18.939995,4.285567,0.013212
104.423020,85.462378,18.960642,105.249028,86.400874,18.848153,4.486560,0.013277
104.320303,85.403173,18.917130,104.953409,86.027513,18.925896,4.396179,0.013092
104.283468,85.299602,18.983866,104.973705,86.054915,18.918789,4.091516,0.014386
104.111290,85.163493,18.947797,104.984061,86.107769,18.876292,4.243834,0.014095
104.097619,85.184037,18.913582,104.948322,86.029556,18.918767,4.110584,0.014295
104.074047,85.164642,18.909405,104.849880,85.915918,18.933961,4.169798,0.014847
103.971713,85.074448,18.897265,104.843970,86.033912,18.810058,4.432469,0.013287
103.890007,84.985156,18.904851,104.660102,85.756517,18.903584,4.109245,0.014151
103.831585,84.918354,18.913231,104.661607,85.807207,18.854400,4.246584,0.013043
103.722977,84.787476,18.935502,104.592098,85.710128,18.881971,4.213820,0.013872
103.691448,84.791593,18.899854,104.459959,85.554246,18.905713,4.179277,0.013721
103.666986,84.736421,18.930565,104.468838,85.555991,18.912846,4.053494,0.014876
103.612633,84.665564,18.947068,104.311061,85.381704,18.929358,4.328887,0.013840
103.529858,84.569321,18.960538,104.293884,85.371829,18.922055,4.329173,0.013659
103.423771,84.453863,18.969908,104.215028,85.191234,19.023794,4.247334,0.013310
103.410081,84.431978,18.978103,104.373128,85.369602,19.003526,4.152678,0.013997
103.276191,84.284646,18.991545,104.094135,85.095872,18.998263,4.539883,0.012760
103.278374,84.302008,18.976366,104.055499,85.011133,19.044366,4.469081,0.012219
103.183100,84.212856,18.970244,104.118985,85.125346,18.993639,4.276466,0.014816
103.113084,84.134720,18.978364,103.867940,84.887897,18.980044,4.455645,0.013190
103.089707,84.123185,18.966522,103.921215,84.902905,19.018310,4.326816,0.013721
103.030468,84.036904,18.993564,103.928861,84.924307,19.004554,4.202269,0.013697
102.962476,83.968944,18.993532,104.052677,85.064848,18.987829,4.285876,0.013582
102.914048,83.901816,19.012232,103.798907,84.827167,18.971740,4.354501,0.013490
102.910616,83.883715,19.026901,103.761222,84.739478,19.021744,4.367239,0.013220
102.833624,83.817769,19.015854,103.666628,84.645796,19.020832,4.292732,0.013579
102.796845,83.792465,19.004381,103.797079,84.845832,18.951247,4.456879,0.013266
102.782840,83.765514,19.017326,103.786063,84.782626,19.003437,4.259677,0.013747
102.755714,83.730033,19.025682,103.620456,84.635790,18.984666,4.199260,0.013890
102.656462,83.614398,19.042064,103.598859,84.562899,19.035960,4.275916,0.013514
102.654314,83.584096,19.070217,103.625781,84.580232,19.045549,4.144851,0.013979
102.620961,83.580173,19.040788,103.573564,84.538984,19.034579,4.229588,0.014671
102.556929,83.494560,19.062369,103.500103,84.526087,18.974017,4.306692,0.014604
102.518739,83.456393,19.062346,103.757116,84.644386,19.112729,4.053501,0.014556
102.465448,83.380324,19.085125,103.548597,84.395957,19.152640,4.387324,0.013263
102.456960,83.357727,19.099233,103.385930,84.285032,19.100899,4.178946,0.014233
102.386099,83.303512,19.082587,103.401637,84.303068,19.098569,4.453328,0.011947
102.341539,83.262342,19.079197,103.489134,84.439448,19.049686,4.309506,0.013063
102.237559,83.141070,19.096489,103.372559,84.309693,19.062866,4.273107,0.013939
102.269276,83.205121,19.064155,103.357661,84.261303,19.096358,4.312366,0.014114
102.177398,83.074635,19.102763,103.308915,84.186477,19.122437,4.336616,0.013772
102.152906,83.070445,19.082460,103.409993,84.310816,19.099177,4.258469,0.013114
102.171870,83.043191,19.128678,103.184764,84.103181,19.081584,4.341883,0.013584
102.076720,83.000020,19.076700,103.289196,84.241409,19.047786,4.407527,0.012784
102.132298,83.036962,19.095336,103.372444,84.288556,19.083888,4.179721,0.013707
102.058149,82.929913,19.128236,103.227015,84.141460,19.085555,4.185942,0.014540
102.015491,82.899323,19.116168,103.234495,84.096917,19.137578,4.199354,0.013767
102.027231,82.876287,19.150944,103.277763,84.098728,19.179036,4.303359,0.013999
101.940002,82.799721,19.140281,103.154279,84.053410,19.100870,4.281312,0.013869
101.896873,82.731020,19.165853,103.150282,84.019080,19.131203,4.214723,0.013715
101.887411,82.712038,19.175373,103.037889,83.884527,19.153361,4.287774,0.013820
101.812291,82.640169,19.172122,103.149421,84.024119,19.125302,4.300905,0.013460
101.862928,82.687223,19.175705,103.205755,84.036202,19.169553,4.358449,0.013361
101.765926,82.625914,19.140012,102.931079,83.730004,19.201074,4.280778,0.013428
101.721018,82.526481,19.194537,102.909862,83.735182,19.174680,4.497432,0.013546
101.698063,82.544088,19.153975,103.243014,84.065237,19.177777,4.252818,0.012604
101.665375,82.467007,19.198368,103.035902,83.857815,19.178088,4.266669,0.013205
101.672637,82.466547,19.206089,102.806783,83.594877,19.211906,4.232234,0.013578
101.641509,82.458539,19.182970,102.938070,83.771664,19.166407,4.290064,0.013828
101.512715,82.372679,19.140037,102.916439,83.818916,19.097524,4.436831,0.013154
101.579698,82.399660,19.180038,102.848732,83.654231,19.194501,4.341684,0.014146
101.495875,82.296791,19.199084,102.932911,83.671015,19.261897,4.102837,0.014865
101.517656,82.314323,19.203334,102.784673,83.597740,19.186933,4.371497,0.012289
101.500891,82.295298,19.205592,102.832452,83.604766,19.227687,4.282820,0.013841
