239.430854,236.670840,2.760014,191.842163,188.075337,3.766826,4.392940,0.008944
180.692540,174.332503,6.360037,167.798223,158.813662,8.984561,3.818859,0.019057
158.539163,147.544381,10.994781,151.060264,138.775213,12.285050,3.164656,0.023682
147.248138,134.027719,13.220419,141.911954,127.787510,14.124444,3.195926,0.025425
139.636481,124.771780,14.864701,135.533412,119.783178,15.750233,3.182974,0.025525
134.457776,118.522271,15.935506,131.842785,115.547804,16.294981,3.117550,0.027261
130.802309,114.168990,16.633319,128.349542,111.330734,17.018808,3.183990,0.025892
128.110122,111.023869,17.086253,125.996027,108.734085,17.261942,3.179096,0.025535
125.917397,108.559726,17.357670,124.307042,106.523836,17.783206,2.975372,0.028242
124.227493,106.618784,17.608709,122.938793,105.085488,17.853304,3.036600,0.028436
122.609950,104.692417,17.917533,121.236676,103.220266,18.016411,3.179662,0.027232
121.275200,103.306975,17.968225,120.318224,102.222134,18.096090,3.169732,0.026791
120.088320,102.013776,18.074544,119.068064,100.821750,18.246314,2.982776,0.027410
119.072528,100.898984,18.173544,118.283430,100.066286,18.217144,3.158678,0.024861
118.106738,99.930623,18.176115,117.465751,99.204991,18.260760,3.149122,0.026044
117.276851,98.984038,18.292813,116.493088,98.106974,18.386113,2.948741,0.026432
116.361899,97.983299,18.378600,115.836243,97.519434,18.316809,3.087121,0.024292
115.510695,97.156968,18.353728,115.054164,96.628361,18.425803,3.177736,0.024343
114.907385,96.519699,18.387686,114.746327,96.334852,18.411475,3.041482,0.026567
114.185452,95.767245,18.418207,113.620765,95.236029,18.384736,3.190257,0.023904
113.539823,95.095211,18.444611,113.278958,94.894251,18.384706,3.186431,0.024391
112.933340,94.414250,18.519090,112.592929,94.190383,18.402546,3.182029,0.025037
112.436781,93.917005,18.519776,112.407635,94.053997,18.353637,3.044654,0.026399
111.861667,93.304791,18.556876,111.541341,92.973550,18.567791,3.103888,0.023823
111.425473,92.801875,18.623597,111.380669,92.820448,18.560221,3.068494,0.023128
110.797392,92.127157,18.670235,110.775065,92.127951,18.647114,3.218022,0.022517
110.333018,91.655930,18.677088,110.392286,91.702295,18.689990,3.178859,0.024269
109.898644,91.234409,18.664235,109.885146,91.112315,18.772831,3.023199,0.023689
109.521377,90.731854,18.789523,109.598512,90.860807,18.737705,2.967159,0.025473
109.174500,90.435954,18.738545,109.495527,90.617186,18.878341,3.050953,0.024598
108.787737,89.971167,18.816570,109.059243,90.320782,18.738461,3.175046,0.022428
108.427812,89.604336,18.823476,108.914018,90.109923,18.804095,3.170703,0.023900
108.116572,89.281808,18.834764,108.539102,89.704721,18.834381,3.111806,0.022383
107.844681,88.971117,18.873564,108.596079,89.795098,18.800981,3.004345,0.025411
107.579300,88.762394,18.816906,108.383599,89.578284,18.805315,2.846927,0.024888
107.242916,88.374744,18.868172,107.734280,89.053137,18.681143,3.073112,0.024182
106.934839,88.075025,18.859814,107.817176,88.973872,18.843304,3.095743,0.022493
106.709700,87.774006,18.935694,107.041225,88.066553,18.974672,3.045166,0.021810
106.434350,87.463494,18.970857,106.772168,87.838297,18.933871,2.975791,0.021787
106.203747,87.240631,18.963116,106.950788,88.091288,18.859500,2.957364,0.024240
105.966706,87.065033,18.901674,106.733025,87.861603,18.871423,2.994818,0.024279
105.790158,86.830921,18.959237,106.436758,87.500044,18.936713,2.937425,0.022278
105.508922,86.551829,18.957093,106.188975,87.260536,18.928439,2.972911,0.021982
105.353774,86.331740,19.022034,106.108922,87.078141,19.030781,2.990176,0.022523
105.173669,86.145150,19.028519,105.868045,86.865654,19.002392,3.131505,0.020221
104.917380,85.951111,18.966270,105.752701,86.932265,18.820436,3.147110,0.021100
104.701718,85.747622,18.954096,105.629339,86.672041,18.957298,2.877286,0.022385
104.540301,85.550878,18.989423,105.387502,86.491037,18.896465,3.086259,0.021713
104.368864,85.417174,18.951691,105.037034,86.094683,18.942352,3.097651,0.020790
104.188982,85.181645,19.007337,105.281779,86.339421,18.942358,2.987190,0.020759
104.066026,85.018265,19.047761,105.292478,86.366908,18.925570,3.029438,0.021054
103.824049,84.795484,19.028565,104.738032,85.815637,18.922395,3.068193,0.020987
103.677557,84.698171,18.979386,104.669537,85.708400,18.961137,3.058070,0.020853
103.539445,84.546203,18.993242,104.903070,85.944554,18.958516,2.865683,0.021877
103.367551,84.316664,19.050886,104.668965,85.657689,19.011275,2.911207,0.021874
103.295317,84.255721,19.039596,104.502881,85.484307,19.018574,2.980616,0.020461
103.225677,84.121302,19.104375,104.031371,85.049308,18.982063,2.998681,0.020669
103.040726,83.933112,19.107615,104.125220,85.060437,19.064784,2.933712,0.021895
102.915549,83.810555,19.104994,103.962765,84.979775,18.982990,2.953382,0.021936
102.796131,83.731270,19.064861,104.039281,85.056094,18.983188,2.973711,0.022258
102.712873,83.574927,19.137946,104.058535,84.960079,19.098456,3.034105,0.021249
102.517580,83.402528,19.115052,103.743658,84.706305,19.037352,3.023231,0.020915
102.559387,83.459555,19.099832,103.898895,84.740802,19.158093,2.999667,0.020700
102.424883,83.286626,19.138258,103.752212,84.739478,19.012734,2.920905,0.021118
102.226908,83.136878,19.090030,103.776146,84.678665,19.097480,2.949300,0.021965
102.128855,83.028221,19.100634,103.672357,84.532593,19.139764,3.009842,0.020407
102.043159,82.878510,19.164649,103.567598,84.554828,19.012770,3.029677,0.022578
101.961989,82.805442,19.156547,103.537942,84.434488,19.103453,2.969573,0.021513
101.884539,82.713516,19.171023,103.605284,84.568875,19.036409,2.811394,0.023844
101.746688,82.599877,19.146811,103.274342,84.245756,19.028586,3.066731,0.020060
101.634501,82.511223,19.123278,103.315041,84.295393,19.019648,2.860060,0.022699
101.633607,82.430291,19.203316,103.244616,84.071922,19.172694,3.107976,0.020077
101.469756,82.260449,19.209307,103.064393,83.965511,19.098882,2.946927,0.022099
101.382630,82.157789,19.224841,103.224149,84.125966,19.098183,2.911931,0.021029
101.310606,82.093416,19.217190,103.210337,84.069782,19.140555,2.951654,0.020040
101.223741,81.989536,19.234205,102.796883,83.645166,19.151718,2.949914,0.020642
101.173290,81.938443,19.234848,102.981503,83.751144,19.230359,2.952420,0.020783
101.072649,81.851897,19.220752,102.627428,83.516004,19.111424,2.886955,0.020562
101.093484,81.826215,19.267269,102.737655,83.556514,19.181141,2.957202,0.019658
100.905265,81.639137,19.266128,102.762636,83.664349,19.098288,3.102556,0.019723
100.905332,81.678880,19.226452,102.711772,83.476023,19.235749,2.810263,0.020820
100.781478,81.553214,19.228264,102.523460,83.435867,19.087593,2.943634,0.020831
100.750892,81.523726,19.227167,102.568509,83.435749,19.132760,2.999254,0.020270
100.721401,81.486507,19.234895,102.762821,83.626396,19.136425,2.903371,0.022472
100.645844,81.372082,19.273763,102.622922,83.495408,19.127514,2.904916,0.021492
100.586864,81.318983,19.267881,102.463983,83.338865,19.125118,3.004528,0.018959
100.515675,81.263194,19.252482,102.435575,83.270059,19.165516,2.950511,0.020018
100.473255,81.206325,19.266930,102.368027,83.184254,19.183773,2.865740,0.020482
100.411716,81.130957,19.280760,102.199907,83.054620,19.145287,2.979147,0.021124
100.348577,81.040924,19.307653,102.385339,83.184668,19.200671,3.063057,0.021114
100.274162,80.977079,19.297083,102.112462,82.897223,19.215239,3.220443,0.018209
100.260234,80.930477,19.329757,102.145003,82.968156,19.176848,3.047981,0.020061
100.169286,80.872525,19.296762,102.238854,83.106987,19.131868,2.952713,0.019881
100.133095,80.838369,19.294725,102.295766,83.076596,19.219170,3.043331,0.019476
100.046579,80.768087,19.278492,102.329155,83.187978,19.141177,3.142693,0.020341
100.034932,80.749024,19.285908,102.231365,83.008355,19.223010,2.990948,0.020567
100.027061,80.710066,19.316995,102.174544,82.956319,19.218225,2.907916,0.021222
99.910616,80.565834,19.344782,102.227979,82.876846,19.351133,2.806024,0.020856
99.922456,80.548395,19.374061,102.092788,82.862638,19.230150,2.929514,0.020929
99.816510,80.489200,19.327310,102.042381,82.852780,19.189601,3.104755,0.019832
99.758094,80.451514,19.306581,102.063051,82.729477,19.333574,2.982515,0.019668
99.697321,80.296458,19.400862,101.981034,82.635915,19.345119,2.894574,0.020655
99.681595,80.325687,19.355908,101.861445,82.639117,19.222328,3.006116,0.019829
99.647432,80.325294,19.322138,101.932076,82.686235,19.245840,2.817820,0.021255
99.614688,80.246063,19.368625,101.891474,82.597503,19.293971,3.065352,0.018407
99.613113,80.231449,19.381664,101.986498,82.627429,19.359069,2.730963,0.021990
99.515529,80.154546,19.360984,102.002997,82.763473,19.239525,2.809823,0.020157
99.455343,80.117070,19.338273,101.911586,82.679091,19.232495,2.735267,0.022165
99.422081,80.086231,19.335850,101.870133,82.548821,19.321311,2.820128,0.020106
99.405623,80.012074,19.393549,101.751149,82.419483,19.331666,3.089834,0.018184
99.336178,79.961231,19.374948,101.691358,82.464955,19.226404,2.854062,0.020555
99.323138,80.003315,19.319823,101.664762,82.473998,19.190764,2.949257,0.020446
99.201702,79.874112,19.327590,101.940113,82.576730,19.363383,2.732383,0.021362
99.280167,79.907280,19.372887,101.714511,82.452999,19.261512,2.798265,0.020648
99.184943,79.811264,19.373680,101.725210,82.469170,19.256041,2.984033,0.018741
99.153481,79.810895,19.342586,101.776107,82.673994,19.102113,2.984822,0.020171
99.095796,79.749800,19.345996,101.705115,82.436220,19.268895,2.813643,0.021116
99.099213,79.694438,19.404774,101.585132,82.199568,19.385564,2.682986,0.021598
99.042668,79.668777,19.373891,101.703457,82.366233,19.337224,2.787979,0.021717
99.069959,79.659074,19.410885,101.776016,82.515358,19.260658,2.773904,0.021475
99.078813,79.702775,19.376038,101.535773,82.217379,19.318393,2.984134,0.020260
98.977181,79.591309,19.385873,101.593082,82.267859,19.325223,2.843807,0.020713
98.936851,79.503301,19.433550,101.668634,82.398216,19.270418,3.029942,0.019139
98.941986,79.565840,19.376146,101.750562,82.488288,19.262274,2.938342,0.020295
98.833381,79.437088,19.396293,101.613797,82.353786,19.260011,2.961675,0.019382
98.838474,79.462265,19.376209,101.571878,82.388639,19.183238,2.816710,0.020571
98.794068,79.441013,19.353055,101.363503,82.079197,19.284305,2.907658,0.019701
98.681821,79.306564,19.375257,101.449466,82.196201,19.253265,2.925006,0.021227
98.693648,79.308132,19.385515,101.329903,82.044642,19.285262,2.842182,0.020450
98.702202,79.309482,19.392720,101.455243,82.181129,19.274114,2.757874,0.019775
98.616551,79.239525,19.377027,101.432034,82.156482,19.275552,2.937665,0.020025
98.625296,79.218450,19.406845,101.359188,82.029063,19.330125,2.921146,0.019103
98.673735,79.287036,19.386699,101.533667,82.200833,19.332833,2.915678,0.020798
98.593343,79.177995,19.415347,101.548081,82.208832,19.339248,2.819001,0.019889
98.513595,79.106475,19.407120,101.505110,82.140497,19.364612,2.868393,0.020891
98.558526,79.122796,19.435731,101.274565,81.912335,19.362230,2.944089,0.019546
98.501599,79.143213,19.358386,101.102093,81.817995,19.284098,2.790689,0.021214
98.466204,79.042795,19.423409,101.209851,81.870170,19.339681,3.010644,0.019326
98.447711,79.018356,19.429355,101.277623,81.990959,19.286663,2.871808,0.020721
98.400105,78.970658,19.429447,101.379979,82.050016,19.329963,2.883867,0.019875
98.328124,78.896296,19.431829,101.329490,81.968921,19.360569,2.880265,0.019508
98.317797,78.894436,19.423362,101.183427,81.881799,19.301628,2.796200,0.021212
98.282094,78.807204,19.474890,101.182425,81.834733,19.347693,2.779079,0.020931
98.341522,78.931913,19.409609,101.395536,82.161031,19.234505,2.928771,0.019332
98.276999,78.844740,19.432259,101.329267,81.935305,19.393962,2.735153,0.021053
98.237336,78.757290,19.480046,101.375546,82.052593,19.322953,2.780066,0.019891
98.262438,78.816890,19.445548,101.352003,81.989122,19.362881,2.764521,0.022001
98.264987,78.829527,19.435460,101.204100,81.934383,19.269717,3.010575,0.019255
98.245464,78.755740,19.489724,101.368508,81.984070,19.384437,2.849990,0.019648
98.134791,78.650950,19.483842,101.239096,81.918436,19.320661,2.912840,0.020248
98.121258,78.690564,19.430693,101.114500,81.777481,19.337018,2.854254,0.020653
98.118722,78.627337,19.491385,101.171465,81.811025,19.360439,2.975590,0.018486
98.100788,78.603918,19.496870,101.209056,81.832901,19.376155,2.760594,0.021428
98.050777,78.553776,19.497001,101.577846,82.067791,19.510055,2.863945,0.019388
98.063924,78.569281,19.494643,101.187086,81.836359,19.350726,2.713246,0.022218
98.053347,78.563369,19.489978,101.163905,81.800908,19.362997,3.082826,0.018714
98.065440,78.580370,19.485070,101.030894,81.730246,19.300648,2.853431,0.019591
97.998575,78.485589,19.512987,101.170547,81.732640,19.437907,2.827851,0.019745
98.002242,78.474673,19.527569,101.076469,81.642076,19.434393,2.676252,0.020957
97.888865,78.369450,19.519414,101.028347,81.608619,19.419729,2.958907,0.018668
