234.968644,231.681964,3.286680,191.305196,187.962768,3.342429,3.504571,0.007275
175.265272,168.600247,6.665025,156.455784,146.160406,10.295378,3.006318,0.014016
150.827067,139.968132,10.858935,145.935456,134.721549,11.213906,2.848707,0.019260
142.626492,130.748584,11.877908,138.575591,125.787453,12.788139,2.679029,0.021308
136.049811,122.805040,13.244772,133.077982,119.409187,13.668795,2.905978,0.021311
131.592600,117.552089,14.040511,129.189633,114.992782,14.196851,2.929269,0.021595
128.610242,114.179133,14.431109,126.542830,111.934641,14.608189,3.094759,0.020897
126.295398,111.584621,14.710777,124.324293,109.553199,14.771094,3.225711,0.020154
124.442286,109.569309,14.872977,122.821051,107.795258,15.025793,3.118876,0.019717
122.791225,107.781109,15.010116,121.613880,106.522489,15.091392,3.074814,0.021763
121.372294,106.259294,15.112999,120.563205,105.434699,15.128506,3.218459,0.021975
120.224654,105.011075,15.213579,118.997510,103.692005,15.305505,3.331284,0.019820
119.018570,103.705954,15.312616,117.899749,102.546210,15.353540,3.354398,0.020720
118.086272,102.747253,15.339019,117.319003,101.943155,15.375847,3.237463,0.021179
117.304754,101.932434,15.372320,116.301391,100.802794,15.498597,3.339460,0.020663
116.466820,101.055074,15.411746,115.891613,100.477773,15.413840,3.347121,0.019512
115.816418,100.397196,15.419221,115.342376,99.935492,15.406885,3.507273,0.019186
115.201334,99.731677,15.469657,114.757765,99.208438,15.549327,3.440326,0.019910
114.584492,99.062765,15.521727,114.637766,99.199568,15.438199,3.346869,0.020988
114.143950,98.547571,15.596379,113.625730,97.906030,15.719700,3.630794,0.018421
113.541387,97.909244,15.632143,113.813470,98.174522,15.638948,3.458297,0.019994
113.194895,97.563659,15.631235,113.141552,97.480708,15.660845,3.378950,0.020470
112.770121,97.065612,15.704509,112.715525,96.969983,15.745543,3.367870,0.019655
112.402627,96.710627,15.692000,112.567331,96.791115,15.776216,3.376670,0.020005
112.016911,96.292468,15.724443,112.123632,96.340052,15.783580,3.499373,0.019535
111.694084,95.989963,15.704121,112.035738,96.388979,15.646760,3.518786,0.019713
111.395972,95.686093,15.709878,111.658021,95.883400,15.774621,3.411940,0.019357
111.144937,95.391304,15.753633,111.200586,95.474644,15.725941,3.561547,0.020374
110.826846,95.054504,15.772343,111.110016,95.358417,15.751599,3.625111,0.019557
110.642808,94.891194,15.751614,111.012575,95.274664,15.737911,3.577948,0.019157
110.427690,94.649407,15.778284,110.769258,94.939006,15.830252,3.514204,0.020518
110.220451,94.408989,15.811462,111.028633,95.313686,15.714946,3.288006,0.021961
110.007509,94.251976,15.755533,110.325655,94.572297,15.753358,3.740893,0.017618
109.851649,94.071875,15.779774,110.639641,94.837842,15.801799,3.546695,0.019649
109.629954,93.802611,15.827343,110.039366,94.264367,15.774999,3.623685,0.020291
109.430688,93.631864,15.798824,110.270069,94.428599,15.841470,3.353957,0.021100
109.324491,93.523141,15.801350,110.093438,94.280104,15.813334,3.516560,0.019748
109.129610,93.290644,15.838966,109.851774,94.031832,15.819942,3.605776,0.019027
108.991738,93.152272,15.839465,109.664208,93.843568,15.820640,3.635576,0.018920
108.807373,92.967307,15.840067,109.616656,93.777026,15.839630,3.791567,0.019483
108.706822,92.853322,15.853500,109.549734,93.662048,15.887686,3.330291,0.019885
108.608192,92.755108,15.853084,109.891587,94.005524,15.886062,3.412281,0.019905
108.412925,92.515282,15.897643,109.505703,93.627236,15.878466,3.421441,0.020987
108.319853,92.394131,15.925722,109.397282,93.562848,15.834435,3.389703,0.020999
108.196876,92.280840,15.916035,108.832623,92.837937,15.994686,3.576442,0.019697
108.073564,92.164192,15.909372,109.042850,93.121442,15.921409,3.656336,0.020887
107.953551,92.054345,15.899207,109.027432,93.098402,15.929030,3.531469,0.022303
107.904376,91.977161,15.927216,108.943849,93.033695,15.910153,3.542377,0.020465
107.700011,91.769317,15.930694,108.970199,93.009568,15.960631,3.412052,0.020025
107.580573,91.650358,15.930215,108.730141,92.778978,15.951163,3.454577,0.021631
107.438917,91.494655,15.944262,108.645584,92.692376,15.953208,3.580798,0.020700
107.391278,91.467691,15.923587,108.582484,92.665264,15.917220,3.704192,0.020263
107.323620,91.409567,15.914054,108.468153,92.625139,15.843014,3.621033,0.021204
107.295099,91.330585,15.964514,108.516029,92.576869,15.939160,3.525296,0.021730
107.153429,91.206918,15.946510,108.524168,92.657486,15.866683,3.718578,0.018811
107.162194,91.234845,15.927350,108.290507,92.375394,15.915113,3.676828,0.019300
106.964996,91.021442,15.943554,108.375661,92.422570,15.953091,3.665006,0.019516
106.959920,91.015504,15.944416,108.217725,92.285803,15.931922,3.723071,0.020187
106.920068,90.971016,15.949053,108.282325,92.268700,16.013625,3.393004,0.021051
106.872891,90.881894,15.990997,108.149823,92.129543,16.020281,3.408927,0.019796
106.780023,90.796284,15.983739,108.052601,92.045873,16.006729,3.631053,0.020103
106.704598,90.735817,15.968781,108.170832,92.285424,15.885408,3.609981,0.020341
106.630186,90.641776,15.988409,107.982687,91.994806,15.987881,3.657027,0.019976
106.502071,90.534703,15.967367,108.197164,92.234361,15.962802,3.398724,0.022051
106.602442,90.596028,16.006414,107.771898,91.769430,16.002468,3.463873,0.019990
106.498194,90.510454,15.987740,108.033736,92.045689,15.988047,3.604513,0.021393
106.424209,90.426380,15.997829,108.157008,92.152739,16.004268,3.765685,0.018878
106.399346,90.401680,15.997666,107.593947,91.572820,16.021127,3.688553,0.020237
106.328177,90.315235,16.012942,107.880447,91.844170,16.036277,3.654805,0.020464
106.254335,90.248552,16.005783,107.709415,91.696381,16.013035,3.551572,0.020793
106.116239,90.146769,15.969470,107.704046,91.700723,16.003324,3.677507,0.020272
106.113516,90.107449,16.006067,107.815475,91.812787,16.002689,3.472090,0.019869
106.126316,90.145555,15.980761,107.824579,91.815003,16.009576,3.498724,0.021063
106.104588,90.099425,16.005164,107.758245,91.841777,15.916468,3.704924,0.019088
106.054169,90.058658,15.995511,107.421796,91.364766,16.057030,3.722728,0.019725
106.016806,90.021939,15.994867,107.947589,91.982296,15.965294,3.595394,0.019932
106.028968,90.043824,15.985144,107.806274,91.843976,15.962297,3.790007,0.018511
105.962027,90.016751,15.945277,107.598394,91.752663,15.845731,3.745667,0.020098
106.008859,90.065422,15.943437,107.469848,91.456703,16.013145,3.629834,0.019867
105.829874,89.857656,15.972217,107.892798,92.030010,15.862789,3.662640,0.021133
105.889759,89.918644,15.971115,107.724102,91.788832,15.935270,3.775494,0.018734
105.857168,89.857050,16.000118,107.600260,91.560145,16.040115,3.726310,0.022072
105.840883,89.861372,15.979511,107.652301,91.685381,15.966920,3.533475,0.020213
105.741196,89.774684,15.966512,107.623645,91.668760,15.954884,3.649164,0.021462
105.821200,89.845696,15.975503,107.725952,91.703589,16.022363,3.594938,0.022040
105.713758,89.725525,15.988233,107.642599,91.623322,16.019277,3.597611,0.020664
105.704747,89.719572,15.985175,107.494892,91.547914,15.946978,3.783676,0.020255
105.542937,89.567482,15.975455,107.441666,91.533898,15.907768,3.629310,0.021389
105.618829,89.652185,15.966644,107.470476,91.492513,15.977963,3.559884,0.022342
105.559955,89.570225,15.989730,107.447108,91.463983,15.983125,3.852927,0.019984
105.514104,89.512069,16.002035,107.363341,91.362449,16.000892,3.681360,0.019763
105.492010,89.470740,16.021270,107.435391,91.447916,15.987475,3.630343,0.019776
105.407796,89.440544,15.967252,107.553806,91.589708,15.964098,3.815969,0.019748
105.423099,89.421768,16.001331,107.176554,91.222386,15.954167,4.092518,0.020419
105.466582,89.478226,15.988356,107.270671,91.239844,16.030827,3.649822,0.019468
105.395570,89.443008,15.952562,107.093273,91.160367,15.932907,3.884302,0.018189
105.356940,89.375633,15.981307,107.138681,91.136148,16.002533,3.701358,0.019278
105.341507,89.342473,15.999033,107.166764,91.160496,16.006268,3.925763,0.020002
105.362204,89.340291,16.021914,107.451508,91.442080,16.009428,3.691552,0.020443
105.374930,89.367903,16.007027,107.325890,91.409754,15.916135,3.577529,0.020421
105.268449,89.278764,15.989686,107.308871,91.369938,15.938933,3.735289,0.019187
105.109686,89.109304,16.000382,107.175479,91.155898,16.019581,3.652607,0.019883
105.272688,89.290538,15.982150,107.174586,91.179883,15.994703,3.879187,0.021070
105.123855,89.121705,16.002150,107.118851,91.145082,15.973769,3.622339,0.020790
105.128240,89.165988,15.962252,107.514077,91.589357,15.924720,3.725809,0.020418
105.229011,89.254482,15.974529,107.358145,91.460302,15.897842,3.637822,0.021721
105.242714,89.264348,15.978366,107.473086,91.561783,15.911304,3.714282,0.020802
105.146437,89.175880,15.970557,107.368862,91.420972,15.947890,3.894435,0.019948
105.120012,89.112710,16.007302,107.662664,91.636605,16.026059,3.696506,0.021699
105.077931,89.066798,16.011134,107.455083,91.520214,15.934870,3.668876,0.021181
105.042560,89.039075,16.003485,107.529941,91.592237,15.937704,3.738347,0.019591
105.086380,89.125171,15.961209,107.274607,91.340433,15.934174,3.798477,0.019557
105.007994,89.022446,15.985548,107.171300,91.218919,15.952381,3.622674,0.020964
105.084208,89.093071,15.991137,107.298112,91.311409,15.986703,3.699762,0.019684
104.980269,88.970713,16.009556,107.440270,91.532246,15.908024,3.463857,0.021908
105.050615,89.068940,15.981675,107.173793,91.207803,15.965990,3.678033,0.020491
104.868615,88.893005,15.975610,107.264709,91.278515,15.986194,3.536968,0.021221
104.874208,88.863914,16.010294,107.219628,91.202767,16.016861,3.649495,0.021723
104.918113,88.865470,16.052644,107.184423,91.200422,15.984001,3.492737,0.022844
104.787421,88.766611,16.020810,107.243212,91.230703,16.012508,3.703052,0.021959
104.789942,88.713455,16.076488,107.135880,91.055493,16.080387,3.455745,0.021360
104.684713,88.531088,16.153625,107.027411,90.888234,16.139177,3.678417,0.019985
104.592502,88.448102,16.144401,107.039997,90.846918,16.193079,3.604778,0.020235
104.654197,88.473781,16.180416,106.984872,90.839399,16.145473,3.608688,0.020664
104.565187,88.366424,16.198763,106.715651,90.632205,16.083447,3.570035,0.022075
104.604830,88.421374,16.183457,107.033649,90.848299,16.185350,3.679302,0.020907
104.577798,88.421031,16.156767,107.026038,90.912887,16.113151,3.807891,0.021210
104.528626,88.353908,16.174718,106.750193,90.578524,16.171669,3.815356,0.019157
104.546595,88.385528,16.161067,106.758793,90.597946,16.160847,3.536412,0.020377
104.375889,88.196595,16.179293,106.693706,90.592768,16.100939,3.763116,0.021357
104.440211,88.277946,16.162265,106.790010,90.652199,16.137811,3.640719,0.020437
104.377041,88.194987,16.182055,106.734802,90.583754,16.151048,3.558457,0.021813
104.417552,88.200651,16.216901,107.093515,90.806706,16.286809,3.667292,0.021401
104.298181,88.083188,16.214993,106.591876,90.420265,16.171611,3.566390,0.021793
104.268266,88.071394,16.196872,106.902769,90.748257,16.154512,3.619549,0.022378
104.374820,88.189423,16.185396,106.717299,90.514735,16.202564,3.711854,0.022985
104.399748,88.200470,16.199278,106.894109,90.729856,16.164253,3.677701,0.020931
104.332580,88.155008,16.177573,107.191486,91.011677,16.179809,3.588281,0.022520
104.389202,88.231514,16.157687,106.701158,90.529546,16.171613,3.900745,0.019894
104.303326,88.111996,16.191330,106.709906,90.514046,16.195861,3.778099,0.018987
104.258909,88.062069,16.196840,106.626110,90.527462,16.098649,3.603549,0.023449
104.290039,88.085312,16.204727,106.582305,90.432586,16.149719,3.711528,0.021235
104.225637,88.044662,16.180975,106.937938,90.829451,16.108487,3.762870,0.021767
104.259449,88.047797,16.211652,106.892520,90.683722,16.208798,3.742990,0.022247
104.177412,88.001093,16.176320,106.833629,90.652708,16.180921,3.587301,0.020676
104.245042,88.042197,16.202845,106.895719,90.661744,16.233975,3.683637,0.021822
104.167314,87.982508,16.184806,106.701630,90.508953,16.192677,3.819022,0.019227
104.094725,87.877617,16.217108,106.718621,90.537279,16.181342,3.663417,0.020879
104.186938,88.018809,16.168129,106.930351,90.763046,16.167305,3.792095,0.020086
104.194381,88.027904,16.166477,106.820463,90.675497,16.144966,3.963772,0.020356
104.177530,87.979354,16.198176,106.861816,90.733817,16.127998,3.761063,0.020817
104.121957,87.976567,16.145389,107.023620,90.821242,16.202379,3.567861,0.021859
104.235719,88.037747,16.197972,106.646654,90.478973,16.167681,3.645482,0.021588
104.173970,88.006981,16.166989,106.826028,90.703635,16.122392,3.916340,0.020244
104.182746,87.990276,16.192470,106.964971,90.831105,16.133867,3.788915,0.020076
104.152021,87.970440,16.181581,106.818145,90.676888,16.141257,3.627398,0.021465
104.237557,88.049562,16.187995,106.881089,90.740890,16.140198,3.985273,0.021485
104.134956,87.924028,16.210928,106.485319,90.238887,16.246432,3.779391,0.019768
104.086484,87.893254,16.193229,106.709574,90.565466,16.144108,3.981922,0.020399
104.189032,87.987828,16.201204,106.849569,90.710251,16.139317,3.693109,0.021912
