242.982870,238.250161,4.732710,188.948771,183.479832,5.468938,2.878752,0.016403
173.333042,163.580865,9.752177,158.804007,145.130022,13.673985,2.506376,0.028796
151.671542,136.460012,15.211530,145.078889,128.455393,16.623495,2.678143,0.031725
141.761453,124.218932,17.542520,137.610350,119.260297,18.350053,2.775853,0.031370
135.928196,117.055568,18.872628,132.326852,113.018252,19.308599,2.807309,0.032279
131.812377,112.042818,19.769559,129.160325,108.985676,20.174649,2.689226,0.035045
128.732023,108.362859,20.369165,126.772377,106.135884,20.636492,2.962613,0.034664
126.582140,105.731423,20.850717,124.751230,103.740598,21.010633,2.813011,0.034744
124.715041,103.576277,21.138763,123.257121,102.010669,21.246453,2.806150,0.036675
123.167837,101.853494,21.314343,121.880114,100.550185,21.329929,2.846647,0.037515
122.050707,100.542253,21.508453,121.224977,99.522253,21.702724,2.822998,0.037186
120.911545,99.271429,21.640115,119.929478,98.156021,21.773456,2.865690,0.035547
120.100413,98.275179,21.825233,119.225314,97.497891,21.727422,3.053035,0.035080
119.246263,97.392944,21.853319,118.769081,96.895546,21.873536,2.838947,0.035725
118.555732,96.637725,21.918007,118.357382,96.440738,21.916644,2.815389,0.037916
117.819963,95.788187,22.031776,117.301559,95.188153,22.113406,3.084618,0.032741
117.333986,95.259444,22.074541,116.875631,94.692870,22.182761,2.917351,0.038843
116.713189,94.573436,22.139754,116.173086,93.959291,22.213795,2.959009,0.035043
116.119349,93.947355,22.171993,116.078248,94.009949,22.068300,2.973089,0.034283
115.716809,93.539384,22.177426,115.239027,93.044280,22.194748,2.982550,0.034607
115.239481,93.036685,22.202796,115.028770,92.878791,22.149979,2.903162,0.036751
114.811989,92.582062,22.229926,114.555398,92.384003,22.171395,3.268018,0.032501
114.433002,92.203159,22.229843,114.495802,92.329448,22.166354,3.000674,0.035396
114.126281,91.827489,22.298791,114.000324,91.716321,22.284002,3.172241,0.031163
113.725595,91.428900,22.296695,113.727319,91.577631,22.149688,3.034706,0.035626
113.484675,91.117882,22.366792,113.670409,91.402415,22.267994,2.941096,0.033888
113.103480,90.797074,22.306405,113.237806,91.034028,22.203778,2.990422,0.037894
112.815260,90.518551,22.296709,113.021447,90.754545,22.266902,3.237843,0.031390
112.539058,90.198740,22.340318,112.819101,90.353318,22.465783,3.135907,0.034076
112.327478,90.001106,22.326372,112.482761,90.296940,22.185821,3.171616,0.032872
112.126932,89.773455,22.353477,112.851973,90.590141,22.261832,2.916868,0.035554
111.862551,89.500606,22.361944,112.246066,89.866452,22.379615,3.231911,0.029666
111.586387,89.226263,22.360124,112.026048,89.703820,22.322229,3.101152,0.033114
111.398275,89.032309,22.365966,112.022050,89.832108,22.189942,3.075706,0.032555
111.206484,88.851911,22.354574,111.846297,89.452037,22.394261,3.000859,0.034079
110.953884,88.617615,22.336268,111.553496,89.212816,22.340679,3.095853,0.033514
110.785498,88.457563,22.327935,111.518269,89.250475,22.267794,2.938756,0.032246
110.511575,88.192825,22.318750,111.080018,88.819939,22.260079,3.062935,0.033633
110.363586,88.027344,22.336242,110.896859,88.728350,22.168510,3.053258,0.033636
110.146678,87.846015,22.300663,111.123534,88.827405,22.296129,3.110299,0.032991
109.970720,87.645341,22.325379,110.746608,88.498358,22.248250,2.974679,0.037992
109.758742,87.396917,22.361825,110.443925,88.216675,22.227250,3.141464,0.033338
109.574273,87.255873,22.318400,110.169398,87.963274,22.206124,3.204564,0.031959
109.449178,87.148892,22.300286,110.443294,88.267221,22.176073,3.059359,0.033132
109.226678,86.869950,22.356728,110.120315,87.879663,22.240652,3.230957,0.033952
109.111108,86.828283,22.282825,109.819281,87.664011,22.155270,3.212394,0.030997
108.887304,86.589185,22.298120,109.729856,87.534974,22.194882,3.155920,0.030243
108.703603,86.368382,22.335221,109.640382,87.406214,22.234169,3.234915,0.033377
108.591992,86.268110,22.323883,109.486338,87.274398,22.211941,2.956090,0.035087
108.382834,86.117975,22.264859,109.543763,87.330607,22.213157,3.086977,0.034141
108.270433,85.975871,22.294562,109.225616,87.085334,22.140282,3.054056,0.034678
108.054743,85.757547,22.297195,109.146267,86.879420,22.266847,2.983233,0.034374
107.942107,85.686911,22.255196,108.959920,86.838109,22.121811,3.071182,0.032169
107.776978,85.528639,22.248338,108.793683,86.588838,22.204845,2.967469,0.034343
107.630381,85.367874,22.262507,108.836314,86.648224,22.188090,2.737858,0.036825
107.478634,85.211855,22.266779,108.466802,86.235733,22.231069,2.880980,0.033308
107.320008,85.071065,22.248944,108.318331,86.288708,22.029623,3.077190,0.032215
107.248317,85.008703,22.239614,108.261350,86.169540,22.091810,3.093914,0.033970
106.983065,84.797159,22.185906,108.352224,86.133831,22.218393,3.049933,0.031071
106.915612,84.708744,22.206868,108.149833,86.052156,22.097677,3.038361,0.032943
106.821151,84.567132,22.254019,107.972959,85.958297,22.014662,3.098776,0.033045
106.639331,84.419641,22.219690,107.868166,85.803778,22.064388,3.183623,0.032403
106.463444,84.288550,22.174894,107.720412,85.655299,22.065113,3.094428,0.032663
106.317532,84.185773,22.131759,107.868386,85.950478,21.917909,3.333340,0.033650
106.293960,84.189482,22.104477,107.432238,85.404130,22.028108,3.192905,0.030821
106.142360,84.010464,22.131896,107.175804,85.102898,22.072905,3.072980,0.032724
105.972122,83.785958,22.186165,107.019120,85.050977,21.968144,3.095548,0.031236
105.818263,83.688089,22.130175,107.120548,85.141647,21.978901,3.136537,0.030015
105.683911,83.599350,22.084561,107.175213,85.390537,21.784676,3.052709,0.032314
105.577826,83.509342,22.068485,106.784908,84.906174,21.878734,3.057187,0.030182
105.460475,83.422117,22.038358,106.688227,84.748447,21.939780,3.065839,0.032255
105.349889,83.313873,22.036016,106.917527,84.984304,21.933224,3.210403,0.031190
105.266551,83.178145,22.088406,106.686692,84.760020,21.926672,2.967073,0.033772
105.150202,83.058207,22.091995,106.430909,84.461982,21.968926,3.092828,0.030772
104.984360,82.916250,22.068110,106.546103,84.646595,21.899508,2.909791,0.030545
104.906173,82.836918,22.069255,106.494344,84.496889,21.997455,2.928954,0.035508
104.753086,82.649266,22.103819,106.347981,84.335324,22.012657,2.989657,0.033216
104.664551,82.599292,22.065260,106.189807,84.254540,21.935267,2.975439,0.034651
104.530420,82.459010,22.071410,106.160557,84.146607,22.013950,3.004897,0.030524
104.446612,82.344010,22.102602,105.850412,83.916278,21.934133,3.042109,0.031375
104.342133,82.187542,22.154591,105.964565,83.981570,21.982995,2.937859,0.032081
104.245412,82.123743,22.121669,105.840584,83.804233,22.036351,3.091605,0.028200
104.207263,82.075605,22.131658,105.642080,83.690199,21.951881,3.074090,0.030945
104.096207,81.950533,22.145673,105.517755,83.480557,22.037198,3.142148,0.030213
103.961719,81.814755,22.146964,105.595261,83.607808,21.987453,2.954252,0.033238
103.971540,81.829797,22.141743,105.674888,83.674190,22.000698,3.006240,0.030242
103.858243,81.688640,22.169603,105.533196,83.452080,22.081116,2.945108,0.033028
103.712661,81.583249,22.129412,105.408927,83.371801,22.037126,3.065665,0.030541
103.657205,81.485401,22.171803,105.328654,83.343311,21.985343,3.117061,0.031491
103.634822,81.472626,22.162196,105.159710,83.091263,22.068446,3.012206,0.029757
103.546594,81.351714,22.194880,105.157738,83.121086,22.036652,2.980973,0.032757
103.452921,81.279967,22.172954,105.139738,83.095654,22.044085,2.996953,0.030649
103.347926,81.184272,22.163654,105.186767,83.095583,22.091184,3.125449,0.030192
103.336568,81.170353,22.166215,105.086993,82.998835,22.088159,2.944960,0.029993
103.208802,81.019615,22.189187,104.919755,82.853004,22.066751,3.060879,0.029712
103.135352,80.934464,22.200888,105.069989,83.101992,21.967997,3.105337,0.032529
103.110385,80.930391,22.179994,104.959352,82.813085,22.146267,3.073786,0.030569
103.020830,80.853921,22.166909,104.766301,82.660759,22.105541,3.026514,0.031231
102.966685,80.753368,22.213317,104.667723,82.694893,21.972830,3.155267,0.030152
102.896378,80.685542,22.210836,104.772712,82.693865,22.078847,3.115649,0.028800
102.750920,80.544534,22.206386,104.592977,82.519430,22.073547,3.038242,0.030551
102.750434,80.536262,22.214172,104.560541,82.256366,22.304175,2.961586,0.031287
102.696952,80.455664,22.241288,104.667088,82.667111,21.999977,2.984139,0.030111
102.632370,80.425848,22.206521,104.609067,82.436173,22.172894,2.980553,0.031284
102.573153,80.311032,22.262122,104.408569,82.293011,22.115559,3.152681,0.028589
102.550064,80.290371,22.259693,104.376615,82.258490,22.118125,2.989101,0.031576
102.452759,80.179709,22.273051,104.370049,82.255274,22.114776,3.218214,0.026938
102.370465,80.136508,22.233957,104.543699,82.455379,22.088320,2.900563,0.031885
102.322315,80.063354,22.258961,104.262187,82.108881,22.153306,2.973773,0.029931
102.262967,79.982605,22.280362,104.297201,82.222400,22.074802,3.019709,0.030207
102.257125,80.078524,22.178602,104.240624,82.132910,22.107714,2.997472,0.029397
102.158177,79.933238,22.224939,104.184388,82.093495,22.090892,3.046778,0.029842
102.090956,79.850766,22.240190,104.133885,82.097104,22.036782,3.049887,0.030791
102.073705,79.821000,22.252705,103.980562,81.898423,22.082139,2.939789,0.029338
101.991741,79.760123,22.231617,104.068280,81.996453,22.071828,3.021992,0.030091
101.943281,79.709535,22.233746,103.966797,81.881535,22.085262,3.407360,0.026693
101.906222,79.704065,22.202157,103.905681,81.743407,22.162274,3.049724,0.031055
101.804507,79.549662,22.254845,104.033102,81.843953,22.189148,3.033596,0.028255
101.741925,79.493463,22.248462,103.768385,81.494097,22.274288,3.015563,0.029696
101.734814,79.417802,22.317012,103.732525,81.630908,22.101618,2.904124,0.032003
101.661340,79.375562,22.285778,103.613414,81.393033,22.220380,2.947145,0.031267
101.559525,79.249326,22.310199,103.742064,81.479485,22.262579,2.996782,0.030918
101.589240,79.252457,22.336783,103.666453,81.531641,22.134813,2.987456,0.030219
101.512534,79.207751,22.304783,103.877325,81.729736,22.147589,2.936668,0.031555
101.441170,79.155395,22.285775,103.674170,81.434145,22.240025,3.061470,0.030089
101.406369,79.075148,22.331221,103.589307,81.369156,22.220152,2.957233,0.029486
101.366200,79.047483,22.318717,103.855556,81.607548,22.248008,2.834702,0.030814
101.373874,79.024838,22.349036,103.458363,81.217620,22.240743,3.127678,0.027801
101.311036,78.950200,22.360836,103.711270,81.449076,22.262194,2.894537,0.031024
101.335300,78.939614,22.395686,103.572538,81.373292,22.199246,2.954726,0.029445
101.269468,78.892306,22.377162,103.537480,81.248255,22.289225,2.929076,0.034196
101.231219,78.881086,22.350133,103.253135,81.040902,22.212233,2.943382,0.032064
101.109809,78.707222,22.402587,103.394297,81.074585,22.319712,3.124616,0.029748
101.108953,78.722260,22.386693,103.358952,81.089069,22.269883,2.779772,0.036065
101.080862,78.697385,22.383476,103.556404,81.283974,22.272430,2.950198,0.029027
101.053907,78.636225,22.417682,103.288838,80.966663,22.322176,3.171639,0.026126
100.977738,78.555163,22.422575,103.115359,80.836656,22.278703,2.985260,0.030382
101.020411,78.565468,22.454943,103.238216,80.834224,22.403992,3.109481,0.027369
100.923732,78.474294,22.449438,103.077838,80.840224,22.237615,3.236575,0.027893
100.921342,78.459355,22.461987,103.258092,80.831540,22.426553,3.063362,0.028669
100.823225,78.355041,22.468185,103.512450,81.136597,22.375853,2.832696,0.031609
100.881945,78.383614,22.498331,103.007425,80.541319,22.466106,3.145995,0.027134
100.793226,78.309724,22.483502,103.137823,80.731112,22.406711,3.163077,0.026828
100.817880,78.336911,22.480969,103.156451,80.818745,22.337706,2.989564,0.032298
100.728295,78.229324,22.498971,103.109422,80.687902,22.421520,2.985754,0.029364
100.699189,78.176021,22.523168,103.070782,80.638876,22.431906,3.155872,0.032430
100.652597,78.121049,22.531548,103.115133,80.714975,22.400159,3.038068,0.028904
100.671141,78.155918,22.515223,103.026427,80.603573,22.422855,3.052268,0.029304
100.676747,78.166538,22.510209,102.934160,80.528307,22.405853,2.938675,0.031138
100.623641,78.071145,22.552496,103.077667,80.579098,22.498569,2.954688,0.031033
100.602306,78.030991,22.571314,102.935024,80.547738,22.387286,3.046287,0.027818
100.568782,78.001269,22.567512,102.999887,80.617869,22.382018,3.040237,0.029038
100.511061,77.974756,22.536305,103.014109,80.554386,22.459723,2.993004,0.030201
100.539150,77.944293,22.594856,102.770077,80.311297,22.458781,2.957418,0.030850
100.438947,77.891365,22.547582,103.127360,80.682183,22.445178,3.073618,0.029309
100.403052,77.823553,22.579499,103.212800,80.751406,22.461394,3.025893,0.027563
100.410021,77.822948,22.587073,103.109568,80.609948,22.499620,3.221671,0.026953
100.395800,77.762191,22.633609,102.795273,80.276423,22.518849,3.062848,0.027141
100.374128,77.749539,22.624589,102.753395,80.243190,22.510205,3.038800,0.028641
100.318997,77.741599,22.577398,102.836838,80.392018,22.444820,3.137803,0.028831
