211.112887,209.026048,2.086838,192.174467,189.030637,3.143830,6.090363,0.007594
186.042543,181.079846,4.962697,176.516016,169.373776,7.142240,5.166721,0.010747
168.728691,159.790194,8.938497,160.225155,149.157908,11.067246,4.060751,0.015989
156.078703,144.357091,11.721612,151.572387,139.239129,12.333256,4.452035,0.014541
149.589400,136.852332,12.737068,146.160275,133.018685,13.141590,3.717060,0.018279
144.192797,130.366233,13.826563,141.186949,126.817915,14.369033,3.920589,0.017834
139.854936,125.012414,14.842522,137.888039,122.745629,15.142409,3.571924,0.019507
136.953664,121.484252,15.469412,134.586359,118.669124,15.917236,3.742598,0.018024
134.382742,118.389405,15.993337,132.617297,116.215398,16.401899,3.857013,0.018066
132.229655,115.836342,16.393313,130.935670,114.352713,16.582957,3.688966,0.019174
130.540601,113.733906,16.806695,128.820270,111.672600,17.147670,3.749214,0.018880
128.843592,111.677779,17.165813,127.065159,109.718445,17.346713,3.815463,0.019348
127.465512,110.049313,17.416199,125.934469,108.453898,17.480571,3.769121,0.018639
126.266795,108.656417,17.610378,124.690225,106.831499,17.858726,3.793967,0.018365
124.961730,107.028701,17.933029,123.677475,105.573996,18.103479,3.802754,0.019030
123.846993,105.808569,18.038423,122.798256,104.522479,18.275777,3.792161,0.018773
122.832954,104.621430,18.211523,121.544303,103.197359,18.346943,3.853968,0.018000
122.016005,103.555573,18.460431,120.959856,102.293121,18.666734,3.852318,0.017756
121.185277,102.541382,18.643895,120.187873,101.276304,18.911568,3.656209,0.018316
120.443712,101.596930,18.846782,119.769853,100.776122,18.993731,3.672052,0.018413
119.690527,100.702920,18.987607,118.712048,99.596447,19.115601,3.701752,0.018435
119.002614,99.873676,19.128938,118.261156,99.057049,19.204107,3.618237,0.019229
118.378243,99.076893,19.301351,117.783073,98.342808,19.440265,3.785499,0.017681
117.870600,98.396579,19.474020,116.933820,97.337939,19.595880,3.637559,0.019081
117.221436,97.617013,19.604423,116.716186,96.967118,19.749068,3.601650,0.018448
116.712963,96.984113,19.728850,116.052782,96.237705,19.815077,3.711963,0.017699
116.265730,96.403022,19.862708,115.663119,95.884722,19.778397,3.671899,0.017965
115.807453,95.830594,19.976858,115.048158,94.963122,20.085036,3.626658,0.018692
115.327652,95.277925,20.049727,114.651711,94.556693,20.095018,3.670713,0.017944
114.824828,94.677339,20.147488,114.524688,94.291436,20.233252,3.649399,0.018717
114.461528,94.215934,20.245594,113.799091,93.484547,20.314543,3.714757,0.017974
114.029313,93.745936,20.283376,113.803471,93.460894,20.342578,3.683604,0.017221
113.705101,93.362307,20.342794,113.361605,93.029103,20.332502,3.613093,0.017623
113.284802,92.857187,20.427614,112.840839,92.403696,20.437144,3.605268,0.017851
112.937759,92.469700,20.468059,112.516241,91.991342,20.524899,3.741671,0.017147
112.612883,92.083965,20.528918,112.158798,91.561192,20.597606,3.734354,0.016715
112.278455,91.686139,20.592315,112.051990,91.485891,20.566099,3.761046,0.016990
112.013893,91.407587,20.606306,111.390685,90.739661,20.651024,3.795828,0.016749
111.708551,91.068187,20.640365,111.539991,90.841622,20.698369,3.636229,0.017655
111.477782,90.720868,20.756914,111.622792,90.899565,20.723227,3.670504,0.016945
111.188739,90.413489,20.775250,111.002424,90.339249,20.663175,3.677043,0.016659
110.953239,90.172531,20.780707,110.779942,89.886903,20.893038,3.721036,0.017125
110.632267,89.765387,20.866880,110.605199,89.786567,20.818632,3.740096,0.016669
110.476942,89.579964,20.896978,110.474114,89.616933,20.857180,3.608741,0.017881
110.242939,89.331297,20.911642,110.132480,89.164481,20.967999,3.707819,0.015923
109.947667,89.009666,20.938001,109.952938,89.015664,20.937273,3.534919,0.017404
109.792799,88.845350,20.947449,109.913354,89.010517,20.902837,3.601139,0.017835
109.601712,88.609407,20.992305,109.468273,88.417581,21.050692,3.714593,0.016542
109.372966,88.324881,21.048084,109.150752,88.100219,21.050533,3.791093,0.015771
109.105667,88.018246,21.087421,109.329288,88.229509,21.099780,3.607771,0.018519
108.940916,87.813819,21.127097,109.205982,88.130085,21.075898,3.770272,0.015756
108.782021,87.617062,21.164959,108.612048,87.539483,21.072565,3.654990,0.017251
108.618411,87.430193,21.188218,108.578432,87.343413,21.235019,3.652654,0.016490
108.407411,87.184547,21.222865,108.518943,87.253128,21.265815,3.920560,0.015263
108.244667,86.971473,21.273194,108.611482,87.328405,21.283077,3.626226,0.016894
108.094613,86.799991,21.294622,108.061505,86.775527,21.285977,3.659890,0.016357
107.912216,86.547233,21.364983,108.070133,86.652324,21.417809,3.724404,0.016272
107.747197,86.377960,21.369237,107.766413,86.407292,21.359121,3.844049,0.015551
107.623668,86.236124,21.387544,107.798118,86.495500,21.302617,3.672076,0.016594
107.387088,86.041671,21.345416,107.672371,86.226372,21.445999,3.759462,0.015377
107.274132,85.855803,21.418329,107.613869,86.194083,21.419786,3.646265,0.016637
107.128793,85.702952,21.425841,107.422470,85.940132,21.482338,3.632041,0.016226
107.000302,85.513838,21.486463,107.174822,85.718072,21.456749,3.652153,0.016255
106.820337,85.333548,21.486790,107.137251,85.635165,21.502086,3.689634,0.016977
106.687278,85.164709,21.522568,106.786071,85.384929,21.401142,3.676889,0.016828
106.645745,85.107011,21.538735,106.751985,85.163818,21.588167,3.665358,0.016479
106.455252,84.880351,21.574901,106.856224,85.337727,21.518496,3.677799,0.016131
106.283254,84.714174,21.569079,106.740527,85.244876,21.495650,3.720954,0.015744
106.134655,84.599363,21.535293,106.619231,85.082575,21.536655,3.640560,0.016898
106.026155,84.514386,21.511769,106.302754,84.883978,21.418777,3.638571,0.016401
105.860463,84.343084,21.517379,106.023307,84.568537,21.454770,3.675188,0.016173
105.756637,84.214832,21.541805,105.933421,84.383902,21.549519,3.752966,0.015488
105.578199,84.039199,21.539000,106.040959,84.574852,21.466107,3.612046,0.016522
105.515920,83.996290,21.519631,105.992599,84.430974,21.561625,3.703660,0.016605
105.343160,83.845108,21.498052,105.693133,84.213142,21.479991,3.674033,0.016054
105.283677,83.780835,21.502842,105.881701,84.344570,21.537131,3.743153,0.015889
105.201001,83.640912,21.560088,105.660566,84.014243,21.646323,3.616421,0.016195
105.048840,83.506369,21.542471,105.505214,83.968650,21.536565,3.717877,0.015172
104.933892,83.401389,21.532503,105.506901,83.939383,21.567518,3.680458,0.016526
104.814841,83.265005,21.549836,105.256968,83.665206,21.591762,3.686061,0.015344
104.722177,83.162679,21.559497,105.292484,83.832911,21.459574,3.587463,0.017187
104.630334,83.126033,21.504301,105.279042,83.737229,21.541813,3.707612,0.016350
104.504795,82.942232,21.562563,105.191849,83.571709,21.620140,3.817076,0.015356
104.455996,82.848043,21.607952,104.825692,83.263362,21.562330,3.694983,0.016026
104.311750,82.740544,21.571207,105.027169,83.464374,21.562795,3.649823,0.015434
104.213062,82.657935,21.555127,104.834068,83.279702,21.554366,3.701803,0.015401
104.112446,82.566973,21.545473,104.570272,83.104843,21.465428,3.611078,0.016711
104.032485,82.511881,21.520604,104.694551,83.158904,21.535647,3.595721,0.016892
103.946321,82.389559,21.556762,104.715380,83.159796,21.555584,3.591495,0.016064
103.814310,82.307891,21.506419,104.511469,83.062509,21.448959,3.571350,0.016145
103.762532,82.207913,21.554619,104.438281,82.831439,21.606843,3.498457,0.016469
103.655491,82.108131,21.547360,104.448581,82.968506,21.480074,3.593914,0.016018
103.587078,82.035944,21.551134,104.303910,82.685293,21.618618,3.508074,0.016548
103.474745,81.909741,21.565004,104.058665,82.528433,21.530233,3.514800,0.015811
103.329617,81.808258,21.521359,104.182277,82.645708,21.536570,3.534522,0.016333
103.283197,81.729994,21.553203,104.299403,82.796280,21.503122,3.557582,0.016683
103.282332,81.737054,21.545278,104.011953,82.462349,21.549603,3.484126,0.016732
103.177876,81.553646,21.624230,104.038179,82.500562,21.537618,3.694902,0.015839
103.115034,81.535809,21.579225,104.072395,82.551990,21.520405,3.636106,0.015849
103.067860,81.461621,21.606238,103.838746,82.280244,21.558502,3.619293,0.015874
103.007726,81.444201,21.563526,103.823831,82.274794,21.549038,3.690877,0.015508
102.917484,81.320361,21.597122,103.833303,82.281040,21.552263,3.481824,0.017408
102.893904,81.252617,21.641286,103.808409,82.117290,21.691120,3.619787,0.015814
102.795961,81.139951,21.656011,103.498090,81.883205,21.614884,3.595670,0.016315
102.715263,81.070089,21.645174,103.748831,82.154955,21.593876,3.615559,0.015906
102.657215,80.980240,21.676975,103.515600,81.918011,21.597589,3.510641,0.016578
102.536299,80.902419,21.633880,103.524334,81.939236,21.585098,3.658469,0.015987
102.552798,80.913129,21.639669,103.466612,81.836069,21.630543,3.602087,0.015789
102.483756,80.792116,21.691640,103.486963,81.687973,21.798991,3.666525,0.016015
102.450735,80.745150,21.705585,103.224074,81.558507,21.665567,3.640193,0.015208
102.397452,80.675936,21.721516,103.344959,81.610932,21.734027,3.589012,0.015517
102.324453,80.568451,21.756002,103.249196,81.590053,21.659143,3.602751,0.015983
102.290175,80.586772,21.703404,103.368758,81.638910,21.729848,3.461716,0.016445
102.275706,80.509603,21.766103,103.270404,81.612142,21.658262,3.589803,0.015107
102.116089,80.389574,21.726515,103.001936,81.326757,21.675179,3.579140,0.015269
102.121397,80.397396,21.724001,103.324458,81.590425,21.734033,3.726933,0.015109
102.059358,80.278902,21.780456,103.314786,81.572815,21.741971,3.547189,0.015345
102.043816,80.256669,21.787146,103.087704,81.323463,21.764241,3.682131,0.015491
101.959804,80.179553,21.780251,102.994556,81.175956,21.818599,3.670043,0.015441
101.870181,80.074429,21.795751,103.046853,81.321913,21.724941,3.634171,0.015144
101.865073,80.094437,21.770636,103.092179,81.303780,21.788399,3.584550,0.015776
101.892069,80.111768,21.780301,102.876622,81.165673,21.710948,3.618496,0.014875
101.772550,80.031871,21.740679,102.980912,81.133292,21.847620,3.627132,0.014819
101.712397,79.983519,21.728879,102.866740,81.234587,21.632153,3.539431,0.016059
101.655519,79.940874,21.714645,102.807368,81.141287,21.666081,3.585561,0.015466
101.673770,79.929147,21.744623,102.771730,81.021811,21.749918,3.574136,0.015524
101.590810,79.849425,21.741386,102.628513,80.931480,21.697034,3.744208,0.014266
101.591342,79.831267,21.760075,102.772604,81.073113,21.699491,3.605555,0.015145
101.496369,79.729532,21.766837,102.688402,81.011727,21.676675,3.601186,0.015633
101.456204,79.713069,21.743135,102.521413,80.813705,21.707708,3.616471,0.015570
101.417678,79.667799,21.749879,102.652889,80.996737,21.656152,3.641477,0.015885
101.321507,79.595363,21.726145,102.551027,80.902110,21.648917,3.672299,0.014923
101.328266,79.598664,21.729601,102.752552,81.095379,21.657173,3.695482,0.015339
101.322783,79.560680,21.762103,102.698244,80.987379,21.710865,3.581600,0.014924
101.258081,79.476359,21.781721,102.533776,80.890788,21.642988,3.541624,0.015358
101.197398,79.470877,21.726522,102.517951,80.879942,21.638009,3.610938,0.015459
101.156407,79.440150,21.716257,102.258313,80.565613,21.692700,3.652442,0.014719
101.080884,79.341029,21.739855,102.408405,80.753441,21.654965,3.509773,0.015582
101.068528,79.367717,21.700811,102.327767,80.681647,21.646120,3.607106,0.015787
101.053857,79.303888,21.749969,102.342622,80.573044,21.769578,3.719979,0.014508
101.008918,79.198485,21.810434,102.404294,80.625128,21.779166,3.488174,0.015754
100.969741,79.192453,21.777288,102.268614,80.571618,21.696995,3.663801,0.015118
100.963716,79.197587,21.766129,102.407084,80.685311,21.721773,3.553648,0.015434
100.910967,79.118620,21.792348,102.308034,80.603931,21.704102,3.647413,0.015524
100.874991,79.079245,21.795747,102.162165,80.488408,21.673757,3.652773,0.015036
100.818461,79.031907,21.786554,102.363440,80.665682,21.697758,3.497759,0.016209
100.767133,78.980962,21.786171,102.149663,80.437951,21.711712,3.613188,0.015678
100.758669,79.003666,21.755003,102.214686,80.462244,21.752441,3.572492,0.015524
100.760891,79.002530,21.758361,102.273082,80.592830,21.680253,3.776307,0.015300
100.729367,78.952306,21.777061,102.063254,80.371226,21.692028,3.579210,0.016251
100.652923,78.876112,21.776811,102.211522,80.466733,21.744788,3.638665,0.015670
100.682468,78.877563,21.804906,102.205352,80.463242,21.742110,3.605062,0.016025
100.577647,78.820769,21.756879,102.191714,80.463975,21.727739,3.525108,0.016222
100.571182,78.817417,21.753765,102.063658,80.345054,21.718604,3.576258,0.015505
100.591784,78.853035,21.738749,101.984643,80.336621,21.648021,3.607930,0.015478
100.474542,78.756217,21.718325,101.871953,80.206191,21.665762,3.631786,0.015034
100.409101,78.664930,21.744171,101.801548,80.016739,21.784809,3.671990,0.015473
100.340662,78.641301,21.699361,101.816697,80.162356,21.654341,3.621866,0.015402
100.374518,78.685616,21.688902,101.686177,80.112657,21.573520,3.663234,0.015034
100.324195,78.617114,21.707081,101.784766,80.162726,21.622040,3.548495,0.015593
