259.687304,247.482219,12.205086,206.800143,191.637352,15.162790,3.383570,0.006092
199.438799,184.155762,15.283037,186.058191,170.950978,15.107212,2.965981,0.009574
174.579431,158.307091,16.272340,163.673736,146.595676,17.078059,3.120694,0.011973
158.918006,141.363393,17.554613,153.134348,134.975816,18.158532,3.156244,0.013984
150.717539,132.223871,18.493668,146.651134,127.713927,18.937207,3.178687,0.015396
145.222381,126.011089,19.211292,141.958975,122.459907,19.499069,3.125570,0.017102
140.964956,121.526269,19.438687,138.518036,119.073120,19.444917,3.486756,0.014627
137.801733,118.384791,19.416942,135.258104,115.947108,19.310997,3.601550,0.015859
134.860354,115.694074,19.166281,132.857187,113.755527,19.101660,3.541171,0.016064
132.342262,113.384361,18.957901,130.353794,111.469329,18.884465,3.526703,0.016047
130.177635,111.530583,18.647053,128.555981,109.804870,18.751111,3.808444,0.016658
128.473363,109.924485,18.548878,127.103817,108.504232,18.599585,3.281685,0.018295
126.943352,108.366573,18.576779,125.740912,107.029829,18.711083,3.751096,0.015412
125.588485,107.022536,18.565948,124.135489,105.679160,18.456329,3.820881,0.015014
124.424416,105.919544,18.504871,123.141454,104.654193,18.487262,3.682157,0.015449
123.234240,104.820542,18.413698,122.282591,103.911650,18.370941,3.680518,0.016534
122.290255,103.884147,18.406107,121.272569,102.790688,18.481880,3.788340,0.015011
121.221899,102.826899,18.395000,120.571680,102.156227,18.415452,3.994676,0.014206
120.411575,102.046518,18.365056,119.434612,101.102764,18.331848,3.914937,0.014677
119.657095,101.356616,18.300480,118.468743,100.240751,18.227992,4.015956,0.013919
118.837719,100.809442,18.028277,118.242396,100.332008,17.910387,3.642639,0.015955
117.886952,100.055770,17.831183,116.906016,99.034598,17.871418,3.954287,0.014248
117.175726,99.420502,17.755224,116.092826,98.466116,17.626710,3.901313,0.014138
116.522185,98.864995,17.657190,115.912569,98.113011,17.799557,3.854891,0.014929
115.808498,98.197168,17.611330,115.362588,97.792434,17.570154,3.837812,0.014802
115.120071,97.697977,17.422094,114.199780,96.922723,17.277056,4.070668,0.014426
114.352924,97.232564,17.120360,113.946284,96.966303,16.979981,3.729841,0.014929
113.776817,96.841829,16.934988,113.320379,96.484106,16.836273,4.063285,0.014257
113.252534,96.376051,16.876483,112.684993,95.877254,16.807739,4.018727,0.014327
112.717664,95.980991,16.736673,112.452982,95.879829,16.573153,4.187843,0.013240
112.240568,95.523465,16.717103,111.938883,95.156312,16.782571,4.090395,0.013170
111.850175,95.197769,16.652406,111.593866,94.892554,16.701312,3.991610,0.014051
111.453893,94.826067,16.627826,111.554819,94.931309,16.623510,3.887821,0.013856
110.948489,94.413481,16.535009,110.685445,94.222928,16.462518,3.943060,0.014222
110.679821,94.316332,16.363489,110.591663,94.281074,16.310589,3.873187,0.014454
110.146302,93.952431,16.193871,109.816097,93.668503,16.147594,4.100757,0.013885
109.775938,93.694090,16.081848,109.569882,93.555395,16.014488,4.191658,0.012375
109.272937,93.276486,15.996450,109.487113,93.435519,16.051594,4.099989,0.013655
109.030246,93.049449,15.980797,109.269563,93.338960,15.930603,4.076921,0.013340
108.784848,92.805032,15.979816,108.593895,92.722244,15.871651,4.111204,0.013437
108.418857,92.535982,15.882876,108.411859,92.584677,15.827182,4.071576,0.013751
108.128906,92.259715,15.869192,108.248232,92.418676,15.829556,4.174568,0.012418
107.896889,91.990766,15.906123,108.316346,92.479929,15.836418,4.208962,0.012222
107.693129,91.811310,15.881819,108.085170,92.129393,15.955778,4.170523,0.013488
107.485687,91.631719,15.853968,107.942046,92.131471,15.810575,4.114506,0.013637
107.153021,91.531534,15.621488,107.335784,91.768832,15.566953,4.145101,0.012970
106.885278,91.331082,15.554196,107.167146,91.607272,15.559874,4.275764,0.012901
106.685402,91.061843,15.623558,107.224419,91.622620,15.601799,4.224743,0.013308
106.551239,90.970613,15.580626,106.928953,91.289908,15.639045,4.187120,0.012318
106.337824,90.711606,15.626218,106.887579,91.251782,15.635797,4.252003,0.013525
106.203077,90.576021,15.627056,106.457942,90.747056,15.710886,4.210589,0.013202
106.007015,90.359219,15.647795,106.458231,90.853594,15.604637,4.232117,0.013444
105.929696,90.331835,15.597862,106.430612,90.864380,15.566232,4.101898,0.013624
105.683418,90.077009,15.606409,106.172626,90.524992,15.647634,4.327806,0.012595
105.560050,89.990249,15.569801,106.304409,90.806278,15.498132,4.231332,0.013073
105.395154,89.763933,15.631221,105.792147,90.175828,15.616320,4.353475,0.012076
105.247219,89.643736,15.603483,105.867660,90.195743,15.671917,4.418086,0.012934
105.132252,89.520020,15.612232,105.647226,89.961456,15.685770,4.052352,0.013115
105.045240,89.391091,15.654149,105.645922,89.942029,15.703892,4.133348,0.013926
104.843427,89.205321,15.638106,105.574327,89.966689,15.607639,4.419681,0.012318
104.806336,89.142195,15.664141,105.337235,89.596551,15.740684,4.293703,0.012307
104.667411,88.948012,15.719399,105.287767,89.584688,15.703078,4.181137,0.012857
104.615227,88.902947,15.712279,105.265937,89.543631,15.722306,4.350220,0.012587
104.468038,88.709244,15.758794,105.028045,89.257508,15.770538,4.450496,0.012864
104.329983,88.589496,15.740488,105.011026,89.301500,15.709526,4.402587,0.011934
104.262439,88.509017,15.753422,104.953228,89.195862,15.757365,4.129391,0.013417
104.217095,88.427245,15.789850,104.737060,88.958107,15.778953,4.469788,0.012004
104.097221,88.316820,15.780401,104.583305,88.874113,15.709191,4.491986,0.011892
104.026425,88.260865,15.765560,104.866106,89.073022,15.793084,4.351809,0.012119
103.909996,88.127611,15.782385,104.701110,88.941475,15.759635,4.250346,0.013047
103.855391,88.059806,15.795585,104.469870,88.741308,15.728561,4.312171,0.012714
103.772470,87.957183,15.815287,104.403208,88.547959,15.855249,4.416397,0.012581
103.659248,87.829164,15.830084,104.466374,88.666115,15.800259,4.214902,0.012757
103.552756,87.700122,15.852633,104.608939,88.704966,15.903972,3.945382,0.014115
103.510885,87.679471,15.831414,104.445775,88.530444,15.915332,4.440540,0.011667
103.426872,87.572959,15.853913,104.405750,88.626037,15.779712,4.329226,0.012647
103.348130,87.512284,15.835846,104.185900,88.333431,15.852470,4.404009,0.012579
103.259330,87.432129,15.827201,104.214745,88.430138,15.784607,4.326156,0.012526
103.264518,87.385607,15.878911,104.209605,88.294152,15.915454,4.364761,0.012435
103.189703,87.316508,15.873195,104.010477,88.143858,15.866619,4.474012,0.012181
103.179318,87.285002,15.894317,104.175021,88.253586,15.921435,4.291198,0.012357
103.036138,87.147875,15.888263,103.948547,88.053196,15.895351,4.356378,0.012727
102.982571,87.053527,15.929045,103.945949,87.901291,16.044658,4.284431,0.012163
102.867357,86.916401,15.950956,103.761271,87.819317,15.941954,4.450697,0.011791
102.864695,86.959908,15.904787,103.731064,87.885275,15.845790,4.365193,0.013175
102.825191,86.892532,15.932659,103.848891,87.938602,15.910289,4.438374,0.011920
102.750067,86.823270,15.926797,104.008638,88.121260,15.887378,4.101540,0.013677
102.712402,86.761427,15.950974,103.845042,87.829609,16.015433,4.184783,0.013441
102.596567,86.619187,15.977380,103.713098,87.784639,15.928460,4.419564,0.011662
102.562500,86.610496,15.952004,103.712846,87.752227,15.960618,4.335113,0.012591
102.501579,86.561712,15.939867,103.598689,87.657041,15.941647,4.383013,0.012184
102.473822,86.479743,15.994079,103.646635,87.585059,16.061575,4.332971,0.011840
102.385087,86.415625,15.969462,103.551777,87.628018,15.923759,4.376999,0.012558
102.370611,86.417966,15.952645,103.414873,87.432102,15.982771,4.158988,0.013299
102.338836,86.378871,15.959965,103.452726,87.447041,16.005685,4.295985,0.012567
102.180250,86.192950,15.987300,103.537105,87.542795,15.994311,4.356635,0.012520
102.242907,86.237603,16.005304,103.419951,87.440028,15.979923,4.474241,0.012340
102.176509,86.187952,15.988558,103.538036,87.536288,16.001748,4.189674,0.012897
102.150839,86.142379,16.008460,103.363311,87.354960,16.008351,4.455910,0.011832
102.092187,86.052862,16.039325,103.372736,87.427403,15.945333,4.441525,0.011943
102.098103,86.085823,16.012279,103.373739,87.324967,16.048772,4.133345,0.013230
102.029225,85.965232,16.063994,103.170339,87.095819,16.074520,4.311158,0.013000
102.026691,85.974210,16.052480,103.317851,87.347703,15.970148,4.377099,0.012265
101.948586,85.921396,16.027191,103.219908,87.164864,16.055044,4.325285,0.012064
101.918318,85.901744,16.016575,103.226567,87.237936,15.988631,4.704999,0.011366
101.931197,85.906930,16.024267,103.041712,87.036387,16.005325,4.324523,0.012558
101.847473,85.810403,16.037070,103.518731,87.475376,16.043355,4.134183,0.013182
101.776822,85.694311,16.082510,103.048872,86.941620,16.107253,4.200676,0.012899
101.772656,85.698874,16.073782,103.118750,87.067341,16.051409,4.446446,0.012367
101.678825,85.634025,16.044800,103.096560,87.097999,15.998561,4.367848,0.013173
101.675879,85.635030,16.040849,103.232075,87.207991,16.024084,4.223790,0.013210
101.630612,85.582626,16.047986,103.240892,87.133452,16.107441,4.260902,0.012812
101.606356,85.525208,16.081148,103.063261,86.968537,16.094724,4.257154,0.012660
101.548517,85.456820,16.091697,102.965069,86.904239,16.060830,4.230234,0.013740
101.542165,85.497577,16.044588,103.052690,86.979220,16.073470,4.166152,0.013145
101.520525,85.451339,16.069187,103.047780,86.999571,16.048209,4.325045,0.012261
101.426961,85.361022,16.065939,102.805967,86.743322,16.062646,4.243100,0.012918
101.404235,85.329785,16.074451,102.981376,86.867223,16.114153,4.395584,0.012402
101.380347,85.303726,16.076622,102.737288,86.565897,16.171391,4.286277,0.013358
101.383580,85.296638,16.086943,102.814872,86.715017,16.099855,4.529255,0.011940
101.319524,85.265977,16.053548,103.026060,87.030430,15.995630,4.300052,0.013378
101.321376,85.254499,16.066877,102.892834,86.858740,16.034093,4.482235,0.013220
101.298384,85.233887,16.064497,103.126894,87.020956,16.105938,4.346381,0.012598
101.241789,85.147655,16.094134,102.726499,86.625940,16.100559,4.461172,0.012208
101.216468,85.135905,16.080563,102.621839,86.503895,16.117944,4.244462,0.012281
101.175611,85.080453,16.095157,102.779612,86.699863,16.079749,4.102001,0.013212
101.240627,85.152801,16.087826,102.786449,86.717775,16.068673,4.262798,0.012220
101.213035,85.113055,16.099980,102.712981,86.541326,16.171655,4.434760,0.012016
101.145403,85.058983,16.086419,102.991294,86.931607,16.059687,4.411290,0.012061
101.058058,84.983312,16.074746,102.816572,86.651949,16.164623,4.302210,0.012607
101.104567,85.005060,16.099507,102.935495,86.835998,16.099498,4.348727,0.012005
101.055653,84.934333,16.121320,102.681679,86.619304,16.062375,4.167817,0.013085
101.011996,84.921363,16.090633,102.532451,86.462750,16.069700,4.329394,0.012341
101.020035,84.890678,16.129357,102.733480,86.558235,16.175245,4.433769,0.012107
100.975811,84.864219,16.111592,102.739663,86.568725,16.170938,4.358685,0.012377
100.953634,84.833764,16.119870,102.702078,86.656701,16.045377,4.399483,0.012240
100.917225,84.796937,16.120288,102.552830,86.459557,16.093273,4.303557,0.013617
100.943067,84.808989,16.134078,102.466486,86.310055,16.156432,4.402901,0.012677
100.904037,84.784529,16.119508,102.637287,86.584095,16.053192,4.319023,0.012889
100.887563,84.777372,16.110192,102.516906,86.397408,16.119499,4.304554,0.012252
100.851944,84.738858,16.113086,102.546796,86.454226,16.092570,4.375591,0.011915
100.823289,84.706148,16.117141,102.569727,86.476887,16.092840,4.366454,0.012350
100.779733,84.656558,16.123175,102.471051,86.359289,16.111762,4.321935,0.012665
100.741753,84.617331,16.124423,102.813584,86.747230,16.066355,4.255995,0.012986
100.707787,84.573209,16.134578,102.497980,86.422190,16.075790,4.310696,0.013073
100.700466,84.586919,16.113547,102.498077,86.345131,16.152947,4.438490,0.012275
100.648034,84.528015,16.120018,102.568110,86.495273,16.072837,4.346653,0.012137
100.655661,84.527815,16.127846,102.396954,86.205573,16.191381,4.421211,0.011846
100.617959,84.485453,16.132506,102.449679,86.363693,16.085986,4.358289,0.013290
100.702962,84.557593,16.145369,102.326704,86.212579,16.114125,4.295892,0.012409
100.630231,84.481050,16.149181,102.275000,86.125386,16.149614,4.310815,0.012393
100.638628,84.534806,16.103822,102.643071,86.615153,16.027918,4.275284,0.012481
100.606985,84.459731,16.147254,102.510906,86.399400,16.111507,4.464145,0.011386
100.569149,84.417430,16.151719,102.296116,86.159933,16.136184,4.271271,0.012547
100.529331,84.402234,16.127097,102.488324,86.377991,16.110333,4.353878,0.012438
100.580206,84.429510,16.150696,102.265723,86.144255,16.121467,4.226627,0.012964
100.530350,84.434897,16.095453,102.233696,86.092857,16.140839,4.543540,0.011500
100.450540,84.342246,16.108295,102.535916,86.512478,16.023438,4.452819,0.012861
100.460937,84.289977,16.170959,102.266660,86.028146,16.238514,4.227060,0.012278
100.467288,84.326911,16.140377,102.332026,86.250910,16.081116,4.292227,0.014348
