202.058659,199.007133,3.051526,179.329679,173.424082,5.905596,4.607963,0.012521
166.589728,157.664211,8.925517,154.180143,142.678644,11.501499,3.906747,0.017408
149.574650,137.195477,12.379173,144.403036,131.336993,13.066042,3.693073,0.019090
141.848546,127.908850,13.939696,137.703272,123.083121,14.620152,3.605243,0.021955
135.655478,120.132090,15.523388,132.687148,116.288617,16.398531,3.626757,0.020905
131.424170,114.806890,16.617280,129.030228,111.822299,17.207928,3.619643,0.020557
128.449944,111.172884,17.277059,126.781120,109.091395,17.689725,3.679862,0.019574
126.200305,108.458364,17.741941,124.732265,106.821697,17.910568,3.643250,0.021764
124.376184,106.260185,18.115999,123.103185,104.702997,18.400187,3.588778,0.020252
122.888022,104.394926,18.493096,121.578405,102.942734,18.635671,3.728602,0.020459
121.586440,102.853971,18.732469,120.487245,101.464513,19.022733,3.631939,0.020607
120.437128,101.344465,19.092664,119.474051,100.308803,19.165248,3.593873,0.020010
119.427462,100.198220,19.229242,119.167706,99.786371,19.381334,3.604400,0.019499
118.512257,99.090197,19.422060,117.723644,98.170904,19.552740,3.626801,0.020117
117.715883,98.131845,19.584038,116.992945,97.320666,19.672279,3.643194,0.019148
116.922696,97.255884,19.666813,116.359825,96.546853,19.812972,3.596420,0.019444
116.294207,96.413265,19.880943,115.736366,95.702848,20.033518,3.615668,0.019409
115.581248,95.594766,19.986482,114.920973,94.940775,19.980198,3.600430,0.020090
114.961693,94.973951,19.987742,115.084347,95.007611,20.076736,3.598293,0.018862
114.468461,94.415545,20.052916,114.708670,94.557745,20.150925,3.465647,0.021047
113.937128,93.883528,20.053600,113.748050,93.618326,20.129724,3.593354,0.018439
113.444214,93.228177,20.216037,113.475632,93.177348,20.298284,3.688005,0.018578
112.926922,92.659055,20.267867,112.804886,92.433698,20.371188,3.494956,0.019538
112.420938,92.056101,20.364837,112.616726,92.168495,20.448231,3.667987,0.017315
112.056869,91.630480,20.426389,111.978231,91.489616,20.488614,3.622524,0.017514
111.656490,91.185738,20.470752,111.690637,91.316967,20.373670,3.443716,0.019780
111.273701,90.769483,20.504217,111.593464,91.117281,20.476184,3.518675,0.018864
110.889329,90.352185,20.537144,111.136242,90.665785,20.470457,3.683243,0.017965
110.548673,89.997467,20.551206,110.703563,90.093530,20.610033,3.600169,0.017411
110.240182,89.636386,20.603796,110.819844,90.195551,20.624293,3.399236,0.019782
109.928225,89.348417,20.579808,110.556823,90.001041,20.555781,3.557405,0.017659
109.613408,88.982062,20.631346,110.012112,89.361242,20.650870,3.437403,0.017781
109.250657,88.598110,20.652547,109.686322,89.142301,20.544021,3.512662,0.018527
109.028539,88.378792,20.649746,109.502879,88.811904,20.690976,3.570872,0.017785
108.804415,88.096833,20.707582,109.392291,88.711142,20.681149,3.677881,0.016513
108.431443,87.690984,20.740459,109.345756,88.695692,20.650063,3.395081,0.018024
108.270882,87.536726,20.734157,109.025859,88.106184,20.919675,3.682620,0.016679
107.994088,87.221227,20.772862,108.817111,88.046926,20.770185,3.737038,0.016830
107.761089,87.001970,20.759119,108.695978,88.013937,20.682041,3.456742,0.017812
107.494498,86.709353,20.785145,108.290911,87.631839,20.659073,3.784015,0.016110
107.416112,86.621540,20.794572,108.137742,87.223083,20.914659,3.533945,0.017782
107.139549,86.284575,20.854974,108.245784,87.410374,20.835410,3.540476,0.017341
106.944601,86.108646,20.835955,107.527685,86.813333,20.714352,3.582849,0.016536
106.733853,85.909178,20.824675,107.555579,86.723742,20.831837,3.601469,0.017033
106.584171,85.740318,20.843853,107.602286,86.778670,20.823616,3.351082,0.018714
106.507437,85.655351,20.852086,107.454584,86.531197,20.923387,3.633113,0.016980
106.279608,85.413204,20.866404,107.277296,86.483628,20.793668,3.483309,0.017547
106.085570,85.281870,20.803700,107.174735,86.398755,20.775979,3.525621,0.017383
105.947858,85.070434,20.877423,107.093240,86.265504,20.827736,3.569744,0.017281
105.923315,85.076045,20.847270,107.094446,86.229917,20.864528,3.533653,0.016798
105.651593,84.779928,20.871665,106.722744,85.948879,20.773865,3.520154,0.017566
105.501236,84.596366,20.904870,106.687134,85.849175,20.837959,3.441692,0.017800
105.331782,84.515987,20.815795,106.821603,86.078421,20.743181,3.484816,0.017436
105.315610,84.473811,20.841798,106.482519,85.723550,20.758969,3.523268,0.017380
105.168178,84.346618,20.821560,106.488785,85.588164,20.900621,3.587126,0.016625
104.958160,84.094355,20.863805,106.279198,85.416656,20.862541,3.422097,0.017501
104.803119,83.913537,20.889582,106.250194,85.381210,20.868984,3.525826,0.016308
104.788859,83.865683,20.923176,106.092478,85.210721,20.881758,3.487256,0.016463
104.601841,83.741495,20.860345,105.905130,85.179376,20.725754,3.529839,0.016972
104.583620,83.704833,20.878787,106.205771,85.357959,20.847812,3.522689,0.016632
104.405461,83.461680,20.943781,105.894270,85.153735,20.740535,3.489662,0.016352
104.370360,83.429952,20.940407,105.724945,84.750103,20.974842,3.660134,0.016040
104.223280,83.303334,20.919946,105.519433,84.640122,20.879310,3.502620,0.016318
104.149791,83.199347,20.950444,105.963644,84.870041,21.093603,3.451839,0.016253
104.027676,83.027414,21.000262,105.533223,84.579008,20.954216,3.582086,0.016224
103.913389,82.886402,21.026987,105.705165,84.770434,20.934732,3.616724,0.015824
103.860392,82.820649,21.039743,105.387387,84.389624,20.997762,3.495576,0.015240
103.771132,82.722303,21.048829,105.379118,84.492134,20.886984,3.478051,0.015854
103.699187,82.696708,21.002479,105.383173,84.384485,20.998688,3.464088,0.016885
103.567911,82.548626,21.019286,105.474972,84.494746,20.980226,3.454766,0.016436
103.514168,82.502454,21.011714,105.320184,84.322692,20.997492,3.688490,0.015221
103.492557,82.445575,21.046982,105.087940,84.056279,21.031660,3.563392,0.015717
103.277303,82.200834,21.076469,105.147958,84.236661,20.911296,3.488588,0.016462
103.209299,82.162625,21.046674,104.845094,83.933173,20.911922,3.657154,0.016642
103.139830,82.118475,21.021355,105.004587,84.063243,20.941344,3.508347,0.016245
103.178348,82.161733,21.016615,104.947502,83.932853,21.014648,3.667142,0.014372
102.965535,81.931529,21.034006,104.820686,83.920888,20.899798,3.501029,0.016480
102.985378,81.951424,21.033954,105.121609,84.055110,21.066499,3.425087,0.016777
102.873243,81.851321,21.021922,104.725716,83.728142,20.997575,3.525745,0.015662
102.761714,81.708456,21.053259,104.681731,83.659556,21.022176,3.699844,0.014957
102.762673,81.759971,21.002701,104.742273,83.741874,21.000399,3.465037,0.015553
102.697549,81.667487,21.030062,104.715819,83.743792,20.972027,3.591461,0.015860
102.611636,81.576509,21.035127,104.509302,83.576260,20.933042,3.485721,0.017590
102.497274,81.418405,21.078869,104.639645,83.538490,21.101155,3.502032,0.015699
102.425352,81.364871,21.060481,104.605343,83.605399,20.999945,3.464070,0.016985
102.403458,81.329656,21.073802,104.713210,83.613765,21.099444,3.677967,0.015399
102.326628,81.254195,21.072433,104.312755,83.316954,20.995802,3.469777,0.015464
102.289494,81.218233,21.071261,104.237141,83.254827,20.982314,3.585979,0.016022
102.316615,81.269447,21.047168,104.272169,83.332991,20.939179,3.476581,0.016889
102.215459,81.130215,21.085243,104.258018,83.262852,20.995165,3.616529,0.014640
102.133420,81.008210,21.125210,104.660157,83.603509,21.056649,3.664022,0.014804
102.054216,80.927840,21.126376,104.267878,83.195435,21.072443,3.479514,0.016355
102.001897,80.848602,21.153295,104.075487,83.050436,21.025051,3.442291,0.015878
101.943053,80.796063,21.146990,104.263381,83.291043,20.972338,3.560463,0.015394
101.949027,80.827071,21.121956,104.219380,83.141656,21.077724,3.358583,0.017650
101.833729,80.719200,21.114529,104.414729,83.390913,21.023816,3.353318,0.016624
101.851142,80.713826,21.137316,104.196575,83.078219,21.118356,3.516402,0.016385
101.786571,80.604480,21.182091,104.123228,83.031303,21.091925,3.430698,0.016240
101.719786,80.533168,21.186618,104.023480,82.954552,21.068928,3.459720,0.015952
101.622548,80.445869,21.176679,103.813747,82.732184,21.081564,3.767550,0.014271
101.690385,80.514122,21.176263,104.189728,83.094093,21.095634,3.375822,0.017495
101.554226,80.388233,21.165993,104.117066,83.019348,21.097718,3.547051,0.016140
101.535158,80.368414,21.166744,103.841784,82.769463,21.072322,3.548105,0.014537
101.494242,80.303550,21.190691,103.954268,82.856081,21.098187,3.546277,0.015107
101.426681,80.290047,21.136635,103.798148,82.702293,21.095856,3.733382,0.014319
101.420921,80.223379,21.197543,104.043631,82.872022,21.171610,3.556703,0.014273
101.397805,80.216250,21.181555,103.537987,82.374214,21.163774,3.634312,0.014788
101.319157,80.120361,21.198797,103.817936,82.665049,21.152886,3.530203,0.015436
101.239410,79.971456,21.267954,103.655108,82.493491,21.161617,3.481711,0.016085
101.192505,79.984392,21.208113,103.645142,82.486341,21.158802,3.729259,0.014574
101.171371,79.920578,21.250793,103.641949,82.480518,21.161431,3.643813,0.015038
101.135125,79.895235,21.239890,103.610304,82.422376,21.187928,3.799515,0.013695
101.072664,79.854008,21.218655,103.739910,82.612041,21.127870,3.516765,0.014829
101.144581,79.926714,21.217867,103.677787,82.565271,21.112517,3.430366,0.015693
101.028610,79.795560,21.233050,103.526011,82.339989,21.186021,3.741474,0.014252
101.007149,79.737787,21.269362,103.612079,82.396030,21.216050,3.247143,0.017070
100.889173,79.607489,21.281684,103.466256,82.352820,21.113436,3.594353,0.015632
100.916243,79.680974,21.235270,103.644578,82.491363,21.153215,3.539020,0.014755
100.843077,79.595983,21.247094,103.596702,82.430678,21.166024,3.462600,0.015809
100.841644,79.541683,21.299962,103.486608,82.294320,21.192288,3.535759,0.015266
100.744225,79.551958,21.192266,103.438414,82.348039,21.090375,3.411494,0.017438
100.731897,79.535776,21.196122,103.603793,82.400660,21.203133,3.456341,0.015683
100.658518,79.434387,21.224131,103.501840,82.341563,21.160277,3.491238,0.016224
100.675421,79.448129,21.227292,103.634423,82.457264,21.177159,3.325366,0.017551
100.681896,79.456593,21.225304,103.443816,82.254212,21.189604,3.614315,0.014962
100.596082,79.303872,21.292210,103.286555,82.006443,21.280112,3.641743,0.014496
100.552831,79.291311,21.261520,103.537278,82.351711,21.185566,3.401835,0.015000
100.452281,79.202346,21.249936,103.200589,82.047593,21.152996,3.478017,0.016459
100.431891,79.236732,21.195159,103.236550,82.076012,21.160538,3.539760,0.014642
100.415058,79.179151,21.235907,103.333560,82.198879,21.134682,3.483196,0.015282
100.439464,79.205423,21.234041,103.435981,82.206531,21.229451,3.544878,0.015201
100.405956,79.146060,21.259897,103.181980,81.976238,21.205741,3.566328,0.014791
100.345302,79.061956,21.283346,103.325242,82.144408,21.180835,3.543758,0.015073
100.323251,79.061808,21.261443,103.089956,81.927203,21.162753,3.460265,0.016235
100.303977,79.073979,21.229998,103.353205,82.139180,21.214025,3.372433,0.015399
100.332106,79.074444,21.257663,103.316490,82.162060,21.154431,3.491912,0.014805
100.222507,79.016108,21.206399,103.336978,82.110729,21.226249,3.621772,0.015237
100.274437,79.028569,21.245867,103.102442,81.944359,21.158083,3.574579,0.014682
100.147500,78.901553,21.245948,103.112336,81.934193,21.178143,3.450214,0.015735
100.121397,78.900710,21.220687,103.439077,82.287468,21.151610,3.567002,0.014178
100.132450,78.893689,21.238761,103.140742,81.984921,21.155822,3.390587,0.015367
100.162512,78.902032,21.260480,103.074933,81.879920,21.195013,3.494461,0.014992
100.048683,78.783938,21.264745,103.103361,81.962223,21.141138,3.544446,0.014592
99.993080,78.781325,21.211754,103.227797,82.130619,21.097178,3.386723,0.015616
100.038560,78.776563,21.261998,102.979305,81.814794,21.164511,3.340118,0.015685
99.970283,78.762822,21.207461,103.205967,82.059589,21.146378,3.602310,0.014920
99.984757,78.744844,21.239913,102.985671,81.767461,21.218211,3.341676,0.016156
99.915462,78.673570,21.241893,103.004125,81.930492,21.073633,3.496162,0.014794
99.876333,78.623842,21.252491,102.881741,81.640581,21.241160,3.346991,0.016284
99.947894,78.692336,21.255557,102.883041,81.692381,21.190660,3.453623,0.016145
99.735069,78.521181,21.213888,102.815434,81.677567,21.137867,3.334993,0.014747
99.774322,78.568654,21.205668,102.911318,81.735687,21.175631,3.691379,0.013969
99.877954,78.633269,21.244685,103.015915,81.771804,21.244111,3.306639,0.016401
99.758110,78.501969,21.256142,102.866053,81.734803,21.131249,3.479245,0.015011
99.810392,78.574582,21.235810,102.932171,81.683876,21.248294,3.535085,0.015660
99.713341,78.457515,21.255825,102.877690,81.691783,21.185907,3.514022,0.016222
99.659568,78.411904,21.247664,103.003695,81.822570,21.181124,3.637393,0.014496
99.646248,78.412199,21.234049,102.740426,81.588314,21.152112,3.622443,0.013713
99.634758,78.372218,21.262541,102.793794,81.693993,21.099801,3.369603,0.016028
99.651753,78.406479,21.245274,103.035019,81.771621,21.263398,3.471768,0.014875
