211.750549,209.463522,2.287028,191.028977,187.722808,3.306170,5.253412,0.007236
181.759653,176.280194,5.479458,169.843567,162.081297,7.762270,3.690220,0.014071
160.592769,150.840559,9.752209,152.713188,141.493717,11.219471,3.679675,0.017672
149.274891,137.460613,11.814277,144.791563,132.272475,12.519088,3.397700,0.019027
142.413137,129.226538,13.186598,139.399004,125.389301,14.009703,3.382525,0.020500
137.787306,123.499061,14.288246,135.180697,120.441382,14.739314,3.490558,0.019053
134.430440,119.310676,15.119764,132.029994,116.464942,15.565051,3.524841,0.019153
131.820376,115.951902,15.868473,129.904222,113.775460,16.128761,3.581004,0.019397
129.632665,113.291196,16.341470,127.979944,111.346259,16.633686,3.515537,0.019754
127.990674,111.212836,16.777839,126.596167,109.481534,17.114632,3.504022,0.019933
126.539130,109.344666,17.194465,125.024420,107.610834,17.413586,3.516648,0.019151
125.311584,107.774178,17.537406,124.066768,106.209573,17.857195,3.337905,0.019827
124.162912,106.352083,17.810829,122.813141,104.862449,17.950693,3.486140,0.019254
123.130578,105.071276,18.059302,121.924096,103.568054,18.356041,3.540719,0.019217
122.148339,103.817834,18.330505,121.139738,102.652524,18.487214,3.658332,0.018272
121.283319,102.677030,18.606289,120.222869,101.569477,18.653392,3.406585,0.019834
120.519306,101.785278,18.734028,119.665070,100.770711,18.894359,3.420183,0.020030
119.751473,100.827693,18.923781,118.984418,99.898357,19.086061,3.409713,0.020229
119.144932,100.042911,19.102020,118.422043,99.209267,19.212776,3.351468,0.020167
118.582355,99.322289,19.260066,117.884117,98.526952,19.357164,3.415025,0.021113
118.008609,98.590173,19.418436,117.583344,98.017724,19.565620,3.319831,0.020377
117.479185,97.951542,19.527644,116.765713,97.079372,19.686341,3.494109,0.018946
116.904807,97.239732,19.665075,116.381734,96.648195,19.733540,3.413143,0.019262
116.405700,96.641675,19.764025,115.876529,96.012158,19.864372,3.419996,0.019632
115.828152,95.962279,19.865873,115.538893,95.670596,19.868296,3.370263,0.019820
115.420645,95.459276,19.961369,114.751622,94.756168,19.995453,3.428142,0.019688
115.048227,95.040069,20.008158,114.412997,94.323051,20.089945,3.288451,0.019626
114.645427,94.527388,20.118038,113.968959,93.769663,20.199295,3.491713,0.018571
114.250381,94.063805,20.186576,113.967422,93.698112,20.269310,3.364001,0.019183
113.863676,93.629117,20.234559,113.385731,93.109307,20.276424,3.314853,0.019730
113.476903,93.183271,20.293633,113.333410,92.953725,20.379686,3.346390,0.018990
113.147773,92.778036,20.369737,112.681410,92.270947,20.410462,3.401334,0.019478
112.735192,92.303833,20.431360,112.769852,92.360151,20.409701,3.450326,0.018286
112.444408,91.982720,20.461688,112.634918,92.118369,20.516549,3.367753,0.019340
112.055080,91.576263,20.478817,111.964114,91.422111,20.542004,3.341519,0.018819
111.728579,91.236940,20.491639,111.686899,91.133395,20.553504,3.495022,0.017851
111.431161,90.844109,20.587051,111.400961,90.712444,20.688517,3.324539,0.018578
111.131056,90.511021,20.620035,111.130150,90.527683,20.602468,3.310954,0.020049
110.906514,90.240405,20.666109,110.640220,89.947587,20.692632,3.362951,0.018655
110.598810,89.860523,20.738287,110.705279,89.935925,20.769354,3.220838,0.019232
110.335592,89.579417,20.756176,110.295260,89.481990,20.813270,3.202377,0.020155
110.012809,89.206711,20.806098,109.941340,89.022010,20.919330,3.467608,0.016871
109.748091,88.865695,20.882396,109.943447,89.035540,20.907907,3.407220,0.018487
109.577367,88.658963,20.918405,109.596182,88.610081,20.986101,3.287630,0.018813
109.298105,88.367979,20.930126,109.539563,88.572450,20.967113,3.367990,0.018337
109.093063,88.134272,20.958790,109.515411,88.484151,21.031260,3.252343,0.018477
108.896895,87.882737,21.014157,108.936984,87.900908,21.036076,3.403691,0.017071
108.609016,87.589840,21.019176,108.723777,87.671603,21.052174,3.343897,0.018706
108.408997,87.364202,21.044795,108.545083,87.477756,21.067327,3.442842,0.017011
108.231912,87.116185,21.115727,108.354861,87.282144,21.072717,3.387798,0.017429
108.127146,86.993548,21.133598,108.410585,87.171801,21.238784,3.343592,0.018207
107.734252,86.561095,21.173157,108.118175,86.932279,21.185896,3.363686,0.017797
107.666011,86.517828,21.148183,108.035596,86.869119,21.166477,3.288144,0.019069
107.476951,86.275295,21.201656,107.681684,86.472891,21.208792,3.436604,0.016560
107.170414,85.985774,21.184640,107.660245,86.387744,21.272501,3.403809,0.017543
107.131479,85.866915,21.264564,107.542120,86.284302,21.257818,3.214932,0.018876
106.944751,85.709033,21.235718,107.266368,86.041318,21.225050,3.458975,0.016659
106.779872,85.525786,21.254087,107.020997,85.821912,21.199086,3.307582,0.017944
106.638637,85.382289,21.256348,107.028435,85.732348,21.296087,3.368546,0.017189
106.417676,85.147622,21.270055,106.995316,85.676448,21.318869,3.342619,0.016742
106.339819,85.033136,21.306683,106.858447,85.530242,21.328205,3.264728,0.017312
106.131454,84.802696,21.328759,106.667114,85.299386,21.367729,3.469840,0.017297
105.987533,84.641552,21.345982,106.558201,85.184650,21.373551,3.415351,0.015712
105.889675,84.530057,21.359618,106.383584,85.014981,21.368603,3.303398,0.017461
105.712862,84.336543,21.376319,106.497602,85.071480,21.426122,3.371297,0.016973
105.623750,84.212211,21.411538,106.200265,84.688907,21.511358,3.322157,0.016538
105.406332,83.979124,21.427208,106.055788,84.561995,21.493793,3.285678,0.017652
105.277502,83.854554,21.422947,105.832280,84.401073,21.431207,3.353991,0.017476
105.098563,83.687827,21.410736,105.563943,84.089954,21.473990,3.307078,0.017708
105.041023,83.559868,21.481155,105.859661,84.325089,21.534572,3.302454,0.016621
104.898317,83.407707,21.490610,105.312261,83.839385,21.472876,3.301329,0.017510
104.804000,83.317758,21.486242,105.456777,83.961891,21.494886,3.170599,0.017796
104.604898,83.096578,21.508320,105.311048,83.756819,21.554229,3.333160,0.016757
104.595149,83.053244,21.541905,105.291715,83.674379,21.617337,3.212364,0.017893
104.402648,82.846118,21.556530,104.954740,83.384920,21.569819,3.190312,0.017584
104.291800,82.722578,21.569222,105.194714,83.683061,21.511653,3.273444,0.017986
104.169100,82.641670,21.527430,105.018100,83.430225,21.587875,3.268942,0.016520
104.097863,82.492093,21.605770,104.709392,83.065456,21.643936,3.293197,0.017077
104.028160,82.391589,21.636572,104.694573,83.066703,21.627870,3.371689,0.016179
103.889907,82.304571,21.585336,104.646408,83.025737,21.620671,3.190812,0.017252
103.837623,82.216418,21.621205,104.684588,83.015593,21.668995,3.443643,0.016076
103.706398,82.040169,21.666229,104.478432,82.797263,21.681169,3.381744,0.016727
103.607736,81.928489,21.679247,104.665741,83.052734,21.613008,3.263623,0.017055
103.547158,81.931095,21.616063,104.649313,82.985730,21.663583,3.297777,0.016961
103.486822,81.798562,21.688260,104.426517,82.718650,21.707867,3.286955,0.017366
103.392795,81.649615,21.743180,104.345683,82.658820,21.686862,3.301950,0.017400
103.285005,81.569737,21.715268,104.138864,82.463578,21.675286,3.413474,0.016629
103.180869,81.475866,21.705003,104.260148,82.541471,21.718677,3.320437,0.015962
103.117007,81.399357,21.717650,104.317719,82.621992,21.695727,3.354215,0.016323
103.011321,81.325521,21.685800,104.259422,82.520810,21.738611,3.433058,0.016202
102.999139,81.263526,21.735614,104.158227,82.377900,21.780327,3.176381,0.017847
102.913974,81.168367,21.745607,104.166965,82.399486,21.767478,3.186219,0.017192
102.854783,81.111719,21.743064,103.823017,82.054133,21.768884,3.323275,0.016051
102.760356,81.003252,21.757105,103.834846,82.061978,21.772869,3.156808,0.018681
102.705080,80.926349,21.778731,103.978766,82.213456,21.765310,3.243244,0.016891
102.625626,80.850449,21.775177,103.650197,81.923288,21.726908,3.452161,0.015600
102.589966,80.807168,21.782797,103.618715,81.821659,21.797056,3.280008,0.016893
102.470811,80.657000,21.813812,103.633850,81.831709,21.802142,3.299040,0.017063
102.471172,80.659235,21.811937,103.709056,81.864890,21.844166,3.345480,0.016546
102.366320,80.512068,21.854251,103.564168,81.710499,21.853669,3.332445,0.017866
102.286392,80.431896,21.854497,103.700231,81.912263,21.787968,3.367773,0.016527
102.258427,80.378183,21.880245,103.382938,81.518630,21.864308,3.352834,0.016406
102.172998,80.340209,21.832789,103.377443,81.564573,21.812869,3.300953,0.016000
102.107225,80.229746,21.877479,103.361091,81.549563,21.811528,3.357310,0.015661
102.035403,80.198100,21.837303,103.256689,81.372185,21.884504,3.316885,0.016146
102.003142,80.161486,21.841656,103.247551,81.372411,21.875139,3.488719,0.015158
101.956569,80.086069,21.870500,103.283066,81.395802,21.887264,3.348561,0.016015
101.861659,80.025298,21.836361,103.005825,81.196941,21.808884,3.343975,0.017662
101.842401,80.061133,21.781269,103.137852,81.380267,21.757585,3.246386,0.016339
101.773817,79.974783,21.799034,102.990184,81.176787,21.813397,3.429989,0.015390
101.655552,79.867136,21.788416,103.184767,81.469363,21.715405,3.311559,0.016974
101.660364,79.898667,21.761697,103.100537,81.297914,21.802624,3.250120,0.017341
101.553114,79.728417,21.824697,102.953136,81.183949,21.769187,3.343596,0.016046
101.541795,79.724311,21.817484,103.016192,81.225600,21.790592,3.308475,0.017153
101.478006,79.671958,21.806048,102.783873,80.958573,21.825300,3.385521,0.016038
101.502440,79.635541,21.866899,102.707632,80.881581,21.826051,3.291914,0.016434
101.314559,79.472069,21.842490,102.740416,80.876942,21.863474,3.330939,0.015733
101.346718,79.503461,21.843257,102.912349,81.052690,21.859660,3.232768,0.017163
101.303660,79.422230,21.881429,102.697037,80.887761,21.809276,3.346603,0.015653
101.257167,79.436439,21.820727,102.688243,80.867595,21.820648,3.349219,0.014830
101.195103,79.351873,21.843230,102.783664,80.951024,21.832639,3.238745,0.016199
101.134417,79.277093,21.857323,102.493647,80.654490,21.839157,3.393241,0.015505
101.088588,79.234346,21.854243,102.772283,80.913079,21.859204,3.235180,0.016077
100.993440,79.105392,21.888048,102.574334,80.783133,21.791201,3.337144,0.015802
100.969615,79.102581,21.867034,102.486518,80.663713,21.822804,3.245335,0.016776
100.932887,79.045148,21.887739,102.455353,80.603987,21.851366,3.373985,0.016539
100.905444,79.006199,21.899245,102.570408,80.684132,21.886276,3.205498,0.018096
100.851059,78.961408,21.889651,102.360251,80.476113,21.884137,3.206379,0.016495
100.782536,78.903916,21.878620,102.484595,80.609965,21.874630,3.251432,0.016710
100.724378,78.835428,21.888950,102.393336,80.540905,21.852431,3.223471,0.016713
100.717096,78.850355,21.866741,102.371538,80.537630,21.833908,3.279107,0.016390
100.669955,78.809584,21.860370,102.440163,80.532005,21.908158,3.271574,0.016154
100.638930,78.738229,21.900701,102.135214,80.191018,21.944197,3.213714,0.015988
100.614560,78.723463,21.891097,102.316187,80.427551,21.888636,3.224505,0.015489
100.544986,78.677165,21.867822,102.179313,80.365728,21.813585,3.203604,0.015764
100.468627,78.596132,21.872495,102.037677,80.187215,21.850462,3.266259,0.015898
100.434535,78.612846,21.821689,102.271548,80.418043,21.853505,3.258839,0.016674
100.377031,78.546739,21.830292,102.396453,80.641638,21.754815,3.197045,0.016343
100.307951,78.489654,21.818297,101.971805,80.166586,21.805220,3.310401,0.015684
100.309402,78.464169,21.845233,102.170893,80.283563,21.887330,3.305625,0.015680
100.269857,78.454173,21.815684,101.836973,80.015729,21.821244,3.175773,0.017157
100.224592,78.388743,21.835849,101.962849,80.174505,21.788344,3.348427,0.015259
100.278812,78.437990,21.840822,102.050524,80.257666,21.792857,3.275570,0.015593
100.122439,78.254169,21.868271,101.820982,79.996354,21.824627,3.373992,0.015728
100.103061,78.282648,21.820413,102.029874,80.206771,21.823104,3.255677,0.016120
100.088818,78.275741,21.813078,102.054242,80.205228,21.849014,3.154597,0.016952
100.044751,78.206657,21.838094,101.784876,79.911521,21.873356,3.247366,0.016025
99.962166,78.087568,21.874599,101.921475,80.130754,21.790721,3.315616,0.015600
99.943336,78.112202,21.831134,101.847089,80.070445,21.776644,3.268633,0.015434
99.961520,78.102029,21.859491,101.813765,79.971209,21.842556,3.307679,0.015696
99.916933,78.073722,21.843212,101.724636,79.849418,21.875218,3.249675,0.015813
99.905191,77.987540,21.917651,101.647706,79.774134,21.873571,3.253210,0.015937
99.853207,77.966521,21.886686,101.760170,79.859305,21.900865,3.261277,0.015350
99.802608,77.896717,21.905891,101.695021,79.826315,21.868706,3.422074,0.014943
99.739658,77.846604,21.893055,101.797265,79.951092,21.846172,3.364448,0.015596
99.736687,77.813666,21.923021,101.627550,79.771420,21.856130,3.310616,0.015171
99.672899,77.748313,21.924585,101.609701,79.757786,21.851915,3.297678,0.015736
99.674981,77.777444,21.897536,101.672984,79.773588,21.899397,3.163242,0.016506
99.645407,77.710562,21.934845,101.511539,79.585307,21.926233,3.273662,0.015184
99.647337,77.695013,21.952324,101.653375,79.756261,21.897114,3.164321,0.016060
