222.175003,204.077292,18.097712,190.895386,169.032475,21.862912,2.470872,0.018188
178.733847,154.541913,24.191934,167.760062,141.655853,26.104209,2.516087,0.028060
163.575378,137.195752,26.379625,158.531691,131.954664,26.577027,2.191180,0.036739
155.805612,129.359722,26.445890,151.781633,125.276218,26.505415,2.569799,0.035350
150.095603,123.727181,26.368421,147.032549,120.590776,26.441773,2.493911,0.039598
145.751480,119.476718,26.274761,142.695025,116.391899,26.303126,2.684668,0.037309
142.338497,115.961595,26.376902,140.296363,113.690350,26.606013,2.618897,0.043335
140.076611,113.428566,26.648045,138.470123,111.651323,26.818799,2.690151,0.043062
138.255582,111.543742,26.711840,136.457970,109.642951,26.815018,2.770400,0.039525
136.879042,110.107225,26.771817,135.513709,108.581254,26.932455,2.964336,0.041398
135.597840,108.739630,26.858210,134.464686,107.581656,26.883030,2.624536,0.044862
134.726764,107.805117,26.921647,133.425956,106.467653,26.958303,2.748380,0.045446
133.670063,106.857512,26.812551,132.709261,106.010595,26.698666,2.927748,0.044084
132.770386,106.021527,26.748859,131.833120,104.979950,26.853170,2.867368,0.042958
131.906182,105.114062,26.792120,131.006849,104.199042,26.807808,3.056528,0.042239
131.376430,104.533092,26.843338,130.840896,103.960750,26.880146,2.782758,0.045429
130.772546,103.868547,26.903999,130.047064,103.059876,26.987187,3.002098,0.044449
130.176864,103.250494,26.926370,129.486332,102.494518,26.991814,3.081141,0.041416
129.722397,102.773276,26.949121,128.879742,101.872479,27.007262,2.912319,0.042972
129.215538,102.228844,26.986695,128.734296,101.668885,27.065411,3.011872,0.043898
128.792071,101.748079,27.043992,128.291464,101.226963,27.064502,3.077625,0.044471
128.267063,101.310888,26.956175,127.876103,101.001096,26.875007,3.053125,0.043126
127.707521,100.874072,26.833449,127.237901,100.489810,26.748091,2.909056,0.047726
127.267140,100.454566,26.812573,126.757204,99.917843,26.839361,3.190218,0.042578
126.757588,100.013637,26.743951,126.304947,99.620118,26.684829,2.999575,0.040988
126.286264,99.560259,26.726005,125.822501,99.063915,26.758585,3.044546,0.044486
125.973883,99.223944,26.749939,125.489936,98.691558,26.798378,3.131635,0.044871
125.664882,98.881677,26.783205,125.701380,98.893778,26.807602,3.103285,0.043980
125.340895,98.554984,26.785911,125.311358,98.484282,26.827077,3.200721,0.042791
125.137192,98.332719,26.804473,125.075013,98.244011,26.831001,2.913902,0.046285
124.786153,97.992861,26.793292,124.454846,97.758004,26.696842,3.200400,0.040389
124.271811,97.674866,26.596945,124.006949,97.440591,26.566358,3.129436,0.042047
123.914532,97.354817,26.559715,123.729225,97.112071,26.617155,3.030616,0.043605
123.621870,97.079656,26.542214,123.355041,96.830622,26.524419,3.126891,0.040777
123.395392,96.817458,26.577934,123.396816,96.799673,26.597143,3.105743,0.046795
123.052385,96.528793,26.523592,122.891598,96.420615,26.470983,3.056161,0.045690
122.609941,96.240348,26.369593,122.483238,96.101798,26.381441,3.249509,0.040429
122.351129,96.013208,26.337921,122.579155,96.182955,26.396200,3.031974,0.044105
122.139148,95.796178,26.342970,122.108960,95.679075,26.429885,3.182694,0.040340
121.975297,95.591753,26.383544,121.820336,95.371233,26.449103,3.180999,0.040051
121.704028,95.343343,26.360685,121.669373,95.270310,26.399063,3.117606,0.042806
121.563856,95.232630,26.331226,121.873356,95.474135,26.399221,3.186173,0.040622
121.316326,94.984326,26.332000,121.811482,95.437775,26.373707,3.247070,0.040601
121.150576,94.771319,26.379256,121.552040,95.158156,26.393884,3.163131,0.042277
120.993615,94.618785,26.374830,121.359749,94.967393,26.392355,3.223372,0.042028
120.775055,94.379670,26.395385,121.226907,94.818137,26.408771,3.277596,0.039576
120.647027,94.263855,26.383172,121.025326,94.607724,26.417603,3.426238,0.038298
120.436269,94.057097,26.379172,120.820399,94.480674,26.339726,3.032157,0.043496
120.334769,93.957947,26.376822,120.896103,94.413553,26.482550,2.933447,0.048005
120.199692,93.826868,26.372824,120.798262,94.418818,26.379444,3.207559,0.041299
120.003008,93.614995,26.388013,120.459729,94.057119,26.402610,3.095110,0.046441
119.862452,93.470460,26.391993,120.419452,93.991745,26.427707,3.109282,0.041785
119.711442,93.341665,26.369777,120.218353,93.877413,26.340940,3.391362,0.038691
119.617792,93.244699,26.373093,119.953076,93.518991,26.434084,3.218566,0.043570
119.470264,93.083477,26.386788,120.158099,93.762444,26.395655,3.028550,0.045240
119.319964,92.936212,26.383752,119.934044,93.487780,26.446265,3.161715,0.043593
119.285961,92.879644,26.406317,119.770414,93.305462,26.464951,3.336864,0.043880
119.117531,92.699627,26.417904,119.841780,93.439291,26.402489,3.009326,0.042276
119.021212,92.627556,26.393656,119.823171,93.365145,26.458026,3.064874,0.045386
118.980817,92.554474,26.426343,119.664882,93.210302,26.454579,3.157426,0.041778
118.717857,92.308600,26.409257,119.284823,92.831601,26.453221,3.242162,0.038799
118.705887,92.281476,26.424411,119.458287,92.983549,26.474738,3.327449,0.041347
118.559209,92.137665,26.421543,119.335747,92.888746,26.447001,3.312897,0.039935
118.465584,92.048331,26.417253,119.181775,92.674026,26.507749,3.319376,0.040812
118.331581,91.884177,26.447404,118.972590,92.551750,26.420839,3.370185,0.038223
118.287839,91.860679,26.427160,118.957917,92.466600,26.491317,3.428120,0.040782
118.191290,91.754631,26.436659,118.874541,92.470347,26.404194,3.025506,0.043618
118.181462,91.735215,26.446247,118.922705,92.478450,26.444255,3.161701,0.041625
118.017336,91.566404,26.450932,119.024869,92.571518,26.453352,3.222719,0.042016
117.858054,91.418802,26.439252,118.740935,92.272212,26.468724,3.222524,0.042840
117.815479,91.376213,26.439266,118.710236,92.179199,26.531037,3.368775,0.040157
117.778278,91.325757,26.452521,118.715326,92.279619,26.435707,3.215688,0.039206
117.684074,91.239579,26.444496,118.471315,91.979357,26.491958,3.157322,0.041414
117.592394,91.138224,26.454169,118.455515,92.003356,26.452159,3.194293,0.041828
117.458338,91.003541,26.454797,118.500745,92.075820,26.424925,3.100287,0.041724
117.363084,90.922249,26.440834,118.185830,91.697645,26.488185,3.224313,0.041492
117.355867,90.906807,26.449060,118.203406,91.711018,26.492387,3.304537,0.041323
117.180267,90.710879,26.469388,118.589967,92.147512,26.442454,3.268213,0.041586
117.085343,90.639841,26.445502,118.248849,91.794293,26.454556,3.347765,0.042131
117.128516,90.658495,26.470021,118.136875,91.657049,26.479826,3.380074,0.040147
117.052060,90.567322,26.484739,118.097908,91.646723,26.451184,3.336919,0.041919
116.942266,90.478037,26.464229,118.285866,91.816947,26.468919,3.250157,0.042481
116.833962,90.350943,26.483019,117.974894,91.486989,26.487905,3.311833,0.041241
116.747990,90.277457,26.470533,117.819826,91.308797,26.511029,3.398909,0.045357
116.767122,90.321280,26.445842,117.902633,91.426603,26.476030,3.116286,0.045221
116.648671,90.176008,26.472663,117.848156,91.346174,26.501982,3.276378,0.040767
116.641091,90.188048,26.453043,117.828576,91.344876,26.483700,3.383250,0.038619
116.525922,90.051716,26.474206,117.708869,91.244783,26.464086,3.294661,0.042606
116.485709,89.984761,26.500948,117.803135,91.349804,26.453331,3.130251,0.043126
116.432167,89.943938,26.488229,117.510104,91.012905,26.497199,3.474956,0.038421
116.313087,89.831993,26.481094,117.557176,91.102259,26.454917,3.182153,0.042031
116.303817,89.824553,26.479264,117.469728,90.983694,26.486034,3.247722,0.040640
116.234656,89.735552,26.499104,117.649655,91.182633,26.467022,3.251822,0.044530
116.153005,89.672384,26.480620,117.337964,90.804430,26.533534,3.279351,0.040486
116.158597,89.660246,26.498351,117.467650,91.013627,26.454023,3.259483,0.042000
116.039933,89.526489,26.513443,117.373056,90.871148,26.501909,3.521026,0.036022
116.010935,89.506416,26.504520,117.277936,90.698408,26.579528,3.090333,0.046312
115.905669,89.407585,26.498084,117.289727,90.766384,26.523344,3.289921,0.043872
115.890180,89.374351,26.515830,117.310721,90.818596,26.492126,3.268252,0.040140
115.826282,89.323583,26.502699,117.342273,90.771923,26.570350,3.357109,0.041402
115.812604,89.301957,26.510647,117.262419,90.753554,26.508865,3.295058,0.043677
115.731253,89.215461,26.515792,116.997498,90.487232,26.510267,3.271737,0.041288
115.661740,89.130749,26.530991,117.185827,90.652125,26.533702,3.237355,0.040967
115.647625,89.135523,26.512102,117.131951,90.622354,26.509596,3.250871,0.040450
115.590803,89.051451,26.539353,116.896266,90.372826,26.523440,3.256064,0.043138
115.531187,89.010429,26.520758,116.999869,90.428545,26.571324,3.570712,0.037223
115.501948,88.965532,26.536416,117.184025,90.701154,26.482871,3.224737,0.046762
115.475454,88.962331,26.513123,117.023923,90.491356,26.532567,3.508515,0.041444
115.456922,88.913625,26.543298,116.994480,90.440475,26.554005,3.338573,0.039911
115.363480,88.828383,26.535097,116.675560,90.138006,26.537554,3.368573,0.044498
115.333117,88.808944,26.524173,116.824679,90.252302,26.572377,3.336496,0.038778
115.351428,88.807060,26.544368,116.765318,90.274179,26.491139,3.397112,0.041715
115.268047,88.727052,26.540995,116.615909,90.046456,26.569453,3.388233,0.042924
115.188093,88.655285,26.532807,116.833095,90.326706,26.506389,3.249891,0.042626
115.185399,88.644275,26.541124,116.545188,89.985313,26.559874,3.202701,0.042545
115.080217,88.549316,26.530901,116.710835,90.211799,26.499035,3.289390,0.040149
115.097013,88.554373,26.542641,116.821405,90.364133,26.457272,3.434641,0.041052
115.065652,88.534829,26.530823,116.741263,90.222960,26.518303,3.291604,0.042315
115.028839,88.457253,26.571585,116.561448,90.020815,26.540633,3.266958,0.042441
115.011097,88.451386,26.559711,116.644838,90.095606,26.549233,3.298303,0.041847
114.926465,88.393448,26.533017,116.674506,90.162140,26.512366,3.121490,0.044167
114.925538,88.362010,26.563529,116.460250,89.959334,26.500916,3.530110,0.039887
114.881860,88.319958,26.561902,116.648820,90.063683,26.585137,3.435214,0.038227
114.849055,88.304825,26.544230,116.497447,89.953028,26.544419,3.366646,0.041059
114.803458,88.229780,26.573678,116.559568,89.983384,26.576184,3.263694,0.043736
114.740345,88.167503,26.572842,116.581504,90.045824,26.535680,3.343013,0.041354
114.697010,88.133856,26.563154,116.504113,89.977163,26.526950,3.451702,0.043001
114.711015,88.145864,26.565151,116.373743,89.844082,26.529661,3.250154,0.045208
114.681506,88.092479,26.589027,116.467711,89.938628,26.529083,3.279039,0.042146
114.591049,88.022734,26.568314,116.429216,89.900137,26.529078,3.446104,0.038475
114.581032,88.009522,26.571510,116.459682,89.848913,26.610769,3.252893,0.042944
114.544228,87.950438,26.593790,116.354261,89.706374,26.647887,3.396962,0.040370
114.540107,87.950368,26.589740,116.233838,89.710053,26.523785,3.469533,0.037929
114.481849,87.937262,26.544587,116.379064,89.891597,26.487467,3.482764,0.037043
114.424270,87.866668,26.557603,116.158057,89.614260,26.543797,3.201732,0.039858
114.382715,87.797902,26.584813,116.178157,89.565523,26.612634,3.407307,0.038463
114.441832,87.854380,26.587452,116.334636,89.724195,26.610442,3.370765,0.043154
114.316967,87.741008,26.575959,116.242447,89.677577,26.564871,3.196453,0.044949
114.318714,87.745339,26.573375,116.132621,89.559283,26.573338,3.405066,0.041619
114.306828,87.743463,26.563366,116.331643,89.775656,26.555987,3.199156,0.044506
114.194164,87.621174,26.572990,116.069387,89.494594,26.574793,3.250448,0.041737
114.245375,87.676877,26.568498,116.062922,89.507537,26.555385,3.324744,0.045865
114.216927,87.644219,26.572708,115.952273,89.378326,26.573947,3.542994,0.040033
114.171899,87.598520,26.573379,116.113708,89.606553,26.507155,3.619926,0.038190
114.199679,87.642944,26.556734,116.109195,89.526943,26.582251,3.289819,0.041879
114.160537,87.571048,26.589489,116.133164,89.578302,26.554863,3.312017,0.042065
114.151635,87.583616,26.568020,115.825350,89.237996,26.587353,3.427419,0.038449
114.109466,87.514278,26.595189,116.150643,89.494370,26.656273,3.273798,0.043497
114.065370,87.469805,26.595565,116.094561,89.508229,26.586332,3.284770,0.041188
114.072535,87.477251,26.595284,116.166204,89.497974,26.668230,3.137939,0.044778
114.047225,87.467398,26.579826,116.070876,89.456481,26.614395,3.224080,0.044543
114.046372,87.438738,26.607634,115.939130,89.312618,26.626512,3.441721,0.040690
114.004147,87.387971,26.616177,116.275304,89.679815,26.595489,3.184608,0.043021
113.952478,87.337677,26.614801,116.003801,89.389082,26.614719,3.342329,0.039438
113.874050,87.284707,26.589344,115.945014,89.328828,26.616186,3.243703,0.044178
113.941328,87.346485,26.594843,115.888136,89.325983,26.562153,3.297161,0.041559
113.883829,87.256984,26.626845,115.671421,89.035809,26.635612,3.525909,0.039636
113.844661,87.213678,26.630983,115.891209,89.223631,26.667578,3.339015,0.041951
113.782736,87.167896,26.614839,115.771367,89.112870,26.658497,3.277651,0.041128
113.799709,87.201315,26.598394,115.685499,89.031535,26.653964,3.315155,0.044957
