199.688622,196.405781,3.282840,176.844903,171.014137,5.830765,3.613904,0.010284
163.284190,154.416360,8.867830,150.964149,140.311476,10.652673,3.496863,0.015173
147.145862,136.066820,11.079042,142.642312,130.997419,11.644893,3.215135,0.017370
139.751588,127.470075,12.281513,136.015369,123.065136,12.950233,3.245597,0.018502
134.172460,120.874967,13.297492,130.926314,117.251062,13.675252,3.433991,0.018263
130.224840,116.363636,13.861204,127.800927,113.740995,14.059931,3.543278,0.017149
127.403308,113.036985,14.366324,125.672747,111.096840,14.575907,3.358493,0.019790
124.993671,110.295067,14.698604,123.095727,108.321746,14.773982,3.467263,0.019150
123.029206,108.066809,14.962397,121.411978,106.287434,15.124544,3.413111,0.017976
121.432559,106.209788,15.222770,119.639893,104.303529,15.336364,3.587179,0.017806
120.112709,104.729720,15.382989,118.858422,103.373834,15.484588,3.363498,0.019344
118.909757,103.398478,15.511279,118.034724,102.425736,15.608989,3.548964,0.018611
117.864170,102.205328,15.658842,116.965014,101.177601,15.787413,3.459437,0.018468
116.909999,101.119807,15.790192,115.837136,99.921776,15.915360,3.506069,0.018456
115.962262,100.038787,15.923475,114.959901,98.828815,16.131086,3.396028,0.018482
115.072685,99.101619,15.971066,114.591780,98.532349,16.059432,3.359168,0.019371
114.316439,98.271032,16.045407,114.005662,98.027154,15.978508,3.550484,0.018665
113.627641,97.532148,16.095493,113.125968,97.069131,16.056837,3.518443,0.017909
113.032668,96.884925,16.147743,112.550825,96.378976,16.171849,3.494198,0.018056
112.399427,96.243054,16.156373,112.127602,95.975305,16.152297,3.645817,0.018183
111.795377,95.587919,16.207458,111.580287,95.332284,16.248004,3.359908,0.018752
111.202669,94.963252,16.239417,110.954520,94.727165,16.227355,3.411217,0.018519
110.617126,94.400267,16.216859,110.398428,94.229980,16.168448,3.560931,0.018798
110.202574,93.950746,16.251828,110.093377,93.892193,16.201184,3.601804,0.017386
109.873151,93.657726,16.215425,109.539236,93.308607,16.230629,3.279233,0.018447
109.357942,93.124605,16.233336,109.050952,92.730380,16.320572,3.564855,0.017359
108.902367,92.646197,16.256169,109.245534,93.021938,16.223596,3.502992,0.018760
108.472040,92.222502,16.249538,108.775247,92.612522,16.162725,3.614800,0.017525
108.085317,91.810321,16.274996,108.195277,91.999000,16.196277,3.634585,0.017202
107.792996,91.491231,16.301765,107.810017,91.484104,16.325913,3.442817,0.017973
107.396180,91.083051,16.313130,107.793254,91.491575,16.301679,3.435447,0.017116
107.121743,90.761334,16.360408,107.557537,91.184390,16.373147,3.506124,0.017633
106.834488,90.462971,16.371518,107.270214,90.806916,16.463299,3.546262,0.017243
106.549569,90.136257,16.413312,106.802123,90.406351,16.395772,3.537540,0.016663
106.319815,89.945311,16.374504,106.810994,90.342346,16.468648,3.534785,0.016764
106.108469,89.681190,16.427279,106.578093,90.218575,16.359519,3.563787,0.017982
105.870943,89.449914,16.421029,106.326390,89.967248,16.359142,3.597437,0.016435
105.679106,89.221930,16.457176,106.468096,90.018924,16.449172,3.439840,0.017854
105.476558,89.002254,16.474304,106.036880,89.587385,16.449495,3.467778,0.017252
105.279236,88.750049,16.529187,105.868754,89.289771,16.578983,3.625092,0.015867
105.006302,88.473031,16.533270,105.739973,89.274769,16.465204,3.612888,0.016718
104.909583,88.322099,16.587484,105.384427,88.897624,16.486803,3.588737,0.015814
104.716539,88.147949,16.568591,105.373563,88.786026,16.587537,3.408949,0.016518
104.533119,87.930079,16.603040,105.295536,88.745891,16.549645,3.671012,0.016945
104.390543,87.792869,16.597674,105.253377,88.751835,16.501542,3.492170,0.018013
104.269753,87.652076,16.617677,104.913918,88.319256,16.594662,3.598191,0.017123
104.148947,87.523423,16.625524,104.506749,87.929208,16.577541,3.789330,0.015179
104.002006,87.357572,16.644435,104.929240,88.295803,16.633436,3.224531,0.019076
103.880712,87.199784,16.680928,104.573504,88.035526,16.537978,3.568156,0.018582
103.767080,87.107151,16.659929,104.543908,87.863360,16.680548,3.673976,0.016222
103.548475,86.811442,16.737033,104.521143,87.784450,16.736693,3.340380,0.017609
103.452689,86.748683,16.704006,104.459107,87.760429,16.698678,3.395389,0.016144
103.409612,86.625167,16.784445,104.342406,87.629025,16.713381,3.517447,0.015798
103.293835,86.502081,16.791754,104.423566,87.692995,16.730570,3.568841,0.017731
103.090914,86.303932,16.786983,104.230380,87.449244,16.781137,3.459529,0.017253
103.063855,86.240620,16.823236,104.098604,87.288038,16.810566,3.466619,0.017222
102.946350,86.130693,16.815656,103.854322,87.055119,16.799202,3.601492,0.018234
102.848726,86.029405,16.819321,103.823969,87.041835,16.782135,3.622701,0.016575
102.733500,85.871822,16.861678,103.960378,87.072633,16.887746,3.494747,0.016804
102.701536,85.781848,16.919688,103.634665,86.766489,16.868176,3.626245,0.015301
102.470971,85.545987,16.924984,103.608104,86.742405,16.865699,3.564468,0.016031
102.514521,85.577655,16.936866,103.468424,86.515741,16.952683,3.509730,0.016212
102.311751,85.341334,16.970417,103.206958,86.347801,16.859157,3.650873,0.016537
102.276088,85.313930,16.962158,103.503255,86.579711,16.923544,3.524448,0.016303
102.282890,85.303532,16.979359,103.386839,86.404421,16.982418,3.629773,0.015423
102.191194,85.205931,16.985263,103.464733,86.542204,16.922529,3.479168,0.017654
102.051991,85.032185,17.019806,103.583737,86.579019,17.004718,3.485596,0.016312
102.012315,85.009394,17.002922,103.272699,86.203785,17.068914,3.451845,0.016640
101.994659,84.949170,17.045489,103.150061,86.068842,17.081218,3.660914,0.015901
101.900527,84.902892,16.997635,103.138269,86.146274,16.991994,3.430471,0.016459
101.885368,84.832144,17.053224,103.429885,86.375922,17.053963,3.384994,0.016035
101.849638,84.820793,17.028845,102.994258,85.965921,17.028336,3.604215,0.015632
101.740707,84.715702,17.025005,103.090720,86.171860,16.918860,3.516750,0.017943
101.644779,84.630849,17.013929,103.097589,86.101667,16.995922,3.491862,0.015868
101.572353,84.526701,17.045653,103.028120,86.025464,17.002656,3.485176,0.016669
101.577752,84.502438,17.075315,102.967922,85.879406,17.088517,3.528770,0.015855
101.477306,84.407878,17.069429,103.059139,85.969529,17.089610,3.669548,0.016944
101.413767,84.336062,17.077706,102.974199,85.959712,17.014487,3.475538,0.017243
101.416337,84.347265,17.069071,102.964280,85.979077,16.985204,3.646447,0.016504
101.370924,84.307009,17.063915,103.110679,86.126619,16.984060,3.593203,0.016122
101.358351,84.282309,17.076043,102.813182,85.772302,17.040880,3.526686,0.017394
101.279562,84.195879,17.083683,102.751830,85.684516,17.067313,3.413459,0.018924
101.216623,84.132224,17.084399,102.772136,85.739816,17.032321,3.563408,0.016844
101.184960,84.084759,17.100201,102.814058,85.723423,17.090635,3.423406,0.018222
101.064319,83.943563,17.120755,102.769666,85.712115,17.057551,3.511329,0.016555
101.089089,83.966333,17.122756,102.820101,85.793594,17.026506,3.377659,0.017345
101.021030,83.877929,17.143101,102.493956,85.350023,17.143934,3.481435,0.016112
100.957412,83.790511,17.166901,102.493891,85.300379,17.193512,3.413819,0.016494
100.892203,83.729885,17.162318,102.345006,85.191941,17.153065,3.433350,0.016337
100.835415,83.686569,17.148846,102.625192,85.511144,17.114048,3.374311,0.016690
100.830650,83.636005,17.194645,102.476353,85.342181,17.134172,3.377878,0.017139
100.806294,83.643611,17.162683,102.489596,85.329321,17.160275,3.637194,0.015618
100.773990,83.617898,17.156092,102.300646,85.106796,17.193850,3.451074,0.016527
100.684408,83.469231,17.215177,102.467880,85.320335,17.147545,3.516385,0.016279
100.725421,83.518693,17.206729,102.522029,85.341272,17.180757,3.547798,0.015258
100.604028,83.398595,17.205433,102.447187,85.279251,17.167936,3.751709,0.014946
100.614780,83.432413,17.182367,102.485206,85.334858,17.150348,3.433830,0.016862
100.580790,83.380686,17.200104,102.297778,85.030825,17.266954,3.422784,0.016639
100.539816,83.327826,17.211990,102.377552,85.163603,17.213949,3.612619,0.016400
100.553298,83.324802,17.228496,102.089828,84.858048,17.231780,3.573221,0.015503
100.563097,83.339815,17.223282,102.530095,85.405564,17.124532,3.472986,0.016834
100.488690,83.276186,17.212504,102.243233,85.071240,17.171993,3.510588,0.017234
100.428837,83.147750,17.281087,102.111459,84.838654,17.272804,3.625538,0.014791
100.388445,83.105303,17.283142,102.146326,84.915161,17.231165,3.807753,0.015492
100.276087,83.024871,17.251216,102.196114,85.051669,17.144445,3.545502,0.017605
100.416077,83.138892,17.277185,102.169280,84.924710,17.244570,3.522972,0.015731
100.307499,83.053678,17.253821,102.096587,84.885229,17.211357,3.573287,0.017223
100.253750,83.008997,17.244754,102.360129,85.020034,17.340095,3.477416,0.015958
100.280376,82.988357,17.292019,101.968975,84.727283,17.241691,3.586655,0.016346
100.218621,82.915699,17.302922,102.343836,85.050598,17.293238,3.571308,0.017108
100.212034,82.950485,17.261549,102.536442,85.334315,17.202127,3.581583,0.015834
100.232251,82.951382,17.280870,102.016995,84.735579,17.281417,3.511467,0.016723
100.162298,82.853018,17.309280,102.071530,84.728442,17.343089,3.458236,0.017613
100.151755,82.788096,17.363659,101.977417,84.660851,17.316566,3.426723,0.017025
100.097213,82.784190,17.313022,102.124029,84.871935,17.252095,3.588835,0.015543
100.053042,82.743725,17.309317,101.811712,84.625348,17.186364,3.411941,0.016529
100.135573,82.839833,17.295741,101.937763,84.649562,17.288201,3.595441,0.015810
100.028989,82.697140,17.331848,102.139915,84.854321,17.285594,3.536107,0.015893
99.993642,82.636541,17.357101,101.870353,84.517001,17.353351,3.718386,0.015133
100.012593,82.658844,17.353749,102.009819,84.717144,17.292675,3.881173,0.016455
99.952090,82.624343,17.327747,101.983301,84.657300,17.326002,3.714479,0.015923
99.966931,82.688843,17.278089,102.103211,84.830511,17.272699,3.386738,0.016178
99.944782,82.572987,17.371794,102.111122,84.811726,17.299396,3.564142,0.015950
99.895833,82.547200,17.348632,102.126233,84.770891,17.355341,3.494086,0.016674
99.832861,82.479835,17.353026,101.927630,84.553980,17.373650,3.423014,0.016667
99.857583,82.523397,17.334186,101.985268,84.706379,17.278890,3.695343,0.015294
99.795645,82.408713,17.386932,101.750568,84.405875,17.344694,3.500201,0.017765
99.861336,82.564560,17.296776,102.019168,84.754906,17.264262,3.652453,0.016222
99.771356,82.403688,17.367668,101.996399,84.653379,17.343020,3.694937,0.015620
99.826212,82.463000,17.363213,102.148687,84.811633,17.337054,3.699301,0.015153
99.737719,82.379406,17.358313,101.934134,84.653260,17.280873,3.661044,0.015725
99.706388,82.353866,17.352522,101.884524,84.543967,17.340558,3.403903,0.016610
99.766027,82.350660,17.415367,102.110631,84.800794,17.309836,3.724290,0.015385
99.683814,82.339105,17.344709,101.950407,84.683944,17.266463,3.863669,0.015639
99.711225,82.361240,17.349985,101.852358,84.550985,17.301374,3.591074,0.015214
99.707103,82.364909,17.342194,102.010723,84.626913,17.383810,3.502047,0.015868
99.699463,82.353049,17.346414,101.972201,84.705935,17.266266,3.475093,0.017271
99.686248,82.313457,17.372790,101.974879,84.667917,17.306962,3.519948,0.016842
99.621497,82.250407,17.371089,101.862922,84.616149,17.246773,3.457997,0.017949
99.583912,82.206441,17.377471,101.883625,84.559271,17.324354,3.582592,0.017482
99.572535,82.216068,17.356467,101.788100,84.446037,17.342063,3.617250,0.016641
99.603624,82.242045,17.361579,101.734235,84.428814,17.305421,3.382879,0.017443
99.516350,82.141230,17.375120,101.688261,84.328869,17.359392,3.719155,0.014766
99.559418,82.173786,17.385632,101.633099,84.311932,17.321167,3.473182,0.016929
99.470015,82.095633,17.374383,101.798985,84.479051,17.319935,3.581371,0.016047
99.495990,82.102267,17.393723,101.918239,84.592644,17.325595,3.381627,0.017299
99.493329,82.090045,17.403284,101.959137,84.643187,17.315950,3.729021,0.016771
99.507790,82.108720,17.399070,101.864046,84.453473,17.410573,3.584706,0.015355
99.424963,82.036090,17.388873,101.911137,84.619128,17.292009,3.589451,0.017088
99.444825,82.044406,17.400419,101.763971,84.322638,17.441333,3.745886,0.016115
99.454843,82.079753,17.375090,101.589973,84.242143,17.347830,3.497714,0.016788
99.450268,82.015383,17.434884,101.541506,84.152331,17.389175,3.628353,0.014753
99.363166,81.938771,17.424394,101.602437,84.242721,17.359717,3.552552,0.015690
99.362878,81.977298,17.385580,101.826153,84.392465,17.433688,3.598951,0.015490
99.415305,81.970698,17.444607,101.524699,84.174035,17.350664,3.466459,0.015995
99.388300,81.982415,17.405885,101.668208,84.285558,17.382650,3.784059,0.016031
99.319518,81.914956,17.404562,101.812331,84.481652,17.330679,3.527290,0.016938
99.337712,81.905949,17.431763,101.738790,84.395134,17.343656,3.636687,0.015884
99.280383,81.842461,17.437922,101.536192,84.172300,17.363892,3.402838,0.016771
99.321226,81.855449,17.465777,101.697217,84.322252,17.374965,3.556902,0.017032
