255.856798,232.412705,23.444093,205.383125,176.983385,28.399740,2.459530,0.020749
188.025729,158.948804,29.076925,170.552331,142.489196,28.063135,2.578964,0.032286
162.714102,135.887518,26.826584,155.424883,128.885693,26.539190,2.495054,0.035432
151.517231,124.919252,26.597978,146.750585,119.848555,26.902030,2.512533,0.040879
142.606677,117.245244,25.361433,138.723521,113.310618,25.412903,2.631179,0.040461
137.664519,111.911756,25.752763,135.043635,109.010334,26.033302,2.356323,0.045350
134.555103,108.619116,25.935987,132.597329,106.590680,26.006650,2.702888,0.039814
132.290530,106.209826,26.080705,130.713595,104.712516,26.001079,2.558134,0.043190
130.569983,104.500399,26.069584,128.960083,102.838811,26.121271,2.641688,0.044186
129.044842,102.978543,26.066299,128.277657,102.377303,25.900354,2.524776,0.046078
127.770261,101.704910,26.065351,126.600663,100.496861,26.103802,2.681254,0.044694
126.734778,100.701634,26.033144,126.066148,100.084534,25.981613,2.858166,0.040707
125.710469,99.743128,25.967341,124.894681,99.034872,25.859810,2.700082,0.044741
124.867661,99.001028,25.866634,124.137491,98.459706,25.677784,2.746521,0.045371
124.002283,98.230642,25.771641,123.490874,97.761248,25.729627,2.761817,0.044150
123.160297,97.540971,25.619326,123.057067,97.537242,25.519825,2.797379,0.044323
122.470701,96.956148,25.514553,122.069243,96.555061,25.514182,2.770809,0.045356
121.938550,96.373419,25.565131,121.599453,96.143885,25.455569,2.856381,0.046238
121.477737,95.875092,25.602645,121.217367,95.621599,25.595769,2.775933,0.043523
120.929638,95.449623,25.480016,120.693641,95.298099,25.395542,2.890683,0.043586
120.289411,94.953232,25.336179,120.139807,94.845796,25.294010,2.796800,0.042834
119.722322,94.465242,25.257080,119.847097,94.591583,25.255514,2.943946,0.041712
119.241065,94.009052,25.232013,119.282254,94.129542,25.152712,2.998020,0.041462
118.747743,93.581157,25.166586,118.666390,93.539308,25.127083,2.985802,0.041051
118.471880,93.311639,25.160241,119.037212,93.880559,25.156653,2.593509,0.045757
118.119129,92.957136,25.161993,118.410256,93.242552,25.167704,2.888272,0.041592
117.771235,92.683421,25.087814,118.278880,93.382361,24.896519,2.827449,0.040345
117.316489,92.311501,25.004988,117.628255,92.659147,24.969107,2.873541,0.043128
116.923874,91.966273,24.957601,117.251393,92.478099,24.773294,2.815625,0.041226
116.663197,91.756230,24.906967,116.999283,92.163739,24.835544,2.666779,0.043684
116.285436,91.430082,24.855354,116.914505,92.073308,24.841197,2.739593,0.043422
116.091247,91.212384,24.878863,116.651593,91.785986,24.865607,3.008873,0.039935
115.911853,91.027237,24.884616,116.434045,91.523460,24.910585,2.896619,0.039865
115.587640,90.727869,24.859770,116.340086,91.612590,24.727496,2.751292,0.041366
115.379880,90.505337,24.874544,116.229646,91.398250,24.831396,2.844902,0.044499
115.181177,90.372847,24.808329,116.180382,91.391016,24.789366,3.022729,0.040930
114.925596,90.139147,24.786448,115.479736,90.767283,24.712452,2.880992,0.040171
114.664788,89.936719,24.728069,115.303771,90.662029,24.641742,2.868015,0.040452
114.417516,89.710511,24.707005,115.099194,90.450312,24.648882,2.818506,0.041356
114.193033,89.506183,24.686850,114.995508,90.441870,24.553639,2.843499,0.045781
113.974137,89.338374,24.635763,114.860939,90.368718,24.492221,3.034322,0.038010
113.777755,89.172446,24.605309,114.490212,90.023149,24.467063,2.846213,0.040889
113.503630,88.937981,24.565650,114.358407,89.873323,24.485084,2.816434,0.039505
113.311790,88.800812,24.510978,114.047587,89.626954,24.420632,2.999281,0.037795
113.151514,88.639712,24.511802,113.971768,89.419485,24.552283,3.054564,0.037913
113.036403,88.506824,24.529579,113.957036,89.551273,24.405763,2.840435,0.040679
112.784750,88.295480,24.489271,113.965416,89.497619,24.467797,2.904500,0.038383
112.691713,88.202888,24.488824,113.827173,89.383489,24.443684,2.782776,0.044130
112.533672,88.063161,24.470512,113.618788,89.259708,24.359081,3.146301,0.042671
112.339795,87.871439,24.468355,113.619027,89.215246,24.403782,2.854345,0.041173
112.269060,87.808297,24.460763,113.531992,89.067016,24.464975,2.943462,0.039580
112.040792,87.619201,24.421591,113.233178,88.905320,24.327858,2.946776,0.037771
111.849962,87.424808,24.425154,113.255677,88.908725,24.346952,2.899973,0.040197
111.793425,87.380434,24.412991,113.274190,88.910623,24.363567,2.975631,0.039134
111.601515,87.175196,24.426319,112.914986,88.617158,24.297829,2.795643,0.043517
111.506644,87.146656,24.359989,112.720406,88.364715,24.355691,2.988938,0.034869
111.274956,86.939689,24.335267,112.594594,88.312339,24.282254,2.731910,0.042952
111.189898,86.881985,24.307913,112.674567,88.506154,24.168413,2.936443,0.039750
111.061263,86.766007,24.295256,112.402333,88.129360,24.272973,3.038818,0.038545
110.953251,86.720156,24.233095,112.357277,88.252527,24.104750,2.924944,0.039721
110.766811,86.570317,24.196494,112.289519,88.012341,24.277178,2.906385,0.037005
110.657419,86.412375,24.245044,112.081543,87.975391,24.106152,2.857439,0.041776
110.602344,86.391864,24.210480,112.083230,87.825301,24.257928,2.747046,0.042755
110.473824,86.286624,24.187199,112.107190,87.989304,24.117886,2.958627,0.041208
110.354515,86.185969,24.168546,111.847942,87.852399,23.995543,3.069312,0.036608
110.289015,86.134556,24.154459,111.792829,87.731365,24.061464,2.968338,0.040502
110.230889,86.054096,24.176794,111.684147,87.741262,23.942886,2.969190,0.042222
110.129260,85.953606,24.175654,111.716732,87.710810,24.005922,2.930351,0.039612
110.075321,85.925401,24.149919,111.430916,87.434003,23.996913,3.013555,0.042371
109.985426,85.810227,24.175199,111.601894,87.495568,24.106326,2.856028,0.038351
109.789269,85.651635,24.137635,111.570022,87.554290,24.015732,2.826863,0.041329
109.725472,85.655438,24.070034,111.319660,87.274039,24.045622,2.849816,0.041897
109.654892,85.577306,24.077587,111.377478,87.408474,23.969004,2.877244,0.040434
109.575277,85.499807,24.075470,111.129039,87.159089,23.969949,2.901418,0.039187
109.464765,85.425453,24.039313,111.312002,87.347275,23.964727,2.756055,0.043777
109.463966,85.404884,24.059082,111.113726,87.129360,23.984366,3.005445,0.038050
109.341574,85.304224,24.037350,110.982572,87.072106,23.910466,3.073862,0.038916
109.299519,85.279400,24.020119,110.907860,87.042817,23.865044,2.965027,0.040260
109.186528,85.168389,24.018139,111.153410,87.189426,23.963985,2.990085,0.043945
109.117381,85.105098,24.012283,111.094279,87.171412,23.922867,2.829467,0.041848
109.023185,85.016016,24.007170,110.734335,86.753229,23.981106,2.876157,0.041566
109.002676,85.011168,23.991508,110.728248,86.721672,24.006577,2.985012,0.038608
109.011617,85.017706,23.993911,111.194225,87.281163,23.913061,2.985246,0.039105
108.837949,84.862646,23.975303,110.847152,86.924631,23.922521,2.885633,0.039595
108.776595,84.825068,23.951527,110.537745,86.634367,23.903378,3.036141,0.037307
108.761616,84.818138,23.943478,110.597118,86.703094,23.894024,3.051815,0.035836
108.701957,84.730093,23.971864,110.612855,86.782790,23.830065,3.019320,0.037630
108.533960,84.583062,23.950898,110.414594,86.488873,23.925721,3.103987,0.036393
108.541128,84.604873,23.936256,110.411065,86.518568,23.892497,2.954834,0.036816
108.555592,84.612367,23.943225,110.460745,86.676982,23.783764,2.906503,0.044965
108.451365,84.496542,23.954823,110.308405,86.480070,23.828335,2.886077,0.041580
108.397158,84.473243,23.923915,110.523238,86.621054,23.902185,3.013541,0.039118
108.369282,84.453294,23.915988,110.296486,86.441395,23.855091,3.028489,0.037725
108.286817,84.344594,23.942223,110.210536,86.437100,23.773435,3.035965,0.039864
108.206856,84.252501,23.954356,110.107987,86.217674,23.890314,2.941425,0.036281
108.162223,84.269111,23.893112,110.323728,86.573460,23.750268,3.076339,0.039823
108.189591,84.256876,23.932714,110.247488,86.368597,23.878892,3.086307,0.041526
108.072758,84.166728,23.906030,110.221140,86.496863,23.724277,3.116677,0.039426
108.045209,84.114040,23.931168,109.993463,86.204030,23.789433,3.048442,0.038673
107.990371,84.047333,23.943038,110.302128,86.353575,23.948553,2.791561,0.043218
107.916679,83.996911,23.919768,110.081087,86.287201,23.793885,3.002355,0.038449
107.809491,83.916650,23.892842,109.927149,86.053513,23.873637,3.095927,0.035560
107.937048,84.006886,23.930162,109.667971,85.644093,24.023877,3.057296,0.034848
107.763203,83.832865,23.930338,109.897903,86.032787,23.865115,2.984608,0.039927
107.730421,83.809876,23.920545,109.986262,86.167654,23.818608,2.983380,0.040573
107.733081,83.784434,23.948647,109.801663,85.919553,23.882109,2.937059,0.037409
107.584590,83.656829,23.927761,110.011097,86.195184,23.815913,2.829328,0.038872
107.576274,83.636678,23.939596,109.619389,85.796644,23.822745,2.972256,0.041555
107.529869,83.592513,23.937356,110.024280,86.171377,23.852903,3.051947,0.042001
107.590752,83.646632,23.944121,109.608742,85.768563,23.840179,2.997626,0.037788
107.443198,83.483103,23.960095,109.797185,85.913439,23.883746,2.877344,0.043191
107.429219,83.485183,23.944036,109.698537,85.800534,23.898003,3.008774,0.038862
107.475085,83.498155,23.976930,109.967116,86.027773,23.939344,2.961395,0.041619
107.346229,83.389591,23.956638,109.515960,85.566158,23.949802,2.835168,0.042604
107.323706,83.352243,23.971463,109.505186,85.619118,23.886068,3.069843,0.041971
107.209635,83.271244,23.938391,109.484452,85.734638,23.749814,3.118443,0.036406
107.232274,83.274395,23.957880,109.654950,85.826714,23.828237,2.837826,0.040198
107.258084,83.282402,23.975683,109.691398,85.885265,23.806133,3.073236,0.039341
107.297803,83.299651,23.998152,109.601639,85.662366,23.939273,2.928769,0.042513
107.158471,83.160959,23.997512,109.698438,85.732911,23.965527,2.830305,0.045372
107.134530,83.133111,24.001419,109.663018,85.678241,23.984778,2.962527,0.038164
107.043012,83.075363,23.967649,109.634352,85.837827,23.796526,3.070987,0.039249
107.070978,83.119243,23.951735,109.494349,85.658526,23.835823,3.074491,0.043307
107.029588,83.007383,24.022204,109.323254,85.456616,23.866639,3.058220,0.039372
107.071851,83.022140,24.049711,109.150250,85.069970,24.080280,2.758088,0.043577
107.011751,83.028051,23.983700,109.015537,85.023025,23.992511,2.981494,0.038109
107.043965,82.989571,24.054395,109.335917,85.429037,23.906881,2.932504,0.037917
106.938494,82.918538,24.019956,109.223148,85.335835,23.887314,3.070268,0.041781
106.954096,82.956049,23.998047,109.266794,85.267449,23.999345,2.830961,0.045495
106.829923,82.820364,24.009560,109.424105,85.467002,23.957103,2.842025,0.040245
106.761190,82.775554,23.985636,109.453808,85.438585,24.015222,3.091611,0.039285
106.699557,82.698270,24.001287,109.145918,85.185049,23.960869,3.097926,0.038186
106.746128,82.746224,23.999904,109.339191,85.374293,23.964898,2.929275,0.038190
106.724280,82.706313,24.017967,109.146154,85.166424,23.979730,2.973082,0.038583
106.730442,82.722429,24.008013,109.070749,85.117849,23.952899,3.285908,0.036667
106.737331,82.702173,24.035158,108.964729,85.041570,23.923159,2.867191,0.041012
106.694556,82.656559,24.037998,109.286273,85.336703,23.949570,2.834607,0.042444
106.707497,82.644116,24.063381,108.901315,84.873275,24.028040,3.248442,0.036438
106.615929,82.591741,24.024188,109.055182,85.123575,23.931608,3.049289,0.038115
106.535248,82.509404,24.025844,108.663002,84.722113,23.940889,3.075833,0.040685
106.527005,82.483064,24.043940,108.910068,84.944062,23.966006,2.997957,0.038351
106.542061,82.536100,24.005961,109.029236,85.060831,23.968405,2.867770,0.039025
106.469973,82.428560,24.041413,108.635292,84.745618,23.889674,3.187017,0.037856
106.386783,82.371474,24.015309,108.697506,84.782303,23.915203,3.090872,0.037641
106.395132,82.398873,23.996259,108.728962,84.798498,23.930464,3.152881,0.038654
106.317659,82.292394,24.025264,108.586960,84.712277,23.874682,3.247149,0.035834
106.295610,82.308172,23.987438,108.689926,84.801571,23.888355,3.041615,0.037495
106.306393,82.275732,24.030661,108.618686,84.692869,23.925817,3.091551,0.038807
106.244125,82.257479,23.986646,108.881278,84.886663,23.994616,3.035001,0.039267
106.334317,82.280274,24.054043,108.674093,84.801373,23.872720,3.175943,0.038382
106.215278,82.192795,24.022483,108.650911,84.790050,23.860861,3.014325,0.038795
106.137718,82.107393,24.030325,108.340792,84.492018,23.848773,3.220738,0.038181
106.096307,82.088693,24.007613,108.646018,84.730297,23.915722,3.083077,0.038315
106.177819,82.171272,24.006547,108.640038,84.635322,24.004717,2.934608,0.036801
106.060927,82.036899,24.024028,108.580153,84.556495,24.023658,3.118846,0.040380
105.958754,81.948319,24.010435,108.370517,84.301391,24.069126,2.942471,0.039788
106.037014,82.011419,24.025595,108.574233,84.756186,23.818048,3.149976,0.037737
105.950618,81.969632,23.980986,108.501061,84.627657,23.873404,3.074978,0.039364
105.979072,81.953835,24.025237,108.584466,84.578820,24.005646,3.215944,0.038829
106.014034,82.036118,23.977916,108.799037,84.832040,23.966997,3.027045,0.036099
