271.495745,245.885388,25.610357,221.663779,190.967739,30.696040,2.566046,0.016094
211.991686,180.825929,31.165756,196.303453,165.373925,30.929529,3.671933,0.024787
186.238661,155.594658,30.644003,175.891558,145.757243,30.134315,3.155454,0.028817
171.292529,141.073736,30.218794,165.673309,135.776933,29.896376,2.976461,0.035493
163.328164,133.371849,29.956315,159.771090,129.847381,29.923709,2.951111,0.038140
157.909265,128.223861,29.685404,153.902330,124.415545,29.486786,2.986649,0.039488
151.472275,122.701157,28.771118,147.831223,119.440732,28.390491,2.739716,0.044939
146.714440,118.192217,28.522223,144.084999,115.416712,28.668287,2.967249,0.040762
143.477267,115.164749,28.312518,140.961456,112.961927,27.999530,2.863985,0.043055
140.525886,112.447453,28.078433,138.514387,110.270195,28.244193,2.802461,0.045110
138.594669,110.442101,28.152568,137.173380,109.068480,28.104900,2.782608,0.046019
137.068796,108.910265,28.158531,135.651730,107.482523,28.169208,3.098871,0.040941
135.804266,107.687698,28.116568,134.613852,106.624230,27.989623,3.109695,0.046151
134.660323,106.637719,28.022603,133.551948,105.492411,28.059538,3.158668,0.040069
133.737904,105.698572,28.039332,132.705303,104.713297,27.992007,2.952020,0.045342
132.834329,104.875473,27.958856,132.203884,104.235483,27.968401,3.111926,0.041201
132.140501,104.164464,27.976038,131.535304,103.638452,27.896852,3.074927,0.043995
131.532255,103.542748,27.989507,131.133082,103.158550,27.974532,3.024176,0.046708
131.002106,103.019567,27.982539,130.537857,102.574518,27.963339,3.134191,0.044943
130.479733,102.479042,28.000691,130.269431,102.234264,28.035167,3.158913,0.043194
130.032945,102.035883,27.997063,129.695654,101.739372,27.956282,3.190003,0.042972
129.583260,101.570366,28.012894,129.765805,101.739382,28.026422,3.012120,0.042324
129.257621,101.209694,28.047927,129.017799,100.934981,28.082817,3.271768,0.045762
128.625683,100.691309,27.934374,128.382662,100.637343,27.745319,3.347967,0.045963
128.275675,100.413330,27.862345,128.285649,100.367641,27.918009,3.162560,0.044148
127.698249,99.852026,27.846223,127.573130,99.733629,27.839500,3.162991,0.043437
127.352500,99.495093,27.857407,127.467063,99.631443,27.835620,3.024812,0.048325
127.062207,99.200843,27.861363,127.114203,99.295842,27.818361,3.170063,0.041960
126.673623,98.815530,27.858093,126.654232,98.909824,27.744407,3.204851,0.041586
126.379021,98.529698,27.849323,126.420381,98.662084,27.758297,3.435900,0.038934
125.997272,98.276420,27.720851,125.770476,98.185154,27.585322,3.172377,0.046070
125.332340,97.868033,27.464307,125.267105,97.877290,27.389815,3.195822,0.047213
124.837535,97.394205,27.443331,124.862283,97.559435,27.302847,3.025586,0.045902
124.423566,97.164834,27.258732,124.565060,97.308034,27.257026,3.213281,0.048809
124.011610,96.762169,27.249442,124.250044,97.050103,27.199941,3.077479,0.044105
123.754002,96.515790,27.238212,124.127343,96.857127,27.270216,2.926549,0.044899
123.444979,96.239281,27.205698,123.847655,96.613079,27.234576,3.283903,0.041349
123.199750,95.998832,27.200918,123.539241,96.375273,27.163967,3.045280,0.046113
123.007718,95.805949,27.201769,123.342621,96.042075,27.300547,3.164138,0.045487
122.745318,95.559553,27.185765,123.371720,96.223255,27.148464,3.079679,0.044477
122.595101,95.409746,27.185354,123.054345,95.826017,27.228328,3.127201,0.043452
122.306179,95.110964,27.195215,122.831080,95.626794,27.204286,3.057703,0.044035
122.080144,94.879160,27.200985,122.669961,95.588996,27.080965,3.103155,0.042595
122.012822,94.833688,27.179133,122.801890,95.619211,27.182679,3.044919,0.040816
121.820140,94.637020,27.183120,122.400851,95.287165,27.113685,3.255076,0.046960
121.598522,94.417496,27.181025,122.215174,95.111523,27.103651,3.024712,0.044312
121.447344,94.278559,27.168785,122.221100,95.099335,27.121766,3.070061,0.039885
121.280616,94.097228,27.183388,121.882275,94.787883,27.094393,3.357631,0.041512
121.138280,93.968108,27.170172,121.815794,94.646077,27.169718,3.163271,0.042098
120.940703,93.773789,27.166914,121.639266,94.508896,27.130370,3.208480,0.041811
120.832852,93.676448,27.156404,121.507320,94.395573,27.111747,3.126344,0.043674
120.586248,93.437639,27.148608,121.489071,94.349329,27.139741,3.039930,0.043975
120.466373,93.307720,27.158654,121.427373,94.305037,27.122336,3.200034,0.039542
120.284191,93.166006,27.118185,121.017381,93.895174,27.122207,3.090994,0.040980
120.020397,92.957171,27.063226,120.761082,93.805120,26.955962,3.127703,0.043322
119.833219,92.862019,26.971200,120.711620,93.795782,26.915839,3.106673,0.041671
119.653700,92.658886,26.994814,120.432170,93.599828,26.832342,3.208390,0.043133
119.547674,92.616160,26.931514,120.614389,93.747200,26.867189,3.253253,0.044266
119.345749,92.413079,26.932670,120.379842,93.482109,26.897733,3.403931,0.034800
119.216974,92.282230,26.934744,120.121667,93.279374,26.842293,3.239670,0.040345
119.076253,92.153980,26.922273,120.167809,93.332432,26.835376,2.954438,0.044921
118.905544,92.009516,26.896028,120.255895,93.346778,26.909117,2.907409,0.044899
118.834898,91.938586,26.896312,120.016891,93.130275,26.886616,3.122447,0.043628
118.744532,91.858477,26.886054,119.819347,92.957723,26.861623,3.362165,0.042804
118.635797,91.728979,26.906817,119.623491,92.705178,26.918312,3.279030,0.040319
118.447979,91.533537,26.914442,119.610064,92.654821,26.955243,3.244625,0.040165
118.343831,91.433131,26.910700,119.549949,92.566427,26.983522,3.284312,0.041667
118.276220,91.336317,26.939904,119.576488,92.663371,26.913116,3.154527,0.040619
118.152820,91.237952,26.914868,119.376831,92.523530,26.853302,3.187581,0.042231
118.041357,91.149072,26.892285,119.220032,92.353176,26.866856,3.310102,0.040647
117.910250,91.013250,26.897001,119.218246,92.351248,26.866997,3.184732,0.045013
117.894671,90.986131,26.908541,119.134946,92.306596,26.828350,3.219822,0.040531
117.744384,90.849153,26.895232,119.302298,92.428198,26.874099,3.162236,0.040030
117.661053,90.779256,26.881797,119.129480,92.301009,26.828471,3.219051,0.043587
117.528758,90.689323,26.839435,119.115886,92.269629,26.846257,3.088286,0.041311
117.429160,90.565448,26.863713,118.815841,92.019226,26.796615,3.302581,0.037208
117.375256,90.524130,26.851126,118.637208,91.854025,26.783184,3.280356,0.041769
117.300823,90.447085,26.853738,118.718832,91.905163,26.813669,3.434170,0.039872
117.144259,90.276625,26.867634,118.888239,91.976506,26.911733,3.293738,0.037909
117.090106,90.200773,26.889333,118.659393,91.851418,26.807975,3.162112,0.040652
117.003838,90.151884,26.851954,118.676644,91.764994,26.911649,3.205674,0.040440
116.933818,90.061511,26.872307,118.647169,91.818972,26.828197,3.178629,0.038050
116.858145,90.010039,26.848105,118.542138,91.782117,26.760021,3.115433,0.041265
116.852307,89.991260,26.861047,118.338310,91.530790,26.807520,3.232882,0.041577
116.661048,89.811377,26.849670,118.086471,91.290523,26.795948,3.163858,0.040814
116.603725,89.720017,26.883708,118.170711,91.327384,26.843326,3.363791,0.036887
116.544182,89.691582,26.852600,118.021942,91.300149,26.721793,3.073502,0.042409
116.491417,89.623879,26.867538,117.971240,91.166339,26.804901,3.160688,0.043284
116.419677,89.592667,26.827010,118.285992,91.418811,26.867181,3.341889,0.041951
116.372479,89.533133,26.839346,117.791230,90.950467,26.840764,3.301170,0.038122
116.288180,89.440569,26.847611,117.949054,91.232885,26.716169,3.366197,0.040325
116.213566,89.375950,26.837616,117.718012,91.007946,26.710066,3.344422,0.039415
116.107917,89.268322,26.839595,117.747984,90.862347,26.885637,3.272414,0.041594
116.079797,89.245503,26.834294,117.502993,90.680641,26.822352,3.424126,0.038423
115.981836,89.141852,26.839984,117.830048,91.065443,26.764605,3.030550,0.041968
115.911175,89.077162,26.834013,117.813693,90.967182,26.846511,3.210827,0.038174
115.853119,89.036723,26.816396,117.628204,90.881805,26.746399,3.159266,0.041391
115.801223,88.970723,26.830500,117.505508,90.732311,26.773197,3.424506,0.041644
115.740408,88.910880,26.829528,117.454860,90.685523,26.769336,3.238577,0.041206
115.709066,88.901025,26.808040,117.552727,90.810813,26.741914,3.155312,0.046984
115.628436,88.764589,26.863847,117.425144,90.648305,26.776839,3.296419,0.040577
115.538318,88.713978,26.824340,117.284656,90.557490,26.727165,3.259583,0.038325
115.526104,88.713750,26.812354,117.432882,90.670161,26.762721,3.264070,0.039166
115.434348,88.629251,26.805097,117.743964,90.977905,26.766059,3.065869,0.040798
115.439020,88.611315,26.827705,117.262261,90.465973,26.796288,3.046870,0.043811
115.303252,88.477960,26.825292,117.282235,90.521308,26.760928,3.289581,0.040125
115.349139,88.538562,26.810577,117.220355,90.447454,26.772901,3.235044,0.040489
115.181080,88.396422,26.784658,117.205340,90.477071,26.728270,3.078600,0.042928
115.074987,88.321673,26.753314,117.208014,90.459684,26.748330,3.200268,0.040359
115.061657,88.339048,26.722609,117.122325,90.551926,26.570398,3.114172,0.040407
115.009882,88.316627,26.693255,117.207672,90.541529,26.666143,3.317892,0.040834
114.924104,88.227345,26.696759,117.012354,90.362957,26.649397,3.221528,0.039678
114.921492,88.236362,26.685130,116.613577,89.932698,26.680879,3.156407,0.038799
114.791302,88.112560,26.678743,116.859018,90.272906,26.586112,3.334970,0.039308
114.793211,88.143998,26.649213,116.673616,89.976393,26.697223,3.123174,0.042737
114.676572,88.003295,26.673277,116.696463,90.158913,26.537549,3.156649,0.040121
114.684381,88.016512,26.667870,116.506626,89.772817,26.733809,3.135898,0.043567
114.634247,88.007346,26.626901,116.678465,90.170309,26.508156,3.291463,0.037710
114.498125,87.870565,26.627560,116.683266,90.083556,26.599709,3.264952,0.041537
114.486326,87.856452,26.629874,116.675522,90.061799,26.613723,3.257906,0.039006
114.424890,87.812109,26.612780,116.563705,90.055755,26.507949,3.207716,0.042099
114.315757,87.736937,26.578820,116.472794,90.005043,26.467751,3.182755,0.040801
114.333717,87.739559,26.594159,116.538923,90.019842,26.519081,3.307469,0.040185
114.291049,87.686840,26.604209,116.491482,89.967507,26.523975,3.141856,0.044341
114.260008,87.637031,26.622977,116.377276,89.775915,26.601361,3.216838,0.043295
114.180319,87.583476,26.596843,116.508424,90.068588,26.439835,3.392709,0.041593
114.160542,87.595287,26.565255,116.438621,89.948540,26.490081,3.016985,0.043927
114.137757,87.559989,26.577768,116.159171,89.601396,26.557775,3.327069,0.039248
114.080675,87.482886,26.597789,116.250349,89.798505,26.451844,3.129424,0.040138
114.024212,87.462270,26.561942,116.236760,89.625912,26.610848,3.038064,0.044179
113.971074,87.389738,26.581336,115.946418,89.454237,26.492181,3.230879,0.039595
113.935037,87.376798,26.558239,116.124839,89.623045,26.501794,3.374835,0.040488
113.885969,87.351356,26.534613,116.108318,89.584039,26.524280,3.077266,0.046646
113.728113,87.185719,26.542394,116.153601,89.708813,26.444788,3.294803,0.037935
113.775124,87.240684,26.534440,115.760314,89.324763,26.435550,3.136394,0.044441
113.648939,87.148886,26.500053,115.918691,89.490109,26.428582,3.140854,0.041924
113.599039,87.116242,26.482797,115.794114,89.416692,26.377421,3.331814,0.039432
113.596938,87.100316,26.496621,115.750943,89.390749,26.360193,3.031960,0.038054
113.532726,87.081819,26.450908,115.710849,89.279022,26.431827,3.226068,0.038513
113.479722,86.978734,26.500988,115.768176,89.372393,26.395783,3.226477,0.041070
113.407813,86.960048,26.447765,115.952609,89.558823,26.393786,3.186680,0.043900
113.447263,86.990714,26.456549,115.714727,89.337754,26.376973,3.392949,0.039241
113.409296,86.956600,26.452696,115.695454,89.293659,26.401796,3.041009,0.044553
113.330283,86.923926,26.406357,115.639214,89.327535,26.311679,3.400600,0.035446
113.245983,86.781194,26.464789,115.671563,89.275741,26.395822,3.337090,0.038063
113.161218,86.726098,26.435120,115.482017,89.118509,26.363508,3.237050,0.036292
113.101698,86.643742,26.457956,115.532590,89.117883,26.414707,3.331979,0.038797
113.112827,86.671219,26.441608,115.622834,89.277546,26.345288,3.051473,0.045187
113.061551,86.620482,26.441070,115.465467,89.051395,26.414072,3.284982,0.040048
113.059638,86.636343,26.423295,115.304850,88.927032,26.377817,3.385469,0.038936
112.997562,86.611382,26.386179,115.509982,89.166819,26.343163,3.243329,0.036662
113.000430,86.650956,26.349474,115.363741,88.965055,26.398686,3.096673,0.042800
112.902423,86.532264,26.370160,115.262565,88.929083,26.333482,3.287451,0.042586
112.882832,86.516805,26.366026,115.254373,88.956985,26.297388,3.305462,0.044903
112.805934,86.427280,26.378654,115.349018,88.980827,26.368191,3.409619,0.037218
112.730804,86.340215,26.390589,115.330047,88.966437,26.363610,3.008527,0.047339
112.711759,86.350800,26.360959,115.257233,88.978082,26.279152,3.265997,0.040497
112.731905,86.386288,26.345617,115.091904,88.793017,26.298887,3.154548,0.043460
112.610659,86.229798,26.380861,115.313304,88.956865,26.356440,3.320335,0.036436
112.641319,86.303646,26.337673,115.046660,88.795142,26.251518,3.196012,0.038284
