241.526961,238.592019,2.934942,191.172261,187.108130,4.064132,3.003695,0.013977
174.148999,165.354047,8.794952,158.606073,145.957623,12.648449,2.950289,0.023383
152.922680,139.145887,13.776793,146.596643,131.605972,14.990672,2.710716,0.028528
142.744317,126.637328,16.106988,138.740633,121.727756,17.012877,2.696509,0.028694
136.368524,118.646744,17.721780,132.839682,114.285961,18.553719,2.745097,0.030869
131.914484,112.968487,18.945996,129.412344,109.852880,19.559465,2.757027,0.028847
128.754140,109.097169,19.656971,126.643584,106.569360,20.074223,2.710144,0.029476
126.557710,106.307099,20.250611,124.641802,104.255582,20.386220,2.878567,0.028170
124.728781,103.992554,20.736228,123.200104,102.315869,20.884235,2.865788,0.026969
123.162616,102.115196,21.047420,122.277884,101.120269,21.157615,2.662406,0.030235
121.898429,100.586922,21.311507,120.760294,99.271979,21.488315,2.810771,0.028451
120.764963,99.214408,21.550555,120.050656,98.380513,21.670143,2.836753,0.028294
119.850302,98.127872,21.722431,118.901919,97.189065,21.712855,2.871821,0.028695
119.018996,97.102031,21.916965,118.265544,96.318604,21.946940,2.845012,0.028536
118.253330,96.128491,22.124839,117.926554,95.667424,22.259130,2.789795,0.029478
117.477923,95.185666,22.292257,116.936723,94.625723,22.311000,2.787452,0.028217
116.875457,94.421593,22.453864,116.338819,93.913733,22.425086,2.797040,0.027890
116.303347,93.753659,22.549689,116.137495,93.470294,22.667201,2.939377,0.026106
115.658928,92.947783,22.711146,115.304020,92.625357,22.678663,2.920200,0.025890
115.202098,92.344995,22.857103,114.894236,92.070375,22.823861,2.800080,0.027293
114.603341,91.724862,22.878479,114.615327,91.628348,22.986979,3.009806,0.024955
114.126670,91.113260,23.013410,114.006917,90.998601,23.008316,2.925702,0.025943
113.699055,90.566614,23.132441,113.425004,90.355971,23.069033,2.973383,0.025926
113.264098,90.143772,23.120326,113.171634,90.041729,23.129904,2.914102,0.026149
112.913680,89.668513,23.245168,112.921532,89.639134,23.282398,2.922943,0.025342
112.432910,89.163486,23.269425,112.908643,89.694495,23.214149,2.751198,0.027792
112.182415,88.824742,23.357673,112.292861,88.978868,23.313993,2.932156,0.023666
111.780087,88.406937,23.373150,112.030601,88.689923,23.340677,2.840582,0.027367
111.429995,88.090359,23.339637,111.851582,88.582069,23.269513,2.729136,0.027961
111.098197,87.716521,23.381676,111.434740,88.083091,23.351650,2.951258,0.024601
110.810486,87.444021,23.366465,111.065922,87.769881,23.296041,2.842551,0.026643
110.526466,87.133575,23.392890,110.756239,87.359641,23.396599,2.980807,0.024730
110.238555,86.801278,23.437277,110.564900,87.167521,23.397379,2.887731,0.025387
109.964452,86.590708,23.373744,110.449297,87.135556,23.313741,2.916683,0.025247
109.754801,86.360478,23.394323,110.323260,87.004468,23.318792,2.923587,0.025665
109.420190,86.026498,23.393693,110.018348,86.643169,23.375179,2.845212,0.025463
109.289771,85.845779,23.443992,109.853895,86.456638,23.397258,2.971135,0.024175
108.990527,85.566421,23.424106,109.693530,86.227738,23.465793,2.944795,0.025033
108.803340,85.283062,23.520278,109.533673,85.934837,23.598836,2.807916,0.025202
108.571782,85.076264,23.495518,109.164687,85.775158,23.389529,2.954630,0.024937
108.373030,84.921661,23.451369,109.421641,85.998611,23.423030,2.955183,0.023973
108.208991,84.736512,23.472479,108.969998,85.514486,23.455513,3.098538,0.021165
108.005536,84.480034,23.525502,108.774953,85.229998,23.544955,2.926006,0.023602
107.756511,84.231502,23.525010,108.527876,85.066452,23.461424,2.770139,0.024406
107.644873,84.075212,23.569661,108.499648,85.101351,23.398297,2.890512,0.025193
107.431189,83.853520,23.577669,108.232411,84.741166,23.491245,2.946451,0.023609
107.228888,83.664542,23.564346,108.141469,84.660949,23.480520,2.967527,0.024459
107.162964,83.544579,23.618386,108.530561,85.029850,23.500711,2.847752,0.026193
107.034064,83.445204,23.588860,108.053352,84.398865,23.654487,2.867980,0.024386
106.836099,83.165316,23.670783,107.728037,84.190979,23.537058,2.936424,0.025286
106.656681,83.049218,23.607463,107.807059,84.308090,23.498970,2.765498,0.025959
106.600151,83.002929,23.597222,107.898159,84.327822,23.570337,2.955707,0.024610
106.445081,82.779413,23.665668,107.759006,84.086825,23.672180,2.969432,0.023885
106.327824,82.600917,23.726907,107.801315,84.205346,23.595969,2.865834,0.024831
106.164540,82.476298,23.688243,107.494839,84.022821,23.472018,2.932005,0.025017
106.090400,82.381930,23.708470,107.327009,83.715337,23.611673,2.925870,0.023762
105.994314,82.258431,23.735883,107.300805,83.572772,23.728033,2.942435,0.024300
105.900596,82.143054,23.757542,107.401137,83.658761,23.742375,2.871281,0.024120
105.761848,81.999185,23.762663,107.240001,83.544238,23.695763,2.887413,0.024776
105.680076,81.896847,23.783230,107.185596,83.467280,23.718316,2.944275,0.023339
105.582367,81.792244,23.790122,106.956453,83.285813,23.670639,3.144129,0.020975
105.457744,81.644725,23.813019,106.866170,83.170706,23.695464,2.874514,0.023990
105.343981,81.535084,23.808897,106.938483,83.166507,23.771977,3.008206,0.022831
105.272902,81.427663,23.845239,106.916488,83.169909,23.746578,3.087533,0.023722
105.207585,81.375019,23.832566,106.899317,83.139149,23.760168,2.872551,0.022941
105.142711,81.324786,23.817925,106.788300,83.025896,23.762404,3.015380,0.023223
105.028195,81.221533,23.806662,106.839376,83.132688,23.706688,3.071956,0.022144
104.914110,81.079707,23.834403,106.598299,82.890206,23.708093,3.019057,0.024062
104.840402,81.003046,23.837357,106.614552,82.820866,23.793687,3.051944,0.023015
104.766173,80.904037,23.862136,106.492653,82.748160,23.744492,3.079990,0.022667
104.657013,80.810372,23.846640,106.620744,82.813222,23.807521,2.863067,0.023408
104.532945,80.714784,23.818161,106.355264,82.585088,23.770176,3.017491,0.022206
104.529446,80.690884,23.838561,106.335826,82.581782,23.754044,2.928830,0.025066
104.431776,80.615875,23.815901,106.173911,82.378726,23.795184,3.093179,0.021049
104.362691,80.522921,23.839770,106.184122,82.376097,23.808026,3.099724,0.021969
104.264368,80.446285,23.818083,106.222190,82.473015,23.749176,2.983965,0.022929
104.167222,80.333981,23.833242,106.086531,82.348084,23.738446,3.132651,0.021848
104.161059,80.321606,23.839453,105.972615,82.219135,23.753481,3.245528,0.020839
104.033713,80.174838,23.858876,105.892861,82.075923,23.816938,3.074316,0.022794
103.976836,80.093008,23.883827,105.907742,82.168622,23.739119,3.219777,0.021965
103.914056,80.048744,23.865312,106.029073,82.311619,23.717453,3.044549,0.022735
103.890350,79.998028,23.892322,105.854922,81.984922,23.870000,2.933208,0.022359
103.772747,79.904503,23.868244,105.951429,82.251435,23.699994,2.964520,0.021757
103.771256,79.908321,23.862936,105.743376,82.021662,23.721714,2.871126,0.023274
103.679707,79.829609,23.850098,105.757665,82.037183,23.720482,2.914293,0.024499
103.560292,79.737015,23.823277,105.566958,81.823188,23.743770,2.992485,0.022116
103.570651,79.766471,23.804180,105.522533,81.892469,23.630064,3.000253,0.022128
103.536681,79.697337,23.839344,105.678759,81.836617,23.842142,3.040181,0.021591
103.490619,79.605488,23.885131,105.545029,81.751976,23.793053,3.027478,0.022277
103.373370,79.542116,23.831254,105.429766,81.700421,23.729345,2.986660,0.023408
103.315703,79.512870,23.802833,105.515652,81.729269,23.786383,2.915341,0.023396
103.343982,79.484189,23.859793,105.541480,81.693295,23.848185,3.053902,0.021831
103.177659,79.340848,23.836811,105.375797,81.727329,23.648468,3.002135,0.022362
103.181976,79.366151,23.815825,105.416453,81.744243,23.672209,2.893748,0.022346
103.168675,79.290506,23.878170,105.238670,81.484485,23.754185,2.979468,0.021650
103.152598,79.318621,23.833978,105.263734,81.601692,23.662043,3.114148,0.020979
102.990771,79.174603,23.816168,105.180183,81.480848,23.699335,3.094239,0.022139
102.978526,79.178987,23.799540,105.328783,81.654311,23.674472,3.001745,0.020819
102.937677,79.109520,23.828157,105.115723,81.434983,23.680740,3.047017,0.023036
102.872868,79.050461,23.822407,105.278145,81.553100,23.725044,3.071877,0.021232
102.890155,79.031839,23.858315,105.321084,81.614850,23.706234,2.962773,0.022337
102.801760,78.984584,23.817176,105.005770,81.354680,23.651090,2.975866,0.022399
102.762679,78.921317,23.841361,105.185183,81.443500,23.741683,3.221245,0.020442
102.699099,78.826721,23.872378,105.215519,81.381304,23.834214,3.036779,0.022131
102.710338,78.831721,23.878616,105.059855,81.341337,23.718517,3.057832,0.021109
102.625805,78.817845,23.807960,105.121276,81.436938,23.684338,2.812933,0.023315
102.603979,78.785872,23.818107,104.923071,81.179123,23.743948,3.097924,0.021492
102.475881,78.672391,23.803489,105.090288,81.412123,23.678165,3.215016,0.021131
102.517804,78.707217,23.810588,105.008064,81.299727,23.708337,2.858092,0.022137
102.440744,78.598485,23.842259,105.202049,81.518375,23.683674,3.006541,0.022640
102.427243,78.578978,23.848265,104.928771,81.195654,23.733117,3.092600,0.020101
102.334550,78.506251,23.828299,105.102398,81.383291,23.719107,2.988162,0.021258
102.344830,78.534564,23.810266,104.892135,81.203055,23.689080,2.917187,0.021914
102.324152,78.509049,23.815103,105.098015,81.443862,23.654153,2.962638,0.022375
102.272622,78.431319,23.841302,105.168830,81.474851,23.693979,2.961597,0.021756
102.280477,78.432532,23.847945,105.090731,81.336994,23.753737,3.299031,0.018891
102.208188,78.385262,23.822926,104.726024,81.030729,23.695295,3.105295,0.019964
102.155321,78.342169,23.813152,104.772407,81.109488,23.662920,3.104046,0.020975
102.124214,78.323808,23.800406,104.801104,81.154988,23.646116,3.120296,0.020945
102.064756,78.242879,23.821877,104.892940,81.119383,23.773558,2.943244,0.022058
102.094486,78.241218,23.853268,104.974120,81.290784,23.683335,3.257427,0.020083
102.037073,78.210420,23.826654,104.735953,81.053829,23.682124,3.135819,0.020514
102.027979,78.212305,23.815673,104.899316,81.189963,23.709354,3.095329,0.019621
102.003481,78.130054,23.873428,104.840550,81.158286,23.682264,3.051073,0.021516
101.949535,78.088273,23.861262,104.771919,81.027035,23.744885,3.052165,0.020765
101.948789,78.082236,23.866553,104.879597,81.100688,23.778909,2.911069,0.023456
101.888363,78.047826,23.840537,104.994321,81.273003,23.721317,3.032319,0.022473
101.818715,77.975375,23.843340,104.770938,81.057212,23.713726,3.005182,0.019952
102.042649,78.128214,23.914435,104.867740,81.160746,23.706993,3.036938,0.020229
101.756500,77.906559,23.849941,104.737506,81.109384,23.628122,2.923244,0.021823
101.719542,77.879806,23.839737,104.676892,80.992930,23.683962,2.963392,0.021478
101.820142,77.961922,23.858220,104.684627,80.973054,23.711573,3.018132,0.021975
101.800735,77.887350,23.913385,104.888474,81.138112,23.750361,2.953996,0.020951
101.741772,77.874902,23.866870,104.756466,80.982365,23.774101,3.040725,0.020885
101.648530,77.772340,23.876190,104.892553,81.205402,23.687151,2.944584,0.022147
101.693616,77.815452,23.878164,104.664510,80.967723,23.696787,2.935765,0.023517
101.583810,77.697261,23.886549,104.715079,80.942004,23.773074,2.957538,0.021918
101.543694,77.648552,23.895142,104.658930,80.844492,23.814438,2.798862,0.022274
101.563116,77.674976,23.888141,104.548796,80.825803,23.722993,2.873016,0.021503
101.543090,77.640724,23.902366,104.718414,80.937159,23.781255,2.830193,0.021220
101.586166,77.655533,23.930634,104.921289,81.154143,23.767146,2.901246,0.022359
101.543602,77.642129,23.901473,104.521609,80.781869,23.739740,2.984367,0.020851
101.514442,77.604221,23.910220,104.452718,80.756102,23.696616,3.015308,0.020507
101.451792,77.562730,23.889062,104.527711,80.809786,23.717925,2.974667,0.021447
101.451253,77.542490,23.908763,104.630934,80.836783,23.794152,2.909301,0.020781
101.447419,77.499150,23.948268,104.539166,80.744391,23.794775,2.769014,0.022971
101.358782,77.416655,23.942127,104.549538,80.726158,23.823379,2.886369,0.019552
101.366281,77.446484,23.919796,104.496661,80.689222,23.807439,2.978596,0.020107
101.382197,77.389496,23.992700,104.502996,80.692080,23.810915,2.991780,0.020405
101.296198,77.356639,23.939560,104.466574,80.616862,23.849712,2.931518,0.020216
101.292666,77.324639,23.968026,104.739685,80.999106,23.740578,3.087255,0.021568
101.357707,77.400135,23.957571,104.720159,80.921692,23.798467,3.019334,0.019912
101.391335,77.434896,23.956438,104.515020,80.717005,23.798014,2.929141,0.021974
101.247410,77.248424,23.998986,104.754051,80.920581,23.833469,2.963455,0.020657
101.328082,77.330466,23.997616,104.698860,80.847123,23.851737,3.150331,0.018660
101.285217,77.279252,24.005964,104.848444,80.983404,23.865041,2.866582,0.022210
101.274883,77.253070,24.021812,104.746619,80.913618,23.833001,3.215147,0.020308
101.283397,77.254715,24.028682,104.754763,80.797685,23.957078,2.945513,0.019883
101.189885,77.109306,24.080578,104.446377,80.510203,23.936174,3.133046,0.020217
101.159913,77.047345,24.112568,104.546807,80.574880,23.971926,2.990542,0.020765
