257.027223,236.350083,20.677140,209.320827,184.135598,25.185228,2.506276,0.015554
189.910617,162.279068,27.631548,172.755036,145.265969,27.489067,2.590450,0.026813
165.322631,137.873151,27.449480,158.568396,131.179381,27.389015,2.494339,0.035391
154.564612,127.073780,27.490832,149.245459,121.652175,27.593282,2.776644,0.036975
147.663023,119.948279,27.714744,143.868007,116.184855,27.683152,2.799451,0.040840
142.762810,115.316500,27.446310,140.443517,113.011370,27.432147,2.530539,0.046753
139.533854,112.085926,27.447928,137.501271,110.093837,27.407434,2.703745,0.043840
137.013805,109.702621,27.311185,135.131579,107.972145,27.159434,2.836710,0.042564
134.990130,107.744420,27.245711,133.448698,106.203324,27.245374,2.814158,0.041040
133.368021,106.143102,27.224919,131.757934,104.590539,27.167395,2.898309,0.039501
131.982408,104.801445,27.180963,130.654534,103.576468,27.078066,3.071412,0.044552
130.604063,103.560585,27.043478,129.683102,102.704616,26.978486,2.881652,0.043677
129.606876,102.566136,27.040740,128.808174,101.750715,27.057460,3.051783,0.037795
128.936978,101.855672,27.081306,128.140590,100.986990,27.153600,2.987027,0.040901
128.274601,101.166810,27.107791,127.817266,100.661667,27.155600,2.944139,0.042218
127.634744,100.510001,27.124743,127.307087,100.274702,27.032384,3.041697,0.039564
126.954443,99.938852,27.015591,127.030766,100.054649,26.976117,2.985947,0.042709
126.551497,99.526781,27.024716,126.208919,99.160005,27.048914,2.744438,0.049361
125.969822,99.015250,26.954573,125.758266,98.770819,26.987448,3.018087,0.046108
125.452320,98.535908,26.916413,125.417874,98.522914,26.894960,2.837835,0.042991
124.960402,98.082569,26.877833,125.056236,98.199449,26.856786,2.880851,0.041512
124.671476,97.826647,26.844829,124.497316,97.628584,26.868732,3.139897,0.041736
124.233903,97.440719,26.793184,124.417349,97.511414,26.905934,2.996634,0.041298
123.808402,97.100273,26.708129,124.209267,97.566054,26.643213,2.942345,0.044052
123.429890,96.778470,26.651420,123.353637,96.601722,26.751915,2.888601,0.041948
123.083930,96.433347,26.650583,123.044390,96.374153,26.670238,3.087798,0.040776
122.761311,96.109956,26.651356,123.155204,96.470901,26.684303,2.945246,0.044227
122.442080,95.807109,26.634971,122.997397,96.401737,26.595660,3.074592,0.040346
122.142783,95.563666,26.579118,122.490639,96.049888,26.440752,3.017387,0.043283
121.705694,95.271701,26.433993,122.154657,95.762660,26.391998,3.095409,0.041268
121.406194,94.990713,26.415482,121.876082,95.582802,26.293281,2.880213,0.043609
121.173291,94.804346,26.368944,121.669077,95.403594,26.265484,2.974614,0.042167
120.913648,94.560949,26.352699,121.298982,94.878447,26.420535,3.058059,0.041556
120.610916,94.293945,26.316971,121.207184,95.036416,26.170768,3.082291,0.039532
120.451360,94.169738,26.281622,121.273182,94.964882,26.308300,3.027548,0.043010
120.238078,93.921443,26.316636,120.957261,94.600986,26.356275,3.062890,0.043522
120.055547,93.753272,26.302275,120.880212,94.669323,26.210888,3.064363,0.041821
119.860454,93.610600,26.249854,120.506290,94.429850,26.076441,3.269761,0.042925
119.521230,93.382376,26.138854,120.348629,94.177170,26.171459,3.003191,0.040495
119.307508,93.192616,26.114891,120.135686,94.129908,26.005778,3.039529,0.043241
119.103586,92.991653,26.111933,120.143592,94.108807,26.034785,3.041434,0.041496
118.946388,92.882362,26.064026,119.796865,93.710728,26.086137,3.026916,0.042172
118.649884,92.651111,25.998772,119.625389,93.710411,25.914979,3.017476,0.041984
118.476534,92.481436,25.995098,119.458622,93.618340,25.840282,3.110422,0.041392
118.221842,92.328609,25.893232,119.294360,93.440191,25.854169,3.149454,0.042368
118.013494,92.121383,25.892111,119.219944,93.388526,25.831419,2.995192,0.042043
117.792500,91.893367,25.899132,118.928116,93.147268,25.780848,3.026450,0.045247
117.547880,91.698918,25.848962,118.709920,92.828156,25.881765,3.211083,0.039477
117.396395,91.534715,25.861680,118.371166,92.575032,25.796134,3.217057,0.042119
117.140171,91.429001,25.711170,118.137963,92.572904,25.565058,3.118960,0.041225
116.778186,91.167236,25.610950,118.128271,92.543004,25.585267,3.126121,0.040926
116.672977,91.086944,25.586034,117.941853,92.427283,25.514571,3.172373,0.038840
116.519812,90.937444,25.582368,117.674272,92.286072,25.388201,2.999148,0.041790
116.361496,90.783080,25.578415,117.622097,92.122027,25.500070,3.206842,0.038837
116.187749,90.582593,25.605157,117.771410,92.279142,25.492268,3.005244,0.041674
116.000401,90.404090,25.596311,117.425334,91.973973,25.451360,3.073544,0.043703
115.885911,90.353013,25.532897,117.024864,91.579512,25.445352,3.153011,0.039517
115.710042,90.224499,25.485543,117.064402,91.802595,25.261806,3.096891,0.041800
115.607757,90.112739,25.495018,117.055097,91.726961,25.328137,2.895859,0.043492
115.392433,89.942967,25.449465,116.711580,91.486673,25.224908,3.287191,0.041576
115.226150,89.842024,25.384125,116.725893,91.386423,25.339470,3.003644,0.043023
115.124925,89.765086,25.359840,116.667001,91.373233,25.293769,2.998145,0.040950
114.909068,89.559980,25.349089,116.394473,91.181757,25.212715,3.108371,0.038722
114.823684,89.470849,25.352835,116.489574,91.235913,25.253661,3.082150,0.041311
114.744730,89.393940,25.350791,116.242965,91.095335,25.147630,3.120648,0.037713
114.625009,89.325483,25.299527,116.278117,90.958397,25.319720,3.036557,0.042027
114.480935,89.152081,25.328854,115.897218,90.649000,25.248218,2.982659,0.037201
114.307441,88.999315,25.308126,115.980742,90.806807,25.173935,3.052700,0.042530
114.268588,88.937315,25.331273,115.705659,90.551163,25.154497,3.111931,0.039384
114.122953,88.836299,25.286654,115.990014,90.790202,25.199812,3.161260,0.041458
114.023466,88.784402,25.239065,115.707094,90.601460,25.105633,3.215668,0.036964
113.874311,88.640415,25.233896,115.531267,90.483559,25.047707,3.095204,0.040449
113.821027,88.603082,25.217945,115.306982,90.140359,25.166623,3.072908,0.036975
113.636819,88.403746,25.233073,115.380026,90.311226,25.068800,3.104097,0.041561
113.612299,88.442257,25.170043,115.437547,90.326008,25.111539,3.057522,0.043072
113.540498,88.324415,25.216083,115.228777,90.163762,25.065015,3.026687,0.041127
113.351410,88.182274,25.169135,115.003373,89.904263,25.099110,3.117671,0.035585
113.257189,88.114054,25.143134,115.065235,90.048708,25.016528,3.156002,0.039341
113.166525,88.027789,25.138736,115.152279,90.032192,25.120087,3.063793,0.039997
113.117195,87.970732,25.146464,115.006993,89.888549,25.118444,3.082850,0.038598
113.034532,87.846613,25.187919,114.486718,89.493310,24.993408,3.035933,0.042591
112.920461,87.797791,25.122670,114.777514,89.775935,25.001579,3.056013,0.038311
112.790622,87.705181,25.085440,114.640408,89.685213,24.955195,3.249877,0.036917
112.736439,87.633696,25.102743,114.336907,89.453275,24.883632,3.185860,0.039060
112.608316,87.562334,25.045982,114.584078,89.771197,24.812881,3.064097,0.040754
112.541322,87.531540,25.009782,114.456190,89.545744,24.910445,3.301599,0.036633
112.441254,87.429314,25.011940,114.169994,89.259903,24.910091,3.032927,0.038421
112.299234,87.400361,24.898873,114.080891,89.379779,24.701113,3.326049,0.037011
112.258150,87.298045,24.960105,114.179384,89.265473,24.913911,3.177333,0.039300
112.208371,87.285129,24.923242,114.026065,89.122292,24.903773,3.170340,0.036035
112.035813,87.138950,24.896863,114.052307,89.307177,24.745130,3.212175,0.037092
112.009066,87.079230,24.929836,113.892160,89.033694,24.858466,3.078902,0.040024
111.920654,87.049643,24.871011,114.069075,89.330720,24.738355,3.243497,0.036709
111.827561,86.964433,24.863128,113.925091,89.230041,24.695051,3.106468,0.037774
111.778481,86.920232,24.858249,113.746824,89.068859,24.677965,3.173574,0.036849
111.731075,86.862118,24.868957,113.715064,88.978920,24.736144,3.088355,0.037071
111.621050,86.765464,24.855586,113.648311,88.901393,24.746918,3.152796,0.036820
111.537112,86.708200,24.828912,113.656185,88.935971,24.720214,3.115921,0.037997
111.492256,86.684725,24.807532,113.423540,88.808334,24.615206,2.955352,0.045043
111.409121,86.643236,24.765885,113.417890,88.609625,24.808265,3.170535,0.035797
111.327903,86.587573,24.740330,113.562209,88.802363,24.759846,3.236969,0.036409
111.244348,86.451767,24.792582,113.476435,88.941660,24.534775,3.089750,0.039268
111.188335,86.488171,24.700164,113.579286,88.972753,24.606533,3.121204,0.040851
111.128064,86.424622,24.703442,113.332641,88.620474,24.712167,3.139776,0.038888
111.052814,86.336637,24.716177,113.334992,88.756299,24.578694,3.023288,0.039442
110.976690,86.278077,24.698612,113.251409,88.754855,24.496554,3.051370,0.040337
110.951013,86.286001,24.665012,113.125425,88.486155,24.639271,3.164316,0.039760
110.858757,86.205089,24.653668,112.854205,88.306765,24.547440,3.084925,0.038177
110.788663,86.153937,24.634727,113.027922,88.459169,24.568753,3.095537,0.037579
110.728520,86.113231,24.615289,112.781415,88.390540,24.390875,3.106708,0.036648
110.663463,86.032895,24.630569,112.777574,88.286240,24.491334,3.212831,0.043479
110.553789,85.998108,24.555681,112.704161,88.329064,24.375097,3.105977,0.040003
110.515698,85.953018,24.562680,112.963444,88.471355,24.492089,2.945460,0.036925
110.378458,85.820090,24.558368,112.651819,88.384834,24.266984,3.110726,0.037993
110.301104,85.816494,24.484610,112.659182,88.322573,24.336608,3.098583,0.038824
110.307135,85.794694,24.512441,112.566625,88.162867,24.403757,3.226936,0.036281
110.171932,85.729278,24.442654,112.330489,88.178840,24.151649,3.198475,0.036982
110.185335,85.749185,24.436150,112.399108,88.037586,24.361521,3.135895,0.037875
110.046370,85.632973,24.413396,112.551585,88.277070,24.274516,3.157389,0.038185
109.941140,85.570700,24.370441,112.464711,88.126681,24.338030,3.228211,0.037618
110.033545,85.595300,24.438246,112.286672,87.976323,24.310349,3.163599,0.037192
109.951882,85.568193,24.383690,112.243047,88.012805,24.230242,3.169343,0.037018
109.835520,85.458401,24.377120,112.233877,87.914801,24.319076,3.167582,0.039486
109.745422,85.388158,24.357265,112.192924,87.962036,24.230888,3.122176,0.034535
109.710579,85.377351,24.333228,112.193974,87.963938,24.230036,3.085275,0.035662
109.596763,85.295278,24.301485,112.168727,87.990264,24.178463,3.200681,0.034695
109.551287,85.297001,24.254286,111.979846,87.817317,24.162529,3.165604,0.036162
109.482553,85.244981,24.237572,111.705297,87.616473,24.088824,3.173623,0.035288
109.440362,85.231876,24.208486,111.796411,87.606043,24.190367,3.124235,0.035831
109.350291,85.085680,24.264611,111.830407,87.676086,24.154321,3.104870,0.036102
109.321396,85.077899,24.243496,111.842788,87.734596,24.108192,3.132679,0.037504
109.220521,84.998557,24.221964,111.777132,87.718895,24.058236,3.109344,0.036022
109.182635,84.963818,24.218817,111.820102,87.663673,24.156429,3.066523,0.037177
109.147187,84.939933,24.207254,111.565173,87.347593,24.217580,3.056775,0.038386
109.076050,84.861930,24.214119,111.305354,87.288839,24.016515,3.218408,0.034360
109.018597,84.869090,24.149507,111.518060,87.493313,24.024748,3.277097,0.038469
108.939697,84.837955,24.101742,111.490746,87.403614,24.087132,3.370796,0.034266
108.864695,84.689480,24.175215,111.235975,87.213788,24.022187,3.112935,0.038424
108.833677,84.710167,24.123510,111.299971,87.216725,24.083246,3.028120,0.041946
108.776670,84.685184,24.091486,111.235794,87.393354,23.842441,3.281372,0.036521
108.675328,84.573688,24.101640,111.227872,87.290436,23.937436,3.127388,0.034460
108.665573,84.578735,24.086838,111.272566,87.360689,23.911878,3.248937,0.032959
108.544560,84.457686,24.086874,111.130918,87.243221,23.887696,3.258304,0.036361
108.623110,84.550510,24.072601,111.285706,87.245547,24.040159,3.320716,0.037189
108.468390,84.359860,24.108530,111.040159,87.160204,23.879956,3.108137,0.038948
108.504452,84.411793,24.092660,111.090193,87.174448,23.915744,3.155563,0.037639
108.411241,84.345999,24.065242,110.936110,87.079472,23.856638,3.050127,0.038389
108.360146,84.345722,24.014424,110.896558,87.058593,23.837964,3.216251,0.038776
108.268771,84.251705,24.017066,110.983084,87.114855,23.868229,3.123745,0.041356
108.296747,84.278098,24.018649,110.961928,87.038426,23.923501,3.338005,0.035175
108.130222,84.089112,24.041110,110.873829,86.972656,23.901173,3.141873,0.036341
108.151009,84.155975,23.995033,110.830624,86.973179,23.857445,3.286771,0.034352
108.078910,84.099382,23.979528,110.864533,86.961684,23.902849,3.010711,0.039932
108.126124,84.177968,23.948156,110.710851,86.910940,23.799911,3.158099,0.035371
108.083773,84.101849,23.981924,110.614011,86.900543,23.713467,3.342611,0.034627
107.971597,84.040994,23.930604,110.585159,86.853003,23.732156,3.252933,0.033662
107.913319,83.980841,23.932478,110.341838,86.616835,23.725003,3.198577,0.037964
107.778836,83.867712,23.911124,110.452544,86.885494,23.567050,3.151440,0.038187
107.761163,83.889900,23.871263,110.526085,86.710570,23.815515,3.165520,0.035841
107.739491,83.910902,23.828590,110.412082,86.765579,23.646503,3.447191,0.034975
