260.024360,258.253514,1.770846,196.537115,194.078493,2.458621,5.264373,0.004858
194.083361,191.150766,2.932595,190.960821,187.460514,3.500307,5.346144,0.006284
186.178527,181.346667,4.831859,177.170719,170.611057,6.559661,4.120266,0.010159
172.089927,164.326433,7.763494,164.736651,155.663303,9.073347,4.255982,0.010309
159.580964,149.204434,10.376529,154.037515,142.883254,11.154261,3.952937,0.013445
151.625954,140.076897,11.549057,148.260444,136.358275,11.902169,4.178030,0.013352
146.428093,134.229400,12.198693,143.107777,130.529600,12.578177,3.908154,0.014547
141.898825,128.944431,12.954394,139.714137,126.304375,13.409762,3.806428,0.015420
138.450717,124.786808,13.663909,136.267758,122.227798,14.039961,3.910826,0.015808
135.787594,121.543638,14.243956,133.950082,119.448633,14.501449,3.683482,0.015827
133.292808,118.484529,14.808280,131.439990,116.309483,15.130506,3.807010,0.016189
131.193390,115.930819,15.262571,129.113106,113.641663,15.471443,3.951186,0.016042
129.346251,113.735689,15.610562,127.843275,112.010372,15.832904,3.829094,0.016235
127.857194,111.966516,15.890678,126.430824,110.307410,16.123415,3.892066,0.016455
126.556171,110.404707,16.151463,124.971169,108.672439,16.298730,4.045474,0.016212
125.337234,109.014459,16.322775,124.144461,107.634324,16.510136,4.067554,0.016171
124.288957,107.754007,16.534950,122.866018,106.139060,16.726958,4.206713,0.015476
123.265332,106.525272,16.740060,122.090529,105.112181,16.978348,3.970435,0.016309
122.310591,105.404820,16.905771,121.340678,104.386735,16.953943,3.938806,0.015823
121.521876,104.495795,17.026081,120.324497,103.309185,17.015312,4.171526,0.014932
120.786826,103.638750,17.148075,119.752447,102.500802,17.251645,3.912514,0.016694
120.078146,102.832482,17.245665,118.946618,101.593340,17.353278,4.043870,0.016135
119.463774,102.132583,17.331191,118.637304,101.234025,17.403279,4.168698,0.016009
118.833283,101.388783,17.444500,118.010590,100.496324,17.514266,3.962244,0.016320
118.242936,100.684860,17.558076,117.703179,100.072647,17.630532,3.931765,0.016046
117.657985,100.022796,17.635189,117.028040,99.368589,17.659451,4.064587,0.015406
117.140612,99.429323,17.711289,116.358481,98.529109,17.829373,4.144977,0.015325
116.669130,98.854790,17.814340,115.880822,98.098430,17.782392,4.066408,0.016283
116.233294,98.379707,17.853587,115.409436,97.581089,17.828346,4.047996,0.015960
115.760032,97.800050,17.959982,115.177451,97.293174,17.884277,3.956518,0.015553
115.288272,97.300250,17.988023,114.755861,96.784979,17.970883,4.059505,0.016038
114.866680,96.799176,18.067503,114.557553,96.533053,18.024500,4.091996,0.014870
114.446439,96.345366,18.101074,114.072517,95.990390,18.082127,4.001626,0.015493
114.108609,95.943935,18.164675,113.641941,95.405856,18.236084,4.112734,0.015189
113.843966,95.619084,18.224882,113.505845,95.299011,18.206834,4.029789,0.015495
113.480106,95.246810,18.233296,112.988371,94.683720,18.304651,4.084413,0.014990
113.149501,94.855129,18.294372,112.663228,94.329178,18.334051,4.352698,0.014845
112.780499,94.475700,18.304799,112.487098,94.200519,18.286579,4.083293,0.014946
112.487697,94.161111,18.326586,112.301414,93.979350,18.322064,4.089081,0.015719
112.238699,93.848544,18.390155,112.039253,93.640065,18.399188,4.154572,0.015137
111.963398,93.544856,18.418542,111.729813,93.344568,18.385245,4.215953,0.014391
111.655491,93.214963,18.440527,111.353158,92.959078,18.394081,4.109467,0.015111
111.385608,92.894100,18.491508,111.315314,92.742057,18.573256,4.066445,0.015385
111.112239,92.568469,18.543770,110.992647,92.392712,18.599935,3.985888,0.016115
110.821265,92.238290,18.582975,110.795047,92.144522,18.650525,4.201983,0.014438
110.535457,91.957084,18.578373,110.486440,91.831639,18.654801,3.838093,0.016192
110.265749,91.619278,18.646471,110.096183,91.494368,18.601815,3.908510,0.015819
110.031759,91.372995,18.658764,109.960641,91.257797,18.702844,4.026593,0.015516
109.851605,91.134286,18.717319,109.794622,91.104308,18.690314,3.963598,0.014863
109.557508,90.845565,18.711942,109.609666,90.899789,18.709877,3.860827,0.015807
109.335908,90.638902,18.697006,109.245019,90.506779,18.738240,4.199144,0.014158
109.133106,90.340046,18.793060,109.119429,90.326923,18.792506,4.037520,0.015266
108.899058,90.084430,18.814627,108.668115,89.805675,18.862440,4.165343,0.014326
108.674182,89.836938,18.837243,108.677734,89.884071,18.793663,4.225894,0.014506
108.471349,89.598339,18.873010,108.464088,89.608795,18.855292,4.167152,0.014327
108.310857,89.394737,18.916120,108.302928,89.315741,18.987187,3.998835,0.014732
108.066901,89.172327,18.894574,107.977486,89.098033,18.879454,4.339553,0.014047
107.948185,89.045837,18.902349,108.125525,89.162318,18.963207,4.221736,0.013725
107.791960,88.879730,18.912230,107.822811,88.955281,18.867530,4.116807,0.014769
107.588688,88.660165,18.928523,107.741581,88.801352,18.940229,4.156463,0.013603
107.386783,88.451792,18.934991,107.501600,88.580330,18.921271,4.241517,0.013706
107.190279,88.236976,18.953303,107.411427,88.499026,18.912402,4.042577,0.015204
107.073023,88.080948,18.992074,107.359846,88.409910,18.949937,4.060904,0.014616
106.992588,88.017045,18.975543,107.200082,88.123715,19.076367,4.039579,0.015059
106.768778,87.748616,19.020163,106.904349,87.816480,19.087869,4.212665,0.014814
106.571582,87.491683,19.079899,106.845622,87.808503,19.037119,4.113447,0.014497
106.409692,87.397712,19.011979,106.699919,87.808959,18.890960,3.934079,0.014977
106.340242,87.314420,19.025822,106.598845,87.615764,18.983081,4.111253,0.013944
106.185895,87.116245,19.069650,106.326798,87.236101,19.090697,4.019641,0.015116
106.020533,86.926290,19.094244,106.065506,87.058060,19.007446,4.077127,0.014397
105.964123,86.833547,19.130575,106.224515,87.106305,19.118210,4.053118,0.014472
105.722015,86.633727,19.088287,105.999332,86.930908,19.068424,4.093907,0.013871
105.652345,86.519742,19.132603,105.964237,86.888306,19.075931,4.087309,0.014379
105.503190,86.357608,19.145582,105.823736,86.683450,19.140287,4.111489,0.013840
105.431750,86.276356,19.155395,105.901595,86.800186,19.101409,4.217917,0.014016
105.291684,86.143347,19.148337,105.648630,86.554688,19.093941,4.217810,0.014150
105.181761,85.995549,19.186212,105.378534,86.217106,19.161428,3.984117,0.014878
105.071674,85.867803,19.203872,105.418814,86.286759,19.132055,4.211823,0.013964
104.972814,85.765816,19.206998,105.455002,86.204653,19.250349,4.193020,0.014708
104.848828,85.662331,19.186497,105.220155,86.060557,19.159599,4.269474,0.013638
104.737280,85.504385,19.232896,105.061872,85.831130,19.230742,3.993197,0.015239
104.605649,85.354843,19.250806,105.024822,85.776507,19.248315,4.259483,0.014182
104.568711,85.363749,19.204962,105.008119,85.876309,19.131810,4.129545,0.013569
104.435393,85.220968,19.214426,104.747307,85.597412,19.149894,4.173928,0.014246
104.372516,85.103341,19.269175,105.082196,85.896056,19.186139,4.033107,0.014339
104.251637,85.010987,19.240650,104.747503,85.591546,19.155957,4.131826,0.013515
104.199230,84.962816,19.236414,104.544160,85.334546,19.209614,4.131021,0.013997
104.077299,84.840965,19.236335,104.594680,85.430788,19.163893,3.998780,0.014736
104.004230,84.710393,19.293837,104.711475,85.448370,19.263105,4.225927,0.014252
103.905973,84.666030,19.239943,104.665312,85.453328,19.211984,4.094683,0.014533
103.895833,84.588650,19.307182,104.533420,85.269248,19.264172,4.112780,0.013828
103.788430,84.500858,19.287572,104.355874,85.178498,19.177377,4.138774,0.014109
103.677944,84.394504,19.283440,104.311126,85.050477,19.260649,3.981293,0.014547
103.656149,84.331921,19.324228,104.237153,85.022266,19.214887,4.029467,0.014491
103.541260,84.226057,19.315203,104.196683,85.042884,19.153800,4.236243,0.014120
103.488049,84.200755,19.287294,104.050849,84.772590,19.278258,4.083450,0.014196
103.338397,84.031326,19.307071,104.140615,84.889195,19.251420,4.010105,0.015418
103.308191,83.956447,19.351745,103.829224,84.582365,19.246859,4.218518,0.013611
103.320494,83.964785,19.355709,103.836077,84.562813,19.273265,4.128586,0.013601
103.161359,83.814606,19.346753,103.983714,84.721415,19.262299,4.160350,0.014151
103.069595,83.735282,19.334314,103.732182,84.414167,19.318015,4.055079,0.013639
103.005384,83.629765,19.375619,103.873297,84.473509,19.399789,4.144164,0.014342
102.954149,83.556410,19.397740,103.736808,84.444957,19.291851,4.018545,0.014868
102.946292,83.589280,19.357013,103.583003,84.227227,19.355775,4.058188,0.014414
102.824348,83.446440,19.377907,103.672566,84.391002,19.281565,4.170956,0.013973
102.801883,83.425627,19.376257,103.600415,84.234239,19.366177,4.045700,0.014540
102.688180,83.318205,19.369975,103.660298,84.381293,19.279005,4.023367,0.014138
102.673676,83.311684,19.361992,103.457778,84.139438,19.318340,4.163559,0.013911
102.603076,83.243677,19.359400,103.381336,84.159388,19.221949,4.249616,0.014018
102.581395,83.212750,19.368645,103.399213,84.072619,19.326593,4.244771,0.013256
102.532819,83.133310,19.399509,103.367174,83.967305,19.399869,4.082343,0.014172
102.392774,82.974078,19.418696,103.163428,83.814496,19.348932,4.060429,0.014405
102.376037,82.949274,19.426763,103.375874,83.999318,19.376556,4.093112,0.013861
102.373364,82.957847,19.415517,103.261062,83.847992,19.413070,4.213653,0.013146
102.259092,82.826129,19.432963,103.344651,83.959065,19.385586,4.084918,0.013557
102.257111,82.819766,19.437346,103.268237,83.865417,19.402820,4.233662,0.013774
102.141178,82.683495,19.457683,103.127958,83.722962,19.404997,4.400550,0.012634
102.156000,82.695007,19.460993,102.921474,83.524599,19.396874,4.232522,0.014144
102.118761,82.642570,19.476191,103.161725,83.722966,19.438759,4.095279,0.013775
102.065707,82.606235,19.459472,103.102918,83.586962,19.515957,4.058613,0.013443
102.042937,82.525456,19.517481,102.998194,83.363947,19.634246,4.153300,0.013788
101.925959,82.457488,19.468471,102.934025,83.580057,19.353967,4.203037,0.013348
101.890418,82.442153,19.448265,102.962867,83.597208,19.365658,4.124443,0.013842
101.907505,82.432223,19.475282,102.989178,83.559961,19.429217,4.058084,0.014333
101.830134,82.329718,19.500416,102.819612,83.353010,19.466602,4.034203,0.013713
101.707750,82.232038,19.475712,102.810614,83.397494,19.413119,4.288230,0.013667
101.656456,82.158951,19.497505,102.704566,83.329769,19.374798,4.127265,0.013881
101.674949,82.169300,19.505650,102.814669,83.364757,19.449911,3.890053,0.014474
101.561050,82.071814,19.489236,102.588510,83.190739,19.397770,4.172935,0.013400
101.619482,82.115374,19.504108,102.604238,83.095392,19.508846,4.115169,0.013535
101.551012,82.003964,19.547049,102.698492,83.222023,19.476469,4.092692,0.014176
101.511978,82.005473,19.506505,102.769340,83.378336,19.391004,4.160401,0.013536
101.450221,81.917824,19.532397,102.619936,83.221454,19.398482,4.232930,0.013951
101.471643,81.976495,19.495147,102.538102,83.049009,19.489093,4.139318,0.013380
101.429031,81.907666,19.521366,102.660782,83.206534,19.454248,4.122411,0.013699
101.398423,81.885648,19.512775,102.512657,82.966016,19.546641,4.128035,0.014079
101.375880,81.850530,19.525350,102.529508,83.057262,19.472246,4.132795,0.013177
101.354148,81.770644,19.583504,102.515705,83.001139,19.514566,4.077157,0.013802
101.353619,81.779384,19.574235,102.420650,82.926569,19.494081,4.181166,0.013243
101.198860,81.640733,19.558127,102.413652,82.928340,19.485311,4.260808,0.012938
101.212876,81.665074,19.547802,102.323062,82.901933,19.421129,4.154704,0.013387
101.155928,81.624255,19.531674,102.322778,82.774895,19.547883,4.242912,0.013094
101.098491,81.511278,19.587213,102.209827,82.786187,19.423639,4.000614,0.013981
101.112314,81.533469,19.578845,102.239373,82.729482,19.509891,4.062103,0.013914
101.079533,81.488413,19.591121,102.316942,82.774754,19.542187,4.067419,0.013753
101.025483,81.443333,19.582150,102.346906,82.814632,19.532274,4.185026,0.013893
101.024265,81.438341,19.585925,102.234938,82.663078,19.571859,4.026464,0.014658
101.014787,81.412972,19.601815,102.286168,82.722699,19.563470,4.292086,0.013731
100.941424,81.339771,19.601653,102.444442,82.842254,19.602188,3.827171,0.013775
100.889882,81.293692,19.596191,102.103478,82.532519,19.570960,4.063144,0.013869
100.890316,81.298320,19.591995,102.152187,82.651046,19.501141,4.235953,0.013319
100.833789,81.251209,19.582580,102.231567,82.697354,19.534213,4.046842,0.013825
100.837993,81.255943,19.582050,102.126729,82.597623,19.529106,3.968455,0.014200
100.809774,81.230729,19.579045,102.009534,82.430958,19.578575,4.041343,0.014145
100.735287,81.130816,19.604471,102.163290,82.610612,19.552678,4.364576,0.013534
100.732448,81.176015,19.556433,102.141731,82.688687,19.453044,4.278161,0.014576
100.703939,81.131864,19.572075,102.111755,82.579802,19.531954,4.152100,0.013746
100.640762,81.067902,19.572860,102.195373,82.694010,19.501363,3.968280,0.014859
100.673933,81.084491,19.589443,102.059534,82.493407,19.566127,4.123884,0.014746
100.578288,80.903431,19.674857,101.953770,82.344385,19.609385,4.094368,0.013431
