193.297028,189.263552,4.033475,165.137086,156.446517,8.690569,2.848566,0.017407
152.673812,141.991168,10.682644,145.012158,133.528904,11.483254,2.795862,0.022356
141.253168,129.062812,12.190356,137.069746,124.165256,12.904489,2.750093,0.022893
135.070709,121.745350,13.325359,132.260819,118.449890,13.810930,2.964562,0.022436
131.049891,117.014477,14.035414,128.777377,114.348666,14.428710,2.964107,0.023186
128.196635,113.630755,14.565881,125.651432,110.757709,14.893723,3.105885,0.021814
125.864737,110.943853,14.920884,124.088528,108.955118,15.133410,3.091588,0.023248
123.969120,108.746691,15.222429,122.665334,107.380982,15.284352,3.027607,0.022814
122.394865,106.951431,15.443434,121.186505,105.642086,15.544419,3.212075,0.021244
120.950553,105.312359,15.638195,119.811510,104.036848,15.774662,3.099249,0.022994
119.867088,104.033730,15.833359,118.837900,102.909018,15.928883,3.074463,0.023161
118.726099,102.765460,15.960639,117.935435,101.843090,16.092345,2.973448,0.022675
117.694584,101.603201,16.091384,117.072598,100.914475,16.158123,3.008057,0.023812
116.947699,100.744577,16.203121,116.173448,99.869461,16.303988,3.077931,0.022309
116.200171,99.875823,16.324348,115.771505,99.319803,16.451701,2.984165,0.023166
115.464061,99.001867,16.462195,115.104837,98.620189,16.484648,3.053379,0.022139
114.828284,98.292419,16.535865,114.321476,97.642788,16.678687,3.091925,0.021988
114.200907,97.540663,16.660245,113.836863,97.189852,16.647011,3.205000,0.021250
113.652941,96.961834,16.691107,113.644871,96.873883,16.770988,3.105269,0.022189
113.192162,96.402039,16.790124,113.190793,96.486971,16.703822,3.043153,0.022679
112.730477,95.914143,16.816334,112.743977,95.957266,16.786712,3.093688,0.022375
112.316165,95.520364,16.795802,112.364228,95.486587,16.877641,3.063293,0.022181
111.834604,94.974589,16.860015,111.912634,94.995638,16.916996,3.167601,0.021517
111.546467,94.656829,16.889638,111.735217,94.743839,16.991378,3.067433,0.022167
111.072109,94.183543,16.888567,111.440210,94.684860,16.755350,3.153008,0.021537
110.799255,93.952299,16.846956,111.023824,94.132279,16.891546,3.071082,0.022574
110.456734,93.559519,16.897215,111.097222,94.214857,16.882365,3.211068,0.021124
110.167478,93.291539,16.875940,110.539365,93.640350,16.899016,3.129742,0.022345
109.850325,92.926117,16.924208,110.211085,93.339234,16.871851,3.158397,0.021993
109.667850,92.743155,16.924695,109.987756,93.034780,16.952976,3.228601,0.020054
109.327081,92.359832,16.967249,109.896280,93.019594,16.876686,3.200278,0.022011
109.155151,92.172988,16.982163,109.926653,92.932357,16.994296,2.993612,0.023160
108.871353,91.878395,16.992958,109.428441,92.448640,16.979801,3.143737,0.020881
108.696909,91.627829,17.069080,109.256263,92.064550,17.191713,3.088215,0.020726
108.482030,91.369803,17.112226,109.007321,91.982953,17.024368,3.202734,0.021226
108.245290,91.122338,17.122952,108.700217,91.542874,17.157343,3.255942,0.020818
108.065768,90.884976,17.180792,108.677850,91.549874,17.127977,3.157350,0.020184
107.982943,90.804504,17.178439,108.566117,91.356096,17.210021,3.187686,0.021025
107.820181,90.589191,17.230991,108.561067,91.318325,17.242742,3.251313,0.020808
107.773197,90.529837,17.243360,108.670280,91.392169,17.278111,2.921854,0.022819
107.590406,90.331720,17.258686,108.677199,91.365368,17.311831,3.138161,0.021045
107.431826,90.165357,17.266468,108.427770,91.157648,17.270121,3.274080,0.018757
107.294467,90.029900,17.264567,108.227452,90.906169,17.321283,3.239856,0.020687
107.214008,89.907572,17.306436,108.140615,90.927588,17.213028,3.168130,0.021832
107.158149,89.851492,17.306658,107.991035,90.654486,17.336548,3.312195,0.020879
107.051405,89.707921,17.343484,107.977624,90.634672,17.342952,3.130525,0.022245
106.944160,89.558810,17.385350,108.261712,90.889962,17.371751,3.201667,0.023011
106.886318,89.503353,17.382965,107.782696,90.448866,17.333830,3.175542,0.021572
106.759520,89.377367,17.382153,107.840030,90.413985,17.426044,3.134761,0.021748
106.730347,89.283580,17.446767,107.692539,90.274312,17.418227,3.095425,0.022280
106.563935,89.168387,17.395548,107.815390,90.488568,17.326822,3.180995,0.022875
106.512074,89.092313,17.419761,107.544828,90.076998,17.467830,3.124176,0.022280
106.471641,89.008104,17.463537,107.560382,90.077370,17.483011,3.262355,0.020242
106.323341,88.837838,17.485503,107.423062,89.992291,17.430770,3.185552,0.021340
106.321815,88.889011,17.432804,107.526901,90.012367,17.514534,3.200607,0.022185
106.230375,88.760494,17.469881,107.485067,90.068498,17.416569,3.253715,0.021853
106.303625,88.813954,17.489671,107.306671,89.745196,17.561475,3.201549,0.020046
106.076780,88.575733,17.501047,107.352273,89.805775,17.546498,3.165073,0.022486
106.016715,88.502138,17.514577,107.267454,89.751288,17.516166,3.379019,0.021735
105.862124,88.331824,17.530300,107.255300,89.726767,17.528533,3.243845,0.021088
105.906462,88.368832,17.537630,107.165126,89.656130,17.508996,3.283608,0.022459
105.849358,88.311723,17.537635,108.167421,90.543582,17.623838,3.075165,0.023006
105.818314,88.240865,17.577449,107.063675,89.426882,17.636793,3.318131,0.020034
105.829027,88.259983,17.569044,106.903410,89.234525,17.668885,3.336486,0.020601
105.563830,87.981796,17.582034,106.750014,89.198741,17.551273,3.180630,0.020430
105.607494,88.047323,17.560171,107.225402,89.675213,17.550188,3.158296,0.021444
105.528327,87.941399,17.586928,106.781917,89.226476,17.555441,3.093572,0.020226
105.531736,87.938840,17.592895,106.771466,89.150585,17.620882,3.173093,0.021650
105.456449,87.863767,17.592683,107.150486,89.489479,17.661007,3.110966,0.023191
105.423391,87.815505,17.607887,107.024743,89.414124,17.610618,3.309500,0.021000
105.450462,87.838078,17.612384,106.793737,89.138199,17.655538,3.203836,0.020843
105.361196,87.799629,17.561567,106.925365,89.317761,17.607604,3.163535,0.022467
105.308551,87.716371,17.592180,106.766125,89.133974,17.632151,3.191182,0.021939
105.321147,87.730783,17.590363,106.610125,89.072234,17.537891,3.339823,0.020170
105.185939,87.584727,17.601212,106.714736,89.176947,17.537789,3.251932,0.020144
105.225414,87.627716,17.597698,106.727421,89.055890,17.671531,3.283615,0.020664
105.103423,87.512919,17.590504,106.694375,89.110768,17.583607,3.223530,0.020326
105.051689,87.438444,17.613245,106.432261,88.865049,17.567211,3.157470,0.019682
105.054361,87.410795,17.643565,106.924333,89.259375,17.664958,3.290004,0.019938
105.033900,87.417366,17.616534,106.910029,89.331236,17.578793,3.247788,0.022634
104.982140,87.365301,17.616839,106.563916,88.865337,17.698579,3.351311,0.019627
104.924939,87.285166,17.639772,106.463812,88.851369,17.612444,3.259988,0.021813
104.968366,87.364853,17.603513,106.757336,89.081220,17.676116,3.081558,0.021678
104.866059,87.236844,17.629215,106.376723,88.692268,17.684455,3.119409,0.022003
104.815242,87.168655,17.646587,106.312458,88.583675,17.728784,3.209358,0.021667
105.004003,87.283145,17.720858,106.231816,88.448091,17.783725,3.366123,0.019250
104.801163,87.164248,17.636915,106.585689,89.043941,17.541748,3.336238,0.021014
104.785342,87.139590,17.645752,106.444880,88.702184,17.742696,3.275845,0.021063
104.688532,87.040177,17.648355,106.281871,88.612611,17.669260,3.256268,0.021838
104.704072,87.033589,17.670483,106.466461,88.785986,17.680475,3.093688,0.022924
104.735725,87.032665,17.703061,106.241313,88.589634,17.651679,3.243546,0.021729
104.689745,87.016527,17.673218,106.483975,88.766972,17.717003,3.016299,0.021529
104.591664,86.929082,17.662582,106.357997,88.704200,17.653797,3.094402,0.021259
104.479382,86.806521,17.672861,106.424534,88.821388,17.603147,3.280461,0.020447
104.560176,86.896229,17.663947,106.022983,88.333917,17.689065,3.069032,0.021925
104.567647,86.916244,17.651402,106.739642,89.020091,17.719551,3.378747,0.020213
104.528829,86.856135,17.672695,106.080968,88.424815,17.656154,3.068132,0.021423
104.468663,86.769999,17.698664,106.268561,88.652189,17.616372,3.284295,0.021398
104.392586,86.711230,17.681357,106.411704,88.772659,17.639045,3.110581,0.021467
104.416341,86.770522,17.645819,106.362949,88.740372,17.622577,3.120949,0.021886
104.408590,86.718683,17.689908,106.374330,88.729990,17.644340,3.137171,0.021966
104.391050,86.687194,17.703856,106.235051,88.469370,17.765681,3.322224,0.020045
104.268539,86.534483,17.734056,106.000506,88.272522,17.727984,3.232869,0.020722
104.264729,86.555605,17.709123,105.946136,88.244298,17.701838,3.095376,0.022116
104.325499,86.615584,17.709915,106.081719,88.256547,17.825172,3.265750,0.020627
104.285244,86.541142,17.744101,106.074772,88.345718,17.729055,3.098247,0.022829
104.249276,86.515017,17.734259,105.916424,88.094408,17.822016,3.038086,0.021772
104.174893,86.456817,17.718076,106.362601,88.651972,17.710628,3.171331,0.023237
104.170546,86.418974,17.751572,106.008776,88.295896,17.712880,3.323043,0.019860
104.102569,86.375997,17.726571,106.268825,88.562530,17.706295,3.222215,0.021186
104.203932,86.495292,17.708640,106.077478,88.331393,17.746085,3.120119,0.021404
104.090552,86.378935,17.711616,105.901702,88.201733,17.699969,3.142026,0.019706
104.057224,86.352635,17.704590,106.008622,88.333856,17.674767,3.266702,0.021635
104.123062,86.392643,17.730419,106.322190,88.595072,17.727118,3.263866,0.021943
104.042116,86.331889,17.710227,106.103553,88.443873,17.659681,3.145821,0.021263
104.095368,86.358275,17.737093,106.154105,88.443098,17.711006,3.349988,0.020046
104.084502,86.330385,17.754117,106.056713,88.356177,17.700536,3.252707,0.020616
104.075184,86.334901,17.740283,106.081143,88.320352,17.760790,3.267737,0.021410
104.012146,86.237602,17.774544,105.695700,87.812938,17.882761,3.148566,0.020677
103.919824,86.144549,17.775275,105.858080,88.134686,17.723394,3.272286,0.022369
103.891869,86.154537,17.737332,105.765733,87.988817,17.776915,3.113575,0.021079
103.941707,86.195805,17.745902,105.766191,88.077003,17.689188,3.334022,0.019341
103.966118,86.254234,17.711884,105.990366,88.218242,17.772124,3.246994,0.019903
103.995607,86.229150,17.766458,106.252918,88.502129,17.750790,3.206291,0.021007
103.936951,86.174145,17.762806,105.745844,88.058805,17.687039,3.274431,0.021342
103.908785,86.133665,17.775120,106.071446,88.372109,17.699337,3.199005,0.021207
103.862135,86.139068,17.723067,105.804741,88.185478,17.619263,3.156081,0.022125
103.865342,86.124548,17.740793,105.906902,88.242858,17.664044,3.414723,0.019801
103.842271,86.118985,17.723286,106.116841,88.405775,17.711066,3.270058,0.020099
103.802141,86.052930,17.749211,105.847197,88.157125,17.690072,3.222777,0.021562
103.733719,86.010967,17.722752,105.986367,88.234027,17.752340,3.391540,0.020948
103.791058,86.049149,17.741908,105.775868,88.017074,17.758794,3.339814,0.020999
103.771948,86.004855,17.767093,105.946353,88.198525,17.747828,3.461103,0.019737
103.756039,85.997879,17.758160,105.642429,87.845449,17.796980,3.335457,0.021100
103.611309,85.848215,17.763094,105.860424,88.181571,17.678853,3.498877,0.019489
103.654088,85.934906,17.719182,105.784872,88.018879,17.765993,3.106569,0.023116
103.639812,85.880389,17.759423,105.683851,87.965447,17.718403,3.064940,0.022346
103.668940,85.915439,17.753500,105.914245,88.169981,17.744265,3.310722,0.020655
103.656187,85.906754,17.749433,105.758150,87.984454,17.773697,3.128669,0.022942
103.649612,85.897602,17.752010,105.846012,88.075975,17.770036,3.280432,0.020099
103.720232,85.974599,17.745633,106.020955,88.291520,17.729436,3.182603,0.022158
103.635355,85.877350,17.758005,105.657371,87.944010,17.713361,3.169178,0.020800
103.622580,85.872818,17.749762,105.707758,87.943095,17.764663,3.222499,0.021178
103.569147,85.803645,17.765501,105.712071,87.915344,17.796727,3.262081,0.022204
103.596518,85.822542,17.773976,105.866499,88.091563,17.774936,3.470835,0.021024
103.587342,85.756800,17.830542,105.995048,88.234612,17.760436,3.209299,0.023783
103.552427,85.725151,17.827276,105.752033,87.805151,17.946882,3.278362,0.019235
103.466250,85.668494,17.797756,105.616513,87.771812,17.844701,3.309162,0.021262
103.403880,85.621718,17.782162,105.619813,87.848043,17.771770,3.236910,0.020232
103.503917,85.659016,17.844901,105.949633,88.156397,17.793236,2.996354,0.022362
103.450966,85.622760,17.828206,105.750637,87.898894,17.851743,3.145810,0.021663
103.384752,85.594630,17.790122,105.477800,87.696604,17.781195,3.158751,0.020835
103.426378,85.578194,17.848184,105.652358,87.867163,17.785195,3.409347,0.020734
103.481970,85.652518,17.829452,105.884244,88.068080,17.816165,3.343455,0.022055
103.524056,85.674995,17.849061,105.959611,88.125745,17.833866,3.208161,0.020984
103.427712,85.566577,17.861135,105.565491,87.682980,17.882511,3.234484,0.019983
103.447281,85.547185,17.900096,105.686820,87.739836,17.946984,3.123790,0.021035
103.388607,85.523670,17.864936,105.571112,87.768417,17.802695,3.144682,0.021226
103.286474,85.426503,17.859971,105.576614,87.700763,17.875852,3.188589,0.021932
103.364376,85.511242,17.853134,105.705932,87.865028,17.840904,3.153423,0.022198
