199.823890,193.892479,5.931411,171.867437,160.873777,10.993659,2.315453,0.019465
158.863433,144.111289,14.752144,149.663430,132.741411,16.922018,2.337708,0.029699
146.004710,128.032615,17.972096,141.822544,122.471817,19.350728,2.264307,0.035004
138.775997,118.849106,19.926890,135.005546,113.968271,21.037274,2.466605,0.032738
133.528825,112.273158,21.255667,130.673305,108.875775,21.797530,2.588780,0.034167
130.344716,108.357099,21.987617,128.392529,106.189281,22.203247,2.580229,0.038493
128.168217,105.758272,22.409946,126.374766,103.908889,22.465877,2.757815,0.034314
126.451792,103.768959,22.682833,125.262071,102.334498,22.927573,2.661980,0.037038
125.058362,102.211150,22.847212,124.420371,101.571805,22.848566,2.616032,0.039278
124.080968,101.084283,22.996685,123.009817,99.951735,23.058082,2.856127,0.037838
123.110457,100.016898,23.093560,122.493330,99.228929,23.264402,2.772175,0.037062
122.384396,99.177484,23.206913,121.764245,98.567130,23.197115,2.908628,0.035855
121.691379,98.439952,23.251427,121.689983,98.397524,23.292459,2.730616,0.040852
121.120885,97.822535,23.298350,120.853119,97.520063,23.333056,2.969343,0.037517
120.658033,97.278877,23.379157,120.378907,97.058904,23.320003,2.871563,0.036257
120.147055,96.800330,23.346726,119.749159,96.544987,23.204173,3.011827,0.035593
119.685911,96.293967,23.391944,119.552005,96.275285,23.276720,2.748076,0.038974
119.242517,95.848503,23.394014,119.318219,95.977408,23.340812,2.974039,0.038369
118.950134,95.544656,23.405478,119.055105,95.600514,23.454592,3.044298,0.038056
118.578461,95.134187,23.444275,118.932370,95.470750,23.461620,2.918781,0.036686
118.193942,94.772241,23.421702,118.327156,94.980473,23.346682,2.911021,0.037173
117.903148,94.494096,23.409053,118.238100,94.933635,23.304465,2.825216,0.042944
117.732009,94.248355,23.483654,118.204697,94.875400,23.329297,2.988054,0.036698
117.455801,94.007079,23.448721,117.649100,94.171485,23.477615,2.859922,0.037075
117.089133,93.620103,23.469030,117.692789,94.246392,23.446397,2.941294,0.039809
116.940399,93.479544,23.460855,117.518077,94.162704,23.355373,2.948524,0.037384
116.688499,93.215050,23.473449,117.320071,93.911422,23.408649,3.080763,0.036351
116.499690,93.001889,23.497801,116.897245,93.599227,23.298018,2.970631,0.038275
116.311199,92.833735,23.477464,116.803528,93.437562,23.365967,3.139261,0.037317
116.084839,92.600996,23.483843,116.897450,93.441153,23.456297,2.948279,0.040358
115.935070,92.445281,23.489789,116.540142,93.177447,23.362695,3.020165,0.038199
115.694817,92.221040,23.473777,116.251216,92.947305,23.303911,3.025220,0.039115
115.483229,92.025953,23.457276,116.252945,92.990055,23.262890,3.075608,0.037207
115.399142,91.954506,23.444636,116.137700,92.911710,23.225990,3.027819,0.039701
115.192974,91.732309,23.460665,116.032562,92.583383,23.449180,3.107527,0.035624
115.022140,91.553624,23.468516,115.891075,92.512245,23.378830,2.954855,0.036213
114.911231,91.484665,23.426566,115.854341,92.474634,23.379707,3.113768,0.038240
114.746645,91.291068,23.455577,115.863208,92.508026,23.355183,3.026735,0.038400
114.584572,91.123515,23.461057,115.690593,92.463124,23.227469,3.059252,0.040190
114.428792,90.984341,23.444450,115.529090,92.168540,23.360550,3.085300,0.038785
114.274876,90.854436,23.420441,115.583919,92.285986,23.297933,2.985427,0.039573
114.236720,90.775722,23.460997,115.025144,91.638674,23.386470,3.102360,0.036471
114.097938,90.668289,23.429650,115.033461,91.620110,23.413351,3.160254,0.033604
113.889073,90.502424,23.386649,115.150423,91.875584,23.274839,3.040230,0.041399
113.846963,90.450680,23.396284,114.999714,91.696292,23.303422,3.077161,0.035859
113.723868,90.272045,23.451823,114.848280,91.529524,23.318755,3.234335,0.034200
113.613014,90.218514,23.394499,114.973107,91.733581,23.239527,2.967983,0.039726
113.431708,90.078092,23.353617,114.607775,91.369794,23.237981,3.101237,0.037786
113.359345,89.967169,23.392176,114.625702,91.298412,23.327290,3.101632,0.037697
113.202014,89.853714,23.348300,114.623956,91.370459,23.253497,3.080958,0.037434
113.179645,89.816504,23.363141,114.267822,91.075183,23.192639,3.074140,0.038149
113.045715,89.691845,23.353870,114.440763,91.147990,23.292773,3.220697,0.033814
112.918100,89.540142,23.377958,114.014454,90.753521,23.260933,3.126489,0.033580
112.731712,89.408191,23.323522,114.061073,90.921541,23.139531,3.237855,0.036814
112.684963,89.389732,23.295231,114.326298,91.251590,23.074708,3.046256,0.039873
112.607145,89.353931,23.253214,113.909391,90.702380,23.207011,3.145595,0.035160
112.428584,89.145192,23.283392,114.069850,90.982134,23.087716,3.190459,0.034626
112.458261,89.209670,23.248591,113.884027,90.796386,23.087642,2.994298,0.040136
112.377003,89.111377,23.265626,113.665220,90.548684,23.116535,3.187983,0.033636
112.270424,88.996658,23.273766,113.682582,90.625210,23.057371,3.153150,0.034201
112.191567,88.909504,23.282063,113.644647,90.474888,23.169759,3.309344,0.034247
112.065590,88.778839,23.286751,113.830388,90.695206,23.135182,3.052727,0.036100
112.074825,88.825001,23.249824,113.765163,90.505221,23.259942,3.127186,0.039978
111.968753,88.701643,23.267110,113.209004,90.058297,23.150708,3.145880,0.033978
111.820000,88.597735,23.222264,113.104325,89.918529,23.185796,2.971125,0.038047
111.712763,88.498402,23.214361,113.288573,90.118561,23.170012,3.232541,0.035276
111.725358,88.517862,23.207496,113.226984,90.165860,23.061125,3.113003,0.039354
111.602173,88.389612,23.212561,113.454562,90.324025,23.130538,3.040052,0.037730
111.527336,88.381188,23.146148,113.268264,90.207212,23.061051,3.051975,0.036090
111.483463,88.320524,23.162939,112.959351,89.877521,23.081830,3.115551,0.038329
111.357364,88.196458,23.160906,113.001194,89.982725,23.018469,3.227949,0.035953
111.345708,88.170786,23.174922,113.007112,90.026786,22.980327,2.934441,0.038517
111.217813,88.057686,23.160126,112.868921,89.773769,23.095152,3.169717,0.034906
111.135691,87.964913,23.170778,112.922652,89.957343,22.965310,3.147601,0.036327
111.045602,87.931895,23.113707,112.642909,89.598214,23.044695,3.078991,0.039733
111.070468,87.893047,23.177421,112.924139,89.841488,23.082652,3.283645,0.034189
110.927897,87.784087,23.143810,112.817654,89.870556,22.947098,3.160996,0.036706
110.786374,87.680259,23.106115,112.932301,89.906296,23.026005,3.068850,0.036013
110.737439,87.633307,23.104132,112.713061,89.608173,23.104888,3.219184,0.037476
110.717142,87.602780,23.114361,112.361726,89.297909,23.063818,3.192568,0.036298
110.622978,87.533802,23.089176,112.317500,89.359408,22.958092,3.022919,0.037141
110.550308,87.451748,23.098561,112.182143,89.250555,22.931588,3.287243,0.034437
110.403362,87.333189,23.070173,112.322811,89.329602,22.993209,3.170610,0.035063
110.351294,87.283177,23.068118,112.239209,89.316368,22.922842,3.290034,0.034425
110.387293,87.359178,23.028116,112.199420,89.332782,22.866638,3.070863,0.038560
110.313656,87.276847,23.036809,112.302440,89.420521,22.881919,3.281704,0.032790
110.249518,87.207788,23.041730,112.180841,89.299332,22.881508,3.219844,0.035402
110.224996,87.173242,23.051754,112.066441,89.102536,22.963905,3.353557,0.034403
110.106702,87.067370,23.039332,111.994589,89.166603,22.827986,3.363705,0.032191
109.994395,87.031584,22.962810,112.053379,89.162986,22.890393,3.036974,0.035720
110.060093,87.079182,22.980911,111.861134,88.928254,22.932880,3.157325,0.035097
109.927683,86.938825,22.988858,111.708749,88.776185,22.932564,3.194598,0.035115
109.833687,86.872354,22.961332,111.814003,88.926001,22.888004,3.090085,0.039240
109.723892,86.755856,22.968036,111.585428,88.733774,22.851654,3.211081,0.033498
109.736989,86.750691,22.986298,111.305152,88.425880,22.879272,3.193141,0.036478
109.639495,86.701974,22.937521,111.578267,88.703559,22.874708,3.068467,0.034078
109.642151,86.689565,22.952586,111.589124,88.685343,22.903781,3.126951,0.036093
109.464972,86.495573,22.969398,111.497329,88.607043,22.890286,3.036859,0.037647
109.470391,86.513136,22.957255,111.575998,88.631047,22.944951,3.411534,0.034031
109.385180,86.435518,22.949663,111.455822,88.658925,22.796897,3.304034,0.033101
109.344557,86.386950,22.957608,111.332632,88.426326,22.906305,3.099580,0.037687
109.301062,86.406217,22.894845,111.409609,88.550755,22.858854,3.241124,0.032601
109.197125,86.275010,22.922116,111.139746,88.294621,22.845125,3.500457,0.032244
109.148732,86.207720,22.941012,111.089719,88.242672,22.847046,3.288842,0.035020
109.042629,86.120779,22.921850,111.184470,88.412471,22.771999,3.216274,0.038100
109.096820,86.136614,22.960206,111.018611,88.169994,22.848617,3.108234,0.036910
109.038967,86.135931,22.903036,110.951529,88.165509,22.786020,3.192432,0.037706
108.862849,85.936128,22.926722,110.810507,88.070183,22.740323,3.254571,0.033963
108.907277,85.995935,22.911342,111.183003,88.399281,22.783722,2.988294,0.036950
108.787661,85.884047,22.903615,110.807336,88.027272,22.780064,3.298619,0.033098
108.747546,85.811050,22.936495,110.595870,87.940673,22.655197,3.248840,0.035284
108.685342,85.870159,22.815184,110.658649,87.804864,22.853785,2.987526,0.037689
108.564121,85.650385,22.913736,110.420314,87.617886,22.802428,3.258346,0.032369
108.462236,85.592561,22.869675,110.544755,87.825285,22.719469,3.266532,0.036354
108.471404,85.645964,22.825440,110.523673,87.848138,22.675535,3.258128,0.034443
108.379747,85.525972,22.853775,110.282229,87.564159,22.718069,3.105583,0.034583
108.423518,85.615092,22.808426,110.969430,88.286324,22.683106,3.016409,0.036018
108.312934,85.459672,22.853262,110.295804,87.537010,22.758793,3.174347,0.036553
108.239636,85.426551,22.813085,110.299557,87.640050,22.659507,3.325813,0.037096
108.225328,85.417229,22.808099,110.415871,87.734475,22.681396,3.210972,0.032272
108.187636,85.364053,22.823584,110.225872,87.545220,22.680651,3.314737,0.033558
108.042988,85.238090,22.804899,110.278180,87.598800,22.679380,3.135333,0.034531
108.134580,85.309112,22.825468,110.183766,87.430102,22.753664,3.264821,0.034462
108.007558,85.235662,22.771896,110.136074,87.400162,22.735912,3.338160,0.035090
107.994653,85.128050,22.866602,109.988590,87.212560,22.776030,3.221986,0.033460
107.848808,85.072587,22.776221,109.792890,87.112663,22.680227,3.265412,0.034122
107.815343,85.025577,22.789766,110.151457,87.468981,22.682476,3.136557,0.037072
107.822999,85.019513,22.803486,109.856859,87.038856,22.818003,3.144959,0.032379
107.769385,84.994726,22.774659,110.152350,87.440807,22.711543,3.418664,0.034050
107.691711,84.956614,22.735097,110.014376,87.407747,22.606629,3.297511,0.035557
107.654681,84.941178,22.713503,109.932379,87.293840,22.638539,3.420283,0.031582
107.611266,84.922326,22.688940,110.005376,87.551698,22.453679,3.355549,0.031081
107.601213,84.877357,22.723857,109.760339,87.103083,22.657256,3.133370,0.036810
107.521119,84.747586,22.773534,109.587842,86.879959,22.707883,3.418462,0.034423
107.492354,84.701959,22.790395,109.661254,87.089985,22.571269,3.125927,0.035607
107.487389,84.774690,22.712699,109.611175,87.012827,22.598348,3.337496,0.034289
107.377812,84.635991,22.741821,109.496427,86.911223,22.585203,3.241628,0.035846
107.277659,84.609977,22.667682,109.527818,86.988869,22.538950,3.264768,0.034159
107.255109,84.563414,22.691695,109.402675,86.730230,22.672445,3.509305,0.031950
107.240792,84.464290,22.776502,109.365930,86.745693,22.620237,3.230225,0.033456
107.170880,84.471086,22.699794,109.623507,86.977264,22.646243,3.035014,0.034844
107.151300,84.430314,22.720986,109.387628,86.786294,22.601334,3.135912,0.036641
107.104062,84.399532,22.704529,109.245584,86.713115,22.532469,3.091519,0.033306
107.015271,84.334830,22.680441,109.224736,86.747412,22.477324,3.175290,0.034981
107.037930,84.361727,22.676204,109.339102,86.772029,22.567074,3.118150,0.033698
106.949586,84.281171,22.668414,109.303413,86.728070,22.575343,3.066104,0.036612
106.841634,84.211166,22.630468,109.297744,86.762049,22.535695,3.355468,0.035467
106.871304,84.193237,22.678067,109.111806,86.606461,22.505345,3.208964,0.035302
106.843263,84.166070,22.677193,109.091959,86.502061,22.589898,3.360204,0.031915
106.753584,84.086356,22.667229,108.927843,86.366161,22.561681,3.326767,0.031828
106.681220,84.024244,22.656976,109.024754,86.588593,22.436161,3.390628,0.032959
106.643058,84.040645,22.602413,109.031788,86.529781,22.502008,3.315422,0.032353
106.673762,84.093209,22.580553,108.954373,86.476208,22.478165,3.262252,0.033425
106.549036,83.935073,22.613963,108.697237,86.126847,22.570390,3.186260,0.031634
106.497446,83.856225,22.641222,108.968423,86.335050,22.633373,3.347395,0.033327
106.440589,83.857755,22.582834,108.725754,86.204220,22.521535,3.230941,0.034182
106.380423,83.801783,22.578641,108.734762,86.248138,22.486624,3.075696,0.034758
106.367966,83.804319,22.563647,108.703638,86.291868,22.411770,3.388868,0.031864
106.281175,83.755272,22.525903,108.636746,86.210903,22.425843,3.209816,0.033658
106.269050,83.671825,22.597225,108.368862,85.947439,22.421424,3.376119,0.033160
