210.379745,194.267851,16.111894,176.282563,158.390213,17.892349,1.958362,0.025421
161.069860,140.523720,20.546140,151.585519,129.686021,21.899498,2.121365,0.033924
147.524009,124.886714,22.637294,142.991768,119.571275,23.420493,2.328362,0.036806
140.927244,117.190120,23.737124,137.050299,112.918539,24.131759,2.414937,0.039497
136.727302,112.320312,24.406990,134.424335,109.802549,24.621785,2.330824,0.041923
133.901391,109.159083,24.742308,132.015951,107.089029,24.926923,2.573196,0.039700
131.919790,106.950283,24.969508,130.172148,105.120684,25.051464,2.667742,0.040634
130.330653,105.221412,25.109241,128.766267,103.603272,25.162995,2.595209,0.043144
129.002669,103.843162,25.159508,127.953789,102.721734,25.232054,2.756146,0.038986
127.977063,102.785297,25.191766,126.782582,101.478192,25.304390,2.620570,0.040539
126.984713,101.704558,25.280156,125.994975,100.642770,25.352205,2.655207,0.041731
126.272828,100.935859,25.336970,125.399498,99.888572,25.510926,2.880836,0.040100
125.462708,100.103169,25.359538,125.178355,99.785620,25.392735,2.541505,0.045559
124.878949,99.483266,25.395683,124.195062,98.822612,25.372450,2.714423,0.041868
124.282391,98.885856,25.396535,123.636624,98.138628,25.497996,2.846234,0.039594
123.820765,98.425865,25.394900,123.168576,97.789193,25.379384,2.659339,0.044046
123.357510,97.942319,25.415190,122.978511,97.504663,25.473849,2.839369,0.039723
122.911128,97.463383,25.447745,122.725560,97.228761,25.496799,2.793645,0.043172
122.248475,96.977810,25.270666,121.960169,96.809398,25.150770,2.771101,0.043240
121.505087,96.473452,25.031635,121.464117,96.450465,25.013651,2.830492,0.041409
121.068966,96.024923,25.044043,121.020150,95.884637,25.135513,2.775470,0.042546
120.643210,95.580989,25.062221,120.754752,95.752418,25.002334,2.858239,0.044068
120.325829,95.273090,25.052739,120.215747,95.205063,25.010684,2.949868,0.043518
119.964529,94.879030,25.085499,119.990300,94.849615,25.140685,2.862427,0.039401
119.537882,94.508345,25.029536,119.495896,94.557789,24.938108,2.982165,0.040417
119.057985,94.179496,24.878489,119.117579,94.245554,24.872025,2.882478,0.042674
118.746542,93.883907,24.862635,119.056944,94.198050,24.858894,2.820690,0.042012
118.454777,93.581765,24.873012,118.583562,93.792231,24.791330,2.923909,0.041890
118.234567,93.338047,24.896520,118.101948,93.288454,24.813494,3.044083,0.039413
117.897887,93.018556,24.879331,118.026760,93.184731,24.842030,3.082808,0.041935
117.750808,92.856812,24.893996,118.013030,93.198607,24.814423,3.058955,0.041328
117.470564,92.548019,24.922545,117.972853,93.057671,24.915183,3.126816,0.040396
117.200742,92.276170,24.924572,117.620246,92.822295,24.797951,2.951548,0.039180
117.087432,92.159792,24.927640,117.688525,92.865409,24.823116,3.040151,0.036855
116.961772,92.033676,24.928096,117.364648,92.471861,24.892787,2.799438,0.042071
116.727518,91.776413,24.951105,117.225918,92.389580,24.836338,2.870171,0.041757
116.497953,91.594198,24.903755,117.238338,92.487046,24.751292,2.841737,0.044813
116.287614,91.428893,24.858721,116.754000,91.954714,24.799286,2.941340,0.039006
116.109775,91.251165,24.858609,116.701079,91.949871,24.751208,3.193331,0.037611
116.002106,91.139934,24.862173,116.551567,91.681312,24.870254,2.855202,0.043610
115.721327,90.887931,24.833395,116.431330,91.695828,24.735502,3.045935,0.043276
115.677396,90.853696,24.823700,116.342209,91.521313,24.820897,2.883719,0.042508
115.458670,90.594425,24.864245,116.270621,91.420726,24.849896,3.002344,0.043156
115.371280,90.512948,24.858332,116.033161,91.234053,24.799108,2.975328,0.044445
115.134447,90.317783,24.816664,116.008723,91.203886,24.804838,3.124011,0.039356
115.067292,90.215415,24.851878,115.974396,91.185608,24.788788,2.901173,0.042808
115.000326,90.161269,24.839057,115.528502,90.667428,24.861073,2.893921,0.043461
114.830646,89.984676,24.845970,115.673472,91.022067,24.651404,2.962236,0.041775
114.664457,89.862193,24.802264,115.486063,90.694785,24.791278,3.069071,0.039248
114.558243,89.759589,24.798654,115.748934,90.936862,24.812073,2.989409,0.040406
114.468955,89.652218,24.816737,115.053780,90.342345,24.711435,3.089002,0.040027
114.371256,89.553577,24.817679,115.440166,90.622892,24.817275,2.938110,0.042172
114.191350,89.379612,24.811738,115.172379,90.436792,24.735586,3.011499,0.041638
114.104149,89.320303,24.783846,115.041641,90.229113,24.812527,3.046393,0.040028
114.022735,89.209203,24.813532,115.020562,90.290395,24.730167,3.131063,0.039832
113.877553,89.143718,24.733834,114.798699,90.202756,24.595943,3.057255,0.042177
113.685751,88.982019,24.703733,114.774220,90.173337,24.600883,3.153097,0.037493
113.623930,88.934901,24.689029,114.716006,90.030220,24.685786,3.032576,0.040865
113.475323,88.808158,24.667165,114.581143,89.872401,24.708742,3.006584,0.040982
113.301357,88.618516,24.682841,114.647143,90.104461,24.542683,3.014792,0.039076
113.285539,88.621871,24.663668,114.482741,89.802891,24.679850,2.938089,0.043121
113.170194,88.475667,24.694526,114.374196,89.735633,24.638562,2.943391,0.038994
113.126519,88.427292,24.699227,114.313558,89.670040,24.643517,3.075623,0.038810
112.973488,88.335652,24.637836,114.250763,89.726116,24.524647,3.076000,0.040660
112.805363,88.173506,24.631857,114.105600,89.567968,24.537632,3.103820,0.038620
112.732897,88.142055,24.590842,113.834590,89.343763,24.490827,3.284638,0.038622
112.595767,88.021347,24.574420,113.989495,89.476667,24.512828,3.004389,0.040270
112.562337,87.981470,24.580867,113.761209,89.261787,24.499421,3.247541,0.039777
112.422596,87.856520,24.566076,113.772210,89.215218,24.556992,2.910759,0.043525
112.364089,87.786328,24.577761,113.600172,88.980600,24.619572,3.087964,0.040647
112.270528,87.693207,24.577321,113.531933,88.971856,24.560077,3.019847,0.041459
112.143775,87.572598,24.571177,113.646752,89.100019,24.546734,2.980969,0.042796
112.114672,87.522129,24.592543,113.497926,88.886883,24.611043,3.035154,0.039118
112.046904,87.480139,24.566765,113.429371,88.960903,24.468469,3.119165,0.038341
111.883430,87.345185,24.538245,113.616987,89.218526,24.398461,3.062162,0.041715
111.889406,87.308688,24.580718,113.419441,88.830088,24.589354,3.132226,0.039879
111.785019,87.226590,24.558429,113.370162,88.848364,24.521797,2.914969,0.041325
111.716721,87.175176,24.541545,113.224108,88.746993,24.477115,3.171067,0.039749
111.635411,87.096032,24.539379,113.118195,88.623935,24.494260,2.922356,0.043509
111.629571,87.059852,24.569719,113.171798,88.648046,24.523752,2.990731,0.039066
111.558661,86.982527,24.576134,113.039994,88.401303,24.638691,2.944194,0.040690
111.471306,86.907079,24.564227,113.202426,88.641975,24.560451,3.040045,0.039189
111.489409,86.919515,24.569894,112.994794,88.477436,24.517359,3.056737,0.041659
111.302334,86.730918,24.571416,112.745778,88.308037,24.437742,3.080670,0.039997
111.286883,86.702471,24.584412,112.898402,88.343622,24.554781,3.297633,0.037861
111.246733,86.668367,24.578366,112.764767,88.277130,24.487637,2.986197,0.043354
111.175384,86.617358,24.558027,112.594052,88.102225,24.491827,3.175489,0.038268
111.114344,86.546421,24.567923,112.759186,88.273624,24.485562,3.009056,0.044080
111.112047,86.547460,24.564587,112.748424,88.169651,24.578773,3.015528,0.041451
111.058772,86.471788,24.586983,112.547511,88.046996,24.500515,3.089840,0.037741
111.047874,86.488810,24.559064,112.902721,88.346427,24.556293,2.971963,0.044959
110.992712,86.416783,24.575929,112.506967,88.030265,24.476701,2.948893,0.045028
110.937526,86.330511,24.607015,112.613921,87.967577,24.646344,3.023936,0.040080
110.865293,86.259609,24.605684,112.462746,87.941248,24.521498,3.161726,0.039438
110.807149,86.235325,24.571824,112.886862,88.449623,24.437239,3.167507,0.037808
110.718253,86.135744,24.582509,112.423147,87.938487,24.484660,3.062495,0.037303
110.746543,86.138764,24.607779,112.434954,87.982957,24.451997,3.189760,0.037804
110.703050,86.129269,24.573781,112.547978,88.134883,24.413094,3.027100,0.043746
110.718663,86.132600,24.586063,112.161775,87.657292,24.504483,3.090381,0.037908
110.616433,86.026951,24.589482,112.267886,87.708816,24.559070,2.957677,0.039721
110.557876,85.979747,24.578129,112.554263,88.052987,24.501276,2.951296,0.041839
110.476067,85.863403,24.612664,112.201655,87.662326,24.539329,3.109451,0.040048
110.474000,85.863285,24.610714,112.365319,87.764794,24.600525,3.231030,0.040762
110.415220,85.830242,24.584978,112.507541,88.008524,24.499017,3.057425,0.041586
110.406041,85.837524,24.568517,112.255226,87.692169,24.563057,3.271668,0.040204
110.372004,85.797367,24.574637,112.436427,87.921713,24.514714,2.916824,0.043329
110.301378,85.730262,24.571116,112.207542,87.726190,24.481352,3.081194,0.039469
110.296251,85.722390,24.573860,112.313125,87.789714,24.523411,3.240286,0.040042
110.242865,85.671651,24.571214,112.053378,87.540285,24.513092,3.154652,0.041568
110.217173,85.622267,24.594906,112.022307,87.457568,24.564739,2.947540,0.041922
110.168634,85.560469,24.608165,112.112479,87.560952,24.551527,3.000126,0.041998
110.102071,85.540890,24.561181,111.913685,87.463247,24.450437,3.086731,0.038563
110.033640,85.494720,24.538920,112.046222,87.561345,24.484877,3.223257,0.038851
110.053422,85.478840,24.574582,112.107255,87.640447,24.466808,3.063664,0.041779
110.045703,85.468005,24.577697,112.118173,87.555960,24.562214,3.203412,0.038462
110.004793,85.463491,24.541301,111.890661,87.381348,24.509313,3.228854,0.038326
109.955567,85.396916,24.558650,111.861206,87.334459,24.526747,3.253248,0.038888
109.941660,85.369351,24.572309,111.900056,87.322319,24.577737,3.148382,0.037390
109.840311,85.255094,24.585218,111.835892,87.368005,24.467886,3.239105,0.038886
109.828887,85.276536,24.552351,111.814018,87.395702,24.418316,3.131617,0.037678
109.843905,85.289579,24.554326,111.873831,87.388376,24.485455,3.020881,0.037658
109.749318,85.214942,24.534376,111.986837,87.445746,24.541091,3.037334,0.040695
109.719603,85.164910,24.554693,111.763649,87.298095,24.465554,3.216029,0.040895
109.699551,85.171899,24.527652,112.028236,87.550440,24.477796,3.134640,0.040469
109.694966,85.116158,24.578808,111.958922,87.482426,24.476496,3.056042,0.041188
109.672245,85.107295,24.564949,111.641286,87.074920,24.566366,3.130148,0.041481
109.557208,85.000274,24.556934,111.898884,87.437536,24.461349,2.991655,0.044967
109.596756,85.060548,24.536208,111.716993,87.259890,24.457103,2.952048,0.047189
109.608952,85.072893,24.536059,111.585319,87.132558,24.452760,3.229151,0.038545
109.567229,85.046332,24.520897,111.635851,87.118889,24.516962,3.227248,0.040820
109.499840,84.949354,24.550485,111.617676,87.052725,24.564951,3.105450,0.037272
109.451769,84.918791,24.532978,111.834529,87.374577,24.459952,3.042482,0.042948
109.459404,84.957816,24.501588,111.662357,87.227540,24.434818,3.151206,0.041934
109.477885,84.953803,24.524082,111.917692,87.486262,24.431430,2.940514,0.044710
109.454238,84.934193,24.520045,111.340771,86.839485,24.501285,3.160276,0.040623
109.347101,84.786609,24.560492,111.706202,87.221259,24.484942,2.970318,0.043003
109.372031,84.863363,24.508667,111.500109,87.096385,24.403724,3.145012,0.037720
109.254232,84.739785,24.514447,111.676739,87.205600,24.471140,3.295305,0.039705
109.293886,84.758489,24.535397,111.741866,87.187060,24.554805,3.078755,0.042210
109.290894,84.782973,24.507921,111.450496,86.978726,24.471770,3.155961,0.044551
109.237339,84.735921,24.501419,111.385555,87.007836,24.377719,3.143684,0.039893
109.198335,84.663761,24.534574,111.410033,86.905574,24.504459,3.113163,0.041143
109.136021,84.603475,24.532546,111.215351,86.768614,24.446737,3.275867,0.038395
109.161693,84.641978,24.519714,111.364458,86.842982,24.521476,2.910897,0.039454
109.129195,84.622524,24.506670,111.347831,86.914436,24.433394,3.154485,0.038953
109.086222,84.565379,24.520844,111.475064,87.049052,24.426012,3.151075,0.039121
109.058416,84.551588,24.506828,111.744221,87.312453,24.431768,2.992131,0.043137
109.041225,84.538829,24.502396,111.305337,86.836573,24.468764,3.012570,0.043613
109.030492,84.529742,24.500750,111.089297,86.742127,24.347170,3.091902,0.041689
109.023535,84.535950,24.487585,111.322027,86.990296,24.331730,3.386886,0.035346
108.977551,84.488967,24.488584,111.189620,86.787401,24.402218,3.022649,0.041354
108.826944,84.373383,24.453560,111.461239,87.075282,24.385957,3.221972,0.039618
108.956768,84.484832,24.471935,111.453996,87.040228,24.413768,2.948943,0.039780
108.884828,84.389136,24.495692,111.106645,86.687622,24.419023,3.273730,0.043683
108.835712,84.330761,24.504951,111.172809,86.782185,24.390624,3.106612,0.040993
108.820109,84.354291,24.465818,111.147750,86.770893,24.376858,3.151870,0.039751
108.785565,84.325040,24.460525,111.055933,86.597007,24.458926,3.165908,0.039453
108.822848,84.321517,24.501331,111.347244,86.932589,24.414656,3.093710,0.037957
108.791710,84.319185,24.472526,111.263366,86.842339,24.421026,3.279708,0.039135
108.730814,84.229110,24.501704,111.042595,86.628577,24.414018,3.373205,0.037753
