241.490105,238.642658,2.847447,190.850311,186.885885,3.964425,5.449685,0.012385
177.248580,170.137061,7.111519,162.058427,151.576518,10.481908,4.746164,0.022445
155.969094,144.064317,11.904777,149.995594,136.795305,13.200289,4.840524,0.024987
146.702871,132.910943,13.791928,142.333000,127.694269,14.638732,4.936966,0.026355
140.680421,125.626276,15.054145,137.656365,122.039676,15.616689,4.719040,0.029010
136.377752,120.567069,15.810683,133.507829,117.163889,16.343941,4.698022,0.027323
132.908654,116.370310,16.538344,131.072802,114.398018,16.674784,4.545189,0.030666
130.510603,113.612955,16.897648,128.501087,111.403380,17.097706,4.702128,0.028582
128.483942,111.205605,17.278336,126.776103,109.292279,17.483824,4.950001,0.028076
126.877911,109.288142,17.589769,125.096557,107.345941,17.750615,4.593384,0.030631
125.370443,107.635402,17.735042,124.371791,106.316160,18.055631,4.727583,0.030494
124.097884,106.140871,17.957013,122.729336,104.694717,18.034619,4.817156,0.028909
122.941988,104.810833,18.131155,121.692177,103.366554,18.325623,4.839970,0.029058
121.968410,103.735706,18.232705,121.027426,102.791924,18.235502,4.802180,0.028236
121.077612,102.720889,18.356723,120.179629,101.709456,18.470172,4.636945,0.028784
120.308186,101.779140,18.529046,119.223904,100.550990,18.672915,4.760406,0.027623
119.469974,100.755727,18.714247,118.533332,99.811738,18.721595,4.655938,0.029021
118.745027,100.015504,18.729522,118.062935,99.313298,18.749636,4.798437,0.029748
118.026629,99.210199,18.816430,117.312908,98.493565,18.819342,4.816121,0.028817
117.387687,98.463612,18.924075,116.663415,97.857630,18.805785,5.045336,0.026420
116.853247,97.846247,19.007000,116.084780,97.029721,19.055059,4.751661,0.026513
116.289356,97.344790,18.944565,115.710829,96.831597,18.879232,4.810150,0.027541
115.776839,96.824633,18.952206,115.388543,96.307787,19.080756,4.726942,0.027802
115.258194,96.130404,19.127789,114.804315,95.595469,19.208847,4.680628,0.026683
114.830116,95.769027,19.061089,114.738026,95.691160,19.046867,4.751400,0.029020
114.327063,95.078610,19.248453,114.169192,94.976369,19.192824,4.825434,0.027761
113.901698,94.705695,19.196003,113.560057,94.440833,19.119225,4.839005,0.025874
113.482594,94.189813,19.292781,112.934494,93.699953,19.234541,4.594979,0.028614
113.101499,93.847103,19.254397,112.846676,93.726363,19.120313,4.783216,0.026226
112.754980,93.401441,19.353539,112.521142,93.144058,19.377084,4.666781,0.027057
112.394403,93.051807,19.342596,112.248875,93.023108,19.225767,4.799839,0.028279
112.050330,92.729091,19.321239,111.869994,92.576828,19.293167,4.708029,0.027075
111.667774,92.331658,19.336116,111.612056,92.257741,19.354314,4.680840,0.028800
111.350181,91.941279,19.408902,111.166144,91.850441,19.315703,4.890069,0.025562
110.939484,91.528960,19.410524,110.927466,91.593803,19.333662,4.640667,0.026689
110.646011,91.287991,19.358020,110.879428,91.428010,19.451417,4.746250,0.027676
110.397337,91.006719,19.390618,110.538049,91.229610,19.308440,4.766616,0.026505
110.076368,90.681315,19.395052,110.021643,90.768894,19.252749,4.811111,0.025709
109.833907,90.459942,19.373965,110.043351,90.688901,19.354451,4.675948,0.026379
109.578022,90.263318,19.314704,109.897988,90.764116,19.133872,4.961329,0.024936
109.292332,89.967969,19.324363,109.850119,90.644735,19.205383,4.663804,0.025117
109.040159,89.710833,19.329326,109.390319,90.014052,19.376267,4.736915,0.025635
108.829659,89.434256,19.395403,109.007475,89.787335,19.220140,4.782150,0.026000
108.633532,89.287027,19.346506,108.799663,89.525563,19.274100,4.951904,0.025934
108.381253,89.070166,19.311088,108.489898,89.026089,19.463809,4.803354,0.025615
108.036261,88.646912,19.389348,108.270737,89.124542,19.146195,4.699951,0.024866
107.884163,88.550402,19.333761,108.171910,88.984157,19.187753,4.763709,0.026325
107.775815,88.476729,19.299087,108.165549,89.051634,19.113915,4.686190,0.025268
107.511649,88.247109,19.264539,108.216700,89.082147,19.134553,4.577408,0.026024
107.431705,88.148257,19.283448,107.871044,88.534001,19.337043,4.644603,0.026244
107.183143,87.861399,19.321743,107.809737,88.592925,19.216812,4.671855,0.027387
107.013594,87.736693,19.276900,107.601146,88.437529,19.163617,4.903069,0.024722
106.855543,87.569256,19.286287,107.398841,88.143737,19.255104,4.716337,0.024805
106.764454,87.401229,19.363226,107.141862,87.836994,19.304868,4.763099,0.024583
106.555150,87.194548,19.360603,107.207824,87.901532,19.306292,4.762063,0.026193
106.411970,87.157030,19.254940,107.086033,88.028746,19.057287,4.740765,0.026512
106.304880,87.016611,19.288269,106.568214,87.269391,19.298823,4.898960,0.024546
106.082689,86.734242,19.348447,106.740052,87.354282,19.385770,4.983696,0.023194
106.017097,86.607739,19.409358,106.697706,87.395976,19.301729,4.958422,0.023423
105.809983,86.483140,19.326843,106.496048,87.280413,19.215635,4.904836,0.024736
105.733816,86.383106,19.350710,106.544479,87.154793,19.389686,5.097853,0.023661
105.589005,86.190979,19.398026,106.368045,87.053170,19.314875,4.947720,0.024140
105.470045,86.082867,19.387178,106.253135,86.839382,19.413753,5.001502,0.023926
105.409981,86.018320,19.391661,106.327085,86.987234,19.339851,4.896345,0.024343
105.225012,85.793092,19.431920,106.510315,87.189104,19.321211,4.818109,0.024684
105.254595,85.925009,19.329587,106.173272,86.856676,19.316595,4.792799,0.025722
105.145570,85.768021,19.377549,105.998961,86.582800,19.416160,5.068712,0.022024
105.010628,85.643049,19.367579,106.011364,86.771204,19.240160,4.612511,0.028031
104.872147,85.491258,19.380889,105.811749,86.453146,19.358603,5.142855,0.023259
104.788043,85.412012,19.376031,105.538369,86.253644,19.284725,4.949451,0.025634
104.669656,85.256989,19.412667,105.525573,86.154825,19.370748,4.971219,0.022437
104.681862,85.230669,19.451193,105.766121,86.400772,19.365350,4.578227,0.027275
104.590605,85.101726,19.488880,105.418755,86.035547,19.383208,4.959042,0.024675
104.478923,85.045944,19.432978,105.400598,85.932897,19.467700,4.961877,0.023509
104.356174,84.851093,19.505081,105.482399,86.067476,19.414923,4.801431,0.024880
104.276942,84.835603,19.441339,105.322790,85.980022,19.342768,4.764606,0.024798
104.261028,84.805401,19.455627,105.357009,85.947015,19.409994,5.013231,0.023354
104.281322,84.775370,19.505952,105.207157,85.755696,19.451461,5.106396,0.023125
104.139896,84.613756,19.526140,105.115301,85.622174,19.493126,5.027953,0.023950
104.047764,84.528671,19.519092,105.292311,85.881939,19.410372,4.775787,0.023916
104.027539,84.543624,19.483916,105.387038,85.983255,19.403783,4.970523,0.023805
103.954183,84.394392,19.559792,105.089566,85.569791,19.519775,4.959011,0.022787
103.825693,84.305629,19.520065,105.095806,85.672602,19.423205,4.750021,0.026075
103.749581,84.189428,19.560153,105.113607,85.558754,19.554853,4.715107,0.024553
103.697128,84.149697,19.547431,105.036120,85.547066,19.489054,4.788036,0.024086
103.700903,84.116761,19.584142,104.926113,85.405517,19.520596,4.770866,0.023565
103.579831,83.985159,19.594672,104.865014,85.267111,19.597903,4.899572,0.025729
103.580795,83.948728,19.632067,104.877314,85.311850,19.565464,4.710852,0.023366
103.566675,83.985166,19.581509,104.862690,85.342673,19.520017,4.874244,0.022432
103.405532,83.783342,19.622190,104.716838,85.139030,19.577808,5.118054,0.024453
103.425252,83.737366,19.687886,105.048114,85.616616,19.431497,4.663335,0.024764
103.321236,83.727575,19.593661,104.777199,85.122798,19.654401,5.160415,0.021634
103.367853,83.748731,19.619121,104.998093,85.399851,19.598242,4.891164,0.023678
103.302432,83.637704,19.664728,104.679831,85.007758,19.672072,4.843837,0.022630
103.214599,83.505552,19.709047,104.657618,85.094580,19.563038,4.877252,0.023124
103.153575,83.486129,19.667446,104.586669,84.938926,19.647742,4.820244,0.024511
103.097182,83.373666,19.723516,104.733531,85.143091,19.590440,4.751273,0.025106
103.158159,83.473740,19.684419,104.431727,84.831650,19.600078,5.170894,0.021747
103.087387,83.401623,19.685764,104.289288,84.676063,19.613225,4.787707,0.026721
102.915920,83.191314,19.724606,104.629287,84.949980,19.679307,4.942465,0.022040
102.978901,83.295389,19.683512,104.498470,84.931482,19.566988,5.048984,0.024958
102.863809,83.168655,19.695154,104.558462,84.957308,19.601154,4.825872,0.023508
102.899701,83.181045,19.718656,104.556170,84.832948,19.723223,5.028605,0.024187
102.871656,83.203198,19.668457,104.803382,85.317844,19.485538,4.718162,0.024736
102.774120,83.139773,19.634347,104.477036,84.808432,19.668605,5.039189,0.023927
102.716228,83.016433,19.699794,104.196359,84.546700,19.649660,4.881250,0.023172
102.684920,82.935530,19.749390,104.393345,84.765239,19.628106,4.642721,0.025400
102.667551,83.000225,19.667326,104.298586,84.740273,19.558313,4.850983,0.022897
102.514690,82.826770,19.687920,104.385542,84.787048,19.598493,4.849257,0.022350
102.465557,82.794832,19.670726,104.473764,84.901235,19.572529,4.764838,0.024261
102.453531,82.768421,19.685109,104.249931,84.642613,19.607318,4.850390,0.025013
102.474323,82.825179,19.649143,104.133905,84.555032,19.578873,5.043356,0.023369
102.490044,82.801903,19.688141,104.542007,84.883969,19.658037,4.602537,0.024095
102.369877,82.653986,19.715890,104.062515,84.419622,19.642893,4.963754,0.023328
102.351058,82.684892,19.666166,104.095825,84.429189,19.666636,4.967305,0.023107
102.361248,82.634054,19.727193,104.021016,84.318355,19.702661,4.842821,0.024751
102.175404,82.398383,19.777021,103.644606,83.927077,19.717529,4.948753,0.022192
102.379831,82.532457,19.847374,104.026521,84.214978,19.811544,4.797619,0.023373
102.252587,82.434020,19.818567,103.921054,84.259361,19.661692,4.945789,0.022309
102.219826,82.449907,19.769919,103.981865,84.281744,19.700122,5.007375,0.023219
102.141731,82.487667,19.654064,103.967729,84.436415,19.531314,4.928322,0.023607
102.119137,82.490798,19.628339,103.848569,84.230670,19.617899,4.923582,0.024510
102.066539,82.374638,19.691901,103.665046,84.147186,19.517861,4.940822,0.024074
101.982988,82.388976,19.594011,103.699017,84.196585,19.502433,5.127070,0.021615
101.949018,82.272827,19.676192,103.637252,84.043822,19.593430,4.677635,0.024110
101.959492,82.307794,19.651699,103.786488,84.213060,19.573428,4.752134,0.023958
101.907746,82.286377,19.621369,103.492073,84.036963,19.455110,4.923285,0.024086
101.905164,82.271045,19.634120,103.572855,84.016102,19.556753,4.830381,0.024096
101.757484,82.085985,19.671499,103.560458,83.976919,19.583539,5.018459,0.022352
101.717173,82.047407,19.669766,103.674326,84.067029,19.607298,5.023191,0.023767
101.783598,82.128756,19.654842,103.654196,84.125444,19.528752,4.859553,0.021803
101.660776,82.031586,19.629190,103.526447,84.151187,19.375260,4.938647,0.022052
101.710719,82.106053,19.604667,103.473747,83.951799,19.521947,5.124070,0.022138
101.602308,81.975931,19.626377,103.502982,84.035695,19.467288,4.835559,0.023267
101.663265,81.972004,19.691262,103.858880,84.286452,19.572429,4.864469,0.023692
101.617076,81.958813,19.658264,103.682565,84.154307,19.528257,4.874907,0.022395
101.669368,81.999686,19.669682,103.403756,83.845659,19.558097,5.173405,0.022680
101.524425,81.826889,19.697536,103.769161,84.143390,19.625771,5.053092,0.022054
101.606276,81.861122,19.745154,103.680100,84.059315,19.620784,4.744595,0.023667
101.523200,81.825895,19.697305,103.574720,83.875599,19.699121,4.661369,0.024113
101.485714,81.800862,19.684853,103.290343,83.700845,19.589497,5.010429,0.022053
101.392235,81.671477,19.720758,103.441835,83.839611,19.602224,4.770687,0.023188
101.482290,81.785089,19.697201,103.616866,83.967462,19.649404,4.972814,0.022578
101.412931,81.661220,19.751711,103.184026,83.472124,19.711902,4.957307,0.022949
101.313466,81.556150,19.757316,103.575982,83.950286,19.625696,4.956267,0.022367
101.326656,81.576643,19.750013,103.497839,83.725098,19.772741,4.970969,0.022373
101.387910,81.562129,19.825781,103.431393,83.750067,19.681326,4.916574,0.022962
101.347604,81.526714,19.820890,103.433646,83.692407,19.741239,5.118154,0.022888
101.289956,81.595579,19.694377,103.401315,83.788779,19.612536,5.048501,0.023505
101.317470,81.580607,19.736863,103.284229,83.674162,19.610067,4.929633,0.022615
101.227498,81.527613,19.699885,103.172265,83.494048,19.678217,5.180975,0.022094
101.267393,81.527390,19.740003,103.264831,83.588426,19.676404,4.895450,0.024248
101.277989,81.499745,19.778245,103.416404,83.777852,19.638552,4.959013,0.023704
101.234314,81.461067,19.773248,103.636283,83.884781,19.751502,5.053785,0.021994
101.181333,81.382666,19.798667,103.328661,83.619404,19.709257,4.666975,0.025847
101.158324,81.376116,19.782208,103.579675,83.902232,19.677444,4.996444,0.022674
101.194002,81.416322,19.777680,103.458962,83.750563,19.708400,5.062292,0.021873
101.113564,81.228802,19.884762,103.641094,83.856615,19.784480,4.918799,0.022914
101.019894,81.145776,19.874118,103.345878,83.560341,19.785536,4.748196,0.031525
101.042532,81.213835,19.828696,103.400044,83.712097,19.687947,5.300848,0.023063
