205.506712,203.328317,2.178395,186.147477,182.134879,4.012598,5.098141,0.010362
171.988933,164.635448,7.353485,158.680173,148.619853,10.060320,3.820395,0.016946
152.689926,141.131023,11.558902,147.915349,135.112100,12.803247,3.636344,0.018723
144.297295,130.864753,13.432542,140.643492,126.441713,14.201779,3.656241,0.017189
138.873441,124.109174,14.764267,136.425552,121.118302,15.307251,3.604844,0.019019
135.362417,119.537819,15.824598,132.782425,116.512444,16.269981,3.795078,0.016498
132.538312,115.845065,16.693247,131.421859,114.504237,16.917622,3.613494,0.017294
130.469667,113.181655,17.288012,129.169453,111.592143,17.577310,3.518843,0.018135
128.620138,110.753552,17.866587,127.328836,109.050973,18.277863,3.607347,0.016702
127.155978,108.737143,18.418835,125.936244,107.215699,18.720545,3.640113,0.017018
125.814871,106.986096,18.828775,124.315830,105.455476,18.860354,3.534909,0.016658
124.807179,105.600365,19.206813,123.761956,104.185740,19.576216,3.515253,0.017108
123.664496,104.074005,19.590491,123.132441,103.395439,19.737003,3.468262,0.017000
123.027060,103.212647,19.814413,122.279869,102.371412,19.908458,3.625306,0.015452
122.161979,102.068985,20.092993,121.925499,101.781826,20.143673,3.676541,0.015654
121.531796,101.278962,20.252833,120.962740,100.604972,20.357768,3.586889,0.016508
120.799595,100.370385,20.429210,120.695419,100.154641,20.540778,3.713635,0.015188
120.271147,99.629802,20.641345,119.839175,99.196290,20.642886,3.565995,0.016042
119.800923,98.998437,20.802485,119.468676,98.558415,20.910261,3.441200,0.016854
119.546815,98.520394,21.026420,118.923879,97.742315,21.181564,3.383815,0.017064
118.979857,97.811447,21.168410,118.729574,97.515083,21.214491,3.619142,0.015150
118.468956,97.189124,21.279832,118.105344,96.717040,21.388304,3.477500,0.015319
118.301724,96.823787,21.477938,118.277095,96.772929,21.504166,3.433444,0.015078
118.057081,96.516344,21.540738,117.742954,96.102360,21.640594,3.354370,0.015730
117.533460,95.975277,21.558183,117.527119,95.994941,21.532178,3.720750,0.014986
117.231376,95.636666,21.594710,118.040442,96.444192,21.596249,3.252596,0.017201
116.966019,95.259629,21.706391,117.010656,95.270001,21.740655,3.425603,0.015002
116.510653,94.667621,21.843032,116.520726,94.711662,21.809063,3.567529,0.014864
116.218231,94.294562,21.923669,116.513752,94.503157,22.010594,3.586846,0.014950
115.985245,93.961920,22.023325,116.111505,94.043276,22.068229,3.379745,0.015472
115.593336,93.588259,22.005077,116.310704,94.276018,22.034687,3.355970,0.015047
115.310993,93.176075,22.134917,115.500225,93.270224,22.230001,3.490531,0.015478
115.296334,93.061024,22.235310,115.332772,93.099373,22.233400,3.471770,0.013709
114.911427,92.665895,22.245532,115.471345,93.122677,22.348668,3.470602,0.015221
114.586125,92.246873,22.339252,115.159802,92.656893,22.502910,3.397079,0.013951
114.477607,92.053862,22.423744,115.045547,92.635582,22.409965,3.492088,0.014798
114.319040,91.799373,22.519668,114.386948,91.895656,22.491292,3.394422,0.013298
114.226193,91.657140,22.569054,114.450219,91.909658,22.540561,3.480410,0.014117
113.914502,91.260980,22.653522,114.584258,91.912868,22.671390,3.541816,0.013486
113.776315,91.105415,22.670901,114.293657,91.666394,22.627263,3.463699,0.013011
113.771833,91.032537,22.739296,114.450147,91.756792,22.693355,3.510837,0.014275
113.449754,90.703594,22.746160,114.005199,91.417054,22.588145,3.458929,0.013728
113.672018,90.897368,22.774650,114.387401,91.520967,22.866434,3.454380,0.014084
113.165114,90.325360,22.839754,113.759242,91.054960,22.704281,3.491240,0.014169
113.011891,90.187480,22.824411,114.162136,91.276325,22.885811,3.353356,0.014488
113.116510,90.182091,22.934419,113.763774,90.905598,22.858177,3.550462,0.013748
112.754204,89.874284,22.879920,113.936546,90.964275,22.972271,3.514062,0.013255
112.640120,89.696934,22.943186,113.926201,91.002746,22.923455,3.622516,0.012654
112.715793,89.771426,22.944368,113.500649,90.582955,22.917694,3.560220,0.012771
112.471806,89.463263,23.008543,113.623333,90.628824,22.994509,3.686153,0.012444
112.551801,89.508136,23.043665,113.396885,90.318255,23.078630,3.705082,0.012051
112.141564,89.081304,23.060259,113.629155,90.553916,23.075239,3.363676,0.014004
112.285900,89.174465,23.111435,113.462304,90.425371,23.036933,3.438293,0.012934
112.027941,88.866123,23.161819,113.782090,90.623075,23.159014,3.623398,0.012571
112.203045,89.026314,23.176731,113.562209,90.455227,23.106982,3.572119,0.012869
112.060338,88.904464,23.155874,112.955054,89.791716,23.163338,3.595304,0.013371
111.908392,88.707680,23.200712,112.859391,89.642079,23.217312,3.577805,0.013464
111.727819,88.468339,23.259481,113.137120,89.906647,23.230473,3.530950,0.012651
111.626577,88.360638,23.265939,112.622206,89.378022,23.244185,3.679381,0.012096
111.541478,88.215267,23.326210,113.119424,89.695222,23.424202,3.879701,0.011376
111.471511,88.166897,23.304615,113.174870,89.876756,23.298114,3.605080,0.012231
111.355550,88.006689,23.348862,113.331858,90.006484,23.325374,3.925530,0.011202
111.410696,88.038294,23.372402,112.506438,89.225740,23.280698,3.487338,0.012281
111.096263,87.736549,23.359714,112.867327,89.408986,23.458342,3.429827,0.013331
111.043529,87.692751,23.350778,112.298563,88.942603,23.355960,3.642464,0.013199
110.913898,87.565011,23.348887,112.331968,88.952082,23.379887,3.534235,0.012628
110.910104,87.592974,23.317130,112.125704,88.842695,23.283009,3.660932,0.012536
110.700330,87.380563,23.319768,112.775169,89.394813,23.380356,3.806801,0.012368
110.812813,87.400558,23.412255,112.246249,88.808872,23.437377,3.630967,0.012529
110.739925,87.348569,23.391356,112.331278,88.873138,23.458140,3.587997,0.011537
110.656888,87.270538,23.386351,112.263013,88.925869,23.337145,3.511032,0.012261
110.518692,87.079086,23.439606,112.392582,88.888374,23.504208,3.587587,0.012938
110.515798,87.058408,23.457391,112.475872,88.932238,23.543634,3.744769,0.011814
110.577119,87.065415,23.511704,111.950447,88.447843,23.502604,3.626578,0.012128
110.439138,86.967533,23.471605,111.900811,88.489857,23.410954,3.681774,0.012528
110.541269,87.053622,23.487648,112.469325,89.000826,23.468499,3.568473,0.013588
110.329442,86.812513,23.516929,112.259983,88.747951,23.512032,3.593603,0.011915
110.121041,86.625582,23.495460,112.176690,88.704599,23.472092,3.888865,0.010436
110.133425,86.609963,23.523462,111.630778,88.139792,23.490986,3.745738,0.012174
110.041415,86.480764,23.560651,111.515897,87.908486,23.607410,3.616297,0.012220
109.889183,86.348665,23.540519,111.762140,88.193402,23.568738,3.908087,0.010464
109.825548,86.275240,23.550308,111.555170,87.996040,23.559130,3.584029,0.012011
109.692057,86.161584,23.530473,111.540672,87.985655,23.555018,3.686250,0.011969
109.794407,86.270348,23.524059,111.547828,87.989922,23.557906,3.549125,0.011430
109.725975,86.179721,23.546254,111.583205,88.051529,23.531676,3.564931,0.011183
109.627865,86.074908,23.552956,112.001685,88.307166,23.694519,3.511691,0.011837
109.756532,86.145399,23.611133,111.319690,87.761284,23.558406,3.780832,0.010212
109.628972,86.018843,23.610129,111.412065,87.838048,23.574016,3.459796,0.011148
109.516046,85.947644,23.568402,111.746779,88.317845,23.428934,3.613835,0.011099
109.532440,86.009734,23.522706,111.347479,87.868808,23.478672,3.655501,0.012073
109.491107,85.924339,23.566768,111.347904,87.690173,23.657731,3.896663,0.012063
109.668644,86.050322,23.618322,111.112498,87.435210,23.677288,3.655911,0.011310
109.435696,85.741352,23.694344,111.093185,87.439783,23.653402,3.673682,0.011136
109.240103,85.595864,23.644239,111.357940,87.701012,23.656927,3.752100,0.011516
109.344825,85.680439,23.664386,111.391270,87.757008,23.634261,3.560279,0.012127
109.102942,85.483778,23.619164,111.113474,87.504723,23.608751,3.785267,0.010715
109.255332,85.609244,23.646089,111.370584,87.689359,23.681225,3.624613,0.011891
109.203372,85.549920,23.653452,111.467315,87.883401,23.583914,3.648782,0.011357
109.352187,85.675748,23.676438,111.212341,87.563336,23.649005,3.568397,0.010959
109.103262,85.404443,23.698818,111.135720,87.460316,23.675404,3.676051,0.011648
109.027918,85.311842,23.716076,111.303896,87.491926,23.811970,3.768147,0.011216
109.003406,85.326789,23.676617,111.310756,87.621055,23.689701,3.723372,0.011062
108.929194,85.258302,23.670892,110.937042,87.311581,23.625461,3.932904,0.010811
108.838450,85.173610,23.664839,110.950838,87.315508,23.635330,3.819084,0.011541
108.789523,85.104347,23.685177,110.793087,87.246070,23.547017,3.601847,0.012030
108.650260,84.990212,23.660047,110.809359,87.135331,23.674029,3.652305,0.011427
108.672121,84.941397,23.730724,110.606447,86.867684,23.738764,3.525186,0.011203
108.631741,84.881393,23.750347,110.969347,87.286202,23.683145,4.021405,0.009733
108.575902,84.825571,23.750332,110.734323,86.961786,23.772536,3.872320,0.010394
108.658206,84.893469,23.764738,110.924651,87.244954,23.679697,3.872538,0.009823
108.641894,84.887874,23.754020,110.851155,87.121821,23.729334,3.657658,0.011802
108.696109,84.931148,23.764962,110.742286,86.961434,23.780852,3.669055,0.010984
108.473489,84.691785,23.781704,110.890891,87.198538,23.692353,3.825208,0.009884
108.552969,84.785555,23.767414,110.687040,86.959214,23.727826,3.743976,0.011624
108.384616,84.598075,23.786541,110.582607,86.885527,23.697080,3.799556,0.010435
108.390236,84.598533,23.791703,110.543548,86.788557,23.754991,3.804760,0.010758
108.265448,84.449928,23.815520,110.617430,86.776201,23.841229,3.547512,0.010988
108.288954,84.463676,23.825279,110.487995,86.705822,23.782173,3.747842,0.010396
108.494713,84.695403,23.799310,110.963594,87.170000,23.793594,3.690172,0.011368
108.420503,84.606082,23.814420,110.711403,86.877520,23.833883,3.846352,0.009809
108.188091,84.327207,23.860883,110.571991,86.772527,23.799464,3.577263,0.010433
108.248148,84.353299,23.894849,110.755799,86.846921,23.908879,3.617052,0.010360
108.302208,84.423038,23.879171,110.946750,87.058806,23.887944,3.510062,0.011362
108.384953,84.490117,23.894836,110.935984,87.068823,23.867161,3.609866,0.011080
108.212460,84.376601,23.835860,110.992678,87.171989,23.820689,3.527408,0.010498
108.210018,84.368942,23.841076,110.697045,86.916207,23.780838,4.039911,0.010019
108.164788,84.310035,23.854753,111.081948,87.222679,23.859270,3.460038,0.010984
108.345022,84.457310,23.887711,110.906759,87.098082,23.808677,3.660440,0.011495
108.149511,84.294139,23.855372,110.814537,86.954641,23.859897,3.789094,0.010243
108.191601,84.327499,23.864102,110.629958,86.752198,23.877759,3.666852,0.011861
108.270798,84.382085,23.888714,110.523634,86.742701,23.780933,3.556998,0.010705
108.250655,84.356475,23.894180,110.445588,86.637559,23.808029,4.001338,0.009237
108.053822,84.227716,23.826106,110.588205,86.825310,23.762895,3.981866,0.009525
107.911804,84.033635,23.878169,110.264649,86.404372,23.860276,3.692796,0.010933
107.908192,84.040157,23.868035,110.350497,86.460645,23.889853,3.608955,0.009833
108.055963,84.162084,23.893879,110.452026,86.561399,23.890627,3.794619,0.009772
107.787846,83.907868,23.879979,110.454713,86.564449,23.890264,3.879908,0.009930
107.830967,83.964678,23.866289,110.492283,86.687367,23.804916,3.714682,0.009704
107.874955,83.963346,23.911609,110.595946,86.635856,23.960091,3.853636,0.010281
107.980685,84.072201,23.908485,110.672837,86.757572,23.915266,3.656955,0.009004
107.982194,84.098211,23.883983,110.474833,86.611322,23.863511,3.986473,0.009826
107.862523,83.924291,23.938232,110.740992,86.888531,23.852461,3.818764,0.009733
107.943365,84.015829,23.927535,110.399963,86.458879,23.941084,3.784391,0.009464
107.751315,83.815734,23.935580,110.815775,86.860138,23.955637,3.627834,0.010912
107.852664,83.910956,23.941709,110.320352,86.422664,23.897688,3.955239,0.010121
107.642591,83.717881,23.924711,110.284100,86.412697,23.871403,3.487228,0.011618
107.562247,83.670995,23.891251,110.325067,86.396989,23.928078,3.883903,0.009482
107.647500,83.721238,23.926262,110.586588,86.611072,23.975516,3.801896,0.009607
107.709425,83.787625,23.921801,110.521162,86.690808,23.830354,3.884919,0.010171
107.895348,84.003759,23.891589,110.639014,86.703169,23.935845,3.758736,0.010728
107.607753,83.654538,23.953215,110.324046,86.470895,23.853152,4.060041,0.009736
107.693062,83.717963,23.975099,110.403586,86.431856,23.971730,4.016901,0.009074
107.696049,83.727099,23.968951,110.161910,86.195306,23.966604,4.080808,0.008071
107.592422,83.605100,23.987322,110.306042,86.274722,24.031320,3.875153,0.009237
107.557696,83.565200,23.992497,110.278689,86.344409,23.934280,3.927610,0.009256
107.462229,83.463188,23.999042,110.084284,86.145491,23.938792,3.673894,0.009528
107.368474,83.400487,23.967987,110.563590,86.652613,23.910977,3.926392,0.009519
107.416361,83.441194,23.975167,110.223812,86.287049,23.936762,3.812214,0.010652
107.552095,83.562941,23.989154,110.447397,86.453849,23.993548,3.653176,0.008954
107.357647,83.333857,24.023790,110.108032,86.170345,23.937686,3.927318,0.008866
