197.896483,192.432325,5.464157,170.926977,160.254806,10.672170,2.443058,0.023023
157.779219,143.207846,14.571373,147.976409,131.452058,16.524352,2.504532,0.030831
143.719353,125.764935,17.954418,138.711949,119.470942,19.241007,2.438707,0.033435
136.609720,116.731985,19.877735,133.270194,112.733742,20.536452,2.491632,0.038382
132.321527,111.402979,20.918548,129.735316,108.289582,21.445734,2.602126,0.037105
129.356185,107.737116,21.619069,127.336635,105.553849,21.782787,2.631396,0.039692
127.182743,105.178788,22.003954,125.588520,103.384627,22.203893,2.608109,0.038477
125.496086,103.233430,22.262656,124.110449,101.683222,22.427228,2.697421,0.038035
124.181041,101.686226,22.494815,123.248459,100.650785,22.597674,2.850857,0.038282
123.232293,100.603810,22.628483,122.120326,99.347615,22.772712,2.963388,0.036644
122.244807,99.503679,22.741129,121.761072,99.019160,22.741912,2.873030,0.038994
121.434945,98.696123,22.738822,121.071445,98.371339,22.700106,2.771940,0.037905
120.893921,98.137850,22.756071,120.753336,97.937740,22.815596,2.794414,0.039244
120.287447,97.434545,22.852902,119.985906,97.247867,22.738040,2.892653,0.040039
119.618013,96.829254,22.788758,119.303447,96.579550,22.723897,2.883774,0.038751
119.210204,96.386152,22.824052,118.832588,95.910768,22.921820,3.066425,0.034614
118.791171,95.948475,22.842695,118.970765,96.093012,22.877753,2.935417,0.037822
118.363125,95.445718,22.917407,118.258363,95.530725,22.727638,3.062548,0.038720
117.962248,95.060020,22.902228,117.939003,95.068899,22.870104,2.930202,0.038163
117.575073,94.648866,22.926207,117.784941,94.956306,22.828635,2.966402,0.039008
117.317843,94.354977,22.962865,117.525091,94.555718,22.969373,2.945549,0.037385
116.951927,94.001741,22.950186,117.163354,94.409500,22.753854,2.919183,0.035394
116.588113,93.686308,22.901806,116.973803,94.181594,22.792209,3.075975,0.040106
116.363911,93.430047,22.933864,116.979877,94.087791,22.892085,2.915825,0.038415
116.023008,93.118829,22.904179,116.714165,93.802665,22.911500,2.951084,0.040007
115.835989,92.891382,22.944607,116.191622,93.272490,22.919132,3.086860,0.036102
115.514230,92.554438,22.959792,116.133195,93.184764,22.948430,2.943217,0.036457
115.305609,92.364210,22.941399,115.924526,92.915970,23.008555,2.986606,0.038071
115.075472,92.180453,22.895018,115.468675,92.652518,22.816158,2.922231,0.038639
114.872152,91.936758,22.935395,115.582231,92.779016,22.803215,2.919815,0.040512
114.660499,91.795338,22.865161,114.986570,92.021192,22.965378,2.969067,0.036809
114.405945,91.506474,22.899471,115.003284,92.191861,22.811424,2.982956,0.037596
114.286631,91.416573,22.870058,114.830567,91.980115,22.850452,3.010479,0.037093
114.091235,91.192018,22.899217,114.604446,91.889172,22.715275,2.958372,0.040062
113.785810,90.975076,22.810734,114.718263,91.959549,22.758715,3.037000,0.037869
113.665554,90.865897,22.799657,114.611293,91.824217,22.787075,2.923286,0.038007
113.494812,90.703830,22.790981,114.222920,91.508312,22.714608,3.081345,0.033652
113.355601,90.537699,22.817902,114.133324,91.319024,22.814300,2.939070,0.038794
113.122873,90.325767,22.797106,114.089581,91.387235,22.702346,2.990472,0.037748
112.919586,90.169465,22.750122,113.920486,91.216558,22.703928,3.186916,0.036389
112.798173,90.013435,22.784738,113.908338,91.309873,22.598465,3.085321,0.036421
112.712920,89.963388,22.749531,113.842134,91.046058,22.796076,3.058304,0.038170
112.526648,89.763365,22.763283,113.306929,90.682092,22.624837,3.167199,0.034178
112.306847,89.619103,22.687744,113.324612,90.768533,22.556079,2.923406,0.036406
112.191421,89.445164,22.746257,113.417215,90.718513,22.698702,3.003170,0.038057
112.014182,89.274069,22.740113,113.162197,90.477636,22.684561,2.850405,0.039353
111.899060,89.204364,22.694696,113.030879,90.405004,22.625875,3.005090,0.036001
111.838212,89.123397,22.714814,112.857250,90.266676,22.590574,3.176686,0.035994
111.588741,88.852277,22.736464,112.453549,89.901765,22.551784,3.073861,0.037968
111.470323,88.741366,22.728958,112.490387,89.889840,22.600548,2.977048,0.038558
111.314031,88.649534,22.664498,112.547385,89.988546,22.558839,2.984262,0.035796
111.234356,88.550280,22.684076,112.324293,89.701769,22.622523,2.931885,0.035520
111.045461,88.406399,22.639062,112.364804,89.848161,22.516642,2.967824,0.037739
110.888107,88.235233,22.652875,112.047460,89.557909,22.489550,2.891437,0.037455
110.756758,88.164509,22.592248,111.933522,89.630287,22.303235,3.017044,0.040304
110.729244,88.130345,22.598898,112.058173,89.446064,22.612109,3.077052,0.034089
110.490921,87.875306,22.615615,111.778385,89.271901,22.506484,2.863983,0.039245
110.423634,87.834637,22.588997,111.912469,89.455492,22.456978,3.183005,0.036540
110.370945,87.757545,22.613400,111.832519,89.297084,22.535434,3.112725,0.035550
110.188707,87.606302,22.582406,111.576725,89.057256,22.519468,2.888040,0.038769
110.075002,87.516444,22.558558,111.613000,89.164389,22.448611,2.962290,0.037977
110.057523,87.479210,22.578313,111.252592,88.860036,22.392556,3.013575,0.035705
109.854776,87.330783,22.523993,111.238155,88.869625,22.368529,3.123503,0.036948
109.860740,87.339781,22.520959,111.253783,88.875270,22.378514,3.045976,0.036094
109.654471,87.148991,22.505480,111.018093,88.545059,22.473034,3.131090,0.033272
109.492658,86.962213,22.530445,110.884947,88.454869,22.430078,2.989125,0.038191
109.458064,87.008332,22.449733,110.992463,88.503110,22.489353,2.913071,0.041171
109.443542,86.939148,22.504394,110.826399,88.383394,22.443005,3.029037,0.037528
109.355009,86.839873,22.515136,110.639057,88.154012,22.485045,2.851846,0.039620
109.214419,86.735478,22.478941,110.665968,88.265878,22.400090,3.085849,0.033524
109.049365,86.592913,22.456452,110.455993,88.076008,22.379985,3.121588,0.036327
109.041955,86.531102,22.510853,110.417589,88.045237,22.372352,3.109844,0.038593
108.878715,86.466431,22.412284,110.357929,88.061030,22.296899,3.265757,0.035905
108.869745,86.435298,22.434448,110.349032,87.844937,22.504095,3.063705,0.036066
108.698856,86.239884,22.458972,110.198875,87.946267,22.252607,2.977888,0.037119
108.617471,86.119299,22.498172,109.912323,87.469114,22.443209,3.028638,0.035877
108.497530,86.034892,22.462638,109.993440,87.627019,22.366420,3.048004,0.035658
108.364021,85.934043,22.429978,109.806255,87.469059,22.337196,2.914788,0.039780
108.417719,85.994093,22.423626,109.729426,87.425314,22.304112,3.104963,0.037848
108.286465,85.863050,22.423415,109.754032,87.441135,22.312897,3.061647,0.037100
108.255708,85.829241,22.426468,109.823922,87.515156,22.308766,2.828863,0.037592
108.040749,85.723045,22.317704,109.418957,87.211756,22.207201,3.076947,0.034613
108.041429,85.651604,22.389825,109.376643,87.090745,22.285898,3.116604,0.034322
107.928230,85.616424,22.311805,109.424163,87.190100,22.234062,3.148971,0.035371
107.859292,85.543130,22.316162,109.368133,87.102295,22.265838,3.253652,0.032118
107.763658,85.477886,22.285772,109.501441,87.251603,22.249838,3.156744,0.033646
107.787013,85.419673,22.367340,109.237398,86.940091,22.297307,3.013155,0.034249
107.575442,85.224489,22.350953,109.430307,87.213000,22.217307,3.014441,0.034291
107.507158,85.224924,22.282234,108.990715,86.706898,22.283818,3.132408,0.033890
107.360154,85.059668,22.300486,109.085243,86.802869,22.282374,2.990372,0.036561
107.289116,84.994240,22.294877,109.068849,87.027970,22.040879,2.936633,0.037474
107.337294,85.063056,22.274237,109.055619,86.883220,22.172399,3.087487,0.036244
107.141121,84.865117,22.276004,108.717244,86.632449,22.084795,3.117997,0.034228
107.043338,84.798497,22.244841,108.798805,86.704958,22.093847,3.034776,0.036901
106.994968,84.752597,22.242372,108.724336,86.520647,22.203690,3.172527,0.033563
106.888998,84.618491,22.270508,108.591438,86.492301,22.099137,3.196193,0.035681
106.842654,84.606767,22.235887,108.541861,86.361100,22.180760,3.040986,0.035109
106.792252,84.546018,22.246234,108.427785,86.305748,22.122036,2.986650,0.039836
106.638176,84.426437,22.211739,108.651122,86.561925,22.089197,3.017755,0.036250
106.608691,84.403416,22.205275,108.325716,86.203337,22.122379,2.968233,0.036132
106.588771,84.363162,22.225609,108.479634,86.353489,22.126145,3.077726,0.032822
106.501024,84.279294,22.221730,108.249973,86.079193,22.170779,2.969861,0.033470
106.370437,84.179374,22.191063,108.220280,86.219294,22.000985,3.142011,0.032414
106.294371,84.067439,22.226931,107.925315,85.859942,22.065373,3.090712,0.033932
106.174434,83.997800,22.176634,108.101394,85.968985,22.132410,3.292444,0.034952
106.213626,84.020437,22.193189,107.937534,85.892029,22.045505,2.913934,0.034568
106.116580,83.944976,22.171604,107.895597,85.909571,21.986026,3.140498,0.034622
106.064669,83.878463,22.186206,108.122849,86.052241,22.070608,3.070770,0.033440
105.953007,83.792019,22.160988,107.682479,85.731368,21.951111,3.124592,0.035257
105.925110,83.755271,22.169839,107.725687,85.516693,22.208995,3.037713,0.033042
105.805300,83.616517,22.188783,107.909553,85.909627,21.999926,3.024794,0.034377
105.712744,83.539284,22.173460,107.665591,85.692181,21.973410,3.055076,0.034167
105.643762,83.505031,22.138731,107.370300,85.297170,22.073130,3.170009,0.036732
105.586015,83.458146,22.127869,107.366704,85.333709,22.032995,2.852587,0.035993
105.461134,83.285295,22.175838,107.585905,85.529274,22.056631,3.168160,0.031551
105.422758,83.245575,22.177183,107.301952,85.287868,22.014084,2.988004,0.032685
105.381244,83.229692,22.151552,107.269201,85.308780,21.960421,3.223374,0.030352
105.265509,83.150355,22.115154,107.031871,84.917267,22.114605,3.063608,0.032185
105.311619,83.022714,22.288905,107.716555,85.245377,22.471178,2.830555,0.037424
105.442850,83.018821,22.424029,107.221635,85.100389,22.121245,2.898635,0.036805
105.343020,83.117272,22.225748,107.060968,84.939851,22.121117,2.950707,0.031869
105.080593,82.921254,22.159339,106.792813,84.830428,21.962385,3.141260,0.032653
105.008916,82.836550,22.172366,106.657014,84.617682,22.039332,2.979975,0.033919
104.908844,82.787063,22.121781,106.993224,84.950465,22.042759,3.073192,0.038672
104.870585,82.686587,22.183998,106.858614,84.720744,22.137870,3.024404,0.033984
104.883586,82.723227,22.160359,106.920277,84.883928,22.036349,3.063059,0.034645
104.776220,82.687139,22.089082,106.586162,84.532909,22.053254,2.987301,0.030842
104.770412,82.648470,22.121942,106.669075,84.729590,21.939485,3.076781,0.034043
104.658233,82.533154,22.125079,106.604226,84.664800,21.939427,3.120252,0.035108
104.629013,82.510824,22.118190,106.468916,84.492372,21.976544,3.116186,0.031573
104.528874,82.374358,22.154516,106.627937,84.648957,21.978980,3.014922,0.033854
104.540273,82.434986,22.105287,106.395173,84.351504,22.043670,3.060817,0.034534
104.360572,82.246906,22.113666,106.280769,84.355294,21.925475,2.876351,0.033245
104.334498,82.263080,22.071418,106.094109,84.214319,21.879789,3.029888,0.030710
104.297953,82.246762,22.051191,106.268935,84.274947,21.993988,3.362381,0.032618
104.193241,82.145490,22.047751,106.204940,84.303310,21.901630,2.954181,0.035932
104.172744,82.165153,22.007591,106.508130,84.551827,21.956302,3.048367,0.034358
104.123540,82.113614,22.009925,106.027243,84.113236,21.914007,3.237017,0.031292
104.033904,82.000577,22.033327,106.057948,84.144133,21.913815,3.186541,0.034997
103.981986,81.914850,22.067137,106.059206,84.062502,21.996704,3.010629,0.032526
103.834486,81.837122,21.997364,106.171245,84.302951,21.868294,3.008753,0.033121
103.833071,81.824895,22.008176,105.755415,83.798375,21.957040,2.952827,0.033154
103.785268,81.756026,22.029242,105.799230,84.044119,21.755111,3.079876,0.035561
103.683968,81.651147,22.032822,105.795688,83.875859,21.919829,3.221675,0.033296
103.662540,81.641332,22.021208,105.994068,83.982044,22.012024,3.046349,0.033730
103.619498,81.638473,21.981025,105.543412,83.678174,21.865238,3.034985,0.032614
103.597429,81.651944,21.945485,105.465842,83.652638,21.813203,2.967237,0.030751
103.507225,81.570824,21.936401,105.575186,83.804829,21.770357,2.952480,0.037323
103.452465,81.517699,21.934766,105.608825,83.780276,21.828548,3.214300,0.031325
103.353162,81.374817,21.978345,105.207662,83.353725,21.853938,3.146893,0.031792
103.338665,81.354156,21.984509,105.451765,83.627673,21.824093,3.113491,0.031245
103.277443,81.330893,21.946550,105.205108,83.294822,21.910286,3.068097,0.030672
103.198304,81.235763,21.962542,105.179975,83.326220,21.853755,3.010001,0.032922
103.171781,81.244724,21.927056,105.108946,83.284163,21.824783,3.165612,0.031508
103.085586,81.135858,21.949729,105.070168,83.212856,21.857312,3.051752,0.031990
103.169478,81.232172,21.937306,105.455013,83.465602,21.989410,2.943351,0.032725
103.044132,81.052016,21.992116,105.120571,83.342882,21.777688,3.063543,0.032911
102.989880,81.013339,21.976541,105.198698,83.449829,21.748870,3.233840,0.035305
102.907282,80.985075,21.922207,105.225543,83.388784,21.836759,2.873910,0.035850
102.893352,80.958348,21.935004,104.871308,83.062533,21.808775,3.254386,0.027179
