197.099950,193.410568,3.689383,169.888444,161.635225,8.253219,2.901954,0.014368
157.225438,147.131571,10.093867,148.170870,136.895110,11.275760,2.644901,0.020886
144.872301,133.168736,11.703565,140.880203,128.614096,12.266106,2.876747,0.020798
138.301734,125.491705,12.810029,134.592110,121.301402,13.290709,2.933802,0.020858
133.348880,119.747017,13.601863,131.046365,117.172257,13.874109,2.979817,0.022815
130.234463,116.140531,14.093933,128.192672,113.930800,14.261871,3.113353,0.020361
127.910769,113.507308,14.403461,126.356116,111.794535,14.561582,3.206099,0.021675
125.852705,111.121719,14.730986,124.120216,109.191940,14.928276,3.214123,0.021830
124.284178,109.282200,15.001979,122.666701,107.542385,15.124316,3.299950,0.020803
122.659587,107.447074,15.212513,121.341660,105.961553,15.380107,2.979198,0.022748
121.397561,106.042821,15.354740,120.367418,104.881330,15.486088,3.140421,0.022843
120.302913,104.826167,15.476746,119.385372,103.846859,15.538514,3.209954,0.022349
119.356295,103.835194,15.521102,118.701388,103.018754,15.682634,3.282880,0.022769
118.488100,102.854438,15.633662,117.521067,101.849788,15.671280,3.333011,0.022046
117.778728,102.049622,15.729106,117.132226,101.315864,15.816363,3.452245,0.019799
116.955286,101.140596,15.814690,116.232407,100.304005,15.928402,3.366942,0.019855
116.373832,100.448463,15.925369,115.915268,99.868586,16.046682,3.329364,0.020693
115.729985,99.777026,15.952959,115.394224,99.368760,16.025464,3.231981,0.021804
115.142646,99.092392,16.050254,114.924368,98.808473,16.115895,3.438169,0.021295
114.672568,98.599734,16.072834,114.270023,98.126280,16.143743,3.185035,0.021394
114.203937,98.082137,16.121800,113.765428,97.581348,16.184080,3.412623,0.021281
113.708743,97.534891,16.173851,113.801919,97.513548,16.288371,3.288964,0.021176
113.407455,97.201632,16.205824,113.494957,97.303905,16.191052,3.332639,0.022271
113.121933,96.878227,16.243706,113.129376,96.876941,16.252435,3.372117,0.020243
112.669983,96.450515,16.219468,112.974468,96.795546,16.178923,3.291043,0.021418
112.261804,96.012130,16.249674,112.269823,96.036675,16.233148,3.386306,0.020632
111.898726,95.601220,16.297507,111.975150,95.701182,16.273969,3.573007,0.019753
111.619056,95.282988,16.336068,111.681724,95.253044,16.428679,3.552311,0.020251
111.324635,94.972221,16.352414,111.693743,95.280176,16.413567,3.520737,0.019962
111.050051,94.608563,16.441489,111.071946,94.557874,16.514072,3.343105,0.020474
110.694319,94.202365,16.491953,110.955297,94.471675,16.483622,3.460839,0.021009
110.466766,93.956859,16.509907,110.920203,94.388262,16.531940,3.136569,0.021188
110.226807,93.684324,16.542483,110.279572,93.640067,16.639505,3.380323,0.020834
109.970603,93.412790,16.557814,110.444208,93.917191,16.527017,3.253806,0.021236
109.901114,93.353761,16.547353,110.253800,93.723599,16.530201,3.385535,0.020880
109.635632,93.040548,16.595085,110.380547,93.808113,16.572434,3.186940,0.021543
109.406705,92.806153,16.600552,109.939479,93.325455,16.614024,3.321544,0.019833
109.198995,92.601131,16.597864,109.931430,93.304628,16.626802,3.335385,0.020864
108.995992,92.366337,16.629656,109.511664,92.856272,16.655391,3.537010,0.019121
108.800050,92.181058,16.618992,109.249370,92.638475,16.610895,3.304220,0.019392
108.590575,91.967847,16.622728,109.240965,92.604135,16.636830,3.521940,0.018088
108.385503,91.713845,16.671659,109.104377,92.467667,16.636710,3.392495,0.021212
108.222602,91.554585,16.668017,109.242036,92.516354,16.725682,3.298129,0.021454
108.026186,91.378372,16.647814,108.687935,92.023229,16.664706,3.312610,0.021108
107.782744,91.123310,16.659434,108.650952,92.019393,16.631558,3.428752,0.020243
107.647601,90.902831,16.744770,108.663923,91.967361,16.696562,3.352500,0.019800
107.564628,90.842523,16.722105,108.183493,91.449071,16.734422,3.509121,0.019739
107.424469,90.668977,16.755492,108.212224,91.393283,16.818941,3.305970,0.020237
107.328373,90.579554,16.748819,107.897958,91.069529,16.828429,3.375304,0.019814
107.070611,90.302522,16.768089,108.212157,91.455952,16.756206,3.338215,0.020451
106.994585,90.213225,16.781360,107.853636,91.026476,16.827160,3.315475,0.019668
106.880833,90.054968,16.825865,107.998120,91.239328,16.758792,3.319261,0.019184
106.706839,89.929444,16.777395,107.860652,91.102622,16.758031,3.473682,0.019887
106.700592,89.901718,16.798874,108.274045,91.500455,16.773590,3.209167,0.021303
106.532629,89.737514,16.795115,107.482973,90.813127,16.669845,3.477766,0.019214
106.436577,89.619841,16.816737,107.595623,90.840427,16.755196,3.698216,0.019371
106.515871,89.717124,16.798747,107.398380,90.553779,16.844601,3.359622,0.020071
106.300812,89.460747,16.840065,107.270330,90.399621,16.870709,3.437429,0.019434
106.213289,89.380417,16.832872,107.316727,90.489121,16.827606,3.525888,0.018947
106.118945,89.271229,16.847717,107.129344,90.265853,16.863491,3.566207,0.019742
106.020701,89.170293,16.850409,107.273846,90.460109,16.813736,3.842446,0.018008
106.028760,89.162857,16.865903,107.440841,90.582946,16.857895,3.433707,0.020299
105.927594,89.049053,16.878541,107.260952,90.406051,16.854900,3.470650,0.019806
105.867355,89.022797,16.844558,107.122026,90.311523,16.810503,3.381744,0.019600
105.829703,88.962870,16.866833,106.836141,89.940941,16.895200,3.440271,0.018743
105.751832,88.878837,16.872995,107.129142,90.310173,16.818969,3.476895,0.020385
105.638771,88.746940,16.891832,107.066690,90.185961,16.880729,3.400332,0.019796
105.599019,88.709712,16.889308,106.951471,90.058208,16.893263,3.295861,0.022656
105.548043,88.631896,16.916147,107.068016,90.155536,16.912481,3.441257,0.019530
105.534704,88.617034,16.917670,106.524956,89.604034,16.920922,3.421765,0.021422
105.447239,88.521888,16.925351,106.980541,90.049579,16.930963,3.316028,0.019590
105.328568,88.441547,16.887021,106.759981,89.903031,16.856950,3.506170,0.020611
105.307845,88.329648,16.978197,106.657669,89.696137,16.961533,3.502083,0.019756
105.224165,88.282217,16.941948,107.038398,90.062835,16.975563,3.388062,0.021394
105.194449,88.253855,16.940594,106.783422,89.884377,16.899045,3.523357,0.020235
105.121626,88.148710,16.972916,106.518761,89.520441,16.998320,3.554016,0.019525
105.141623,88.184637,16.956986,106.734332,89.770291,16.964041,3.507339,0.020516
105.118663,88.173723,16.944939,106.268393,89.348772,16.919622,3.573543,0.019424
104.988346,87.996601,16.991744,106.754931,89.888842,16.866090,3.566280,0.020428
104.990054,88.031129,16.958925,106.296721,89.373889,16.922833,3.532059,0.018643
104.978474,88.013237,16.965237,106.583181,89.614055,16.969126,3.457292,0.020259
104.850438,87.905353,16.945084,106.596527,89.730081,16.866446,3.582966,0.020489
104.826728,87.881413,16.945316,106.384403,89.472222,16.912181,3.454276,0.022064
104.771216,87.819930,16.951286,106.442225,89.484004,16.958221,3.457408,0.020401
104.746316,87.798471,16.947846,106.564875,89.644312,16.920563,3.366247,0.020276
104.663277,87.720539,16.942738,106.511553,89.628172,16.883381,3.452561,0.020432
104.565361,87.651519,16.913842,106.306740,89.398402,16.908338,3.587165,0.019748
104.609015,87.701871,16.907144,106.169528,89.242157,16.927371,3.633264,0.018692
104.600528,87.635608,16.964920,106.259352,89.293036,16.966316,3.459813,0.019372
104.505643,87.586164,16.919479,106.109138,89.223720,16.885418,3.559791,0.019781
104.422440,87.486679,16.935761,106.397889,89.449934,16.947956,3.629914,0.020293
104.385533,87.438521,16.947012,106.209367,89.287341,16.922026,3.427358,0.019746
104.370308,87.415222,16.955086,106.295404,89.364760,16.930644,3.297376,0.020673
104.377010,87.409211,16.967798,106.342883,89.506911,16.835972,3.599574,0.017924
104.380893,87.433241,16.947652,106.075032,89.135531,16.939501,3.677390,0.018796
104.272593,87.281688,16.990905,106.103864,89.114641,16.989223,3.543966,0.019787
104.233445,87.243007,16.990439,105.980864,88.945082,17.035783,3.421667,0.019408
104.174884,87.196810,16.978075,106.164266,89.191860,16.972406,3.594111,0.018285
104.213967,87.244969,16.968998,106.052702,89.051617,17.001085,3.427730,0.021265
104.144520,87.153385,16.991135,106.019120,88.969948,17.049172,3.438162,0.018815
104.092207,87.073872,17.018335,106.164417,89.206842,16.957575,3.687612,0.019197
104.056206,87.023603,17.032603,105.917075,88.959091,16.957984,3.510003,0.019696
104.070172,87.053887,17.016285,105.986056,88.975307,17.010750,3.424244,0.021717
104.009886,86.994926,17.014960,106.100364,89.102987,16.997378,3.541021,0.020145
104.050485,87.015219,17.035266,106.017433,89.094799,16.922634,3.438207,0.019597
103.977643,86.953651,17.023992,105.841488,88.860036,16.981451,3.519004,0.019240
103.907306,86.888328,17.018978,106.383501,89.540080,16.843421,3.260607,0.022549
103.974547,86.932066,17.042480,105.999043,89.026240,16.972804,3.372305,0.019827
103.828222,86.795852,17.032371,105.782113,88.770801,17.011312,3.694530,0.019790
103.895511,86.834435,17.061076,106.089513,89.110372,16.979141,3.431820,0.020286
103.865346,86.820439,17.044908,105.936425,88.854231,17.082194,3.452997,0.021895
103.724096,86.641964,17.082132,105.907214,88.871014,17.036200,3.455865,0.019206
103.724098,86.670318,17.053780,105.772049,88.701532,17.070518,3.422175,0.019304
103.713750,86.670558,17.043192,105.985241,88.944539,17.040703,3.603709,0.019664
103.690865,86.621056,17.069809,105.973613,88.894133,17.079481,3.532104,0.020203
103.702494,86.618607,17.083887,105.754875,88.677030,17.077845,3.596800,0.020980
103.678944,86.607673,17.071272,105.871524,88.863110,17.008414,3.572749,0.019340
103.676248,86.602519,17.073730,106.086363,89.066151,17.020212,3.438898,0.018781
103.656144,86.577435,17.078710,105.651697,88.611844,17.039853,3.510952,0.019687
103.625812,86.532196,17.093616,105.720248,88.654856,17.065392,3.595906,0.018480
103.619453,86.534681,17.084772,105.838274,88.770735,17.067539,3.639296,0.020362
103.546727,86.450593,17.096134,105.745923,88.725220,17.020703,3.463044,0.020370
103.577554,86.497744,17.079810,105.727363,88.654553,17.072811,3.500560,0.020260
103.572028,86.497126,17.074901,105.598370,88.566689,17.031682,3.635310,0.019122
103.474071,86.365214,17.108858,105.660281,88.495146,17.165135,3.296878,0.021120
103.494805,86.413022,17.081784,105.705925,88.658038,17.047887,3.480472,0.021164
103.468347,86.358290,17.110057,105.909913,88.871254,17.038659,3.479445,0.019796
103.444788,86.304029,17.140759,105.819012,88.766813,17.052198,3.453640,0.020491
103.510564,86.368811,17.141754,105.759556,88.635342,17.124213,3.546350,0.020088
103.435499,86.290965,17.144534,105.665968,88.576566,17.089403,3.551869,0.019984
103.422189,86.274634,17.147555,106.214288,89.099292,17.114997,3.212276,0.019966
103.370555,86.227276,17.143279,105.644021,88.558619,17.085402,3.684885,0.020336
103.374387,86.279743,17.094644,105.584983,88.470672,17.114311,3.377028,0.021863
103.393837,86.250898,17.142940,105.764455,88.748958,17.015497,3.590159,0.019440
103.289369,86.173012,17.116357,105.493651,88.408480,17.085171,3.473336,0.018749
103.334578,86.177585,17.156993,105.867824,88.806125,17.061699,3.696223,0.021530
103.303917,86.187507,17.116410,105.812526,88.702495,17.110031,3.653438,0.017476
103.325994,86.175715,17.150278,105.755329,88.648287,17.107042,3.557285,0.020786
103.247429,86.123096,17.124333,105.413901,88.283151,17.130750,3.510948,0.019019
103.224887,86.091849,17.133038,105.629349,88.531154,17.098195,3.568808,0.019648
103.238567,86.106599,17.131968,105.753958,88.666020,17.087938,3.537773,0.020601
103.227391,86.071799,17.155592,105.682790,88.584195,17.098596,3.484036,0.019872
103.229624,86.083422,17.146202,105.665394,88.531216,17.134178,3.564089,0.020915
103.217821,86.083941,17.133880,105.682120,88.613044,17.069076,3.556218,0.019359
103.276999,86.146129,17.130870,105.732953,88.601252,17.131701,3.591357,0.019525
103.263761,86.083880,17.179882,105.728172,88.585685,17.142488,3.513281,0.020242
103.178808,86.045346,17.133462,105.605131,88.459899,17.145232,3.456747,0.021619
103.140962,85.995111,17.145852,105.708331,88.618061,17.090270,3.374212,0.020943
103.134842,85.986181,17.148662,105.771623,88.648107,17.123517,3.492792,0.020563
103.120190,86.012825,17.107365,105.727976,88.632792,17.095185,3.482707,0.020384
103.115840,85.958973,17.156867,105.682074,88.526600,17.155474,3.492686,0.020087
103.065908,85.915665,17.150243,105.537967,88.397325,17.140642,3.444589,0.020841
103.043206,85.853598,17.189608,105.637749,88.531907,17.105841,3.424996,0.021372
103.105000,85.954224,17.150776,105.880720,88.699364,17.181356,3.377610,0.021016
103.035499,85.902966,17.132534,105.529305,88.481876,17.047429,3.462957,0.020966
103.031935,85.903481,17.128454,105.407188,88.328639,17.078549,3.670096,0.019960
103.010194,85.862731,17.147464,105.459885,88.330347,17.129539,3.401080,0.019822
102.983188,85.838694,17.144493,105.745293,88.697212,17.048082,3.448151,0.022133
103.032721,85.895551,17.137170,105.566496,88.475287,17.091208,3.323015,0.022060
103.035645,85.906885,17.128760,105.449766,88.377006,17.072760,3.629809,0.019503
