245.427324,244.446844,0.980480,195.022518,192.915954,2.106563,7.530422,0.006285
192.446483,189.777150,2.669333,188.389621,184.770054,3.619567,5.959035,0.008460
176.524475,170.462541,6.061934,166.949564,159.035365,7.914199,4.987371,0.013069
159.912540,150.793215,9.119324,153.122728,142.814713,10.308016,4.950274,0.013729
150.477936,139.542749,10.935186,147.648474,135.997891,11.650583,4.052281,0.016493
144.861875,132.596745,12.265131,142.346783,129.432828,12.913955,4.089047,0.016506
140.421083,127.095473,13.325610,138.076365,124.012648,14.063717,3.949951,0.017985
137.147753,122.941622,14.206132,135.299624,120.760178,14.539446,3.757329,0.019044
134.626756,119.725187,14.901568,132.601662,117.186311,15.415351,3.896517,0.017389
132.442594,117.036656,15.405938,130.456396,114.865429,15.590968,3.917342,0.018468
130.790883,114.822897,15.967986,128.934916,112.831199,16.103716,3.954046,0.018027
129.345634,112.968518,16.377116,128.335425,111.624041,16.711384,3.936232,0.016223
127.909949,111.179673,16.730276,126.306605,109.307043,16.999562,3.793764,0.017886
126.803054,109.764262,17.038791,125.644267,108.447422,17.196845,3.841913,0.017140
125.799283,108.472279,17.327004,124.674392,107.244355,17.430037,3.895650,0.017945
124.855958,107.255853,17.600105,124.197610,106.333940,17.863670,3.983512,0.017161
123.997157,106.117609,17.879548,123.568425,105.515522,18.052904,3.596287,0.018557
123.365486,105.240412,18.125075,122.491756,104.139281,18.352476,3.850588,0.017851
122.595665,104.257103,18.338562,122.119469,103.776314,18.343155,3.853618,0.016248
122.029400,103.524892,18.504509,121.437937,102.812520,18.625416,3.845387,0.018155
121.405308,102.750476,18.654832,121.174981,102.394341,18.780641,3.797278,0.016858
120.595506,101.805028,18.790478,119.938668,101.097140,18.841528,3.923668,0.016810
120.116822,101.024573,19.092248,119.314259,100.093819,19.220440,3.752479,0.016638
119.646374,100.345598,19.300776,119.670508,100.307419,19.363089,3.741879,0.017268
119.295644,99.880477,19.415166,118.869332,99.332062,19.537270,3.700399,0.016372
118.624890,99.146841,19.478049,118.283501,98.718921,19.564580,3.631070,0.017456
118.287210,98.695178,19.592033,117.990050,98.364119,19.625930,3.911271,0.015644
117.917010,98.141866,19.775144,117.468888,97.798609,19.670278,3.664044,0.017018
117.534710,97.707642,19.827068,117.152331,97.212789,19.939541,3.802082,0.015691
117.020667,96.956484,20.064182,116.884071,96.757470,20.126601,3.670178,0.016286
116.712630,96.663640,20.048990,116.454450,96.325483,20.128967,3.734578,0.016034
116.498185,96.330742,20.167444,116.349938,96.212296,20.137641,3.674276,0.015254
115.939167,95.738410,20.200757,116.057552,95.783049,20.274503,3.704985,0.016236
115.793059,95.468628,20.324431,115.731283,95.365510,20.365774,3.753407,0.014694
115.415131,95.016624,20.398508,115.692694,95.070836,20.621859,3.636775,0.015676
115.375145,94.847306,20.527840,115.607852,95.167769,20.440082,3.548964,0.017598
115.113699,94.507615,20.606084,115.010567,94.460874,20.549693,3.621993,0.015681
114.764825,94.104928,20.659897,114.870319,94.099894,20.770424,3.617470,0.016388
114.469801,93.765145,20.704655,115.106489,94.382735,20.723753,3.503112,0.016150
114.234613,93.439561,20.795052,114.683433,93.902118,20.781315,3.556127,0.017402
114.123990,93.238674,20.885316,114.495505,93.729503,20.766002,3.468050,0.016127
113.763593,92.951049,20.812545,114.583740,93.696698,20.887042,3.682997,0.015004
113.468722,92.581646,20.887076,113.685720,92.901299,20.784421,3.767422,0.014250
113.508218,92.536354,20.971864,113.950601,93.042427,20.908174,3.534563,0.016013
113.331037,92.281718,21.049318,113.990598,92.705741,21.284858,3.661843,0.015293
113.010711,91.899777,21.110934,113.432967,92.252650,21.180317,3.605385,0.016043
112.897426,91.797017,21.100410,113.538552,92.333391,21.205162,3.538199,0.015619
112.656678,91.476104,21.180574,113.252378,92.064252,21.188125,3.522032,0.016024
112.532924,91.272088,21.260836,113.068448,91.913923,21.154525,3.623160,0.015412
112.204699,91.008622,21.196077,113.081867,91.822284,21.259583,3.592992,0.015209
112.082862,90.743374,21.339488,113.089689,91.777951,21.311738,3.674524,0.015557
111.950881,90.643597,21.307284,112.747179,91.414797,21.332382,3.748506,0.014927
111.768004,90.452143,21.315861,112.398416,91.011325,21.387091,3.685645,0.015277
111.752781,90.289652,21.463129,112.485327,91.139872,21.345454,3.715412,0.013294
111.497328,90.037626,21.459702,112.148682,90.691504,21.457178,3.922498,0.012437
111.446194,89.921662,21.524532,112.323678,90.733162,21.590516,3.595448,0.013542
111.112230,89.531531,21.580699,112.309359,90.884906,21.424453,3.602910,0.014509
111.186365,89.592208,21.594157,111.915802,90.284461,21.631342,3.523394,0.014082
110.951864,89.294757,21.657107,111.938965,90.157384,21.781581,3.646236,0.014244
110.838280,89.097613,21.740666,111.879832,90.187077,21.692755,3.786774,0.013120
110.781830,89.051645,21.730186,111.879150,90.216975,21.662175,3.479241,0.014078
110.627008,88.909740,21.717269,111.902807,90.057209,21.845598,3.665615,0.014604
110.531694,88.765952,21.765743,111.501404,89.625615,21.875789,3.714787,0.013250
110.346438,88.524304,21.822134,111.401182,89.671973,21.729209,3.616735,0.013515
110.227967,88.452244,21.775723,111.263617,89.382754,21.880863,3.576747,0.014122
110.189829,88.333648,21.856180,111.317199,89.405797,21.911402,3.518502,0.014654
110.089450,88.177068,21.912383,111.253972,89.477256,21.776716,3.589476,0.013919
109.877913,87.948318,21.929595,111.031133,89.201156,21.829978,3.740149,0.014467
109.849705,87.929763,21.919942,111.194910,89.076475,22.118435,3.518862,0.013256
109.755862,87.729394,22.026468,110.650435,88.675829,21.974605,3.511538,0.013835
109.531253,87.560668,21.970585,110.807561,88.859856,21.947704,3.587441,0.013450
109.385473,87.375432,22.010041,110.652976,88.758159,21.894817,3.787452,0.013548
109.450153,87.449569,22.000584,110.562882,88.593857,21.969025,3.745979,0.012929
109.398058,87.335760,22.062299,110.501363,88.558226,21.943137,3.558295,0.014040
109.115651,87.061384,22.054267,110.442714,88.354762,22.087952,3.720770,0.012873
108.995168,86.911512,22.083656,110.274438,88.090763,22.183676,3.712980,0.012808
108.914193,86.813795,22.100398,110.552031,88.397373,22.154658,3.687314,0.012660
108.916131,86.806673,22.109457,110.470022,88.420200,22.049822,3.760068,0.013621
108.672217,86.515525,22.156692,110.181538,88.026776,22.154762,3.539232,0.013105
108.612447,86.484189,22.128258,110.026138,87.879580,22.146558,3.697525,0.012335
108.727157,86.551172,22.175986,110.167927,88.075643,22.092284,3.683417,0.012724
108.588838,86.420051,22.168787,110.074043,87.920023,22.154020,3.865249,0.012732
108.405060,86.241771,22.163290,109.804637,87.602323,22.202314,3.651522,0.012704
108.350091,86.124875,22.225217,109.883123,87.751085,22.132038,3.671033,0.013504
108.284040,86.106804,22.177236,109.813218,87.658636,22.154583,3.714970,0.012713
108.307694,86.087952,22.219742,110.266435,88.075480,22.190955,3.452561,0.014024
108.060487,85.819695,22.240793,109.486335,87.351045,22.135290,3.770978,0.012229
107.911611,85.650674,22.260937,109.549511,87.401601,22.147910,3.731180,0.012429
107.908630,85.658962,22.249668,109.518577,87.300883,22.217694,3.622680,0.012875
107.903031,85.675675,22.227356,109.787761,87.528645,22.259117,3.566915,0.013093
107.929985,85.569043,22.360942,109.346692,87.128665,22.218027,3.612815,0.012996
107.726957,85.462918,22.264039,109.333497,87.115141,22.218355,3.631992,0.013057
107.632035,85.318203,22.313833,109.263647,87.056825,22.206821,3.562869,0.012325
107.799190,85.477609,22.321581,109.137891,86.890680,22.247211,3.658883,0.012159
107.688202,85.313837,22.374365,109.212551,86.930610,22.281941,3.643733,0.012662
107.465601,85.158528,22.307073,108.930747,86.717785,22.212962,3.634836,0.013044
107.350605,84.978983,22.371622,109.575737,87.250087,22.325651,3.564350,0.013548
107.336951,84.926556,22.410395,109.366241,86.832112,22.534129,3.657963,0.012246
107.296744,84.903320,22.393423,108.924563,86.597638,22.326925,3.548492,0.013723
107.179219,84.780214,22.399004,109.211471,86.620020,22.591451,3.609809,0.013812
107.200882,84.771929,22.428953,109.072872,86.624906,22.447965,3.616526,0.013415
107.171137,84.733330,22.437807,109.117093,86.734908,22.382185,3.524845,0.013126
107.065878,84.594891,22.470987,109.070757,86.714440,22.356317,3.643061,0.012788
106.943136,84.499340,22.443796,108.951186,86.538417,22.412770,3.617021,0.012556
106.850096,84.433088,22.417007,108.664919,86.213142,22.451777,3.566576,0.012585
106.844028,84.379230,22.464798,108.892083,86.358972,22.533111,3.764195,0.011804
106.833353,84.402624,22.430729,108.777553,86.399546,22.378006,3.660620,0.012502
106.854805,84.358677,22.496128,108.836828,86.363326,22.473502,3.545414,0.012422
106.727108,84.187289,22.539819,108.736993,86.216470,22.520523,3.608883,0.012717
106.606098,84.026886,22.579212,108.924510,86.279377,22.645133,3.725802,0.011710
106.570583,83.980121,22.590462,108.893112,86.390893,22.502219,3.835089,0.012187
106.560855,84.053270,22.507584,108.887027,86.499591,22.387436,3.534170,0.013240
106.407151,83.918944,22.488207,108.492018,86.019061,22.472956,3.565604,0.012488
106.493946,83.944478,22.549468,108.815065,86.286874,22.528191,3.782999,0.011798
106.496660,83.860950,22.635709,108.416562,85.804108,22.612454,3.746677,0.012077
106.426893,83.766216,22.660676,108.706508,86.095505,22.611003,3.490457,0.012757
106.420328,83.745023,22.675305,108.513552,85.939135,22.574417,3.753936,0.011819
106.169653,83.530548,22.639105,108.219734,85.619030,22.600703,3.587274,0.013017
106.256930,83.588056,22.668874,108.344491,85.625876,22.718615,3.571169,0.012938
106.258778,83.578795,22.679983,108.453998,85.915479,22.538519,3.611305,0.012161
106.075773,83.404496,22.671277,108.319277,85.726074,22.593202,3.590433,0.012591
106.102840,83.394033,22.708807,108.183717,85.555569,22.628148,3.653908,0.012432
106.033990,83.295680,22.738311,108.889569,86.175955,22.713613,3.731186,0.012902
106.009941,83.285461,22.724480,108.371931,85.606845,22.765086,3.617574,0.012858
105.912920,83.148260,22.764661,108.568704,85.667632,22.901071,3.496437,0.013255
105.914156,83.185234,22.728923,108.233254,85.617819,22.615434,3.719680,0.011463
105.889663,83.172043,22.717620,108.204222,85.402365,22.801857,3.519984,0.012703
105.825985,83.038348,22.787637,108.502581,85.775922,22.726660,3.745243,0.012443
105.828745,83.080898,22.747847,108.366058,85.602778,22.763280,3.520015,0.012166
105.766417,82.969442,22.796975,107.906746,85.140448,22.766298,3.823791,0.012443
105.729856,82.971767,22.758089,108.130473,85.345470,22.785003,3.635295,0.012061
105.676845,82.963467,22.713378,107.992571,85.270682,22.721889,3.701482,0.011735
105.750236,82.933385,22.816851,108.253736,85.458734,22.795002,3.573859,0.012227
105.489703,82.617791,22.871912,107.982719,85.208586,22.774133,3.648337,0.011417
105.688118,82.875021,22.813097,107.987556,85.261598,22.725959,3.820455,0.011350
105.545552,82.745911,22.799641,108.335608,85.463234,22.872374,3.653245,0.012854
105.770421,82.912217,22.858204,108.169175,85.246173,22.923002,3.758262,0.011766
105.611134,82.744032,22.867101,107.804866,84.977982,22.826884,3.744002,0.011893
105.585442,82.725926,22.859516,107.995559,85.230928,22.764631,3.615094,0.011673
105.467678,82.608016,22.859661,107.779608,84.943897,22.835712,3.628548,0.012318
105.614202,82.681946,22.932256,108.014996,85.212073,22.802923,3.626162,0.011749
105.499958,82.664369,22.835588,108.186373,85.532702,22.653671,3.544459,0.012273
105.440784,82.575357,22.865427,107.968170,85.069935,22.898235,3.545513,0.012279
105.341051,82.426469,22.914582,108.029398,85.213036,22.816362,3.774653,0.011223
105.289081,82.423291,22.865790,107.831678,85.080496,22.751182,3.452152,0.012351
105.222174,82.331618,22.890556,107.819610,84.867478,22.952132,3.697541,0.011146
105.321454,82.362161,22.959294,108.002887,85.177112,22.825775,3.730286,0.010865
105.376689,82.428364,22.948325,107.832056,84.779814,23.052243,3.660704,0.011982
105.103506,82.085120,23.018386,107.927060,84.906116,23.020943,3.675936,0.011100
105.088799,82.150369,22.938429,108.260331,85.383095,22.877236,3.628444,0.011675
105.131802,82.185359,22.946443,108.048053,85.263951,22.784103,3.601844,0.012870
105.082920,82.205789,22.877131,107.707624,84.845448,22.862176,3.870996,0.011647
105.119183,82.219674,22.899509,107.914998,85.101678,22.813320,3.646376,0.011272
105.111866,82.205531,22.906335,107.647509,84.707072,22.940437,3.647985,0.011633
105.104319,82.131814,22.972505,107.842955,84.925260,22.917695,3.665108,0.012279
104.991143,81.961512,23.029632,107.751183,84.734999,23.016185,3.756017,0.011033
105.054877,81.996970,23.057907,107.753459,84.813352,22.940107,3.517617,0.012875
104.994022,81.962816,23.031206,107.533797,84.613884,22.919912,3.504217,0.011851
104.853553,81.808706,23.044847,107.784188,84.762491,23.021697,3.689503,0.011495
105.005834,81.961109,23.044725,107.940950,85.011562,22.929388,3.676316,0.011544
