193.068387,186.749313,6.319074,163.713253,150.116364,13.596889,2.152425,0.028114
151.909277,135.229397,16.679880,144.291832,126.254927,18.036905,2.346549,0.034088
140.512236,121.089085,19.423151,135.424502,115.166443,20.258059,2.575022,0.034393
133.945536,112.959558,20.985978,130.824088,109.314804,21.509284,2.398433,0.039791
129.939766,108.167179,21.772588,128.449327,106.446025,22.003302,2.327795,0.044205
127.453165,105.206211,22.246954,125.480795,103.026085,22.454711,2.674260,0.036683
125.757579,103.235933,22.521646,124.704893,102.065137,22.639757,2.676209,0.039101
124.333403,101.634457,22.698945,123.245192,100.437019,22.808173,2.560646,0.041299
123.303593,100.533836,22.769758,122.561503,99.536988,23.024514,2.627370,0.040863
122.437342,99.555348,22.881994,121.770406,98.876334,22.894073,2.669854,0.039975
121.681484,98.770396,22.911088,121.307462,98.353304,22.954158,2.633767,0.043016
120.946250,97.913893,23.032357,120.653393,97.760453,22.892940,2.506742,0.044930
120.329865,97.339495,22.990370,119.936152,97.054299,22.881853,2.782350,0.040259
119.779228,96.720192,23.059036,119.745388,96.669362,23.076026,2.716037,0.041830
119.263542,96.240693,23.022849,119.263044,96.170822,23.092223,2.821745,0.039074
118.803487,95.700370,23.103117,118.496709,95.511323,22.985386,2.896253,0.037173
118.337846,95.295422,23.042424,118.177911,95.136769,23.041142,2.769933,0.041019
117.950473,94.871104,23.079369,118.174001,95.129402,23.044599,2.811998,0.040361
117.664859,94.563702,23.101156,118.004761,94.973575,23.031186,2.820665,0.041137
117.412821,94.278791,23.134030,117.574804,94.569218,23.005586,2.888150,0.038552
117.054805,93.953514,23.101291,117.423097,94.455365,22.967732,2.763685,0.041988
116.730370,93.633329,23.097041,116.888688,93.760224,23.128465,2.840718,0.040377
116.521813,93.434334,23.087480,116.933481,93.889383,23.044098,2.998210,0.040696
116.171681,93.056685,23.114996,116.658646,93.611172,23.047474,2.905568,0.038728
115.985558,92.898881,23.086677,116.431152,93.233747,23.197405,2.973317,0.037377
115.768350,92.689179,23.079171,116.308350,93.182585,23.125765,2.739609,0.040079
115.607170,92.493756,23.113414,116.194064,93.107945,23.086119,2.828202,0.041962
115.262873,92.200702,23.062171,115.858762,92.756463,23.102299,2.754274,0.044744
115.099139,92.023140,23.075999,115.526994,92.446634,23.080360,2.838531,0.041050
114.875378,91.809990,23.065388,115.304815,92.315807,22.989008,3.048202,0.039623
114.670698,91.634882,23.035816,115.526552,92.548578,22.977974,2.895892,0.040208
114.522472,91.512835,23.009637,115.523446,92.554818,22.968628,2.815753,0.041300
114.278373,91.275861,23.002513,115.370386,92.544351,22.826035,2.829082,0.040289
114.118089,91.184646,22.933443,114.886965,91.985098,22.901867,2.984197,0.038823
113.934525,90.982396,22.952128,115.040707,92.123970,22.916738,2.954369,0.041100
113.848515,90.884865,22.963650,114.509112,91.690901,22.818212,2.804538,0.040122
113.725073,90.751686,22.973387,114.626335,91.742687,22.883648,2.841485,0.040465
113.475304,90.536724,22.938580,114.599921,91.689782,22.910139,2.869157,0.041236
113.408449,90.495538,22.912912,114.675305,91.736326,22.938980,2.807612,0.041229
113.236168,90.346587,22.889582,114.347636,91.526495,22.821142,3.077738,0.040964
113.112392,90.190640,22.921753,114.372215,91.580346,22.791869,2.947905,0.039060
112.917646,90.040475,22.877172,114.024799,91.277769,22.747030,2.971851,0.039923
112.774911,89.919379,22.855532,113.801568,91.090308,22.711259,3.094898,0.036645
112.584008,89.781474,22.802534,113.667718,91.028925,22.638793,2.995396,0.040634
112.513804,89.684952,22.828852,113.751993,90.951983,22.800010,3.041820,0.037487
112.460298,89.594207,22.866091,113.407491,90.666649,22.740842,2.933582,0.040276
112.278667,89.460048,22.818619,113.424809,90.704223,22.720586,3.015331,0.040855
112.232348,89.426071,22.806277,113.320478,90.608512,22.711966,3.104235,0.039341
112.093931,89.269398,22.824534,112.999945,90.119725,22.880220,3.034224,0.038014
111.929289,89.145577,22.783713,113.186606,90.547279,22.639327,2.935740,0.038870
111.829074,89.091018,22.738056,113.313842,90.591165,22.722678,2.911506,0.041043
111.681301,88.925608,22.755693,112.882842,90.253108,22.629734,2.888075,0.037254
111.570991,88.895785,22.675207,113.161297,90.555212,22.606085,3.017937,0.039528
111.445619,88.757648,22.687971,112.641720,90.077882,22.563838,3.125441,0.036126
111.322260,88.650002,22.672257,112.790603,90.254163,22.536440,2.895851,0.037663
111.201309,88.499916,22.701393,112.613436,90.039556,22.573880,2.885345,0.038165
111.158798,88.518211,22.640587,112.626447,90.090726,22.535721,2.881852,0.041247
111.037834,88.411787,22.626047,112.532562,90.020301,22.512262,3.053097,0.038441
110.881940,88.260205,22.621735,112.277278,89.762793,22.514485,2.791623,0.040261
110.793307,88.191909,22.601398,112.359992,89.854345,22.505647,2.816288,0.040666
110.729347,88.138317,22.591030,111.975219,89.466580,22.508640,3.012525,0.035462
110.558618,88.048974,22.509644,112.337312,89.898659,22.438653,2.844930,0.039320
110.409549,87.892945,22.516604,111.900866,89.519326,22.381541,3.056715,0.037718
110.404277,87.872495,22.531782,111.730919,89.341795,22.389124,2.976230,0.038726
110.188953,87.726433,22.462520,111.653653,89.358249,22.295404,3.014753,0.038031
110.112333,87.592832,22.519501,111.754713,89.283725,22.470988,3.003435,0.039625
110.022155,87.549640,22.472515,111.602603,89.135184,22.467418,2.932465,0.039416
109.869579,87.403545,22.466034,111.196488,88.882256,22.314232,3.027175,0.038547
109.729166,87.318531,22.410636,111.378487,89.196386,22.182101,3.028114,0.037411
109.668781,87.314386,22.354395,111.240332,88.956658,22.283673,2.747413,0.040813
109.579619,87.244201,22.335418,111.107704,88.688768,22.418936,2.734922,0.038532
109.470984,87.120405,22.350578,110.984552,88.880824,22.103729,3.032454,0.037420
109.317195,86.988996,22.328200,110.933804,88.615658,22.318145,3.118177,0.035458
109.215875,86.915883,22.299993,110.756540,88.637168,22.119372,3.031690,0.036867
109.143388,86.822622,22.320766,110.604986,88.417922,22.187064,2.983618,0.038641
109.051070,86.781825,22.269245,110.375851,88.176088,22.199763,3.003204,0.037066
108.903400,86.652233,22.251166,110.197301,88.147961,22.049340,2.991460,0.038273
108.882276,86.706967,22.175308,110.068069,87.898184,22.169885,3.194821,0.035406
108.732334,86.505508,22.226826,110.260113,88.116680,22.143434,2.877377,0.037564
108.539257,86.378960,22.160297,110.284496,88.092892,22.191604,3.026610,0.035269
108.456823,86.248405,22.208418,110.375429,88.270866,22.104562,2.983590,0.039616
108.405215,86.289787,22.115427,109.982448,88.027040,21.955408,2.976743,0.035872
108.210587,86.072301,22.138286,109.593667,87.608449,21.985218,3.024466,0.038133
108.205753,86.017012,22.188741,109.721209,87.638101,22.083108,3.030748,0.035223
108.101514,85.967552,22.133962,109.716988,87.638878,22.078111,3.187968,0.034250
108.001328,85.865587,22.135741,109.578918,87.557749,22.021169,3.048137,0.034667
107.851869,85.773961,22.077909,109.323298,87.404448,21.918851,2.934727,0.038540
107.728695,85.668497,22.060198,109.308911,87.513809,21.795103,3.166647,0.037028
107.739963,85.674853,22.065110,109.164794,87.204670,21.960125,2.834648,0.039062
107.591829,85.499548,22.092281,109.309959,87.300507,22.009453,2.888345,0.037152
107.499880,85.415559,22.084322,109.136833,87.168671,21.968162,3.104486,0.035758
107.394069,85.370999,22.023070,109.305943,87.300564,22.005379,2.893528,0.036738
107.367000,85.309819,22.057182,109.091207,87.088123,22.003084,3.113980,0.036144
107.335975,85.293486,22.042489,108.746168,86.668716,22.077451,3.017772,0.035698
107.224165,85.160678,22.063486,108.712741,86.730619,21.982123,2.862273,0.036914
106.965340,84.944591,22.020749,108.491694,86.634266,21.857429,2.936166,0.035601
107.001769,84.964733,22.037036,108.804733,86.810496,21.994237,3.064585,0.036160
106.993435,84.961963,22.031472,108.634503,86.728124,21.906379,2.917603,0.036457
106.786955,84.747731,22.039225,108.537948,86.637963,21.899985,3.065328,0.035664
106.833456,84.761367,22.072089,108.512931,86.565984,21.946946,3.045090,0.035147
106.685956,84.640571,22.045385,108.380096,86.375291,22.004805,2.984945,0.034854
106.683387,84.608758,22.074629,108.341516,86.321050,22.020466,3.038866,0.033236
106.494725,84.425241,22.069484,108.239860,86.250518,21.989342,2.963344,0.034960
106.474801,84.452298,22.022503,108.511153,86.513630,21.997524,2.856545,0.037584
106.324408,84.271058,22.053350,108.158220,86.224278,21.933942,2.906199,0.036707
106.362229,84.356331,22.005899,107.999658,86.163808,21.835850,3.019307,0.033946
106.266034,84.220291,22.045743,107.922625,85.913858,22.008766,3.079221,0.033922
106.157117,84.098078,22.059039,107.714431,85.817380,21.897051,3.137215,0.036482
106.134414,84.057397,22.077017,107.808691,85.816692,21.991999,2.865241,0.034846
106.062188,83.974161,22.088026,107.902116,86.034920,21.867196,2.973474,0.038812
105.965925,83.920952,22.044973,107.515723,85.464557,22.051166,2.983591,0.035455
105.969162,83.905763,22.063399,107.619779,85.701471,21.918309,3.035778,0.036551
105.913703,83.833191,22.080511,107.663178,85.603258,22.059921,3.056501,0.034193
105.951725,83.870559,22.081166,107.409079,85.536947,21.872132,3.063903,0.035417
105.683387,83.623850,22.059537,107.442328,85.465173,21.977156,3.099031,0.034718
105.683587,83.631161,22.052426,107.709021,85.782860,21.926161,3.291995,0.034118
105.777000,83.697525,22.079476,107.747034,85.733079,22.013955,3.137552,0.035882
105.505752,83.488509,22.017242,107.464322,85.556910,21.907411,3.009223,0.035581
105.587657,83.567047,22.020611,107.306033,85.355914,21.950120,3.116043,0.034427
105.448828,83.395190,22.053638,107.131795,85.217120,21.914675,3.214893,0.034933
105.400669,83.384387,22.016282,107.429634,85.386011,22.043623,2.833525,0.036404
105.348228,83.311062,22.037166,107.292329,85.383285,21.909044,2.848708,0.034662
105.247968,83.240372,22.007597,107.080610,85.096476,21.984135,2.975344,0.036703
105.245814,83.221901,22.023913,107.209636,85.211578,21.998057,2.920146,0.037275
105.102706,83.083998,22.018708,106.879821,84.947051,21.932770,2.835018,0.038946
105.129337,83.072750,22.056586,107.022357,85.089146,21.933210,3.140828,0.033713
104.944152,82.956758,21.987395,107.008760,85.151477,21.857283,2.981344,0.034686
105.012145,83.019709,21.992435,106.941127,85.124147,21.816980,2.864716,0.034786
104.951367,82.987760,21.963607,106.743132,84.875191,21.867941,2.846727,0.035132
104.818516,82.848155,21.970361,106.878563,84.984457,21.894107,3.031418,0.032150
104.713656,82.752469,21.961187,107.367132,85.252516,22.114616,2.892740,0.037099
104.706731,82.728890,21.977841,106.457256,84.639597,21.817660,3.008613,0.033601
104.716124,82.749894,21.966231,106.437542,84.646418,21.791125,2.950112,0.036740
104.627725,82.644053,21.983672,106.569036,84.571108,21.997927,2.982913,0.033062
104.509598,82.553548,21.956050,106.547989,84.646306,21.901682,2.981635,0.034818
104.552779,82.576334,21.976444,106.371196,84.480751,21.890444,2.953561,0.033716
104.491012,82.515676,21.975335,106.377032,84.619169,21.757864,2.957935,0.035801
104.457071,82.521286,21.935785,106.456009,84.503697,21.952312,2.897504,0.039071
104.349152,82.387703,21.961449,106.222552,84.302594,21.919958,3.135172,0.034824
104.301434,82.371427,21.930007,106.406173,84.509878,21.896296,3.190391,0.032646
104.390272,82.429796,21.960476,106.299203,84.463120,21.836083,3.142654,0.036671
104.226054,82.323838,21.902216,106.092365,84.279409,21.812955,2.918826,0.034864
104.185505,82.260890,21.924615,106.187870,84.364426,21.823444,2.948267,0.036170
104.190779,82.242218,21.948560,106.136296,84.216749,21.919547,3.068498,0.033728
104.098877,82.173782,21.925094,106.196367,84.334085,21.862283,2.875571,0.033200
104.050244,82.150728,21.899516,105.971813,84.200044,21.771768,2.978087,0.034676
104.048506,82.133725,21.914780,106.125200,84.291170,21.834030,2.966126,0.033741
104.002312,82.096720,21.905592,105.975644,84.185557,21.790088,2.961597,0.033934
104.017828,82.036617,21.981211,105.919972,84.043233,21.876740,3.111547,0.033383
104.032941,82.067419,21.965521,106.123567,84.178651,21.944916,2.887884,0.033798
103.892804,81.933337,21.959467,105.731936,83.829603,21.902333,3.074979,0.032893
103.719196,81.804603,21.914593,105.811141,83.953803,21.857338,2.957835,0.033352
103.735589,81.790661,21.944928,105.705229,83.707467,21.997763,2.870152,0.034240
103.749096,81.782475,21.966621,105.993592,84.138401,21.855191,3.009293,0.038725
103.665151,81.748251,21.916900,105.744698,83.938936,21.805762,2.946671,0.034865
103.720209,81.793452,21.926758,105.706613,83.746050,21.960563,2.992911,0.032653
103.648400,81.664124,21.984276,105.915487,84.154440,21.761047,2.856412,0.035989
103.624049,81.648885,21.975163,105.583320,83.718915,21.864405,2.808425,0.035694
103.574111,81.619857,21.954254,105.562927,83.683475,21.879453,3.106004,0.033559
103.554791,81.571805,21.982986,105.776705,83.882930,21.893775,3.042670,0.032923
