260.314481,253.234027,7.080453,214.630199,206.312490,8.317708,7.751387,0.000000
214.752183,206.434432,8.317751,214.630492,206.312732,8.317761,nan,0.000001
214.742143,206.424380,8.317764,214.571703,206.253940,8.317765,nan,0.000000
214.681636,206.363872,8.317765,214.515140,206.197376,8.317766,nan,0.000000
214.639901,206.322137,8.317766,214.397621,206.079856,8.317766,nan,0.000000
214.622802,206.305038,8.317766,214.288646,205.970882,8.317766,nan,0.000000
214.602276,206.284512,8.317766,214.332166,206.014402,8.317766,nan,0.000000
214.594379,206.276615,8.317766,214.245815,205.928050,8.317766,nan,0.000000
214.573368,206.255604,8.317766,214.253620,205.935855,8.317766,nan,0.000000
214.568148,206.250384,8.317766,214.255423,205.937659,8.317766,nan,0.000000
214.544669,206.226904,8.317766,214.289637,205.971873,8.317766,nan,0.000000
214.555495,206.237731,8.317766,214.290204,205.972440,8.317766,nan,0.000000
214.523959,206.206195,8.317766,214.324916,206.007151,8.317766,nan,0.000000
214.518492,206.200728,8.317766,214.347687,206.029923,8.317766,nan,0.000000
214.505006,206.187242,8.317766,214.247511,205.929747,8.317766,nan,0.000000
214.521721,206.203957,8.317766,214.278788,205.961024,8.317766,nan,0.000000
214.485919,206.168155,8.317766,214.149338,205.831573,8.317766,nan,0.000000
214.487062,206.169298,8.317766,214.287760,205.969995,8.317766,nan,0.000000
214.488966,206.171202,8.317766,214.342686,206.024922,8.317766,nan,0.000000
214.488519,206.170755,8.317766,214.239391,205.921627,8.317766,nan,0.000000
214.463588,206.145823,8.317766,214.224672,205.906908,8.317766,nan,0.000000
214.464256,206.146492,8.317766,214.487412,206.169647,8.317766,nan,0.000000
214.479698,206.161933,8.317766,214.212712,205.894948,8.317766,nan,0.000000
214.458397,206.140633,8.317766,214.337030,206.019266,8.317766,nan,0.000000
214.449050,206.131286,8.317766,214.170242,205.852477,8.317766,nan,0.000000
214.454897,206.137132,8.317766,214.222952,205.905188,8.317766,nan,0.000000
214.439815,206.122050,8.317766,214.258444,205.940680,8.317766,nan,0.000000
214.441501,206.123736,8.317766,214.304884,205.987120,8.317766,nan,0.000000
214.451087,206.133323,8.317766,214.230750,205.912985,8.317766,nan,0.000000
214.438424,206.120659,8.317766,214.209595,205.891831,8.317766,nan,0.000000
214.446459,206.128695,8.317766,214.212705,205.894941,8.317766,nan,0.000000
214.431149,206.113385,8.317766,214.196525,205.878761,8.317766,nan,0.000000
214.431526,206.113761,8.317766,214.217244,205.899480,8.317766,nan,0.000000
214.436923,206.120621,8.316303,214.155055,205.837291,8.317766,nan,0.000000
214.425241,206.107477,8.317766,214.196738,205.878974,8.317766,nan,0.000000
214.422415,206.104651,8.317766,214.154314,205.836550,8.317766,nan,0.000000
214.433167,206.115402,8.317766,214.196255,205.878491,8.317766,nan,0.000000
214.429768,206.112003,8.317766,214.154390,205.836626,8.317766,nan,0.000000
214.428899,206.111135,8.317766,214.222020,205.904256,8.317766,nan,0.000000
214.416727,206.098963,8.317766,214.204030,205.886265,8.317766,nan,0.000000
214.421233,206.103469,8.317766,214.155136,205.837372,8.317766,nan,0.000000
214.417631,206.099867,8.317766,214.182214,205.864450,8.317766,nan,0.000000
214.413215,206.095451,8.317766,214.208372,205.890608,8.317766,nan,0.000000
214.419335,206.101571,8.317766,214.189610,205.871846,8.317766,nan,0.000000
214.414908,206.097144,8.317766,214.219943,205.902179,8.317766,nan,0.000000
214.414193,206.096429,8.317766,214.215125,205.897361,8.317766,nan,0.000000
214.410777,206.093012,8.317766,214.145343,205.827578,8.317766,nan,0.000000
214.408820,206.091055,8.317766,214.176052,205.858288,8.317766,nan,0.000000
214.407782,206.090018,8.317766,214.181511,205.863746,8.317766,nan,0.000000
214.414137,206.096372,8.317766,214.223578,205.905813,8.317766,nan,0.000000
206.248430,198.225734,8.022696,203.479019,195.586459,7.892561,nan,0.000800
203.870844,195.955868,7.914976,203.078264,195.184044,7.894220,nan,0.002462
203.931165,195.999452,7.931713,203.404430,195.488094,7.916336,nan,0.000479
204.006973,196.060315,7.946658,203.965356,196.023178,7.942178,nan,0.000278
204.503020,196.554181,7.948840,203.575442,195.671965,7.903477,nan,0.001103
204.172163,196.246132,7.926032,203.882100,195.972867,7.909232,nan,0.001092
204.256623,196.335768,7.920854,203.948138,196.036394,7.911743,nan,0.000666
203.807766,195.893953,7.913813,203.198291,195.301542,7.896749,nan,0.000956
203.612884,195.712195,7.900689,202.971067,195.090679,7.880388,nan,0.001047
203.396422,195.507069,7.889352,202.633945,194.762392,7.871554,nan,0.001210
203.101993,195.218843,7.883150,202.594176,194.716611,7.877565,nan,0.001138
203.313767,195.415973,7.897794,202.460663,194.577424,7.883239,nan,0.002084
202.973455,195.082728,7.890727,202.650873,194.765990,7.884884,nan,0.000400
203.006362,195.108585,7.897777,202.699482,194.813176,7.886306,nan,0.000638
202.682240,194.782750,7.899490,201.499262,193.602268,7.896994,nan,0.001832
202.088338,194.175313,7.913025,201.860028,193.951003,7.909026,nan,0.000850
202.491621,194.557724,7.933897,202.538780,194.599325,7.939454,nan,0.000461
202.701044,194.746329,7.954716,201.824680,193.878894,7.945786,nan,0.000849
202.892863,194.924881,7.967982,202.520673,194.563521,7.957152,nan,0.000303
203.154417,195.174605,7.979812,202.580440,194.612325,7.968116,nan,0.001209
203.200634,195.218594,7.982040,202.906230,194.928897,7.977334,nan,0.001185
203.372629,195.384024,7.988605,203.173871,195.192706,7.981165,nan,0.001184
203.367709,195.383474,7.984235,202.283181,194.316643,7.966538,nan,0.000500
202.956411,194.976811,7.979600,202.490125,194.520710,7.969416,nan,0.001363
203.152579,195.165886,7.986693,202.831958,194.845462,7.986495,nan,0.000961
203.272088,195.277298,7.994790,202.996911,195.012629,7.984282,nan,0.000254
203.285826,195.291638,7.994188,201.874323,193.909608,7.964715,nan,0.000363
202.671337,194.685303,7.986034,201.947454,193.968055,7.979399,nan,0.000598
202.931475,194.939356,7.992119,202.486056,194.504997,7.981059,nan,0.000800
203.061626,195.067294,7.994332,202.731737,194.737637,7.994100,nan,0.000834
203.173492,195.175688,7.997804,202.515028,194.538387,7.976641,nan,0.001461
202.973879,194.977871,7.996008,202.617254,194.627323,7.989932,nan,0.000825
203.265716,195.260552,8.005164,202.526562,194.534324,7.992238,nan,0.000970
203.037557,195.037648,7.999908,201.829516,193.848632,7.980884,nan,0.001221
202.678363,194.685016,7.993346,202.075698,194.096775,7.978923,nan,0.000902
202.672980,194.679924,7.993056,202.147670,194.165594,7.982076,nan,0.001061
202.756615,194.760676,7.995939,202.069000,194.083676,7.985324,nan,0.000499
202.671520,194.675548,7.995972,201.877510,193.895505,7.982005,nan,0.000553
202.670419,194.674247,7.996172,202.039459,194.058652,7.980807,nan,0.001497
202.962926,194.961730,8.001196,202.582590,194.590371,7.992220,nan,0.000888
202.986768,194.981092,8.005677,202.364223,194.368565,7.995658,nan,0.000664
203.217675,195.205703,8.011972,202.403478,194.410934,7.992544,nan,0.000582
203.122852,195.114058,8.008793,202.272291,194.284704,7.987587,nan,0.000586
203.224261,195.220238,8.004023,202.802867,194.801729,8.001138,nan,0.000972
203.053854,195.049942,8.003912,202.419798,194.432951,7.986847,nan,0.001070
203.161359,195.155898,8.005461,202.711775,194.713555,7.998221,nan,0.000747
203.158894,195.152460,8.006434,202.588290,194.591923,7.996366,nan,0.001077
203.216808,195.213928,8.002880,202.478971,194.489741,7.989231,nan,0.000345
203.386945,195.379390,8.007556,202.353077,194.361788,7.991288,nan,0.000626
203.276589,195.265132,8.011457,202.773590,194.768168,8.005422,nan,0.000588
203.186333,195.171440,8.014893,202.242967,194.239166,8.003802,nan,0.000615
203.054786,195.043481,8.011305,202.618113,194.621027,7.997086,nan,0.001520
203.002552,194.995668,8.006884,201.981322,193.984105,7.997217,nan,0.000518
202.434171,194.433096,8.001075,201.953975,193.963267,7.990707,nan,0.000648
202.442142,194.442519,7.999624,201.615232,193.624747,7.990486,nan,0.000910
202.316574,194.321813,7.994761,201.434947,193.457998,7.976950,nan,0.001902
202.066054,194.077776,7.988278,201.323892,193.350132,7.973759,nan,0.000563
201.964974,193.974537,7.990437,201.323336,193.337196,7.986141,nan,0.000822
201.878726,193.886769,7.991957,201.106394,193.129531,7.976862,nan,0.001178
201.948692,193.956994,7.991698,201.441608,193.453611,7.987998,nan,0.000477
201.951008,193.956396,7.994611,201.365701,193.382402,7.983298,nan,0.001573
201.965783,193.971603,7.994180,201.283266,193.299442,7.983823,nan,0.000774
201.984691,193.988752,7.995939,201.221058,193.235542,7.985516,nan,0.000506
202.068630,194.070620,7.998010,201.446597,193.459872,7.986726,nan,0.001314
201.991087,193.996866,7.994221,201.402250,193.414877,7.987373,nan,0.000716
202.019805,194.027198,7.992607,201.412420,193.433627,7.978793,nan,0.000970
201.989536,194.002156,7.987380,201.414184,193.435088,7.979096,nan,0.000875
201.962701,193.970855,7.991846,201.340095,193.352952,7.987142,nan,0.000940
201.996164,194.003924,7.992240,201.514953,193.533248,7.981705,nan,0.000947
202.013504,194.022384,7.991120,201.525164,193.544342,7.980822,nan,0.001461
201.975979,193.979458,7.996521,201.454025,193.469627,7.984398,nan,0.000550
201.967073,193.971155,7.995918,201.405185,193.418543,7.986642,nan,0.001223
202.049134,194.055822,7.993312,201.506741,193.531717,7.975023,nan,0.000785
202.105369,194.115472,7.989897,201.610896,193.632960,7.977937,nan,0.000573
202.229869,194.236384,7.993485,201.487170,193.504214,7.982955,nan,0.001293
202.123670,194.130078,7.993592,201.421728,193.439766,7.981963,nan,0.000249
201.995999,194.005110,7.990889,201.487793,193.507944,7.979849,nan,0.000693
202.147329,194.154256,7.993072,201.550960,193.574465,7.976496,nan,0.001362
202.105199,194.114747,7.990453,201.643125,193.656301,7.986824,nan,0.001222
202.112806,194.122642,7.990164,201.666987,193.693285,7.973702,nan,0.000449
202.150899,194.160652,7.990246,201.366575,193.391539,7.975037,nan,0.000835
201.981249,193.989986,7.991263,201.320380,193.337500,7.982879,nan,0.001202
201.967625,193.974693,7.992932,201.188145,193.206990,7.981155,nan,0.000679
201.960354,193.966494,7.993860,201.271289,193.290078,7.981211,nan,0.001266
202.072164,194.074371,7.997794,201.414160,193.432665,7.981495,nan,0.000514
202.007061,194.010391,7.996670,201.428075,193.448991,7.979082,nan,0.001290
202.084529,194.087386,7.997144,201.530361,193.546071,7.984290,nan,0.000724
202.010883,194.013070,7.997813,201.559398,193.577745,7.981654,nan,0.000978
202.075799,194.080410,7.995389,201.380979,193.397836,7.983143,nan,0.000649
202.062174,194.063722,7.998452,201.295669,193.314158,7.981511,nan,0.000624
201.978429,193.981892,7.996536,201.212324,193.223023,7.989301,nan,0.000364
201.990035,193.994880,7.995156,201.228279,193.248264,7.980016,nan,0.000609
201.930275,193.932728,7.997546,201.416725,193.426634,7.990092,nan,0.000848
202.044201,194.040101,8.004101,201.573807,193.588850,7.984956,nan,0.001495
202.060726,194.061390,7.999337,201.565186,193.574307,7.990879,nan,0.000793
202.057891,194.054995,8.002896,201.369017,193.380006,7.989012,nan,0.000657
202.130368,194.125151,8.005217,201.682668,193.688901,7.993768,nan,0.000896
202.138844,194.134595,8.004249,201.319392,193.334568,7.984824,nan,0.000733
202.007369,194.003076,8.004293,201.185598,193.197022,7.988575,nan,0.001227
202.167657,194.159602,8.008055,201.555282,193.555251,8.000031,nan,0.001480
202.186396,194.177146,8.009250,201.728326,193.735073,7.993252,nan,0.000499
202.137102,194.125792,8.011310,201.656370,193.663718,7.992652,nan,0.000531
202.165875,194.155279,8.010595,201.253142,193.261703,7.991438,nan,0.000701
202.102122,194.090947,8.011175,201.744376,193.741603,8.002773,nan,0.000944
202.234182,194.218692,8.015491,201.677198,193.681095,7.996102,nan,0.000965
202.128030,194.118113,8.009917,201.589240,193.596972,7.992267,nan,0.000500
202.156015,194.142597,8.013417,201.511433,193.509576,8.001856,nan,0.001120
202.110998,194.096146,8.014851,201.812510,193.815471,7.997038,nan,0.000825
202.147044,194.129967,8.017076,201.606742,193.603148,8.003594,nan,0.001322
202.216940,194.199301,8.017639,201.777986,193.779549,7.998437,nan,0.000911
