198.380861,191.964911,6.415950,171.573826,159.692323,11.881502,2.684092,0.016319
158.538712,142.468989,16.069723,149.864055,131.107944,18.756111,2.277682,0.025124
146.065966,126.104713,19.961254,141.279665,119.931489,21.348176,2.417970,0.028481
138.838490,116.843838,21.994651,135.280755,112.586525,22.694231,2.701472,0.031859
134.211046,111.205689,23.005356,131.360375,108.070298,23.290077,2.613031,0.029448
131.197808,107.621031,23.576777,129.530688,105.896801,23.633887,2.573212,0.034540
129.082907,105.217402,23.865504,127.867859,104.040109,23.827750,2.534071,0.035979
127.462408,103.400983,24.061425,126.829816,102.708221,24.121596,2.819024,0.032302
126.246584,102.045623,24.200961,125.307705,101.096991,24.210715,2.931161,0.031054
125.116527,100.838598,24.277929,124.542203,100.350268,24.191936,2.862743,0.033802
124.300502,99.982537,24.317965,124.401726,100.180408,24.221319,2.752215,0.035074
123.524765,99.143361,24.381403,123.527853,99.202844,24.325008,2.882178,0.034923
122.896650,98.521896,24.374754,122.753948,98.395873,24.358075,2.770583,0.034869
122.317392,97.899966,24.417426,122.561833,98.206995,24.354838,2.835238,0.035936
121.825752,97.382379,24.443373,122.108050,97.762818,24.345232,2.803083,0.038021
121.317050,96.843726,24.473324,121.609685,97.249533,24.360151,2.884587,0.036602
120.928507,96.410835,24.517672,121.342398,96.997561,24.344837,2.826807,0.037136
120.541164,96.001880,24.539284,120.999155,96.710429,24.288726,2.758215,0.036522
120.271948,95.769832,24.502116,120.893938,96.482764,24.411174,2.932738,0.036828
120.019841,95.462591,24.557250,120.478035,95.959186,24.518849,3.041520,0.033809
119.597782,95.039252,24.558530,120.119858,95.551699,24.568159,3.117669,0.033192
119.364963,94.784367,24.580596,120.414083,96.024987,24.389097,2.723670,0.040179
119.092205,94.541520,24.550685,120.091431,95.675444,24.415987,2.922316,0.037266
119.029670,94.464941,24.564729,119.815889,95.443059,24.372830,3.098740,0.034038
118.751482,94.164124,24.587358,119.824852,95.340228,24.484624,2.963404,0.038166
118.553076,93.985611,24.567464,119.488731,95.020803,24.467929,3.137655,0.037672
118.302792,93.747732,24.555060,119.401058,95.028191,24.372867,2.721452,0.041009
118.234620,93.695273,24.539347,119.665132,95.185664,24.479468,3.038826,0.034313
117.967519,93.425351,24.542168,119.228521,94.766920,24.461601,2.943263,0.038837
117.774021,93.197150,24.576871,119.226078,94.825409,24.400669,2.907806,0.038842
117.691615,93.120731,24.570884,119.138147,94.654955,24.483191,3.023274,0.037194
117.551266,93.004181,24.547084,119.003806,94.347383,24.656423,2.877326,0.041458
117.303155,92.737514,24.565641,118.937972,94.633674,24.304299,2.950272,0.033515
117.227157,92.645226,24.581931,118.359806,93.924142,24.435664,3.045120,0.036157
117.042883,92.484833,24.558049,118.681893,94.315664,24.366229,2.972857,0.036214
117.029726,92.486050,24.543676,118.412643,94.142279,24.270364,3.134993,0.035535
116.850549,92.274173,24.576376,118.509578,94.323503,24.186075,3.125334,0.037521
116.787425,92.260781,24.526644,118.498513,94.223430,24.275083,3.124245,0.038683
116.667071,92.080495,24.586576,118.194747,93.805254,24.389493,3.199430,0.036853
116.556276,91.979839,24.576438,118.460098,94.158247,24.301851,3.023980,0.038840
116.419636,91.860287,24.559349,118.031610,93.695149,24.336460,3.068452,0.035501
116.288928,91.744116,24.544813,118.129433,93.676600,24.452833,3.321074,0.035018
116.174389,91.653522,24.520867,118.361322,94.008042,24.353280,3.159573,0.034715
116.153554,91.608468,24.545086,118.062150,93.657443,24.404707,3.205968,0.035986
116.093943,91.560717,24.533226,118.094398,93.647959,24.446439,2.883558,0.041084
115.918888,91.384486,24.534402,117.784874,93.356927,24.427947,2.920198,0.038673
115.884885,91.376500,24.508385,117.714673,93.394772,24.319901,3.175842,0.035734
115.811366,91.279812,24.531554,117.836515,93.299345,24.537170,3.006096,0.036264
115.570332,91.058781,24.511551,117.719576,93.379372,24.340204,3.030166,0.036852
115.633145,91.150882,24.482263,117.908968,93.415957,24.493011,3.016766,0.039491
115.496214,90.999241,24.496974,117.490465,93.138802,24.351663,3.091578,0.034878
115.439666,90.925050,24.514616,117.512951,93.098825,24.414126,2.969118,0.037736
115.357497,90.853911,24.503585,117.359451,92.998526,24.360925,3.120492,0.038946
115.346661,90.861565,24.485097,117.480877,93.235295,24.245582,3.045188,0.035855
115.194576,90.680452,24.514124,117.579279,93.305004,24.274275,3.000806,0.038278
115.150207,90.654724,24.495484,117.575273,93.361806,24.213466,3.214176,0.033567
115.112832,90.617891,24.494940,117.079071,92.871386,24.207686,3.211810,0.035498
115.013340,90.529283,24.484057,117.370394,93.110417,24.259977,3.009645,0.039703
114.910644,90.462852,24.447793,117.027711,92.708205,24.319506,3.131906,0.038201
114.940072,90.452418,24.487654,117.140185,92.959285,24.180900,3.185688,0.036168
114.802797,90.350675,24.452121,117.633436,93.397326,24.236110,2.897749,0.039828
114.739572,90.288535,24.451037,117.276575,93.031786,24.244789,3.117681,0.036490
114.707854,90.286072,24.421782,117.252037,93.112176,24.139861,3.082524,0.035125
114.593813,90.157940,24.435872,117.156415,92.975857,24.180558,2.917299,0.039093
114.592365,90.164177,24.428188,116.835134,92.733138,24.101995,3.042831,0.037177
114.538927,90.098854,24.440073,116.794825,92.562858,24.231967,3.016731,0.036722
114.494464,90.075454,24.419010,117.094286,92.876991,24.217294,3.128865,0.034260
114.493978,90.063201,24.430777,117.026157,92.812355,24.213802,3.142528,0.032598
114.376691,89.941878,24.434813,116.958893,92.758211,24.200681,3.084245,0.037449
114.310030,89.862178,24.447851,116.911751,92.542693,24.369058,2.946964,0.036159
114.311344,89.868748,24.442596,116.816948,92.498263,24.318685,3.136202,0.034825
114.155901,89.709682,24.446220,116.609681,92.471841,24.137839,2.997799,0.040153
114.222992,89.820928,24.402064,116.805761,92.633160,24.172601,3.180655,0.036113
114.160450,89.720126,24.440325,116.902584,92.658025,24.244559,2.951036,0.041746
114.029047,89.574732,24.454314,116.849772,92.569805,24.279967,3.073623,0.037995
114.052739,89.607976,24.444763,116.667885,92.404059,24.263826,2.958859,0.039776
113.972130,89.542390,24.429739,116.699960,92.564386,24.135574,3.054374,0.038051
113.884471,89.483272,24.401200,116.741648,92.584811,24.156837,3.142990,0.038863
113.915753,89.504641,24.411112,116.729251,92.670404,24.058847,3.017452,0.038056
113.860277,89.447052,24.413225,116.693728,92.406221,24.287507,3.244700,0.032489
113.831555,89.436960,24.394595,116.876857,92.758694,24.118162,3.078305,0.036736
113.724845,89.316631,24.408213,116.507626,92.343614,24.164013,3.096377,0.034524
113.669650,89.246639,24.423011,116.732704,92.589707,24.142997,3.253919,0.034344
113.659526,89.290613,24.368913,116.526202,92.271647,24.254555,3.000012,0.033604
113.636683,89.276832,24.359850,116.781845,92.599319,24.182526,3.020395,0.037216
113.604993,89.192744,24.412249,116.519720,92.492912,24.026808,3.255832,0.034691
113.557196,89.161842,24.395354,116.359849,92.030616,24.329234,3.053676,0.037259
113.504783,89.103475,24.401307,116.463578,92.273755,24.189823,3.059906,0.043377
113.497045,89.110619,24.386427,116.454284,92.277318,24.176967,3.043550,0.039781
113.396708,89.045013,24.351695,116.351742,92.208388,24.143354,3.108277,0.037686
113.428398,89.034825,24.393573,116.388823,92.187816,24.201006,2.834413,0.041520
113.378432,88.990934,24.387498,116.435305,92.207445,24.227860,3.032960,0.039533
113.350487,88.979083,24.371404,116.138972,91.900805,24.238167,3.288523,0.036343
113.213301,88.821052,24.392248,116.289396,92.226606,24.062790,3.221176,0.035158
113.252858,88.884061,24.368797,116.371414,92.218574,24.152841,3.357185,0.033184
113.165895,88.819410,24.346485,116.110064,91.984784,24.125279,3.304490,0.032001
113.188541,88.815814,24.372727,116.417129,92.457415,23.959713,3.103864,0.038055
113.141772,88.781726,24.360047,116.210099,92.059488,24.150611,3.290591,0.034212
113.110622,88.751423,24.359199,116.083443,92.082466,24.000977,3.176215,0.038126
113.035443,88.729966,24.305477,116.420600,92.348147,24.072453,3.157195,0.039112
113.049677,88.726870,24.322807,116.224858,92.127037,24.097821,3.104964,0.037659
112.988552,88.620519,24.368033,115.904084,91.852307,24.051777,3.093118,0.038751
112.988534,88.662834,24.325700,115.846659,91.678455,24.168204,3.003008,0.039657
112.975353,88.641012,24.334341,115.948851,91.857478,24.091373,3.181245,0.035876
112.820003,88.490855,24.329147,116.127493,92.121565,24.005928,3.097154,0.036178
112.857222,88.594252,24.262971,116.075936,92.086951,23.988985,3.273456,0.035582
112.834435,88.564985,24.269451,116.147758,92.071915,24.075843,3.069399,0.038173
112.751260,88.437106,24.314154,116.108889,92.058248,24.050642,2.899066,0.039716
112.782280,88.483959,24.298321,115.977958,91.801538,24.176420,3.110865,0.036192
112.741510,88.415014,24.326496,116.049683,92.066300,23.983383,3.199955,0.037645
112.736894,88.393079,24.343815,115.958692,91.742106,24.216586,3.196836,0.037033
112.682354,88.375388,24.306966,115.847989,91.711200,24.136789,3.214581,0.036914
112.638585,88.370049,24.268535,115.996576,91.929688,24.066887,3.228177,0.038292
112.656457,88.343155,24.313302,115.877513,91.769901,24.107612,3.035347,0.040280
112.530635,88.233853,24.296782,115.748541,91.793462,23.955078,3.069523,0.042550
112.590582,88.294757,24.295825,115.761345,91.689822,24.071524,3.198616,0.034363
112.581958,88.281055,24.300903,115.857041,91.807733,24.049307,3.064465,0.039206
112.454257,88.209439,24.244818,115.711355,91.719579,23.991777,3.081970,0.037529
112.486486,88.187172,24.299315,115.907507,91.761290,24.146217,3.136386,0.038519
112.457791,88.158146,24.299645,115.821694,91.862955,23.958739,3.114136,0.040138
112.486483,88.201343,24.285139,115.731565,91.707269,24.024295,3.308517,0.032936
112.353406,88.089039,24.264367,115.797634,91.837836,23.959798,3.073265,0.036111
112.473519,88.202877,24.270642,115.839196,91.786589,24.052607,3.255198,0.035921
112.399025,88.126793,24.272232,115.678763,91.595304,24.083459,3.230668,0.034857
112.293983,88.051462,24.242521,115.551858,91.492388,24.059470,3.205317,0.035478
112.246106,88.003742,24.242363,115.732220,91.726151,24.006069,3.140303,0.034039
112.355213,88.095249,24.259964,115.463479,91.560284,23.903194,3.168873,0.038388
112.294064,88.030953,24.263111,115.336859,91.194509,24.142350,3.045605,0.040378
112.233557,87.997025,24.236532,115.607088,91.582092,24.024995,2.965849,0.042318
112.158842,87.910863,24.247978,115.662968,91.663071,23.999897,3.197291,0.039307
112.218000,87.983978,24.234022,115.265834,91.357455,23.908379,2.970976,0.037056
112.038731,87.866512,24.172220,115.587213,91.664792,23.922421,3.174057,0.037840
112.112892,87.849601,24.263291,115.438962,91.515804,23.923158,3.297347,0.033750
112.054954,87.852093,24.202861,115.559667,91.623752,23.935915,3.281335,0.036921
112.001467,87.771346,24.230121,115.362964,91.452834,23.910130,3.166378,0.038524
111.968545,87.769631,24.198914,115.385034,91.365930,24.019104,3.409652,0.035494
112.002474,87.851688,24.150787,115.511642,91.553623,23.958019,3.327273,0.035024
111.939959,87.741239,24.198719,115.539711,91.554183,23.985528,3.256744,0.033486
111.848744,87.670870,24.177874,115.429876,91.577146,23.852730,3.281771,0.035254
111.958593,87.788696,24.169897,115.303730,91.313889,23.989841,3.170101,0.037765
111.859577,87.678425,24.181152,115.344592,91.477596,23.866996,3.006352,0.041741
111.811728,87.651394,24.160334,115.427667,91.476795,23.950873,2.989799,0.036893
111.759377,87.621044,24.138333,115.138905,91.219284,23.919622,3.072771,0.039232
111.857366,87.661624,24.195742,115.255906,91.212321,24.043585,3.059890,0.035976
111.768764,87.613326,24.155437,115.083764,91.229291,23.854473,3.011675,0.041373
111.749031,87.589106,24.159925,115.395148,91.518185,23.876963,3.255745,0.037936
111.710560,87.535782,24.174778,114.861085,90.920369,23.940716,3.145926,0.038380
111.753550,87.622255,24.131295,115.149627,91.304641,23.844987,3.175282,0.041052
111.699502,87.537173,24.162329,115.289813,91.351498,23.938316,3.287540,0.035466
111.606275,87.444476,24.161799,115.384788,91.471500,23.913289,3.375257,0.031931
111.670025,87.499564,24.170461,115.420989,91.483026,23.937963,3.062790,0.038313
111.540824,87.438586,24.102238,114.840500,90.970027,23.870473,3.192260,0.035090
111.576218,87.445975,24.130243,115.298166,91.378641,23.919526,3.366943,0.035772
111.565919,87.428326,24.137593,115.161248,91.055314,24.105934,3.334879,0.034123
111.519438,87.342711,24.176726,115.093645,91.217312,23.876334,3.208561,0.037961
111.487426,87.385320,24.102107,115.316786,91.467260,23.849526,3.191539,0.034427
111.605036,87.470895,24.134141,114.932132,90.974952,23.957179,3.357172,0.035982
111.445398,87.289486,24.155912,114.943714,91.039712,23.904001,3.168472,0.035613
111.432757,87.298944,24.133813,114.991472,91.096123,23.895350,3.207425,0.035260
111.420334,87.308774,24.111560,115.095293,91.186473,23.908820,3.251391,0.036454
