221.740020,214.008275,7.731745,204.547207,196.411868,8.135339,17.161921,0.005606
204.911794,196.772568,8.139226,204.532793,196.408286,8.124507,18.863062,0.006646
204.921670,196.795322,8.126348,204.322184,196.343613,7.978570,9.862998,0.004981
197.605880,189.757817,7.848063,191.144499,183.272915,7.871584,7.834325,0.016016
188.778524,180.867048,7.911477,187.285646,179.368009,7.917637,9.958060,0.015569
187.471257,179.588898,7.882359,182.637052,174.817141,7.819911,7.924583,0.020690
180.656016,172.883502,7.772514,177.492674,169.819419,7.673255,7.789039,0.027662
169.888054,162.418841,7.469212,165.083938,157.591550,7.492388,6.269515,0.035021
163.312849,155.919269,7.393580,161.593156,154.220640,7.372516,7.939094,0.031070
159.749599,152.394102,7.355497,157.318914,150.037425,7.281488,5.705819,0.036933
156.227023,148.956423,7.270600,154.135907,146.928994,7.206914,6.095403,0.033823
152.808452,145.709081,7.099370,150.758319,143.660152,7.098167,5.729303,0.035523
149.865159,142.757451,7.107709,147.733571,140.598123,7.135448,6.715013,0.032641
147.996208,140.893016,7.103193,146.895460,139.774462,7.120998,6.404376,0.034260
146.818634,139.729771,7.088862,145.690193,138.589818,7.100375,6.176630,0.036209
145.774869,138.685916,7.088953,144.735578,137.630499,7.105079,5.972679,0.033941
144.915126,137.881600,7.033526,144.004151,136.950763,7.053388,5.786974,0.034000
144.050390,137.053358,6.997032,143.229770,136.236806,6.992964,6.453005,0.035604
142.953301,136.004201,6.949100,141.909395,134.962016,6.947379,5.844220,0.036399
142.168380,135.225593,6.942788,141.439492,134.468467,6.971025,5.780993,0.039568
141.484753,134.564819,6.919934,140.874652,133.945159,6.929494,5.583339,0.041756
140.913473,133.991234,6.922239,140.472684,133.575931,6.896753,6.197843,0.034559
140.458265,133.556096,6.902169,139.842062,132.931272,6.910790,6.218011,0.035483
139.847376,132.935986,6.911390,139.280611,132.327356,6.953254,6.299762,0.036022
139.453329,132.556820,6.896510,139.024960,132.131552,6.893407,5.825937,0.038608
139.075035,132.178951,6.896084,138.617084,131.720795,6.896290,5.562167,0.041537
138.745418,131.860094,6.885323,138.048784,131.151107,6.897678,5.886133,0.037381
138.221545,131.357748,6.863796,138.181808,131.345023,6.836785,5.888541,0.038310
137.864004,131.024682,6.839322,137.153722,130.294808,6.858914,5.666232,0.038356
137.446048,130.602660,6.843388,137.549725,130.718945,6.830781,5.450704,0.040924
137.226711,130.387758,6.838953,136.866428,130.037103,6.829326,6.173731,0.035476
136.972007,130.147812,6.824195,136.888761,130.043596,6.845166,5.554163,0.043413
136.694879,129.858799,6.836080,136.207879,129.381854,6.826024,6.584214,0.038359
136.388332,129.550572,6.837760,135.646082,128.786892,6.859190,6.226969,0.037244
136.040626,129.232008,6.808617,135.978229,129.201348,6.776881,6.327042,0.037260
135.847904,129.070142,6.777762,135.184874,128.402679,6.782194,5.991009,0.032280
135.532013,128.728448,6.803564,134.915958,128.118946,6.797011,6.541590,0.043571
135.225666,128.437996,6.787670,134.767633,127.961564,6.806069,5.874470,0.043583
134.924378,128.140733,6.783645,134.671076,127.896098,6.774977,5.784263,0.041343
134.813669,128.042804,6.770865,134.097330,127.305372,6.791958,5.766008,0.041879
134.512598,127.734554,6.778044,134.549526,127.755587,6.793939,5.893775,0.044717
134.345130,127.573071,6.772060,134.055170,127.264939,6.790232,6.730054,0.035241
134.134680,127.368808,6.765873,133.976695,127.229582,6.747113,5.544325,0.044600
134.021999,127.265613,6.756387,133.825871,127.065266,6.760606,6.077887,0.034524
133.827534,127.070059,6.757475,133.408067,126.616207,6.791860,5.930033,0.036979
133.694072,126.924351,6.769721,133.531291,126.781649,6.749642,5.821919,0.039163
133.571503,126.820880,6.750623,133.471047,126.738965,6.732081,5.677121,0.043476
133.583278,126.817431,6.765848,132.912838,126.147294,6.765544,6.054805,0.036746
133.277872,126.496192,6.781680,133.199021,126.419624,6.779397,5.773266,0.042249
133.183118,126.412591,6.770528,132.963423,126.206395,6.757028,6.674788,0.038059
132.995293,126.221242,6.774051,133.206958,126.443103,6.763854,6.015560,0.038025
133.017778,126.258408,6.759370,133.081099,126.330485,6.750614,5.663988,0.042114
132.907217,126.138845,6.768372,133.334295,126.609982,6.724313,6.855177,0.039892
132.776094,126.015906,6.760187,132.653530,125.902415,6.751115,6.221725,0.034766
132.706214,125.932123,6.774091,132.202438,125.452251,6.750187,6.262812,0.042509
132.626515,125.868295,6.758220,132.725875,125.976757,6.749119,5.902206,0.042509
132.687412,125.920231,6.767182,132.182926,125.369427,6.813499,5.915715,0.041625
132.513317,125.735842,6.777474,132.470783,125.698693,6.772090,5.937503,0.043185
132.463744,125.715403,6.748341,132.755882,126.010725,6.745156,6.243819,0.043159
132.421776,125.660006,6.761770,132.513151,125.786685,6.726466,6.033099,0.042188
132.301199,125.524413,6.776786,132.151979,125.362786,6.789193,6.007966,0.044672
132.218000,125.439329,6.778671,132.068388,125.294794,6.773594,5.797091,0.045000
132.085268,125.315948,6.769321,132.260505,125.527407,6.733099,6.115028,0.043429
132.134409,125.352802,6.781607,131.871132,125.091686,6.779447,6.015852,0.041056
131.985067,125.218828,6.766239,132.144801,125.399526,6.745276,5.631420,0.045512
131.936181,125.165749,6.770432,132.114318,125.336825,6.777493,5.671712,0.048051
131.904286,125.142446,6.761840,131.821128,125.075749,6.745379,6.621020,0.038423
131.959366,125.195634,6.763731,132.256205,125.507989,6.748216,6.173665,0.044033
131.843317,125.071046,6.772272,131.757013,125.004544,6.752469,6.712766,0.040725
131.791331,125.014977,6.776353,132.272574,125.510587,6.761987,6.038160,0.046941
131.762556,124.992723,6.769833,131.595445,124.828486,6.766958,5.884608,0.041720
131.794906,125.022227,6.772679,131.881844,125.093919,6.787924,7.012145,0.042287
131.585382,124.801743,6.783639,131.545862,124.759492,6.786370,6.063850,0.042296
131.538275,124.759434,6.778842,131.434243,124.660889,6.773353,6.254719,0.040053
131.586424,124.821134,6.765290,131.993345,125.225796,6.767549,7.276634,0.037726
131.581674,124.816378,6.765296,132.157202,125.425987,6.731215,5.877084,0.041961
131.547569,124.791917,6.755651,131.985210,125.218591,6.766620,5.586327,0.046153
131.432825,124.667179,6.765647,131.896093,125.160292,6.735802,6.170237,0.042681
131.398716,124.641153,6.757563,132.235659,125.498861,6.736798,6.207900,0.044156
131.438902,124.678259,6.760643,131.789878,125.025344,6.764533,5.858856,0.044211
131.340410,124.564870,6.775540,131.135278,124.378439,6.756838,6.292737,0.041599
131.126558,124.364502,6.762056,131.882509,125.148734,6.733776,5.812475,0.043896
131.269414,124.512198,6.757216,131.884856,125.177072,6.707785,5.906647,0.044879
131.205086,124.426637,6.778449,131.659518,124.915231,6.744287,5.609156,0.043136
131.167763,124.424618,6.743146,131.331191,124.576264,6.754927,6.434452,0.043733
131.108424,124.346220,6.762204,131.377012,124.620162,6.756849,6.182872,0.039792
131.083199,124.309191,6.774007,131.006397,124.251155,6.755241,6.381047,0.043646
130.896104,124.128625,6.767479,131.115788,124.350573,6.765216,5.908058,0.042196
130.945360,124.181267,6.764093,131.454096,124.693019,6.761077,5.656478,0.043844
130.863085,124.092580,6.770505,131.400244,124.642382,6.757863,6.207581,0.042024
130.922697,124.166303,6.756394,131.149293,124.394306,6.754987,6.429033,0.045329
130.748045,123.994935,6.753110,131.308945,124.553515,6.755430,6.098102,0.042330
130.728968,123.957100,6.771868,131.148288,124.416460,6.731829,6.176527,0.039262
130.703504,123.947994,6.755510,131.049943,124.297615,6.752327,5.769755,0.043056
130.737291,123.972834,6.764458,131.150352,124.393153,6.757198,6.379265,0.042206
130.643373,123.890549,6.752824,131.116604,124.369200,6.747405,5.700218,0.041427
130.586557,123.821219,6.765338,131.333875,124.594518,6.739357,5.795784,0.037593
130.551829,123.790670,6.761160,130.955657,124.156318,6.799339,6.062906,0.042075
130.385481,123.611642,6.773839,130.867598,124.118931,6.748667,6.247947,0.039911
130.515627,123.757415,6.758212,130.893018,124.137745,6.755272,6.439727,0.042282
130.337339,123.556871,6.780468,130.993667,124.257220,6.736446,5.772614,0.043972
130.343599,123.587917,6.755682,130.601278,123.865199,6.736080,6.417948,0.039244
130.263914,123.500918,6.762996,130.950341,124.234105,6.716236,6.152655,0.045370
130.380281,123.630714,6.749567,130.886030,124.146331,6.739699,6.529542,0.039156
130.272197,123.512304,6.759893,130.662474,123.891122,6.771352,6.182530,0.037007
130.189655,123.421618,6.768038,130.858420,124.095373,6.763047,5.996223,0.041921
130.105903,123.353986,6.751917,131.091168,124.341867,6.749302,6.034939,0.044267
130.034008,123.281459,6.752549,131.011790,124.312037,6.699752,7.427398,0.041011
130.047419,123.297597,6.749822,130.834672,124.099829,6.734843,5.763309,0.046510
129.984886,123.229322,6.755564,130.918842,124.205855,6.712987,6.466691,0.039872
130.087871,123.333130,6.754741,130.750817,124.006606,6.744211,5.999403,0.039792
130.037183,123.280129,6.757054,130.598523,123.831048,6.767475,6.536288,0.044784
130.028926,123.264378,6.764548,130.595037,123.848996,6.746040,6.403119,0.044751
129.848358,123.086150,6.762207,130.700115,123.994476,6.705641,5.902284,0.043574
129.820532,123.060701,6.759832,130.458191,123.723573,6.734618,6.286745,0.039629
129.875253,123.119119,6.756135,130.458120,123.703031,6.755088,6.011529,0.043364
129.783043,123.018526,6.764516,130.317453,123.534524,6.782929,6.270901,0.043582
129.785958,123.025738,6.760220,130.247666,123.505985,6.741681,7.357580,0.040311
129.705291,122.930508,6.774783,130.091506,123.316269,6.775237,5.687185,0.040698
129.726645,122.964576,6.762069,130.296537,123.523645,6.772892,5.666911,0.045507
129.643079,122.875445,6.767634,130.413991,123.648579,6.765411,6.054926,0.042468
129.641713,122.879690,6.762024,130.355483,123.599064,6.756419,6.006854,0.039678
129.555959,122.796668,6.759292,129.983241,123.218546,6.764695,5.668139,0.043431
129.649326,122.885867,6.763459,130.263636,123.528180,6.735455,5.603087,0.048881
129.570480,122.798213,6.772267,130.089077,123.312806,6.776270,5.375275,0.044472
129.415283,122.623999,6.791285,130.687758,123.954289,6.733470,5.804385,0.048004
129.536696,122.773485,6.763211,130.246359,123.501622,6.744736,6.660051,0.040735
129.542731,122.787476,6.755255,130.601165,123.866345,6.734821,5.817041,0.044078
129.631420,122.875754,6.755666,129.845944,123.081459,6.764485,5.617229,0.044344
129.470621,122.698814,6.771807,129.892287,123.143199,6.749088,6.293016,0.040197
129.477790,122.712368,6.765422,130.053052,123.308588,6.744464,6.234164,0.043001
129.478048,122.715148,6.762899,130.253662,123.509654,6.744008,6.006191,0.048607
129.562067,122.812234,6.749833,130.097758,123.373240,6.724518,6.469732,0.045999
129.471189,122.706736,6.764453,129.996167,123.247793,6.748374,5.631009,0.045126
129.396414,122.633422,6.762991,130.293299,123.559282,6.734017,5.295198,0.043449
129.466524,122.712067,6.754457,130.211770,123.467995,6.743775,6.483477,0.044834
129.338135,122.581250,6.756886,129.909387,123.167349,6.742038,5.708967,0.046285
129.351698,122.588165,6.763534,129.849240,123.075343,6.773897,5.691510,0.046816
129.192622,122.427573,6.765049,129.943896,123.171504,6.772392,5.837342,0.052043
129.221209,122.458779,6.762430,130.392093,123.668146,6.723947,6.792287,0.042962
129.283169,122.524919,6.758250,130.048720,123.302586,6.746134,5.893933,0.038488
129.262642,122.503927,6.758715,130.576627,123.839691,6.736936,5.649858,0.047202
129.309871,122.539636,6.770236,130.222250,123.491911,6.730338,6.288749,0.049942
129.110075,122.327010,6.783065,130.142869,123.410321,6.732548,5.663322,0.048579
129.015815,122.241532,6.774283,130.217858,123.489229,6.728629,6.248885,0.044667
129.163556,122.411822,6.751734,130.620341,123.888692,6.731650,6.356468,0.039311
129.127688,122.357304,6.770384,130.198910,123.444136,6.754774,6.400393,0.041814
128.989486,122.220506,6.768980,130.288626,123.565001,6.723625,6.326863,0.045659
129.015048,122.245079,6.769970,129.792123,123.025681,6.766442,6.069679,0.043923
129.121570,122.366677,6.754893,130.456107,123.707247,6.748861,6.679302,0.044788
129.047047,122.278526,6.768520,129.999567,123.257602,6.741965,5.903955,0.049322
129.136300,122.384269,6.752031,130.077786,123.346384,6.731403,5.811571,0.042600
129.038674,122.284265,6.754409,130.018477,123.287782,6.730694,6.042483,0.043943
129.005686,122.236537,6.769149,130.305450,123.584078,6.721372,6.834353,0.044343
129.074708,122.324182,6.750526,130.376878,123.649094,6.727785,6.585147,0.040513
129.029528,122.259710,6.769818,129.892792,123.134522,6.758270,6.648643,0.042666
128.905781,122.149085,6.756697,129.857484,123.116040,6.741444,6.158903,0.045540
129.034423,122.271082,6.763341,129.971913,123.213286,6.758627,6.584291,0.042091
128.949958,122.191331,6.758628,129.963408,123.237006,6.726403,7.107802,0.045668
128.893027,122.134743,6.758284,130.173257,123.473338,6.699919,6.258274,0.041824
