240.690950,235.473537,5.217413,191.614977,188.295793,3.319184,4.403493,0.006661
179.860699,173.978691,5.882008,165.808586,157.464838,8.343748,3.787677,0.011981
156.019042,146.004281,10.014761,147.938992,137.036946,10.902046,3.163504,0.016590
144.579912,132.965951,11.613961,139.635812,127.326318,12.309493,3.520220,0.017690
137.418358,124.387436,13.030921,133.743429,120.040769,13.702659,3.423300,0.018582
132.274581,118.218674,14.055908,129.025424,114.656221,14.369202,3.439260,0.018033
128.181275,113.538006,14.643269,126.293159,111.508959,14.784200,3.310292,0.020322
125.457857,110.439055,15.018803,123.279731,108.109965,15.169767,3.395743,0.019656
123.217452,107.994194,15.223258,121.598937,106.302841,15.296097,3.597603,0.018396
121.271406,105.899210,15.372197,119.902457,104.460150,15.442307,3.461666,0.019601
119.619879,104.113561,15.506319,118.167854,102.571870,15.595983,3.559030,0.018384
118.088201,102.405247,15.682954,117.151209,101.461238,15.689971,3.531973,0.019727
116.752092,100.848954,15.903137,116.029372,99.917657,16.111715,3.411077,0.019076
115.492087,99.347228,16.144858,114.472438,98.316415,16.156023,3.611454,0.019623
114.467779,98.242678,16.225101,113.458393,97.110889,16.347504,3.495728,0.018156
113.357970,96.952751,16.405219,112.306560,95.846192,16.460368,3.468754,0.019044
112.445356,95.859869,16.585487,111.528419,94.890813,16.637606,3.390553,0.018263
111.630118,94.990123,16.639995,110.915240,94.242728,16.672512,3.503029,0.017624
110.743253,93.932392,16.810861,110.191426,93.418104,16.773322,3.281078,0.019737
110.143919,93.321358,16.822562,109.526220,92.582573,16.943647,3.361975,0.017710
109.582710,92.663462,16.919248,109.683817,92.736117,16.947700,3.420524,0.018138
109.063488,92.087658,16.975830,108.515925,91.471394,17.044530,3.326789,0.018670
108.550497,91.521939,17.028558,108.346429,91.232467,17.113963,3.409769,0.018827
108.158287,91.104262,17.054025,107.832834,90.758183,17.074650,3.480454,0.017083
107.698642,90.575999,17.122643,107.548556,90.335565,17.212992,3.499838,0.016921
107.321017,90.127421,17.193596,107.103607,89.937130,17.166478,3.610264,0.016798
106.955091,89.749840,17.205252,106.951351,89.676924,17.274427,3.650765,0.016223
106.566917,89.287795,17.279122,106.927079,89.803993,17.123086,3.485727,0.017692
106.317661,89.054295,17.263366,106.452910,89.245181,17.207730,3.539344,0.017234
105.989694,88.658924,17.330771,105.997801,88.690311,17.307490,3.654398,0.016596
105.780476,88.475703,17.304773,105.840267,88.584592,17.255674,3.598202,0.016707
105.605313,88.214758,17.390555,105.625962,88.212927,17.413035,3.651541,0.016320
105.226376,87.845087,17.381289,105.394200,88.156299,17.237901,3.808589,0.015687
105.099940,87.709017,17.390924,105.418971,88.139276,17.279695,3.750162,0.015389
104.921513,87.476365,17.445148,105.347503,87.796417,17.551086,3.687843,0.016097
104.580025,87.147078,17.432946,105.388239,88.027578,17.360662,3.718660,0.016158
104.525770,86.996264,17.529506,104.869674,87.363803,17.505871,3.513587,0.016888
104.266829,86.685121,17.581708,104.840012,87.348256,17.491755,3.472639,0.016552
104.069013,86.510850,17.558163,104.698945,87.151303,17.547642,3.450190,0.017378
104.011846,86.416706,17.595140,104.519891,86.892980,17.626912,3.412422,0.016888
103.823274,86.258246,17.565028,104.445608,86.928410,17.517198,3.487925,0.017228
103.722806,86.149436,17.573370,104.436692,86.897267,17.539425,3.577945,0.016907
103.618974,86.004984,17.613990,104.408019,86.730929,17.677091,3.544117,0.017434
103.519761,85.837693,17.682069,104.075124,86.352506,17.722618,3.631837,0.015905
103.288320,85.634206,17.654114,104.043145,86.472630,17.570515,3.642844,0.015704
103.133528,85.446879,17.686650,104.295053,86.606365,17.688688,3.455619,0.016834
103.107801,85.392222,17.715579,104.449768,86.842119,17.607648,3.601160,0.019305
102.995802,85.302132,17.693670,103.741016,86.141002,17.600015,3.632671,0.016726
102.821634,85.094304,17.727330,103.915025,86.231240,17.683785,3.689754,0.015632
102.726994,84.991344,17.735650,103.844403,86.083256,17.761146,3.392513,0.017095
102.674289,84.893075,17.781213,103.512614,85.790719,17.721895,3.484000,0.016429
102.555946,84.813341,17.742605,103.633951,85.910765,17.723186,3.466832,0.017486
102.457703,84.703672,17.754031,103.303041,85.423713,17.879328,3.567385,0.016527
102.359926,84.529848,17.830078,103.421918,85.691844,17.730074,3.510162,0.017138
102.287128,84.483510,17.803618,103.244346,85.433498,17.810848,3.582906,0.016024
102.167823,84.373599,17.794224,103.443217,85.676893,17.766324,3.353540,0.017581
102.127186,84.285106,17.842080,103.293850,85.449860,17.843990,3.386019,0.016950
102.043665,84.168869,17.874797,102.925445,85.113005,17.812440,3.692063,0.015478
101.929681,84.066691,17.862990,103.413467,85.560368,17.853099,3.517761,0.016770
101.879803,84.022775,17.857028,102.982195,85.105161,17.877035,3.519507,0.016510
101.806129,83.883367,17.922762,102.803891,84.882981,17.920909,3.488934,0.016847
101.706913,83.780796,17.926117,103.049802,85.300582,17.749220,3.574222,0.016488
101.660243,83.769974,17.890268,103.183102,85.440740,17.742362,3.654656,0.016392
101.589432,83.709613,17.879819,103.062751,85.232947,17.829804,3.588726,0.016487
101.566986,83.678058,17.888928,102.934990,85.095524,17.839466,3.676647,0.015651
101.379990,83.477370,17.902620,102.849155,84.949714,17.899441,3.588768,0.016729
101.446790,83.492688,17.954103,102.809265,84.940707,17.868558,3.419932,0.016716
101.331234,83.373892,17.957341,102.709013,84.839217,17.869796,3.532518,0.016754
101.317552,83.349602,17.967950,102.920414,85.009385,17.911028,3.434175,0.018408
101.180804,83.220818,17.959987,102.640694,84.729383,17.911311,3.521829,0.015664
101.098290,83.151784,17.946506,102.644786,84.762993,17.881793,3.460327,0.017348
101.073612,83.080960,17.992652,102.508440,84.625538,17.882901,3.521011,0.016973
101.053008,83.058017,17.994992,102.426658,84.519211,17.907447,3.620157,0.016111
100.950860,83.006399,17.944461,102.676288,84.856020,17.820268,3.490584,0.017383
100.999866,83.043339,17.956527,102.713542,84.854709,17.858833,3.482951,0.017543
100.871086,82.858013,18.013073,102.334687,84.361322,17.973364,3.350895,0.017999
100.811632,82.825564,17.986069,102.502837,84.553832,17.949004,3.382846,0.017333
100.759588,82.726625,18.032963,102.334528,84.345489,17.989039,3.485731,0.016492
100.698828,82.643626,18.055203,102.200971,84.220318,17.980652,3.507797,0.017147
100.669426,82.615776,18.053650,102.222785,84.199129,18.023656,3.492299,0.015590
100.554870,82.506833,18.048037,101.996818,83.998338,17.998480,3.487517,0.016204
100.526275,82.497987,18.028288,102.345889,84.465460,17.880430,3.541367,0.016241
100.501231,82.470107,18.031124,102.370644,84.438758,17.931886,3.442244,0.017596
100.493222,82.447661,18.045560,102.647360,84.485138,18.162222,3.296931,0.017042
100.424540,82.355296,18.069244,102.369455,84.280336,18.089120,3.299344,0.018233
100.362666,82.336677,18.025989,102.057296,84.112648,17.944648,3.384615,0.017972
100.368748,82.316828,18.051920,101.996033,83.994728,18.001306,3.538167,0.016682
100.350972,82.324160,18.026813,101.951875,83.943178,18.008697,3.730007,0.016585
100.236968,82.205448,18.031520,102.240236,84.318592,17.921645,3.238543,0.018227
100.293478,82.289281,18.004198,102.045893,84.074259,17.971633,3.464403,0.016546
100.139405,82.101575,18.037831,102.006703,84.019041,17.987663,3.396116,0.017406
100.136851,82.091015,18.045835,101.975528,84.028729,17.946799,3.458614,0.017466
100.162957,82.126125,18.036832,102.151448,84.266321,17.885127,3.402643,0.017230
100.047765,82.052914,17.994852,101.761410,83.776241,17.985169,3.479088,0.017187
100.106332,82.078340,18.027992,101.998539,84.000083,17.998455,3.494245,0.016111
100.028791,82.006434,18.022357,101.869539,83.851388,18.018151,3.503971,0.016917
99.963071,81.927414,18.035657,101.760043,83.787353,17.972691,3.784577,0.016313
99.923132,81.894927,18.028205,101.856284,83.914943,17.941340,3.628329,0.015848
99.891993,81.821863,18.070130,101.939223,83.896222,18.043001,3.499698,0.016445
99.864242,81.792411,18.071832,101.650150,83.676719,17.973431,3.629724,0.016659
99.839623,81.771609,18.068014,101.638598,83.627725,18.010873,3.542694,0.017305
99.795884,81.707109,18.088774,101.990575,84.065725,17.924850,3.467651,0.017532
99.777274,81.716316,18.060957,101.728189,83.756448,17.971741,3.757766,0.016594
99.822884,81.712175,18.110709,101.661765,83.593303,18.068462,3.352705,0.017206
99.703614,81.607896,18.095718,101.649878,83.599006,18.050872,3.489684,0.015973
99.623692,81.564440,18.059251,101.688165,83.757210,17.930955,3.593022,0.017069
99.692612,81.647335,18.045278,101.665246,83.646942,18.018304,3.581149,0.015597
99.642837,81.575868,18.066969,101.828431,83.781687,18.046744,3.451195,0.016623
99.614182,81.552075,18.062107,101.741843,83.785992,17.955851,3.519054,0.016546
99.596619,81.536412,18.060207,101.688972,83.692120,17.996852,3.622387,0.016101
99.497374,81.438065,18.059309,101.592714,83.571527,18.021187,3.563789,0.016604
99.513723,81.420662,18.093062,101.641260,83.683109,17.958150,3.620861,0.014941
99.452825,81.378622,18.074203,101.740648,83.738754,18.001895,3.547843,0.016405
99.414937,81.362056,18.052881,101.613798,83.622731,17.991067,3.534702,0.015738
99.514313,81.425572,18.088741,101.520715,83.498660,18.022054,3.377071,0.016777
99.397740,81.326591,18.071150,101.465686,83.446857,18.018829,3.501354,0.016510
99.369875,81.275028,18.094847,101.569194,83.600067,17.969127,3.610924,0.016964
99.316423,81.244225,18.072198,101.545561,83.570728,17.974834,3.686284,0.015497
99.327285,81.226841,18.100444,101.410630,83.413969,17.996661,3.708042,0.015666
99.300417,81.237978,18.062439,101.635892,83.657501,17.978390,3.415333,0.017547
99.344935,81.271531,18.073403,101.479228,83.388000,18.091228,3.479556,0.016369
99.226017,81.098485,18.127532,101.477551,83.449539,18.028012,3.497829,0.016759
99.260149,81.167207,18.092942,101.454446,83.399012,18.055434,3.486604,0.016728
99.200591,81.165815,18.034776,101.583524,83.620276,17.963248,3.416814,0.016855
99.280052,81.210055,18.069997,101.400848,83.291550,18.109298,3.734966,0.014905
99.158500,81.081940,18.076560,101.412086,83.355883,18.056202,3.474153,0.016755
99.178451,81.069728,18.108723,101.445936,83.476178,17.969758,3.418536,0.017176
99.155381,81.088443,18.066938,101.386120,83.443964,17.942156,3.492707,0.017712
99.101033,81.049342,18.051691,101.520656,83.538309,17.982347,3.535206,0.016240
99.087376,81.005754,18.081622,101.472213,83.539559,17.932654,3.352497,0.017365
99.072212,81.007749,18.064463,101.382349,83.382863,17.999486,3.554362,0.015801
99.116693,81.053102,18.063591,101.683415,83.703929,17.979486,3.631899,0.016862
99.056859,80.940360,18.116499,101.491430,83.415457,18.075973,3.550370,0.015994
99.021795,80.952317,18.069478,101.561986,83.608315,17.953671,3.427892,0.017656
99.009656,80.922206,18.087450,101.593617,83.534504,18.059112,3.564967,0.017124
98.992392,80.903466,18.088926,101.334163,83.278450,18.055712,3.460792,0.018032
98.935547,80.850219,18.085328,101.215226,83.299211,17.916015,3.580009,0.015809
98.957849,80.914428,18.043421,101.197738,83.206588,17.991149,3.607085,0.015906
98.957816,80.912562,18.045255,101.260277,83.227023,18.033254,3.467247,0.017429
98.851897,80.825454,18.026443,101.303513,83.341749,17.961764,3.442572,0.016562
98.867317,80.855995,18.011321,101.337409,83.465410,17.871999,3.730958,0.015764
98.955071,80.875699,18.079371,101.297092,83.235189,18.061904,3.503741,0.015498
98.853216,80.782367,18.070849,101.395720,83.380151,18.015568,3.631938,0.016748
98.815561,80.730584,18.084977,101.229818,83.196570,18.033249,3.404605,0.016552
98.761862,80.722640,18.039222,101.191397,83.247277,17.944120,3.602864,0.015371
98.723924,80.658265,18.065658,101.272151,83.304698,17.967453,3.438134,0.016328
98.734153,80.683276,18.050876,101.436823,83.506075,17.930748,3.498771,0.016178
98.731660,80.669890,18.061770,101.361334,83.251386,18.109948,3.618086,0.016379
98.696528,80.640989,18.055539,101.331275,83.419068,17.912207,3.426456,0.016858
98.710339,80.710218,18.000121,101.130511,83.148744,17.981766,3.857983,0.015641
98.744114,80.699745,18.044369,101.568561,83.343841,18.224719,3.433705,0.016023
98.678220,80.595857,18.082362,101.138757,83.142177,17.996580,3.437925,0.016257
98.641290,80.578979,18.062311,101.059655,83.080657,17.978998,3.776172,0.015805
98.620260,80.599587,18.020674,101.312318,83.355246,17.957071,3.386197,0.017323
98.615277,80.538540,18.076737,101.357423,83.372263,17.985160,3.423821,0.017186
98.608160,80.573764,18.034396,101.160295,83.214787,17.945508,3.521550,0.016336
98.610692,80.556899,18.053792,101.296132,83.334279,17.961854,3.509257,0.016694
98.626277,80.623102,18.003175,101.192059,83.233298,17.958761,3.564838,0.016213
98.563712,80.519152,18.044560,101.477123,83.442872,18.034251,3.518308,0.017189
98.582350,80.510582,18.071768,101.232303,83.231640,18.000663,3.647296,0.014902
