190.302597,183.530222,6.772375,162.186858,148.953679,13.233179,2.272527,0.031801
150.354836,134.026474,16.328362,142.719704,124.750196,17.969509,2.451617,0.037479
138.455323,119.141935,19.313388,133.913171,113.394463,20.518709,2.340657,0.039438
132.063278,111.410770,20.652508,128.474638,107.590021,20.884616,2.464347,0.041988
128.409315,107.111413,21.297901,126.240507,104.723719,21.516788,2.561529,0.041338
125.980231,104.325683,21.654548,124.510244,102.776593,21.733650,2.580411,0.041792
124.366186,102.450479,21.915707,122.994510,100.941356,22.053154,2.671049,0.038797
122.956775,101.013260,21.943515,121.866120,99.823195,22.042924,2.657606,0.040656
121.825473,99.673794,22.151679,120.998771,98.807762,22.191009,2.567163,0.041605
120.916671,98.695952,22.220719,120.198255,97.851923,22.346332,2.692740,0.041468
119.930595,97.711260,22.219335,119.248185,96.962930,22.285255,2.549065,0.042783
119.183831,96.858546,22.325285,118.646468,96.229869,22.416598,2.492857,0.044670
118.670160,96.289349,22.380811,118.250272,95.905508,22.344764,2.698795,0.042179
118.016869,95.615028,22.401842,117.686591,95.189133,22.497458,2.674805,0.041130
117.440936,95.013848,22.427089,117.301333,94.940096,22.361237,2.721506,0.042112
117.023532,94.586713,22.436819,116.942535,94.540072,22.402463,2.742616,0.041792
116.584217,94.130665,22.453552,116.707916,94.290947,22.416970,2.748172,0.040216
116.197987,93.727516,22.470471,115.964424,93.518526,22.445899,2.799147,0.039811
115.827315,93.316116,22.511200,116.490721,94.034770,22.455951,2.683650,0.043623
115.503143,93.006275,22.496868,115.730657,93.317553,22.413104,2.812916,0.041685
115.040055,92.563984,22.476071,115.317963,92.919772,22.398191,2.911152,0.038153
114.733085,92.226226,22.506859,115.094286,92.696057,22.398229,2.969609,0.036469
114.589741,92.057041,22.532700,114.947884,92.422305,22.525579,2.883971,0.039048
114.180040,91.718299,22.461741,114.747444,92.346651,22.400793,3.015972,0.038331
113.966498,91.452722,22.513775,114.292322,91.823895,22.468428,2.932409,0.038078
113.760069,91.269541,22.490528,114.351730,91.894411,22.457320,2.834447,0.039472
113.460669,91.006445,22.454224,114.166089,91.768976,22.397113,2.807060,0.040775
113.264488,90.792416,22.472072,113.887625,91.580592,22.307033,2.827366,0.041815
113.022670,90.564207,22.458463,113.749118,91.386303,22.362815,2.854637,0.041274
112.757650,90.287108,22.470542,113.306265,91.013698,22.292566,2.788942,0.042442
112.500804,90.101215,22.399589,113.193980,90.925949,22.268031,2.754637,0.040486
112.414752,89.980419,22.434333,113.288645,90.960894,22.327751,2.819600,0.037933
112.140234,89.733434,22.406799,112.563942,90.246665,22.317277,2.962822,0.036491
111.875806,89.489642,22.386164,112.735024,90.425134,22.309890,2.758308,0.041053
111.689210,89.281211,22.407999,112.315093,90.023799,22.291294,2.950866,0.038574
111.445333,89.061155,22.384178,112.114815,89.903051,22.211764,2.721623,0.039606
111.174089,88.841865,22.332224,112.438715,90.118028,22.320687,2.899615,0.038786
111.021054,88.656036,22.365018,111.539660,89.189914,22.349746,3.058122,0.037276
110.801998,88.428830,22.373168,111.658912,89.414710,22.244201,2.912463,0.037028
110.642701,88.298728,22.343973,111.425448,89.264772,22.160676,2.899317,0.042604
110.358055,88.052637,22.305418,111.205913,88.847141,22.358771,2.722739,0.038255
110.122123,87.788217,22.333906,110.884624,88.750919,22.133704,2.792544,0.036099
109.922143,87.660084,22.262059,110.833411,88.654560,22.178851,2.842556,0.039286
109.719021,87.443328,22.275693,110.727443,88.670906,22.056538,2.787426,0.038564
109.627647,87.350647,22.277000,110.541768,88.398161,22.143607,2.803371,0.040032
109.417706,87.204242,22.213463,110.226897,88.051529,22.175368,2.904244,0.038133
109.218884,86.978081,22.240803,110.254221,88.008413,22.245808,2.777154,0.039732
109.082861,86.869809,22.213053,109.878883,87.765487,22.113397,3.023872,0.038118
108.915804,86.718352,22.197452,110.078152,87.960961,22.117191,3.083071,0.036775
108.672335,86.494680,22.177655,109.449117,87.390263,22.058853,3.021561,0.036479
108.544590,86.418469,22.126121,109.706271,87.606679,22.099592,2.915996,0.038847
108.407272,86.203926,22.203346,109.440365,87.321865,22.118500,3.000197,0.039758
108.291431,86.200023,22.091408,109.202605,87.341455,21.861150,2.942848,0.036897
108.089573,86.010197,22.079376,109.215428,87.076528,22.138900,2.804327,0.038903
107.847278,85.761975,22.085303,109.218703,87.284724,21.933979,2.750217,0.039267
107.814215,85.751552,22.062663,108.837085,86.971720,21.865365,3.025988,0.038628
107.641906,85.635895,22.006011,108.792997,86.909561,21.883436,2.984308,0.038238
107.479789,85.501002,21.978787,108.524473,86.589656,21.934817,2.961341,0.036326
107.398697,85.401504,21.997194,108.750143,86.777393,21.972750,2.940063,0.038859
107.236027,85.315849,21.920178,108.385390,86.580361,21.805029,2.972450,0.037782
107.127233,85.238885,21.888348,108.494718,86.580896,21.913823,2.948159,0.034940
106.993814,85.066554,21.927260,107.964375,86.113801,21.850573,2.905350,0.038094
106.836465,84.944285,21.892180,107.884255,86.188875,21.695379,2.806091,0.041050
106.787453,84.962433,21.825021,108.369659,86.773419,21.596240,2.841067,0.038789
106.700778,84.869852,21.830925,107.872757,86.101348,21.771408,2.858106,0.037276
106.569786,84.764931,21.804855,107.836473,86.150666,21.685807,2.945224,0.036919
106.423294,84.598077,21.825217,107.585606,85.867535,21.718070,2.871294,0.035358
106.345522,84.536583,21.808939,107.240521,85.611285,21.629237,2.963986,0.036158
106.258118,84.468155,21.789963,107.354559,85.616382,21.738177,3.103906,0.036200
106.151322,84.344604,21.806719,107.449895,85.728780,21.721116,2.816956,0.037721
105.984720,84.201937,21.782783,107.067741,85.334206,21.733535,2.971099,0.034304
105.861544,84.119346,21.742198,107.166687,85.330288,21.836399,3.062961,0.035757
105.821752,84.022044,21.799708,107.138391,85.513495,21.624896,2.921242,0.036817
105.669277,83.884814,21.784463,106.980679,85.313354,21.667325,2.863998,0.038182
105.748750,83.949474,21.799276,107.057803,85.180277,21.877526,2.934912,0.038247
105.583605,83.814696,21.768909,106.940962,85.246626,21.694335,3.145061,0.035570
105.454536,83.697050,21.757486,107.092482,85.402587,21.689895,2.933414,0.035449
105.485679,83.715822,21.769856,107.085059,85.430013,21.655047,2.789073,0.038248
105.365658,83.600695,21.764962,106.450758,84.752119,21.698638,2.868657,0.037077
105.259741,83.421023,21.838717,106.395640,84.677064,21.718576,2.998612,0.034463
105.225867,83.409955,21.815912,106.737636,84.964977,21.772658,2.801986,0.035511
105.123462,83.361132,21.762331,106.824162,85.118691,21.705471,3.007466,0.037209
105.075612,83.273366,21.802245,106.312341,84.624209,21.688132,3.102673,0.033891
105.008005,83.131937,21.876068,106.682419,84.847852,21.834568,2.822466,0.038353
105.129084,83.229432,21.899652,106.708927,84.854245,21.854682,2.700482,0.038479
104.954605,83.079876,21.874729,106.455055,84.706311,21.748745,2.797602,0.035537
104.821091,82.950902,21.870189,106.430241,84.630092,21.800149,2.893008,0.037069
104.803615,83.002175,21.801440,106.624572,84.803079,21.821493,2.788346,0.039328
104.667225,82.852990,21.814235,106.139184,84.421403,21.717781,3.090768,0.036868
104.718976,82.872453,21.846522,105.811660,84.095186,21.716474,3.021146,0.033476
104.617980,82.787395,21.830585,106.242413,84.478656,21.763757,2.858523,0.037320
104.635794,82.762939,21.872854,106.457332,84.641893,21.815439,2.950450,0.036776
104.489982,82.642526,21.847456,106.045596,84.225270,21.820326,2.978764,0.033836
104.403539,82.511823,21.891716,106.052624,84.225034,21.827590,2.874176,0.037927
104.340510,82.467564,21.872945,105.951949,84.148070,21.803880,2.850240,0.036694
104.348120,82.457575,21.890545,106.000727,84.156337,21.844390,3.186470,0.032912
104.357670,82.399556,21.958114,105.978407,84.163157,21.815250,3.014877,0.034222
104.251125,82.340048,21.911077,105.758017,83.966334,21.791683,2.852973,0.039155
104.159398,82.217503,21.941895,105.630019,83.760869,21.869150,2.919796,0.036595
104.102236,82.155522,21.946714,106.061026,84.205857,21.855168,2.972629,0.034895
104.122003,82.165645,21.956358,105.726420,83.833113,21.893306,3.062678,0.033372
104.070046,82.059816,22.010231,105.485527,83.519163,21.966363,3.007147,0.036223
104.038825,82.069873,21.968952,105.830191,83.801654,22.028538,2.992410,0.035257
103.983951,81.956768,22.027183,105.692434,83.900055,21.792379,2.876477,0.037832
104.022769,81.982366,22.040403,105.901758,83.814801,22.086956,2.924544,0.034216
104.051077,82.007071,22.044006,105.961358,83.926316,22.035043,3.022795,0.035543
103.902773,81.844672,22.058101,105.717371,83.652228,22.065143,2.943852,0.036008
103.912785,81.875035,22.037751,105.536333,83.534930,22.001403,2.997334,0.035407
103.862542,81.790240,22.072302,105.521110,83.520106,22.001004,3.098520,0.035157
103.852612,81.776190,22.076422,105.756704,83.742542,22.014162,2.998381,0.035801
103.734294,81.630309,22.103985,105.655688,83.535961,22.119727,2.795534,0.036200
103.761668,81.614498,22.147170,105.701700,83.676787,22.024914,2.950390,0.033103
103.766872,81.646839,22.120033,105.785982,83.766280,22.019703,3.030829,0.035491
103.730382,81.605008,22.125373,105.455857,83.312234,22.143622,3.088391,0.033435
103.698342,81.529754,22.168588,105.454830,83.287653,22.167178,2.964873,0.034751
103.663021,81.464098,22.198923,105.268686,83.128180,22.140506,2.985373,0.033036
103.627532,81.464495,22.163037,105.144213,83.051727,22.092486,3.096294,0.033993
103.599649,81.423191,22.176458,105.398055,83.254994,22.143060,2.901822,0.037500
103.594075,81.385258,22.208817,105.441540,83.334776,22.106764,2.954489,0.036542
103.578549,81.384770,22.193779,105.211999,83.063101,22.148898,2.984332,0.035791
103.534510,81.298695,22.235815,105.437282,83.252625,22.184657,3.106460,0.032951
103.526730,81.256336,22.270394,105.386203,83.230851,22.155352,2.844917,0.031218
103.480318,81.229080,22.251237,105.235133,83.033075,22.202058,3.225395,0.030456
103.540527,81.250982,22.289546,105.842578,83.681783,22.160795,2.914455,0.034846
103.513243,81.263005,22.250238,105.366072,83.176466,22.189605,2.972916,0.034691
103.449223,81.175002,22.274221,105.350046,83.154948,22.195098,2.882439,0.035621
103.500969,81.215651,22.285319,105.046210,82.814782,22.231428,3.014974,0.036106
103.411539,81.074052,22.337487,105.022856,82.834009,22.188847,2.948121,0.036162
103.330276,81.019835,22.310441,105.506856,83.164565,22.342291,3.058866,0.033240
103.367919,81.042307,22.325612,105.430350,83.126429,22.303921,3.058368,0.032687
103.414428,81.062657,22.351770,105.711262,83.319294,22.391968,2.798349,0.037217
103.328030,80.969963,22.358068,105.249823,82.928007,22.321815,2.887771,0.034821
103.284177,80.941126,22.343052,105.381742,83.024862,22.356880,3.202381,0.032934
103.299232,80.916932,22.382300,105.255429,82.971815,22.283614,3.115031,0.034234
103.168343,80.816930,22.351413,105.325222,83.008352,22.316869,3.065926,0.036529
103.198695,80.820660,22.378035,105.176189,82.831610,22.344579,2.929033,0.034027
103.282898,80.902854,22.380044,105.094121,82.751985,22.342136,3.026683,0.036409
103.242758,80.855284,22.387474,104.843445,82.566785,22.276661,3.151547,0.035574
103.148893,80.784183,22.364710,105.267484,82.901563,22.365921,2.843588,0.039473
103.135791,80.757912,22.377879,105.018212,82.694797,22.323415,2.788240,0.037057
103.226375,80.811550,22.414825,105.254183,82.867492,22.386691,2.869867,0.035878
103.153862,80.746812,22.407050,105.154947,82.823137,22.331810,2.870931,0.036718
103.088659,80.685010,22.403650,105.130814,82.807873,22.322941,3.047630,0.036609
103.130254,80.710933,22.419321,105.146678,82.842858,22.303820,2.832894,0.036685
103.061471,80.671683,22.389788,105.605482,83.228747,22.376736,3.007598,0.039370
103.161543,80.739719,22.421824,105.152348,82.850425,22.301923,2.939138,0.036240
103.190264,80.749261,22.441003,105.286026,82.930443,22.355582,3.006050,0.032907
103.079515,80.617828,22.461686,105.088753,82.765728,22.323024,2.848714,0.036243
103.065135,80.569724,22.495411,105.381473,82.861687,22.519786,2.798228,0.039127
103.021198,80.609477,22.411721,105.074241,82.756766,22.317476,3.065666,0.033561
103.031467,80.584650,22.446818,105.147840,82.709500,22.438341,2.738837,0.036869
102.958533,80.493222,22.465311,105.018296,82.573058,22.445238,2.800583,0.036636
103.173576,80.690223,22.483353,104.986475,82.506921,22.479555,2.958026,0.033261
102.985623,80.487601,22.498022,104.831493,82.411793,22.419700,3.127204,0.032931
102.991328,80.497682,22.493645,104.831737,82.467580,22.364157,2.877108,0.037276
102.918727,80.441973,22.476754,105.083660,82.554799,22.528861,2.970055,0.033005
102.978249,80.435903,22.542347,105.142204,82.526924,22.615280,2.868418,0.034134
102.927850,80.423279,22.504571,105.020496,82.590828,22.429668,3.151092,0.035856
102.840227,80.312785,22.527441,105.018290,82.606029,22.412261,2.925432,0.034596
102.829526,80.294057,22.535469,105.131570,82.738977,22.392592,3.059846,0.039119
