235.117356,231.725774,3.391581,191.447214,188.384439,3.062775,3.606446,0.007366
177.039614,170.956650,6.082965,160.780835,151.464239,9.316596,2.581445,0.015191
152.285711,141.778961,10.506750,146.201637,135.168687,11.032950,2.829041,0.017536
142.616273,130.997453,11.618819,138.642936,126.502910,12.140026,2.880635,0.019119
136.559287,123.951559,12.607728,133.628689,120.591960,13.036730,3.016203,0.020207
132.410056,119.201060,13.208996,129.819379,116.243583,13.575796,2.952633,0.021501
129.231973,115.579793,13.652181,126.708390,112.788702,13.919688,3.333880,0.019966
126.756585,112.864774,13.891811,125.027254,111.018798,14.008456,3.125418,0.021716
124.982344,110.987344,13.995001,123.445581,109.415731,14.029850,3.338911,0.019547
123.391257,109.314478,14.076778,121.944827,107.716168,14.228659,3.361105,0.020565
122.096805,107.898633,14.198172,121.325294,107.033589,14.291705,3.101426,0.022066
120.781872,106.486741,14.295131,119.619971,105.378255,14.241716,3.291014,0.020224
119.695226,105.343196,14.352030,118.871165,104.503925,14.367240,3.209200,0.020540
118.787384,104.426712,14.360672,117.867197,103.502408,14.364789,3.254944,0.020060
118.057535,103.656434,14.401101,117.430510,102.996975,14.433535,3.360286,0.020614
117.280883,102.852770,14.428112,116.912475,102.495493,14.416982,3.149116,0.022032
116.648290,102.243233,14.405057,116.643690,102.348811,14.294879,3.368682,0.020900
116.114703,101.683577,14.431126,115.768945,101.356571,14.412374,3.373224,0.018760
115.572438,101.153785,14.418653,115.160378,100.747279,14.413100,3.587841,0.019836
115.092373,100.617551,14.474822,114.954853,100.420268,14.534586,3.395101,0.020474
114.689619,100.258933,14.430686,114.628386,100.271194,14.357192,3.498562,0.020903
114.216910,99.758762,14.458148,114.260791,99.910680,14.350112,3.407269,0.020168
113.833963,99.408063,14.425900,113.933105,99.672815,14.260290,3.512263,0.020017
113.342665,98.866798,14.475867,113.213316,98.685680,14.527636,3.513923,0.020902
112.964694,98.496427,14.468267,112.735835,98.329776,14.406059,3.488039,0.019028
112.525613,98.001894,14.523719,112.564000,98.076393,14.487607,3.353047,0.020324
112.150299,97.585341,14.564957,112.287340,97.742264,14.545075,3.496016,0.018968
111.791702,97.233943,14.557759,111.957934,97.399924,14.558010,3.454466,0.020945
111.582373,96.970981,14.611392,111.473308,96.892245,14.581063,3.476566,0.021561
111.248933,96.625661,14.623272,111.312574,96.723846,14.588729,3.357607,0.019052
110.917752,96.280533,14.637219,111.067387,96.483839,14.583548,3.450767,0.020293
110.760696,96.133322,14.627374,111.318300,96.748782,14.569519,3.656922,0.020070
110.517450,95.865394,14.652056,110.823913,96.198614,14.625299,3.557681,0.018887
110.257135,95.570362,14.686773,110.921425,96.282925,14.638500,3.527947,0.019637
110.036977,95.356401,14.680576,110.592642,96.023245,14.569397,3.377640,0.021267
109.794801,95.134882,14.659919,109.910731,95.223534,14.687197,3.496969,0.019966
109.635855,94.968296,14.667559,110.420587,95.725247,14.695340,3.461129,0.019861
109.471490,94.780706,14.690784,110.288701,95.662188,14.626513,3.577642,0.018861
109.324303,94.617778,14.706525,110.156535,95.480237,14.676299,3.539057,0.021300
109.071561,94.371896,14.699665,109.695570,95.025049,14.670521,3.579896,0.020201
109.025700,94.345606,14.680093,109.708752,95.044994,14.663758,4.015122,0.018745
108.841826,94.126469,14.715357,109.454616,94.833866,14.620750,3.746114,0.017729
108.760359,94.064271,14.696088,109.727633,95.042494,14.685139,3.608099,0.018936
108.665657,93.966032,14.699625,109.654227,95.078478,14.575750,3.530029,0.020235
108.573132,93.885416,14.687716,109.365423,94.706521,14.658901,3.648056,0.020558
108.322659,93.608976,14.713683,109.206040,94.616419,14.589621,3.390503,0.020375
108.291874,93.592103,14.699771,109.434254,94.779056,14.655198,3.610295,0.020369
108.151337,93.457835,14.693502,109.317595,94.647916,14.669679,3.766454,0.018774
108.042924,93.313461,14.729464,109.062557,94.442006,14.620551,3.530256,0.020166
107.978368,93.263810,14.714558,109.093673,94.406323,14.687350,3.522323,0.021202
107.857916,93.130333,14.727583,108.845088,94.176107,14.668981,3.701445,0.021324
107.768924,93.016153,14.752771,108.892455,94.133889,14.758566,3.746716,0.019510
107.641120,92.870474,14.770646,108.555073,93.849068,14.706006,3.871089,0.019617
107.624209,92.864377,14.759832,108.958012,94.202892,14.755121,3.541512,0.021419
107.537476,92.758179,14.779297,108.673998,94.000813,14.673186,3.776870,0.020118
107.479990,92.745258,14.734731,108.698254,93.962859,14.735396,3.809209,0.020194
107.460376,92.707995,14.752381,108.685357,93.972758,14.712599,3.403311,0.022036
107.330455,92.542768,14.787687,108.503097,93.726663,14.776434,3.657126,0.019252
107.257821,92.459891,14.797930,108.623610,93.858812,14.764797,3.512043,0.021827
107.148844,92.339386,14.809457,108.474955,93.743630,14.731324,3.800368,0.018658
107.103248,92.280025,14.823223,108.399866,93.641500,14.758366,3.624594,0.020933
107.055061,92.268399,14.786662,108.539004,93.845406,14.693597,3.576709,0.020727
107.020622,92.231570,14.789052,108.268702,93.526657,14.742045,3.805564,0.019661
106.887625,92.081713,14.805911,108.142849,93.381478,14.761371,3.630447,0.019929
106.792278,91.970543,14.821735,108.235783,93.568394,14.667390,3.778946,0.018934
106.853745,92.038846,14.814899,108.042236,93.209576,14.832660,3.780737,0.019290
106.816149,91.992391,14.823758,108.331459,93.522131,14.809328,3.817546,0.018035
106.696275,91.894236,14.802039,107.915417,93.132669,14.782749,3.637536,0.019839
106.633162,91.816189,14.816973,108.049648,93.373723,14.675925,3.893279,0.020151
106.574029,91.757840,14.816189,108.148868,93.375243,14.773625,3.479580,0.022353
106.648211,91.806081,14.842130,107.974906,93.202587,14.772318,3.719990,0.020362
106.555917,91.711978,14.843939,108.051654,93.265839,14.785816,3.863342,0.020468
106.492775,91.685135,14.807640,108.016453,93.208444,14.808009,3.583071,0.022944
106.438363,91.619070,14.819292,107.904261,93.124580,14.779681,3.668152,0.020802
106.365186,91.502456,14.862730,108.004525,93.210126,14.794399,3.664919,0.019039
106.244790,91.383869,14.860921,108.126839,93.337124,14.789715,3.774714,0.019094
106.169154,91.306467,14.862687,107.722326,92.925709,14.796617,3.678896,0.020519
106.196952,91.325694,14.871258,108.179926,93.297011,14.882915,3.596360,0.019915
106.202431,91.355430,14.847001,108.192527,93.462389,14.730138,3.744015,0.020266
106.213235,91.335906,14.877329,107.863317,93.044236,14.819081,3.703412,0.021076
106.131416,91.254210,14.877206,107.843934,93.065900,14.778034,3.793708,0.018738
106.150384,91.255840,14.894544,107.892769,93.017285,14.875484,3.678508,0.021202
105.972871,91.052433,14.920438,107.933317,93.095577,14.837741,3.905085,0.018649
106.022081,91.161312,14.860769,108.025879,93.270938,14.754941,3.823897,0.021479
106.021585,91.174119,14.847466,107.582383,92.739424,14.842959,3.768968,0.020389
105.961954,91.068185,14.893769,107.859639,93.012430,14.847209,4.067374,0.020418
105.859310,90.965683,14.893626,107.637035,92.880402,14.756633,3.766949,0.019092
105.855343,90.977149,14.878195,107.984850,93.261203,14.723647,3.696102,0.021838
105.890548,91.028004,14.862545,108.002793,93.287369,14.715424,3.805598,0.021838
105.842810,90.956446,14.886364,107.617509,92.783967,14.833542,3.706338,0.021893
105.803511,90.941322,14.862189,107.739444,92.992446,14.746998,3.777129,0.021490
105.756245,90.876086,14.880158,107.576442,92.721847,14.854595,3.814652,0.019040
105.762425,90.834904,14.927521,107.421838,92.598630,14.823208,3.809188,0.020970
105.664207,90.799855,14.864352,107.561545,92.728288,14.833257,3.862098,0.020586
105.661776,90.779180,14.882596,107.540081,92.775995,14.764086,4.103004,0.020568
105.663295,90.770541,14.892754,107.659414,92.851768,14.807647,3.710403,0.019750
105.616817,90.734634,14.882183,107.637690,92.920925,14.716764,3.875439,0.019868
105.516592,90.623743,14.892849,107.513560,92.616729,14.896831,3.772919,0.020632
105.555680,90.667038,14.888642,107.625908,92.846652,14.779256,3.565225,0.021767
105.494554,90.594959,14.899595,107.550664,92.649946,14.900718,3.809936,0.020142
105.492752,90.572360,14.920392,107.351236,92.476055,14.875181,3.840964,0.019672
105.482287,90.606009,14.876278,107.540917,92.786059,14.754859,3.861195,0.020657
105.490438,90.602252,14.888187,107.530691,92.699684,14.831007,3.760183,0.021301
105.358234,90.466215,14.892020,107.446359,92.632630,14.813729,3.807107,0.019935
105.425002,90.545229,14.879773,107.569323,92.775589,14.793734,3.898857,0.020587
105.436693,90.559700,14.876993,107.512222,92.730139,14.782083,3.737609,0.021098
105.268286,90.398618,14.869668,107.338245,92.514678,14.823567,3.814711,0.020950
105.355278,90.475774,14.879504,107.504077,92.701420,14.802657,3.917386,0.021535
105.329865,90.450150,14.879715,107.387969,92.561289,14.826680,3.708292,0.021234
105.266741,90.388752,14.877989,107.452152,92.647550,14.804602,4.262137,0.019292
105.238850,90.375215,14.863635,107.375083,92.542409,14.832674,3.880532,0.019654
105.214175,90.369639,14.844536,107.342530,92.458666,14.883865,3.590972,0.020372
105.160982,90.327586,14.833396,107.485562,92.658205,14.827357,4.059878,0.020444
105.230100,90.408594,14.821507,107.083993,92.267767,14.816226,3.631776,0.020468
105.039666,90.155905,14.883762,107.323784,92.561471,14.762313,3.994449,0.021218
105.145633,90.316975,14.828658,107.411896,92.656214,14.755682,4.089308,0.020002
105.136070,90.296219,14.839851,107.258402,92.468876,14.789526,4.007812,0.020103
105.122299,90.310536,14.811763,107.473610,92.684232,14.789378,3.719866,0.021103
105.070428,90.209800,14.860628,107.411319,92.570231,14.841089,3.958747,0.020589
105.098606,90.216606,14.882000,107.335433,92.547193,14.788240,3.608525,0.027594
105.036192,90.196524,14.839668,107.189299,92.471506,14.717793,3.853639,0.020874
105.017622,90.165253,14.852368,107.591850,92.782551,14.809299,3.751594,0.019968
105.018623,90.192759,14.825864,107.514701,92.831020,14.683681,3.813287,0.022359
105.047345,90.188505,14.858841,107.453833,92.735514,14.718319,3.832750,0.020616
104.998375,90.132099,14.866276,107.170674,92.388510,14.782165,3.748022,0.021524
104.974883,90.127726,14.847157,107.053335,92.190004,14.863332,3.801670,0.020182
104.852594,89.980990,14.871605,107.118160,92.276482,14.841678,3.947626,0.021128
104.827700,89.930758,14.896942,107.219542,92.266112,14.953430,3.858269,0.019879
104.845110,89.875791,14.969319,107.114443,92.194603,14.919840,4.037949,0.018935
104.700386,89.720777,14.979609,107.095546,92.220722,14.874823,3.866299,0.020863
104.662288,89.712955,14.949333,106.943431,92.018806,14.924625,4.033283,0.020168
104.651420,89.667437,14.983983,107.094837,92.138559,14.956279,3.759038,0.020979
104.678222,89.660465,15.017757,106.896509,91.944569,14.951940,3.973487,0.020610
104.673411,89.671223,15.002188,106.788298,91.851398,14.936900,3.802640,0.020728
104.562735,89.535045,15.027690,106.850239,91.962295,14.887944,3.868504,0.020362
104.617340,89.628450,14.988890,106.602298,91.685814,14.916483,4.010494,0.020272
104.567913,89.612951,14.954962,106.793055,91.919796,14.873258,3.798301,0.020948
104.614370,89.642686,14.971685,106.802780,91.854109,14.948671,3.934180,0.021759
104.454315,89.433760,15.020555,106.889027,91.920136,14.968891,3.603765,0.021358
104.433260,89.434098,14.999163,106.906576,91.976656,14.929920,3.805822,0.019313
104.397081,89.411712,14.985368,106.903926,91.927005,14.976921,3.904059,0.022299
104.480585,89.450776,15.029809,106.855233,91.821386,15.033847,3.968911,0.019802
104.439123,89.382664,15.056459,106.800753,91.806056,14.994697,4.140656,0.019875
104.336748,89.302644,15.034105,106.721666,91.772919,14.948747,3.682741,0.023394
104.406920,89.396956,15.009964,106.725263,91.649808,15.075456,3.843989,0.021060
104.289574,89.235061,15.054513,106.744323,91.738849,15.005474,4.109008,0.021110
104.343334,89.322628,15.020707,106.913935,91.922286,14.991649,3.983015,0.018235
104.434974,89.423447,15.011527,106.769393,91.680862,15.088531,3.705719,0.021691
104.376674,89.389373,14.987301,106.822348,91.864785,14.957563,3.834077,0.021787
104.268743,89.280317,14.988426,106.948178,92.018549,14.929629,3.993761,0.020553
104.323561,89.323218,15.000342,107.113887,92.121604,14.992282,3.737628,0.021793
104.264384,89.242980,15.021403,106.789577,91.846673,14.942904,3.851996,0.020762
104.293283,89.290256,15.003027,106.741050,91.720883,15.020168,3.723556,0.022387
104.172418,89.152575,15.019843,106.854220,91.901414,14.952806,3.802354,0.021048
104.256274,89.229809,15.026465,106.841990,91.827382,15.014608,4.002082,0.018498
104.225768,89.223216,15.002553,106.796098,91.846895,14.949203,4.087721,0.021024
104.244559,89.251832,14.992727,106.920002,91.998945,14.921057,4.035798,0.019586
104.296518,89.307736,14.988782,106.888554,91.951403,14.937152,3.779199,0.023209
104.179637,89.162867,15.016769,106.919741,91.897740,15.022001,3.915612,0.022036
104.145051,89.106164,15.038888,106.650999,91.628300,15.022700,3.793911,0.022697
