202.849705,198.575601,4.274103,179.366293,170.398624,8.967668,2.732876,0.017243
166.764956,153.955686,12.809270,155.338556,139.287150,16.051406,2.621762,0.025925
151.375373,134.097333,17.278040,146.491702,127.804612,18.687089,2.730429,0.027222
144.413231,125.352138,19.061094,140.784613,120.593016,20.191597,2.638008,0.029818
139.198486,118.581083,20.617403,136.858392,115.189034,21.669358,2.615688,0.031420
135.571083,113.722032,21.849051,132.747031,110.516725,22.230306,2.840866,0.029184
132.829144,110.108609,22.720535,130.698902,107.479549,23.219353,2.596411,0.032403
130.404916,107.043452,23.361464,128.636525,104.761645,23.874880,2.801809,0.031384
128.725019,104.786609,23.938410,127.394897,103.570382,23.824516,2.768372,0.030943
127.259593,102.904691,24.354902,125.880793,101.272571,24.608222,2.861750,0.032314
125.915613,101.260894,24.654719,124.783843,100.096159,24.687684,2.814708,0.031782
124.952456,99.951537,25.000919,124.079855,98.845276,25.234579,2.671088,0.033425
123.896029,98.685358,25.210671,122.811027,97.468340,25.342687,2.910697,0.030002
123.042152,97.679596,25.362556,122.392635,96.908633,25.484003,2.694424,0.031684
122.289610,96.762154,25.527457,121.582465,96.022310,25.560155,2.850184,0.031913
121.442419,95.860988,25.581431,120.744675,95.024773,25.719902,2.961445,0.030282
120.806976,95.103924,25.703052,120.238725,94.493811,25.744914,2.985836,0.027464
120.162366,94.393906,25.768460,119.760609,93.844304,25.916306,2.910239,0.031104
119.596279,93.812861,25.783418,119.412004,93.702826,25.709178,2.974838,0.029304
119.019717,93.204427,25.815291,118.718278,93.169922,25.548357,2.724009,0.031564
118.559839,92.721986,25.837853,118.243802,92.403867,25.839934,2.922996,0.029468
118.090100,92.228749,25.861351,117.928110,92.130228,25.797882,2.885578,0.030380
117.584635,91.808997,25.775637,117.078396,91.383704,25.694692,2.957152,0.028949
117.110397,91.352538,25.757858,117.386435,91.428120,25.958315,2.832518,0.032124
116.674158,90.909695,25.764463,116.378917,90.781058,25.597858,3.086479,0.029914
116.319295,90.570711,25.748584,116.349774,90.652342,25.697431,3.045914,0.029067
115.977108,90.255968,25.721140,115.924406,90.257295,25.667111,2.947968,0.029109
115.504178,89.817236,25.686942,115.453078,89.933416,25.519662,2.982996,0.029599
115.169410,89.491597,25.677813,115.070846,89.680971,25.389875,2.923221,0.029916
114.720314,89.141419,25.578895,114.822777,89.395170,25.427607,2.930249,0.031364
114.468877,88.875282,25.593596,114.568466,88.930909,25.637557,3.094240,0.027095
114.133646,88.560299,25.573348,114.132718,88.527092,25.605626,3.026390,0.029494
113.709688,88.233680,25.476008,113.679341,88.272018,25.407323,3.126862,0.026167
113.406337,88.010188,25.396149,113.604503,88.194246,25.410257,2.925652,0.029116
113.115172,87.808120,25.307052,113.357061,88.159665,25.197396,3.068917,0.028538
112.795176,87.511483,25.283692,112.623689,87.664697,24.958992,3.124568,0.027421
112.449418,87.296436,25.152983,112.379694,87.409963,24.969731,3.066067,0.027866
112.146220,87.033983,25.112236,112.901738,87.896621,25.005116,2.907965,0.031226
111.830914,86.777076,25.053838,111.922579,87.091142,24.831437,3.077519,0.028926
111.516622,86.562856,24.953767,111.631098,86.775591,24.855507,3.037787,0.028037
111.253146,86.363442,24.889704,111.453734,86.756335,24.697399,3.105385,0.027065
110.958081,86.194636,24.763444,111.422020,86.737300,24.684720,3.063821,0.029125
110.662115,85.933256,24.728859,110.875434,86.238773,24.636661,2.999330,0.028412
110.415764,85.748672,24.667092,110.563879,86.265412,24.298467,2.892226,0.029722
110.167699,85.576143,24.591556,110.266343,85.956896,24.309448,3.059255,0.028725
109.878995,85.348459,24.530536,109.860818,85.532208,24.328609,2.974292,0.027886
109.632180,85.181546,24.450635,110.102133,85.670905,24.431228,3.011489,0.026526
109.452177,85.048141,24.404036,109.785482,85.516957,24.268525,3.153198,0.026168
109.177875,84.869405,24.308469,109.690779,85.434200,24.256579,3.002226,0.027614
108.993102,84.712149,24.280953,109.255444,85.082725,24.172719,3.135559,0.027362
108.738518,84.499400,24.239118,109.626644,85.540913,24.085731,2.934694,0.029095
108.583798,84.383096,24.200703,109.103431,85.121752,23.981679,3.162464,0.027617
108.297381,84.132697,24.164683,108.811718,84.674243,24.137475,3.055215,0.025859
108.170090,84.070552,24.099538,108.634750,84.630993,24.003757,3.086977,0.027797
107.913971,83.856625,24.057345,108.255936,84.399339,23.856596,3.220601,0.026020
107.691758,83.634358,24.057400,108.312748,84.468635,23.844113,2.982124,0.026667
107.559357,83.581126,23.978230,108.162600,84.166577,23.996023,3.076232,0.026253
107.381567,83.332846,24.048721,107.788665,84.049409,23.739255,3.146323,0.025599
107.228798,83.169595,24.059203,107.684435,83.464550,24.219885,2.912853,0.027816
107.161279,83.030970,24.130309,107.740715,83.924696,23.816019,3.164052,0.025666
106.849084,82.909475,23.939609,107.363186,83.486219,23.876967,2.967189,0.026079
106.701419,82.807954,23.893465,107.365459,83.658076,23.707383,3.176741,0.025802
106.495852,82.641527,23.854325,107.316261,83.436977,23.879284,2.990427,0.027176
106.289588,82.465055,23.824534,107.181832,83.358275,23.823556,3.090519,0.025247
106.142537,82.426274,23.716263,106.950047,83.351966,23.598081,3.011968,0.026151
106.061163,82.268158,23.793006,106.713880,83.117332,23.596548,2.994701,0.025899
105.897766,82.178553,23.719213,106.409742,82.897450,23.512291,3.072890,0.025507
105.681173,82.082410,23.598763,106.742847,83.123739,23.619107,3.061318,0.025804
105.503012,81.889860,23.613153,106.368205,82.911148,23.457057,3.178865,0.024495
105.415612,81.834247,23.581365,106.045807,82.771201,23.274606,3.179168,0.025989
105.235650,81.696222,23.539428,105.936251,82.581038,23.355214,3.025111,0.025846
105.086261,81.566244,23.520018,106.103960,82.546529,23.557431,2.976711,0.027625
104.964880,81.427316,23.537564,105.709304,82.292236,23.417068,3.092480,0.024363
104.836263,81.363471,23.472792,105.589355,82.286775,23.302580,3.097377,0.026259
104.686893,81.242493,23.444400,105.700294,82.267987,23.432307,2.872406,0.026127
104.562719,81.113479,23.449240,105.277906,81.850382,23.427524,3.212267,0.023289
104.508524,81.014066,23.494458,105.353574,82.132660,23.220913,3.021437,0.026188
104.385861,80.940552,23.445309,105.221938,81.908712,23.313226,3.014576,0.026447
104.244438,80.851828,23.392610,105.160031,81.813983,23.346048,3.177497,0.025044
104.154259,80.768728,23.385532,104.923956,81.546916,23.377039,3.337225,0.023902
104.043363,80.656951,23.386413,104.931321,81.810838,23.120483,3.294810,0.023922
103.947689,80.528974,23.418715,104.941203,81.499152,23.442051,3.227908,0.023025
103.863848,80.441089,23.422759,105.000222,81.738939,23.261283,3.126262,0.024636
103.757172,80.351235,23.405938,104.809504,81.546400,23.263105,3.098171,0.024914
103.651023,80.302146,23.348877,104.745131,81.560884,23.184247,3.068516,0.026682
103.617066,80.242502,23.374564,104.396714,81.143775,23.252940,3.185360,0.023390
103.485429,80.081215,23.404213,104.331827,81.177781,23.154045,3.131980,0.023550
103.334296,80.051083,23.283214,104.649843,81.465820,23.184024,3.010262,0.026564
103.334678,79.973133,23.361545,104.288065,81.066328,23.221737,3.155329,0.023855
103.214809,79.862306,23.352503,104.400724,81.236057,23.164666,3.206051,0.026371
103.134099,79.843712,23.290388,104.196895,80.928902,23.267993,2.987549,0.026335
103.058842,79.789776,23.269066,103.958639,80.852230,23.106409,3.221511,0.023830
103.021167,79.715404,23.305762,104.444981,81.125049,23.319931,2.947438,0.028145
102.912800,79.614870,23.297930,103.910443,80.906954,23.003489,3.085765,0.025330
102.939723,79.633591,23.306132,104.013455,80.837404,23.176050,3.032041,0.026140
102.765086,79.427879,23.337207,103.780020,80.575859,23.204161,3.087025,0.025469
102.708316,79.375184,23.333132,103.913863,80.888595,23.025268,3.136562,0.024635
102.655099,79.379361,23.275738,103.806415,80.633648,23.172767,3.089084,0.023425
102.640045,79.280642,23.359404,103.877490,80.783321,23.094168,3.149913,0.025858
102.586808,79.289983,23.296825,103.921340,80.736438,23.184902,3.111279,0.023648
102.534067,79.200979,23.333087,103.817493,80.444673,23.372820,3.139255,0.026180
102.490533,79.119724,23.370809,103.497743,80.376129,23.121614,3.087182,0.028095
102.333988,79.023136,23.310852,103.591017,80.334672,23.256346,3.077302,0.024962
102.342154,79.016953,23.325201,103.825828,80.653158,23.172670,3.119855,0.025316
102.298829,78.947572,23.351256,103.375736,80.313230,23.062506,3.163762,0.024326
102.248357,78.965467,23.282889,103.588494,80.386472,23.202022,3.218480,0.022721
102.179266,78.826190,23.353076,103.569710,80.238037,23.331672,3.098904,0.023044
102.149862,78.802131,23.347731,103.389933,80.182912,23.207021,3.364509,0.022563
102.135969,78.815659,23.320310,103.221559,80.011005,23.210554,3.197948,0.023472
102.136508,78.738889,23.397620,103.270291,80.032543,23.237748,3.128945,0.022755
102.078297,78.703903,23.374394,103.142491,79.961784,23.180707,3.198069,0.025191
102.006876,78.637081,23.369795,103.411761,80.097171,23.314590,3.137906,0.022745
101.950610,78.564082,23.386528,103.324545,80.162010,23.162535,3.043508,0.023916
101.865078,78.493633,23.371445,103.416887,80.154826,23.262061,3.152519,0.023817
101.841018,78.484097,23.356921,103.179673,79.996762,23.182911,3.125579,0.023530
101.722201,78.383896,23.338304,102.846104,79.725154,23.120950,3.209201,0.025256
101.746721,78.440928,23.305793,103.161069,79.975045,23.186024,3.117754,0.023491
101.765653,78.364364,23.401288,103.074997,79.877399,23.197598,3.184439,0.023594
101.707186,78.289652,23.417534,103.065133,79.934343,23.130790,3.174207,0.024556
101.659975,78.260648,23.399327,103.041976,79.776111,23.265866,3.250865,0.023092
101.583339,78.228236,23.355103,103.005482,79.785552,23.219930,3.129147,0.025668
101.585783,78.227151,23.358632,103.194364,79.953744,23.240620,3.184595,0.024163
101.511575,78.138601,23.372974,103.035022,80.015871,23.019150,3.169993,0.023433
101.548131,78.227746,23.320385,103.291838,80.001031,23.290807,3.229750,0.022923
101.480358,78.114926,23.365431,102.862815,79.667650,23.195165,3.284903,0.024731
101.510017,78.100234,23.409782,103.007170,79.779020,23.228150,3.266447,0.024689
101.403976,77.961390,23.442586,102.884544,79.610775,23.273770,3.077021,0.025490
101.472883,78.058019,23.414864,102.713935,79.409873,23.304063,3.437497,0.021677
101.397113,77.952466,23.444648,102.828738,79.711101,23.117637,3.125336,0.024368
101.335065,77.892611,23.442454,102.844666,79.435094,23.409572,3.009731,0.025874
101.287437,77.854423,23.433014,102.559168,79.301830,23.257338,3.383458,0.023688
101.270425,77.832410,23.438015,102.931308,79.528029,23.403279,3.105073,0.022998
101.227431,77.804285,23.423146,102.689160,79.380338,23.308822,3.099225,0.023335
101.257313,77.854665,23.402647,102.855469,79.573634,23.281835,3.232145,0.022596
101.162999,77.699954,23.463045,102.931768,79.451950,23.479818,3.281354,0.022107
101.138643,77.684205,23.454437,102.606302,79.274101,23.332201,3.172875,0.022413
101.125960,77.661215,23.464746,102.677328,79.360584,23.316744,3.177388,0.024905
101.157553,77.713233,23.444320,102.507800,79.263161,23.244639,3.116550,0.024360
101.052818,77.578537,23.474281,102.918568,79.471022,23.447546,3.144245,0.023073
101.057567,77.621951,23.435616,102.670129,79.276567,23.393563,3.196088,0.024025
101.025570,77.549417,23.476153,102.338836,79.054944,23.283892,3.126123,0.024002
100.975553,77.543322,23.432231,102.538417,79.290309,23.248108,3.191680,0.025092
100.931873,77.514478,23.417394,102.687274,79.271159,23.416114,3.253760,0.022775
100.939605,77.476145,23.463460,102.486175,79.157924,23.328251,3.112350,0.022460
100.931502,77.471683,23.459820,102.591515,79.203590,23.387925,3.209826,0.022028
100.899139,77.422432,23.476707,102.549313,79.142146,23.407167,3.221052,0.024248
100.912337,77.457547,23.454790,102.590803,79.136185,23.454618,2.926763,0.026497
100.798841,77.288461,23.510379,102.626371,79.040680,23.585691,3.010640,0.025577
100.839309,77.284598,23.554711,102.467632,78.913244,23.554388,3.068131,0.023923
100.800956,77.183220,23.617736,102.424749,78.978392,23.446357,3.088093,0.024299
100.760898,77.168377,23.592521,102.414423,78.988788,23.425634,3.133306,0.025631
100.714656,77.156923,23.557733,102.355320,78.891005,23.464314,3.191278,0.023810
100.687466,77.126339,23.561127,102.497196,79.086863,23.410333,3.056871,0.023162
100.716172,77.157272,23.558900,102.332024,78.935928,23.396095,3.145873,0.021794
100.738093,77.161704,23.576389,102.427438,78.957923,23.469515,2.948416,0.026283
100.701515,77.094237,23.607278,102.417920,78.994521,23.423400,3.192090,0.023830
100.894107,77.060112,23.833994,102.471409,78.702565,23.768845,2.987036,0.025001
101.036907,76.960844,24.076062,102.813869,78.879235,23.934634,2.820184,0.025557
100.966699,76.881800,24.084899,102.411506,78.596787,23.814719,3.111421,0.027395
102.460079,77.358546,25.101533,108.331882,80.401882,27.930000,1.984571,0.036889
