211.587543,209.480518,2.107025,192.870880,189.619190,3.251689,4.880214,0.006839
187.124280,182.429757,4.694523,178.652543,171.997565,6.654978,3.815694,0.009908
170.356259,162.026396,8.329863,162.785789,153.292834,9.492955,3.598893,0.013538
156.936760,145.869441,11.067320,151.707028,139.850943,11.856085,3.841625,0.014102
149.498417,137.207577,12.290840,145.994491,133.191418,12.803073,4.216415,0.013750
144.658467,131.662217,12.996250,141.874845,128.698096,13.176749,4.155219,0.013483
141.158701,127.622821,13.535879,138.642020,124.821530,13.820490,4.230008,0.014097
138.370083,124.409897,13.960186,136.111125,121.851633,14.259492,4.061206,0.014892
135.850444,121.367708,14.482736,133.594765,118.795286,14.799480,4.070218,0.015534
133.607726,118.671667,14.936059,131.873660,116.869655,15.004006,4.206123,0.015138
131.684717,116.396422,15.288295,130.015624,114.621234,15.394390,4.148969,0.015438
130.088028,114.492098,15.595930,128.407386,112.695874,15.711513,4.033909,0.015764
128.613728,112.835300,15.778427,127.420093,111.599086,15.821007,4.121572,0.015132
127.364891,111.372786,15.992105,126.255302,110.144447,16.110855,4.105442,0.015856
126.213274,110.037685,16.175589,125.219592,108.890126,16.329466,4.183477,0.015550
125.176605,108.821614,16.354991,123.992022,107.517538,16.474485,4.284187,0.014997
124.282034,107.748224,16.533809,123.331982,106.732170,16.599812,4.369661,0.014613
123.405866,106.780371,16.625496,122.482764,105.719567,16.763196,4.234421,0.015138
122.579545,105.805039,16.774505,121.444371,104.506712,16.937660,4.183671,0.015879
121.905007,105.037757,16.867250,121.064849,104.141435,16.923414,4.333569,0.014478
121.150695,104.203327,16.947368,120.452905,103.458266,16.994640,4.153307,0.015707
120.619148,103.565798,17.053350,119.899137,102.847759,17.051378,4.170863,0.015096
119.971824,102.837500,17.134324,119.236551,102.083040,17.153510,3.959562,0.016266
119.400527,102.153966,17.246561,118.780028,101.502585,17.277444,4.250983,0.015881
118.922715,101.600893,17.321822,118.162243,100.855479,17.306764,4.406222,0.014573
118.365548,101.017070,17.348478,117.756197,100.443234,17.312964,4.196921,0.016048
117.898687,100.410796,17.487891,117.402422,99.884888,17.517534,4.086877,0.015836
117.451949,99.889777,17.562172,116.777732,99.130645,17.647087,4.154690,0.015119
116.923466,99.262098,17.661368,116.424993,98.714632,17.710361,4.071783,0.016181
116.529007,98.826572,17.702435,115.791934,98.080141,17.711792,4.284848,0.015009
116.124010,98.395853,17.728156,115.535259,97.744216,17.791043,4.221542,0.014744
115.656674,97.805377,17.851297,115.100728,97.199297,17.901431,4.303656,0.014890
115.329312,97.435621,17.893692,114.824059,96.898815,17.925245,4.235291,0.014845
114.987484,97.056582,17.930902,114.509438,96.488279,18.021159,4.187866,0.014755
114.563835,96.548262,18.015573,113.971893,96.003790,17.968103,4.265358,0.014844
114.251564,96.246326,18.005238,113.762025,95.726929,18.035096,4.133386,0.015123
113.885910,95.840118,18.045792,113.508281,95.509732,17.998549,4.011205,0.015710
113.561096,95.520971,18.040125,113.355078,95.277653,18.077425,4.113639,0.015363
113.280318,95.211733,18.068584,112.856866,94.815880,18.040986,4.230881,0.015090
112.918539,94.809576,18.108963,112.729512,94.519985,18.209527,4.313331,0.014928
112.641612,94.477707,18.163905,112.504255,94.321737,18.182519,4.389885,0.014632
112.400724,94.213640,18.187084,112.084234,93.789256,18.294978,4.325145,0.014540
112.101978,93.871383,18.230594,111.733983,93.480050,18.253933,4.395243,0.013451
111.822427,93.577634,18.244794,111.566257,93.318373,18.247884,4.263795,0.015125
111.566191,93.295790,18.270401,111.426111,93.105531,18.320581,4.299561,0.014265
111.351996,93.096121,18.255875,111.114152,92.813329,18.300823,4.462961,0.013818
111.158405,92.870964,18.287441,111.066539,92.727617,18.338921,4.284198,0.014695
110.882594,92.547510,18.335084,110.588101,92.277878,18.310224,4.343745,0.014050
110.624820,92.320086,18.304734,110.648946,92.327923,18.321023,4.310715,0.014701
110.417825,92.076159,18.341665,110.277669,91.880564,18.397105,4.346084,0.014624
110.160754,91.814651,18.346103,110.112058,91.778971,18.333086,4.317701,0.014417
110.011634,91.654394,18.357240,110.250027,91.886152,18.363875,4.218840,0.014636
109.866221,91.489704,18.376517,109.699737,91.270286,18.429451,4.429646,0.014540
109.605704,91.173966,18.431738,109.431703,91.069660,18.362044,4.369159,0.014352
109.401731,90.960444,18.441288,109.372068,90.861621,18.510447,4.249597,0.014664
109.266580,90.838265,18.428315,109.251676,90.840761,18.410915,4.334939,0.014297
109.096001,90.640005,18.455996,109.196720,90.658335,18.538384,4.152579,0.015192
108.945299,90.469225,18.476073,109.139108,90.574048,18.565060,4.281738,0.013778
108.688413,90.183830,18.504583,108.597706,90.117493,18.480212,4.251394,0.014904
108.549086,90.035806,18.513280,108.566302,90.120849,18.445454,4.295483,0.014946
108.383595,89.846462,18.537133,108.447116,89.959533,18.487583,4.319576,0.013763
108.210107,89.669514,18.540593,108.323541,89.782328,18.541213,4.453237,0.013279
108.100592,89.477001,18.623591,108.112666,89.597707,18.514959,4.256162,0.014834
107.948088,89.352958,18.595130,108.006768,89.387719,18.619049,4.232439,0.013852
107.819626,89.194857,18.624769,107.883090,89.331042,18.552047,4.328810,0.013847
107.598371,89.001694,18.596677,108.024457,89.539585,18.484873,4.185935,0.014699
107.510745,88.903139,18.607606,107.818775,89.141608,18.677167,4.391548,0.013672
107.363348,88.704453,18.658895,107.779597,89.195053,18.584544,4.211188,0.014356
107.196031,88.564035,18.631995,107.680503,89.047976,18.632527,4.201793,0.014497
107.040643,88.348133,18.692510,107.094504,88.505943,18.588561,4.482019,0.013965
106.958754,88.254196,18.704559,107.156925,88.514333,18.642593,4.285950,0.014800
106.790256,88.108960,18.681296,107.351648,88.791691,18.559958,4.188397,0.014087
106.691676,87.995479,18.696197,106.877077,88.193484,18.683593,4.306830,0.014715
106.549508,87.825192,18.724316,106.768271,88.033764,18.734507,4.341579,0.014441
106.373770,87.653953,18.719816,106.848634,88.201904,18.646729,4.241506,0.014753
106.301976,87.574209,18.727767,106.721098,88.016738,18.704360,4.131301,0.014943
106.227026,87.439723,18.787303,106.702144,87.952921,18.749223,4.511154,0.012764
106.131931,87.375551,18.756381,106.465284,87.766617,18.698667,4.317254,0.013938
106.047673,87.287210,18.760464,106.335991,87.570203,18.765789,4.160183,0.014072
105.978848,87.180464,18.798384,106.323130,87.538331,18.784800,4.363513,0.014058
105.828062,87.076668,18.751394,106.416316,87.710016,18.706300,4.449741,0.013272
105.750700,86.991011,18.759689,106.147722,87.439265,18.708458,4.135688,0.015651
105.611651,86.841348,18.770304,105.951276,87.215474,18.735801,4.339146,0.013349
105.505351,86.757289,18.748062,106.392764,87.653890,18.738874,4.261941,0.014903
105.491343,86.676561,18.814782,105.975938,87.286235,18.689703,4.287806,0.014631
105.354844,86.534532,18.820312,105.821550,86.966352,18.855198,4.338615,0.014124
105.265124,86.460951,18.804172,105.893892,87.127904,18.765989,4.259112,0.014193
105.202296,86.395206,18.807090,105.886711,87.133587,18.753124,4.319406,0.013793
105.074928,86.222164,18.852765,105.742187,86.895129,18.847057,4.167964,0.014910
105.012788,86.143459,18.869329,105.464724,86.594559,18.870165,4.330441,0.013485
104.916126,86.054798,18.861328,105.466363,86.588497,18.877865,4.311048,0.014136
104.838722,85.965143,18.873579,105.485653,86.582247,18.903405,4.361657,0.013976
104.761318,85.855089,18.906229,105.415024,86.458231,18.956793,4.356975,0.013392
104.651802,85.757332,18.894470,105.444795,86.560359,18.884435,4.353087,0.014405
104.595679,85.704505,18.891174,105.068163,86.232373,18.835790,4.365745,0.014129
104.594544,85.657496,18.937049,105.132436,86.194704,18.937732,4.481055,0.013015
104.472488,85.513546,18.958943,105.120585,86.203027,18.917558,4.243966,0.014075
104.394379,85.439699,18.954680,105.178696,86.318892,18.859804,4.445258,0.013634
104.276846,85.351895,18.924951,104.834567,86.033341,18.801225,4.211605,0.014268
104.221351,85.255890,18.965461,104.957873,85.977495,18.980378,4.052606,0.015495
104.184471,85.243529,18.940942,104.846647,86.000229,18.846417,4.317150,0.014424
104.150941,85.212651,18.938290,104.948246,85.993173,18.955073,4.168139,0.014139
104.007214,85.060542,18.946672,104.941844,86.044036,18.897808,4.181641,0.014524
104.007427,85.010727,18.996700,104.675446,85.728523,18.946924,4.237185,0.014197
103.928587,84.935021,18.993566,104.723461,85.785030,18.938431,4.349804,0.013146
103.860368,84.852321,19.008047,104.603546,85.572628,19.030918,4.301315,0.014083
103.906304,84.834784,19.071520,104.722800,85.625373,19.097427,4.268563,0.014228
103.771733,84.707066,19.064668,104.583272,85.549345,19.033928,4.379720,0.013441
103.692484,84.635354,19.057130,104.486852,85.515742,18.971110,4.132346,0.015338
103.594653,84.518460,19.076193,104.389310,85.409062,18.980248,4.206957,0.014026
103.540625,84.465654,19.074971,104.543489,85.442272,19.101217,4.380295,0.012844
103.449256,84.329517,19.119739,104.428162,85.342111,19.086051,4.228555,0.014592
103.442399,84.289449,19.152951,104.418797,85.392804,19.025993,4.334376,0.013879
103.357070,84.201901,19.155169,104.331155,85.208156,19.122999,4.181622,0.014030
103.391173,84.194301,19.196872,104.221718,85.100594,19.121124,4.567132,0.012958
103.298660,84.085428,19.213232,104.175307,85.022507,19.152800,4.287661,0.014051
103.220787,84.027724,19.193062,103.935962,84.792234,19.143728,4.316665,0.013554
103.138200,83.948380,19.189820,104.241117,85.136755,19.104362,4.449451,0.014452
103.177443,83.984551,19.192891,104.326942,85.211825,19.115117,4.310543,0.014030
103.112002,83.911839,19.200163,104.154923,84.970979,19.183944,4.312367,0.012877
103.062926,83.846781,19.216145,103.991542,84.865713,19.125828,4.233245,0.014163
103.057626,83.840819,19.216807,104.125535,84.957843,19.167691,4.264461,0.013685
102.963615,83.753060,19.210555,103.871704,84.594793,19.276911,4.220490,0.014438
102.935132,83.670149,19.264983,103.846597,84.700756,19.145841,4.456663,0.013447
102.858511,83.639072,19.219439,103.797874,84.634290,19.163584,4.394919,0.013892
102.859375,83.632835,19.226540,103.825712,84.613238,19.212474,4.336151,0.013948
102.806790,83.544326,19.262464,103.814313,84.625902,19.188411,4.318753,0.013556
102.791637,83.508217,19.283420,103.869646,84.675132,19.194514,4.276076,0.014664
102.707891,83.413330,19.294561,103.822127,84.544984,19.277143,4.453605,0.013276
102.699617,83.407532,19.292086,103.877456,84.736949,19.140507,4.177734,0.014526
102.661635,83.375095,19.286540,103.741435,84.530411,19.211024,4.572762,0.013010
102.597836,83.294968,19.302868,103.611291,84.367932,19.243359,4.452507,0.014463
102.598844,83.279935,19.318909,103.644463,84.325486,19.318977,4.485823,0.012577
102.580561,83.241020,19.339541,103.633555,84.409896,19.223659,4.378210,0.012995
102.526876,83.207606,19.319271,103.494227,84.236095,19.258133,4.602974,0.013409
102.504223,83.148562,19.355661,103.600138,84.321806,19.278332,4.495790,0.013955
102.472657,83.150068,19.322589,103.632245,84.425813,19.206431,4.168826,0.014983
102.410921,83.075685,19.335235,103.720974,84.405904,19.315070,4.402650,0.013298
102.323364,82.967064,19.356301,103.463410,84.228721,19.234688,4.345474,0.014391
102.379397,83.038139,19.341258,103.531753,84.246903,19.284850,4.258092,0.014636
102.292385,82.890543,19.401842,103.690189,84.362840,19.327349,4.409687,0.012698
102.272311,82.917644,19.354667,103.476499,84.231556,19.244943,4.539009,0.012543
102.316226,82.905780,19.410447,103.234917,83.875947,19.358970,4.321862,0.013280
102.226833,82.823508,19.403325,103.267758,83.976798,19.290960,4.315794,0.013965
102.130179,82.711131,19.419048,103.460688,84.130753,19.329935,4.241158,0.013961
102.161071,82.774764,19.386307,103.292843,84.036797,19.256046,4.373159,0.014499
102.132883,82.746019,19.386864,103.527042,84.212502,19.314540,4.300492,0.013694
102.109578,82.693538,19.416039,103.323651,83.939449,19.384202,4.494841,0.013532
102.115546,82.720478,19.395068,103.487484,84.125190,19.362294,4.342034,0.014036
102.045069,82.622686,19.422383,103.256683,83.822522,19.434161,4.270041,0.013762
102.032202,82.570381,19.461820,103.501912,84.121272,19.380640,4.418189,0.013575
101.985464,82.542487,19.442977,103.447494,84.153842,19.293652,4.324149,0.014001
101.972433,82.528756,19.443678,103.232175,83.800238,19.431937,4.268593,0.015010
101.913443,82.455350,19.458094,103.160377,83.738915,19.421462,4.266841,0.013426
101.932531,82.493493,19.439037,103.259583,83.850656,19.408927,4.489928,0.013742
101.835824,82.362201,19.473623,103.347290,83.992012,19.355278,4.382153,0.014330
101.897883,82.406014,19.491869,103.145264,83.719033,19.426231,4.253232,0.013932
101.828904,82.334431,19.494473,103.245245,83.851065,19.394180,4.286496,0.013664
101.823291,82.310985,19.512306,103.197122,83.799069,19.398053,4.442842,0.013343
101.803962,82.329359,19.474603,103.147396,83.841757,19.305639,4.494987,0.012685
