206.460685,199.705566,6.755119,182.877588,175.097168,7.780420,8.843947,0.009333
174.470334,167.243257,7.227076,163.100436,156.285401,6.815035,4.714611,0.018507
158.811623,151.775360,7.036263,154.836915,147.679848,7.157068,5.945136,0.018103
152.360008,145.547441,6.812567,148.186710,141.547404,6.639306,5.111567,0.019769
146.798158,140.110893,6.687264,144.600175,137.936599,6.663576,6.620573,0.018425
143.946632,137.306198,6.640435,142.241874,135.618138,6.623736,5.434911,0.020394
141.786098,135.149317,6.636781,140.309382,133.648535,6.660846,5.159856,0.019174
140.272690,133.605009,6.667681,139.222362,132.549566,6.672796,5.863744,0.018451
138.917595,132.276503,6.641092,138.038322,131.395973,6.642348,5.646520,0.019994
138.011142,131.352657,6.658485,137.054610,130.362647,6.691963,5.618835,0.021432
137.129709,130.504928,6.624781,136.103388,129.483570,6.619818,5.453444,0.020376
136.264530,129.652566,6.611963,135.538000,128.896866,6.641134,5.668634,0.023041
135.767634,129.138179,6.629455,134.851014,128.209891,6.641123,6.047325,0.019877
135.205803,128.565756,6.640047,134.492438,127.831170,6.661268,5.271366,0.021408
134.591585,127.938990,6.652595,134.066093,127.418080,6.648013,5.942838,0.021912
134.286907,127.625500,6.661406,133.980498,127.306777,6.673721,5.293346,0.021326
133.747861,127.060221,6.687640,133.308011,126.650408,6.657603,5.989332,0.024139
133.426753,126.764710,6.662042,132.814094,126.145557,6.668536,5.921967,0.021273
133.096920,126.399277,6.697643,133.062042,126.338986,6.723057,6.371234,0.023387
132.710489,126.004765,6.705724,132.497908,125.822976,6.674933,6.054884,0.021950
132.479038,125.777950,6.701088,131.920251,125.195946,6.724306,6.245749,0.023072
132.250560,125.527828,6.722731,131.634861,124.906134,6.728727,5.990818,0.020653
131.970486,125.238375,6.732111,131.365809,124.628797,6.737012,6.376801,0.018877
131.728587,124.990171,6.738416,131.458409,124.718992,6.739416,6.374077,0.019484
131.471653,124.734975,6.736678,131.421175,124.705863,6.715312,7.030041,0.020838
131.294129,124.553783,6.740346,131.130797,124.376804,6.753994,6.177835,0.022589
131.110965,124.375478,6.735487,130.918431,124.193900,6.724531,5.789229,0.023110
130.881216,124.142044,6.739172,130.744423,124.013491,6.730933,5.868574,0.022034
130.576488,123.828203,6.748285,130.832896,124.111057,6.721839,5.903053,0.021618
130.404801,123.642703,6.762098,130.952439,124.240675,6.711763,6.284313,0.020829
130.396620,123.664427,6.732193,130.424727,123.676533,6.748195,6.161074,0.021600
130.204964,123.458049,6.746915,130.020932,123.254407,6.766526,6.492454,0.020109
130.045820,123.304099,6.741721,129.866553,123.096636,6.769918,6.709623,0.020047
129.883773,123.116345,6.767428,130.181969,123.439854,6.742115,5.962361,0.021375
129.812531,123.049364,6.763166,129.833101,123.040219,6.792881,6.329674,0.019777
129.534059,122.766854,6.767205,129.911871,123.159538,6.752333,6.274656,0.021641
129.426253,122.658215,6.768038,129.851334,123.135795,6.715539,5.876431,0.021318
129.457918,122.702075,6.755844,129.890373,123.127297,6.763075,6.314483,0.022763
129.149852,122.392315,6.757537,129.720725,123.010678,6.710047,6.054387,0.022355
129.144734,122.402959,6.741775,129.306574,122.562717,6.743857,6.589442,0.020555
129.067405,122.296190,6.771215,128.728501,121.915728,6.812773,6.622934,0.022289
128.903089,122.140604,6.762486,129.451993,122.725815,6.726178,6.701857,0.019806
128.814182,122.037986,6.776196,129.492937,122.747782,6.745155,5.825252,0.026181
128.736169,121.954420,6.781749,128.733571,121.973466,6.760105,6.166805,0.021125
128.565145,121.799293,6.765852,128.937779,122.171054,6.766725,6.492817,0.025395
128.588774,121.831031,6.757742,129.323128,122.614055,6.709073,6.100161,0.021866
128.456421,121.699722,6.756699,128.887911,122.157683,6.730229,7.059784,0.022422
128.379855,121.616308,6.763548,128.849491,122.116352,6.733139,6.438227,0.022943
128.353383,121.594738,6.758645,128.756487,122.003732,6.752755,5.885511,0.023909
128.271329,121.497394,6.773935,129.058714,122.310480,6.748235,5.407710,0.024209
128.195083,121.411118,6.783965,128.560391,121.790758,6.769632,6.197230,0.021652
128.052291,121.256336,6.795955,128.585688,121.822258,6.763430,5.952956,0.022598
128.041486,121.272026,6.769460,128.750342,122.036814,6.713528,6.369450,0.023439
127.882767,121.099306,6.783462,128.356585,121.603655,6.752930,6.151371,0.022539
127.774316,120.995223,6.779094,128.509942,121.756420,6.753522,7.091360,0.021221
127.894069,121.119422,6.774647,128.452139,121.704369,6.747771,6.370730,0.022952
127.713640,120.915569,6.798070,128.617114,121.858522,6.758592,6.033191,0.023845
127.697806,120.904089,6.793717,128.090021,121.340199,6.749822,6.626406,0.020632
127.690238,120.904793,6.785445,128.303005,121.546497,6.756508,6.230391,0.024997
127.613811,120.805706,6.808106,128.271311,121.501712,6.769599,6.119261,0.024440
127.512396,120.714307,6.798089,128.490027,121.748238,6.741789,6.441523,0.021843
127.590996,120.808259,6.782737,128.474437,121.743435,6.731002,6.483619,0.021054
127.271053,120.451380,6.819673,127.791008,120.983861,6.807148,6.830905,0.021767
127.363069,120.559001,6.804068,128.459071,121.688094,6.770977,6.630216,0.023248
127.413763,120.609374,6.804389,127.924385,121.167369,6.757016,6.623682,0.019893
127.151235,120.328200,6.823035,127.979251,121.196397,6.782853,6.521945,0.022859
127.250774,120.447122,6.803653,128.040749,121.293993,6.746756,6.505119,0.022906
127.158390,120.352400,6.805990,128.377218,121.636853,6.740365,7.660120,0.019885
127.198381,120.395188,6.803193,127.946688,121.178466,6.768222,6.624973,0.022162
126.997232,120.191296,6.805935,127.778545,120.999268,6.779277,6.414709,0.023180
127.029605,120.208141,6.821463,128.179912,121.396064,6.783849,6.178626,0.023028
127.038939,120.225032,6.813907,127.800060,121.001062,6.798997,6.042717,0.020052
127.024876,120.199688,6.825188,127.452280,120.641529,6.810751,6.760958,0.021234
126.809000,119.979444,6.829557,127.859790,121.078503,6.781288,6.036340,0.021122
126.905998,120.079609,6.826389,127.521850,120.703374,6.818476,6.266411,0.024530
126.830060,120.016421,6.813639,128.376696,121.601060,6.775636,6.073793,0.021957
126.913213,120.086020,6.827193,127.635864,120.843222,6.792642,6.653469,0.021520
126.902784,120.084701,6.818083,128.062902,121.296035,6.766867,6.518093,0.022149
126.760342,119.937417,6.822924,127.516482,120.685307,6.831174,6.493741,0.020895
126.694834,119.869752,6.825081,127.945069,121.158762,6.786307,5.995710,0.023052
126.716325,119.890168,6.826156,127.656997,120.880122,6.776875,6.692212,0.022782
126.747063,119.932587,6.814476,127.721960,120.941001,6.780959,7.146641,0.023091
126.649913,119.818591,6.831323,127.608726,120.800660,6.808066,6.654535,0.020022
126.615671,119.797033,6.818638,127.493884,120.725926,6.767959,5.961564,0.024727
126.680189,119.872109,6.808080,127.637087,120.864906,6.772182,6.570784,0.021315
126.662311,119.831516,6.830796,127.571779,120.774979,6.796801,6.202407,0.023079
126.568438,119.734682,6.833756,127.525376,120.734159,6.791216,5.735784,0.023716
126.563391,119.735539,6.827852,127.210799,120.368486,6.842313,6.691100,0.022440
126.387120,119.527408,6.859712,127.598967,120.786220,6.812746,6.430647,0.023587
126.392777,119.556433,6.836345,127.446916,120.639954,6.806962,6.206835,0.021145
126.427302,119.589376,6.837926,127.917353,121.139748,6.777605,6.584743,0.020499
126.527008,119.709738,6.817270,127.622854,120.822901,6.799954,6.368662,0.024744
126.285552,119.418513,6.867039,126.929308,120.066966,6.862342,5.915875,0.022508
126.215543,119.356939,6.858603,127.628599,120.803331,6.825268,5.907658,0.026409
126.413366,119.578619,6.834746,127.522321,120.712317,6.810005,6.367302,0.023051
126.293725,119.441551,6.852174,127.741192,120.961501,6.779692,6.150465,0.021757
126.368777,119.530925,6.837852,127.008663,120.178148,6.830516,7.185232,0.021229
126.148267,119.304892,6.843375,127.135908,120.334583,6.801325,6.101208,0.027175
126.219310,119.386077,6.833232,127.164624,120.376551,6.788072,6.975693,0.021402
126.230231,119.394452,6.835780,127.266025,120.434233,6.831793,7.101969,0.019236
126.328407,119.486215,6.842191,127.141557,120.311127,6.830430,6.735920,0.022727
126.125509,119.261726,6.863783,127.332929,120.531047,6.801882,6.189373,0.020664
126.168028,119.312109,6.855919,127.152964,120.315471,6.837494,6.635273,0.022241
126.093419,119.237607,6.855812,127.438232,120.640878,6.797353,6.490202,0.023313
126.071666,119.226088,6.845578,127.199703,120.400122,6.799581,6.391669,0.020856
126.091955,119.253145,6.838810,126.798519,119.964341,6.834178,6.669095,0.021358
125.954765,119.093493,6.861272,127.187982,120.371253,6.816729,6.739748,0.021502
125.983628,119.126682,6.856946,127.035841,120.212201,6.823641,7.254393,0.019674
125.956679,119.094835,6.861843,127.257200,120.423405,6.833796,6.737661,0.021225
125.905596,119.048166,6.857430,127.204882,120.379594,6.825288,6.629083,0.021462
125.940712,119.080970,6.859742,127.322532,120.503983,6.818549,6.451624,0.023441
125.998584,119.148250,6.850334,127.282770,120.477010,6.805760,7.030725,0.023227
125.997407,119.135779,6.861629,127.238989,120.434161,6.804829,6.921086,0.022405
125.981162,119.133407,6.847755,127.415792,120.616086,6.799707,6.634520,0.023458
125.990921,119.130988,6.859933,127.228186,120.405648,6.822538,6.444870,0.022682
125.833093,118.979177,6.853916,126.920833,120.104237,6.816596,6.973673,0.021087
125.884216,119.047789,6.836427,127.151799,120.340051,6.811749,6.766459,0.022126
125.832703,118.965103,6.867599,127.186516,120.398173,6.788342,6.199085,0.024249
125.844231,118.996900,6.847332,127.091479,120.272985,6.818495,6.031287,0.024340
125.753777,118.896371,6.857406,127.493127,120.690788,6.802338,6.230876,0.026957
125.885843,119.041120,6.844723,127.112163,120.294055,6.818108,6.798805,0.023150
125.804425,118.948507,6.855918,127.101264,120.260292,6.840972,6.240787,0.023483
125.686997,118.807635,6.879362,127.089487,120.256853,6.832634,6.926780,0.021418
125.708234,118.836782,6.871451,127.031833,120.182429,6.849404,6.265882,0.024937
125.594842,118.707094,6.887748,127.266418,120.438085,6.828333,6.042866,0.023724
125.769995,118.909908,6.860088,127.049349,120.238469,6.810880,6.492648,0.022524
125.652799,118.782768,6.870031,127.164619,120.364179,6.800440,6.893467,0.023271
125.636111,118.768594,6.867517,127.279788,120.451680,6.828108,6.427014,0.021379
125.726325,118.858092,6.868232,127.237003,120.388423,6.848580,6.663691,0.024105
125.736817,118.873073,6.863743,126.879825,120.059449,6.820376,7.594195,0.019266
125.725238,118.843092,6.882146,126.886135,120.044768,6.841367,6.487527,0.023070
125.647960,118.768336,6.879624,126.840396,120.022239,6.818157,6.239203,0.025162
125.680442,118.803105,6.877337,126.708579,119.857290,6.851288,6.115691,0.024591
125.570045,118.675320,6.894725,127.021348,120.190571,6.830777,6.509189,0.022778
125.555009,118.679573,6.875436,127.274618,120.450532,6.824086,6.697484,0.018836
125.585615,118.701155,6.884460,126.563454,119.681139,6.882315,6.275018,0.021345
125.493468,118.607495,6.885973,126.931052,120.093267,6.837784,6.982209,0.022433
125.512411,118.637114,6.875297,126.998294,120.138208,6.860086,6.825262,0.021516
125.444297,118.560394,6.883902,126.689612,119.861285,6.828327,6.400531,0.023626
125.456849,118.577133,6.879716,126.661731,119.818130,6.843601,5.840188,0.023948
125.475850,118.594191,6.881658,127.013690,120.180645,6.833045,6.029522,0.021536
125.476475,118.578391,6.898083,127.102937,120.286508,6.816430,6.670536,0.022469
125.472226,118.585179,6.887046,126.956530,120.107177,6.849353,6.265978,0.024099
125.564470,118.690795,6.873675,126.997044,120.153985,6.843059,5.961804,0.022030
125.465905,118.581404,6.884500,127.012985,120.177244,6.835741,6.414085,0.019200
125.412130,118.532374,6.879757,126.980397,120.175164,6.805232,6.757114,0.021414
125.443244,118.567340,6.875904,127.060545,120.243685,6.816860,6.625544,0.020042
125.443125,118.568179,6.874946,127.115531,120.300086,6.815445,6.373263,0.022577
125.404201,118.539310,6.864892,126.725466,119.909187,6.816279,6.503861,0.021130
125.478996,118.591288,6.887709,126.687884,119.834387,6.853497,6.067972,0.024392
125.438662,118.553359,6.885303,126.710568,119.862854,6.847714,6.736488,0.019593
125.350789,118.466889,6.883900,126.955845,120.115029,6.840816,6.161976,0.023530
125.278446,118.383512,6.894934,126.950407,120.121668,6.828739,6.640818,0.020323
125.243692,118.350509,6.893182,126.896695,120.076072,6.820623,6.020344,0.024400
125.248520,118.350041,6.898479,126.991901,120.154054,6.837847,6.422315,0.024013
125.321989,118.437467,6.884522,126.832402,120.009712,6.822690,6.984528,0.022103
125.225899,118.334184,6.891715,126.347707,119.469263,6.878443,6.053689,0.021788
125.209799,118.309107,6.900692,126.635094,119.771217,6.863877,6.867889,0.021334
125.251359,118.350391,6.900967,127.055433,120.200606,6.854827,6.039758,0.021760
125.257911,118.366680,6.891231,126.518657,119.691898,6.826759,7.088962,0.023192
