201.776519,195.053453,6.723066,178.911675,171.602590,7.309086,3.694944,0.014756
166.621559,159.574242,7.047317,157.169028,150.106134,7.062894,3.625198,0.023373
151.824863,145.186185,6.638678,147.405674,140.784309,6.621365,4.064200,0.021646
145.938257,139.329964,6.608293,142.960606,136.390521,6.570084,4.176857,0.021768
142.659262,136.091999,6.567263,140.519537,133.934425,6.585112,4.337314,0.019934
140.647161,134.091300,6.555862,139.611926,133.046305,6.565621,4.449928,0.019792
139.321895,132.748929,6.572966,138.277925,131.710558,6.567367,4.117084,0.021901
138.211707,131.623384,6.588324,137.501482,130.897520,6.603961,4.045130,0.023585
137.437684,130.868838,6.568846,136.449778,129.904435,6.545343,4.463717,0.022660
136.614509,130.102648,6.511861,135.361092,128.822136,6.538955,4.588766,0.021441
135.792064,129.288471,6.503593,135.220595,128.694792,6.525802,4.139328,0.024282
135.128207,128.637202,6.491005,135.008688,128.543412,6.465276,4.423542,0.026358
134.834708,128.336032,6.498675,134.033076,127.520899,6.512177,5.375799,0.020890
134.295211,127.795773,6.499438,133.891581,127.439002,6.452580,5.041247,0.023102
133.954566,127.451760,6.502806,133.464421,126.936361,6.528060,4.853671,0.022801
133.622351,127.126801,6.495550,133.150757,126.657486,6.493272,4.437335,0.022031
133.368847,126.862148,6.506699,132.750192,126.205977,6.544214,4.376853,0.024986
133.161472,126.651272,6.510200,132.777480,126.232506,6.544974,5.322262,0.020899
132.894420,126.370949,6.523470,132.600662,126.079074,6.521588,4.885705,0.021518
132.681552,126.167795,6.513757,131.947259,125.400291,6.546967,5.073726,0.022121
132.439442,125.927991,6.511452,132.004560,125.485686,6.518875,4.821561,0.023439
132.451071,125.957718,6.493353,132.017477,125.500124,6.517353,4.765462,0.024083
132.298564,125.777997,6.520567,131.675989,125.124781,6.551208,4.952670,0.022154
132.009187,125.483905,6.525282,132.117391,125.615355,6.502035,4.717395,0.022916
132.012153,125.487271,6.524882,131.730304,125.171183,6.559121,4.789034,0.024208
131.889091,125.366192,6.522899,131.506464,124.955773,6.550690,4.557171,0.024973
131.806856,125.285695,6.521161,131.390037,124.862867,6.527170,4.488210,0.024885
131.629651,125.111595,6.518056,131.207092,124.673089,6.534003,5.111650,0.022254
131.608878,125.095916,6.512962,131.373485,124.875510,6.497975,5.080634,0.023401
131.479043,124.973494,6.505550,131.330457,124.816240,6.514217,5.027765,0.022582
131.455411,124.943155,6.512255,130.967226,124.420344,6.546881,4.764439,0.023649
131.323526,124.806511,6.517015,130.535128,123.966330,6.568797,5.243402,0.023594
131.116136,124.598317,6.517819,130.449560,123.883834,6.565725,4.873420,0.023320
131.213390,124.705383,6.508007,131.010558,124.450666,6.559893,4.997896,0.023997
131.056285,124.539708,6.516577,131.370465,124.869119,6.501346,5.463222,0.019915
131.032740,124.520986,6.511753,131.006031,124.498029,6.508002,4.918629,0.022898
130.961758,124.460763,6.500995,131.285354,124.826769,6.458586,4.967638,0.024146
130.874112,124.365394,6.508718,130.938562,124.462731,6.475831,4.921679,0.024537
130.911520,124.412885,6.498635,130.782656,124.269468,6.513188,5.005328,0.021395
130.800577,124.302120,6.498457,130.817629,124.314689,6.502941,5.037132,0.024000
130.869671,124.368616,6.501055,130.667077,124.167446,6.499631,4.982949,0.023755
130.849479,124.351042,6.498437,131.154166,124.683568,6.470598,5.252123,0.022428
130.708933,124.186344,6.522589,130.764281,124.228716,6.535565,4.939285,0.024489
130.597348,124.080885,6.516463,130.719706,124.211118,6.508588,5.617264,0.023723
130.608593,124.091215,6.517379,130.152757,123.632429,6.520328,5.353667,0.025450
130.577367,124.082269,6.495097,130.570851,124.074703,6.496148,5.175990,0.022046
130.492888,123.977323,6.515565,130.653096,124.155303,6.497793,4.866903,0.025757
130.466887,123.973998,6.492889,130.169619,123.634659,6.534960,4.651877,0.025099
130.474256,123.966526,6.507730,131.095120,124.565812,6.529308,4.547710,0.025131
130.338731,123.837090,6.501641,130.446297,123.967553,6.478745,4.715192,0.022836
130.416058,123.921218,6.494840,130.399975,123.898848,6.501126,5.324328,0.023182
130.340829,123.840626,6.500203,130.329925,123.844720,6.485205,4.838687,0.024060
130.325464,123.832792,6.492672,129.919878,123.378641,6.541237,4.780963,0.024443
130.201168,123.690766,6.510403,130.148420,123.655523,6.492896,5.141575,0.023768
130.132866,123.635809,6.497057,130.347882,123.893786,6.454097,4.813642,0.023291
130.123478,123.621360,6.502119,130.277154,123.792051,6.485104,5.002225,0.025010
130.205959,123.719103,6.486856,130.461290,123.989529,6.471761,5.240816,0.024384
130.065084,123.574299,6.490785,129.870465,123.371945,6.498521,5.134356,0.023207
129.982265,123.473484,6.508781,130.007528,123.526085,6.481443,5.118341,0.024872
130.115700,123.613947,6.501754,130.350115,123.828277,6.521838,4.996845,0.024056
129.895420,123.388345,6.507075,130.679469,124.230827,6.448642,5.442368,0.021943
129.981383,123.492522,6.488862,130.204459,123.746371,6.458088,5.066368,0.024714
130.015218,123.523087,6.492131,130.242836,123.724011,6.518826,4.642963,0.027526
129.888618,123.402029,6.486589,129.992284,123.504248,6.488036,5.421845,0.022931
129.953819,123.453981,6.499839,130.309035,123.869626,6.439409,5.217323,0.022055
129.989640,123.490945,6.498695,130.026768,123.526491,6.500278,4.737946,0.024648
129.848491,123.350529,6.497962,130.455721,123.989006,6.466715,4.878590,0.026665
129.833443,123.324256,6.509188,129.794044,123.283229,6.510815,4.784374,0.026001
129.827793,123.332449,6.495344,129.813345,123.291967,6.521378,5.214271,0.022784
129.776710,123.288601,6.488109,129.709768,123.225533,6.484234,4.849012,0.025919
129.764463,123.266688,6.497775,130.113768,123.634109,6.479659,5.051357,0.023345
129.861326,123.373189,6.488137,130.299967,123.810837,6.489131,5.316130,0.022656
129.797323,123.303285,6.494038,129.757928,123.261785,6.496143,5.179461,0.023055
129.811788,123.329333,6.482455,130.034340,123.550043,6.484297,5.070618,0.026563
129.738135,123.245120,6.493015,129.970556,123.487254,6.483301,5.353961,0.022912
129.640862,123.145056,6.495806,129.878435,123.371172,6.507263,5.235451,0.022047
129.636664,123.129535,6.507129,129.918737,123.402482,6.516255,4.968750,0.022743
129.519634,123.017038,6.502597,130.226837,123.756710,6.470127,5.048229,0.023609
129.692409,123.202128,6.490281,129.646055,123.142886,6.503169,4.954338,0.024522
129.545397,123.061186,6.484211,129.736864,123.230231,6.506634,4.931118,0.028802
129.600344,123.105329,6.495015,129.687343,123.198365,6.488978,5.044384,0.025530
129.461697,122.952942,6.508755,129.723192,123.227977,6.495215,5.163645,0.025885
129.481093,122.997005,6.484088,129.595377,123.071790,6.523586,5.205571,0.022830
129.393997,122.910587,6.483411,129.758955,123.289842,6.469113,5.377318,0.023434
129.372765,122.883557,6.489208,129.695656,123.220335,6.475320,5.081668,0.023170
129.546514,123.072702,6.473812,129.825092,123.327832,6.497261,5.317805,0.023803
129.343523,122.863165,6.480358,129.802576,123.366806,6.435770,5.365520,0.024179
129.526788,123.073589,6.453198,130.064331,123.587906,6.476425,4.808359,0.025631
129.449910,122.959177,6.490733,129.680763,123.204559,6.476204,4.959178,0.025006
129.327037,122.836754,6.490284,129.604618,123.086811,6.517806,4.983756,0.022310
129.327830,122.856920,6.470911,130.008126,123.556079,6.452047,4.955827,0.023198
129.427922,122.943688,6.484234,129.711847,123.210165,6.501682,4.816978,0.025080
129.301640,122.819889,6.481751,129.195005,122.674063,6.520942,4.894511,0.024701
129.237143,122.750519,6.486624,129.535103,123.031134,6.503969,4.797805,0.026770
129.267443,122.777015,6.490428,130.057959,123.558663,6.499295,4.968317,0.023962
129.218624,122.735279,6.483344,129.683880,123.217406,6.466473,5.014511,0.022506
129.271561,122.785075,6.486486,129.473534,122.980520,6.493014,5.457069,0.022418
129.362186,122.875485,6.486701,129.925810,123.413792,6.512018,5.067982,0.026277
129.173045,122.687746,6.485299,129.572873,123.106909,6.465964,5.003257,0.022115
129.324291,122.837651,6.486640,129.764156,123.291195,6.472961,5.266929,0.024442
129.180480,122.687708,6.492772,129.279027,122.794256,6.484771,4.732135,0.022445
129.223466,122.743801,6.479665,129.469901,122.991475,6.478426,4.867572,0.024584
129.248284,122.752247,6.496037,129.803148,123.316341,6.486808,5.150251,0.025591
129.067968,122.574985,6.492983,129.533148,123.048227,6.484921,5.183204,0.025602
129.088250,122.592252,6.495998,129.167945,122.649681,6.518264,5.147120,0.023841
129.163428,122.674267,6.489161,129.326662,122.802507,6.524155,4.641317,0.023563
129.054264,122.544370,6.509893,129.399119,122.895119,6.504000,5.766725,0.025082
129.031022,122.532552,6.498470,129.303749,122.831248,6.472502,4.995081,0.025812
129.038840,122.540112,6.498728,129.131611,122.654416,6.477195,5.031140,0.024018
129.127334,122.644127,6.483207,129.579015,123.084439,6.494575,4.881885,0.023299
129.097774,122.600831,6.496943,129.505635,123.025738,6.479896,5.258317,0.023474
129.054318,122.565666,6.488652,129.183953,122.685049,6.498904,5.301131,0.024946
128.993895,122.501313,6.492582,129.362031,122.880163,6.481868,5.126423,0.023708
128.915452,122.417321,6.498131,129.636644,123.172836,6.463809,5.315073,0.023867
128.950040,122.450585,6.499455,129.347073,122.845230,6.501843,4.704290,0.026241
128.923398,122.412038,6.511359,129.873252,123.408821,6.464431,4.485025,0.027025
128.877916,122.383459,6.494457,129.537548,123.016359,6.521189,5.114286,0.024855
128.833280,122.335142,6.498138,129.250204,122.762703,6.487501,4.940187,0.026258
128.989996,122.515678,6.474318,129.513410,123.066097,6.447313,5.073698,0.024400
129.092578,122.617848,6.474730,129.741167,123.267000,6.474168,5.100423,0.025811
128.962237,122.471452,6.490785,129.379203,122.865370,6.513832,4.638954,0.025370
128.918923,122.432460,6.486463,129.644565,123.182254,6.462311,5.232552,0.023785
129.054362,122.571942,6.482420,129.713065,123.257990,6.455074,5.183169,0.025581
128.959057,122.467476,6.491581,129.536169,123.039220,6.496950,5.220675,0.021528
128.893633,122.406604,6.487029,129.877204,123.445762,6.431443,5.194864,0.024219
129.122562,122.646233,6.476329,129.703928,123.248331,6.455597,5.227734,0.022671
128.970274,122.478493,6.491781,129.750719,123.302381,6.448337,5.349653,0.026111
129.014019,122.523501,6.490518,129.369789,122.862260,6.507529,5.440024,0.024711
129.079365,122.577241,6.502125,129.676671,123.211477,6.465194,5.076524,0.027423
129.074530,122.585710,6.488820,129.344320,122.865199,6.479120,5.623928,0.023997
128.886592,122.398359,6.488233,129.728820,123.239489,6.489331,4.524508,0.024612
128.984356,122.499034,6.485322,129.437279,122.928382,6.508897,5.360075,0.023194
128.953500,122.459736,6.493764,129.345498,122.846567,6.498930,4.864991,0.025695
128.938988,122.444638,6.494350,129.306014,122.831060,6.474953,5.278220,0.023403
128.837721,122.330206,6.507514,129.683836,123.183812,6.500024,4.380728,0.023598
128.835324,122.332346,6.502978,129.802267,123.332251,6.470016,4.624219,0.025224
128.834635,122.341318,6.493317,129.561497,123.062799,6.498698,5.094003,0.025041
128.738759,122.238342,6.500417,129.153659,122.688159,6.465500,4.859220,0.024837
128.877583,122.391198,6.486384,129.325447,122.832266,6.493181,4.985803,0.024330
128.983542,122.487149,6.496394,129.314016,122.792957,6.521059,5.057397,0.022839
128.822224,122.314168,6.508055,129.223725,122.751264,6.472462,5.063374,0.023258
128.906887,122.418344,6.488543,129.244835,122.792545,6.452290,4.975162,0.025282
128.769532,122.270628,6.498905,129.387738,122.926607,6.461130,4.774312,0.025734
128.931298,122.435344,6.495953,129.131328,122.616564,6.514764,5.139624,0.021004
128.924794,122.437764,6.487030,129.565436,123.091769,6.473667,5.071448,0.024209
128.810664,122.311066,6.499598,129.854853,123.396230,6.458623,5.745822,0.023611
128.855204,122.364048,6.491156,129.067882,122.543103,6.524779,4.857313,0.024052
128.741920,122.244804,6.497115,129.767043,123.304661,6.462382,4.620899,0.024090
128.837497,122.360743,6.476754,129.845821,123.407897,6.437923,4.795474,0.025526
128.897740,122.397949,6.499790,129.613727,123.116903,6.496823,4.990405,0.025051
128.908941,122.424493,6.484448,129.725684,123.277806,6.447877,5.028487,0.024530
128.791438,122.304331,6.487107,129.331358,122.877385,6.453975,5.016125,0.024501
128.825862,122.321858,6.504003,129.506110,123.030562,6.475548,5.329576,0.023838
128.954854,122.454470,6.500385,129.724714,123.241920,6.482794,4.859105,0.023585
129.070049,122.585407,6.484642,129.701565,123.251059,6.450507,4.802183,0.025524
128.810222,122.317041,6.493181,129.382700,122.895994,6.486706,5.532814,0.023387
128.771071,122.280301,6.490770,129.716765,123.249363,6.467401,5.221094,0.023619
128.721277,122.216460,6.504817,129.619432,123.166105,6.453326,4.928192,0.022065
128.740060,122.234426,6.505634,129.911229,123.462692,6.448538,5.017561,0.024604
128.840138,122.351152,6.488986,129.854726,123.424128,6.430598,5.209938,0.023457
