273.927767,265.618172,8.309594,199.558975,197.208324,2.350651,3.948051,0.004566
194.280071,191.309834,2.970237,191.042801,187.556772,3.486028,5.370963,0.005400
186.415718,181.657603,4.758115,178.969014,172.986548,5.982466,4.514037,0.008513
172.719274,165.284637,7.434637,165.378166,156.609594,8.768571,4.196342,0.010135
159.368590,149.473534,9.895056,153.356890,142.386874,10.970016,4.183708,0.011975
150.938998,139.799764,11.139234,147.201565,135.627419,11.574146,4.030303,0.013028
145.296805,133.428261,11.868544,142.012971,129.689911,12.323060,3.947706,0.013239
140.604715,127.842266,12.762449,137.590615,124.424819,13.165795,4.005346,0.014289
137.072242,123.661728,13.410514,134.699636,120.936193,13.763443,4.024734,0.015338
134.322990,120.389498,13.933492,132.395724,118.247766,14.147959,3.938108,0.015674
132.054101,117.782761,14.271340,130.281102,115.776401,14.504700,3.969258,0.015670
130.066173,115.469630,14.596543,128.495140,113.617059,14.878081,3.982773,0.016542
128.474104,113.585754,14.888351,126.789320,111.739471,15.049850,4.108531,0.016455
127.023737,111.870726,15.153011,125.545437,110.209683,15.335754,3.953282,0.016897
125.815270,110.476050,15.339220,124.406792,108.894569,15.512224,3.946143,0.016394
124.651264,109.139429,15.511835,123.102282,107.529393,15.572889,4.168632,0.015359
123.660049,108.047820,15.612229,122.587908,106.856131,15.731778,3.930806,0.017104
122.722453,106.985105,15.737348,121.719415,105.889210,15.830204,4.009713,0.015682
121.876763,106.043627,15.833136,120.897033,105.047843,15.849190,4.070226,0.016762
121.121935,105.164976,15.956959,119.802404,103.807570,15.994835,4.153966,0.016243
120.336366,104.303345,16.033022,119.085478,103.056976,16.028502,4.361183,0.015733
119.650868,103.574709,16.076158,118.678975,102.534645,16.144330,4.120061,0.016510
119.021887,102.816300,16.205587,118.170127,101.927537,16.242591,4.105448,0.016405
118.409460,102.129247,16.280213,117.520896,101.173718,16.347178,3.974958,0.017100
117.805837,101.508757,16.297080,116.937155,100.592937,16.344219,4.299712,0.016652
117.317054,100.951349,16.365705,116.737800,100.357940,16.379860,4.184330,0.016540
116.852420,100.441363,16.411057,116.059406,99.634306,16.425100,4.444765,0.015936
116.387366,99.968007,16.419359,115.542375,99.086221,16.456154,4.078843,0.016989
115.884414,99.419581,16.464833,115.057659,98.542598,16.515060,4.299677,0.015544
115.415227,98.940016,16.475212,114.868928,98.363646,16.505282,4.293701,0.015541
115.045263,98.569776,16.475487,114.555799,98.053307,16.502492,4.260218,0.017117
114.600272,98.053070,16.547202,113.962639,97.410316,16.552323,4.299997,0.015242
114.198974,97.698951,16.500022,113.983702,97.450445,16.533257,4.248551,0.016291
113.839864,97.237795,16.602070,113.248416,96.662437,16.585979,4.288317,0.016779
113.543907,96.943498,16.600408,112.894948,96.300748,16.594200,4.515648,0.015566
113.171384,96.569196,16.602188,112.785274,96.104189,16.681085,3.992059,0.016736
112.787451,96.148308,16.639143,112.240985,95.584183,16.656801,4.276329,0.016207
112.463865,95.817060,16.646806,111.992586,95.362000,16.630586,4.372024,0.015905
112.198982,95.518850,16.680132,111.857589,95.155877,16.701712,4.066783,0.016836
111.955712,95.292636,16.663076,111.456075,94.751523,16.704552,4.407111,0.015178
111.692395,94.976256,16.716139,111.177299,94.353838,16.823462,4.327075,0.016124
111.345167,94.640056,16.705111,111.181960,94.488869,16.693091,4.288124,0.015841
111.113657,94.389250,16.724408,110.814724,94.122839,16.691886,4.459072,0.014721
110.904845,94.179157,16.725688,110.523333,93.725533,16.797800,4.237781,0.015718
110.616935,93.835568,16.781367,110.207656,93.418032,16.789624,4.268843,0.015896
110.397969,93.614132,16.783838,110.047391,93.210211,16.837180,4.335106,0.014866
110.126724,93.318653,16.808072,110.032901,93.213213,16.819688,4.240180,0.015959
109.943196,93.132375,16.810821,109.661961,92.737224,16.924736,4.084863,0.015877
109.662894,92.845559,16.817335,109.481521,92.602732,16.878790,4.138912,0.016077
109.432920,92.619357,16.813563,109.165831,92.372381,16.793450,4.266493,0.014542
109.307999,92.455768,16.852231,109.234650,92.374425,16.860225,4.216930,0.016164
109.082358,92.240937,16.841421,108.794592,91.945864,16.848729,4.242798,0.015261
108.898386,92.038462,16.859924,108.730127,91.808983,16.921144,4.223807,0.015794
108.653475,91.811916,16.841559,108.544852,91.702537,16.842314,4.274561,0.015001
108.525768,91.699601,16.826166,108.662501,91.764908,16.897594,4.135801,0.015943
108.337721,91.490055,16.847666,108.242094,91.394908,16.847186,4.229955,0.015380
108.185528,91.329161,16.856367,108.326827,91.427639,16.899189,4.190195,0.014972
107.972367,91.082762,16.889606,108.154939,91.291607,16.863332,4.277709,0.014589
107.792859,90.898818,16.894041,107.863566,90.959474,16.904091,4.370203,0.014934
107.655540,90.784522,16.871018,107.714594,90.834827,16.879767,4.330848,0.014180
107.409341,90.527399,16.881942,107.571856,90.699807,16.872048,4.249077,0.015828
107.261628,90.399110,16.862518,107.323945,90.480959,16.842986,4.408473,0.016077
107.122147,90.219552,16.902596,107.402860,90.523608,16.879252,4.152365,0.015139
106.956472,90.052366,16.904107,106.979554,90.062428,16.917126,4.333877,0.016071
106.827062,89.921115,16.905947,106.797729,89.898588,16.899141,4.449719,0.014715
106.645423,89.770662,16.874761,106.561383,89.717596,16.843786,4.368374,0.014279
106.494753,89.631277,16.863476,106.735631,89.840676,16.894955,4.202563,0.014874
106.347476,89.438542,16.908934,106.624904,89.725959,16.898946,4.422255,0.014820
106.171313,89.260577,16.910736,106.561596,89.662810,16.898786,4.329640,0.014318
106.066933,89.161839,16.905094,106.224913,89.292004,16.932910,4.346099,0.014958
105.910096,88.942963,16.967132,106.032076,89.149427,16.882649,4.229657,0.014948
105.762916,88.833533,16.929383,106.122362,89.184743,16.937619,4.332515,0.014288
105.602833,88.668121,16.934713,105.904483,88.936072,16.968410,4.129974,0.015281
105.525609,88.593724,16.931885,106.027748,89.143539,16.884209,4.176454,0.014573
105.368021,88.430382,16.937639,105.769266,88.806491,16.962775,4.223161,0.015383
105.235836,88.283979,16.951857,105.642466,88.736683,16.905783,4.288302,0.014191
105.118030,88.136457,16.981573,105.514167,88.520390,16.993777,4.298778,0.014148
104.980514,87.995872,16.984642,105.320429,88.451879,16.868549,4.298764,0.014060
104.871598,87.899210,16.972388,105.376634,88.346789,17.029845,4.382057,0.014527
104.709624,87.701654,17.007970,105.269300,88.213982,17.055318,4.444686,0.014608
104.642973,87.635090,17.007883,105.020067,87.943090,17.076977,4.041171,0.016682
104.495984,87.479288,17.016697,104.906674,87.860287,17.046386,4.399175,0.014393
104.432862,87.357226,17.075636,104.650791,87.573894,17.076897,4.345346,0.014155
104.312186,87.257181,17.055005,104.656205,87.705561,16.950643,4.321622,0.014694
104.172557,87.107001,17.065556,104.606158,87.652545,16.953613,4.554403,0.014538
104.104118,87.102905,17.001213,104.510142,87.490643,17.019498,4.307903,0.014083
103.966336,86.940847,17.025489,104.548853,87.517749,17.031104,4.056789,0.016263
103.910470,86.853115,17.057355,104.127041,87.109212,17.017828,4.366456,0.013876
103.789660,86.715421,17.074240,104.298112,87.206805,17.091307,4.310624,0.013631
103.649180,86.585206,17.063974,104.353005,87.268543,17.084462,4.261536,0.013851
103.690700,86.647732,17.042968,104.157650,87.065545,17.092105,4.218896,0.014149
103.572234,86.500627,17.071607,103.941679,86.895752,17.045927,4.195900,0.014270
103.431570,86.344664,17.086906,103.927091,86.759162,17.167929,4.235581,0.013631
103.268730,86.155737,17.112993,103.776472,86.745331,17.031140,4.258027,0.014178
103.262613,86.167134,17.095479,103.893587,86.861953,17.031635,4.548179,0.014036
103.145473,86.048480,17.096993,103.840388,86.784205,17.056184,4.250091,0.014432
103.052266,85.929263,17.123003,103.798498,86.581540,17.216957,4.231308,0.013876
102.929482,85.789524,17.139958,103.527276,86.368322,17.158955,4.365173,0.013311
102.830714,85.670990,17.159724,103.331290,86.192486,17.138804,4.484762,0.013962
102.769795,85.642788,17.127007,103.576330,86.476549,17.099781,4.248429,0.014956
102.711684,85.578696,17.132988,103.319191,86.222538,17.096654,4.235888,0.013819
102.639901,85.470983,17.168918,103.285227,86.174404,17.110823,4.187824,0.015473
102.567935,85.370619,17.197315,103.323869,86.076586,17.247283,4.218660,0.014507
102.455025,85.266175,17.188850,103.356885,86.218608,17.138276,4.316007,0.013162
102.437124,85.263524,17.173600,103.198336,86.044413,17.153924,4.208691,0.014722
102.405108,85.214311,17.190797,103.179794,85.977154,17.202641,4.007435,0.014981
102.278204,85.057140,17.221064,103.081060,85.910565,17.170495,4.329508,0.013302
102.187647,84.965758,17.221889,103.044114,85.825059,17.219055,4.171836,0.014021
102.090588,84.873010,17.217578,103.004969,85.829594,17.175375,4.198065,0.014669
102.092769,84.892823,17.199946,102.925198,85.720309,17.204889,4.268348,0.013914
102.006064,84.769720,17.236345,102.782665,85.575329,17.207337,4.189151,0.013938
101.923910,84.668330,17.255581,102.757945,85.572955,17.184990,4.070380,0.014119
101.876171,84.619942,17.256229,102.631893,85.392775,17.239118,4.377625,0.013562
101.738014,84.509742,17.228273,102.538649,85.348065,17.190584,4.338621,0.014162
101.723258,84.455686,17.267572,102.553416,85.208121,17.345295,4.226948,0.014419
101.631026,84.362633,17.268392,102.625169,85.363416,17.261753,4.331763,0.013568
101.573583,84.308161,17.265423,102.432997,85.129002,17.303994,4.310589,0.013938
101.540731,84.280115,17.260615,102.480551,85.222336,17.258214,4.174917,0.014068
101.458061,84.164335,17.293726,102.346032,85.147578,17.198454,4.202378,0.013471
101.388328,84.105994,17.282334,102.245205,84.934960,17.310245,4.260893,0.013240
101.373953,84.111681,17.262272,102.518723,85.208862,17.309861,4.127721,0.014093
101.346844,84.081693,17.265151,102.300448,85.060924,17.239524,4.427961,0.013257
101.216444,83.897083,17.319361,102.132136,84.870433,17.261703,4.267067,0.013678
101.210861,83.914215,17.296646,102.194948,84.980612,17.214336,4.166461,0.014130
101.137374,83.845351,17.292023,102.148866,84.833070,17.315796,4.248453,0.014063
101.100754,83.805905,17.294849,102.068459,84.755576,17.312884,4.347722,0.012898
101.044710,83.732817,17.311892,102.136366,84.866630,17.269736,4.264762,0.013564
101.072513,83.771411,17.301102,101.979041,84.668588,17.310452,4.269806,0.014002
100.959850,83.629505,17.330345,102.028984,84.791876,17.237108,4.474036,0.013544
100.879356,83.569892,17.309464,101.831987,84.499203,17.332785,4.221062,0.015076
100.864799,83.531117,17.333682,101.779935,84.416120,17.363815,4.115073,0.013957
100.812314,83.492770,17.319544,102.081125,84.781365,17.299761,4.315628,0.013649
100.741277,83.440109,17.301168,101.822069,84.544033,17.278036,3.972264,0.014581
100.760045,83.427647,17.332398,101.830161,84.563838,17.266323,4.168402,0.014277
100.680985,83.299800,17.381184,101.716111,84.397299,17.318811,4.024866,0.014187
100.670154,83.332661,17.337492,101.872063,84.573324,17.298738,4.177402,0.014170
100.611927,83.292504,17.319424,101.739994,84.465733,17.274261,4.451133,0.013677
100.551593,83.193411,17.358183,101.554855,84.215507,17.339348,4.084173,0.013868
100.483115,83.145655,17.337460,101.892897,84.510088,17.382809,4.196064,0.013883
100.494895,83.118337,17.376558,101.614833,84.253741,17.361092,4.209862,0.013609
100.418012,83.020480,17.397532,101.535266,84.166385,17.368881,4.090945,0.014130
100.381533,83.001270,17.380262,101.558559,84.206941,17.351618,4.437960,0.012721
100.439266,83.018105,17.421162,101.394851,83.985413,17.409439,4.156675,0.014243
100.359612,82.950278,17.409334,101.715039,84.312542,17.402497,4.110417,0.014266
100.264037,82.852327,17.411710,101.545524,84.207595,17.337930,4.382592,0.013768
100.233654,82.811295,17.422359,101.508373,84.096612,17.411761,4.131333,0.014615
100.207505,82.788170,17.419334,101.340917,83.938691,17.402226,4.151517,0.013696
100.249418,82.814586,17.434832,101.419322,84.036989,17.382332,4.164913,0.013479
100.181458,82.763982,17.417476,101.549159,84.140219,17.408940,4.154561,0.014178
100.067402,82.616270,17.451132,101.305558,83.889123,17.416436,4.410172,0.013160
100.029870,82.566858,17.463012,101.277645,83.853936,17.423709,4.166553,0.013737
100.127194,82.668997,17.458196,101.410975,83.943146,17.467830,4.271293,0.014632
99.989055,82.513392,17.475663,101.144078,83.745992,17.398086,4.279996,0.013239
99.976329,82.541419,17.434910,101.260375,83.839713,17.420661,4.213012,0.013433
99.916969,82.462508,17.454461,101.314947,83.962869,17.352077,3.963923,0.015516
99.912215,82.475563,17.436651,101.279145,83.854515,17.424630,4.044211,0.014993
99.882339,82.392110,17.490228,101.322257,83.760238,17.562019,4.158295,0.013866
99.873238,82.366607,17.506631,101.192548,83.768713,17.423835,3.996524,0.014393
99.796493,82.281149,17.515344,101.178688,83.705572,17.473116,4.252442,0.013275
99.770736,82.298228,17.472508,101.040988,83.607694,17.433294,4.201569,0.014106
