205.158176,198.023357,7.134820,176.213596,166.284201,9.929395,3.029708,0.013318
162.645140,148.520996,14.124144,152.449774,135.966154,16.483620,2.433692,0.023630
148.538826,130.678425,17.860400,142.817210,123.653613,19.163596,2.513023,0.029716
140.454501,120.409878,20.044622,136.354898,115.454878,20.900020,2.529782,0.031897
135.267172,113.795558,21.471614,132.259171,110.376927,21.882243,2.661191,0.031611
132.069696,109.903658,22.166038,129.924341,107.503561,22.420780,2.749484,0.032839
129.692966,107.135097,22.557869,127.647973,104.900215,22.747759,2.838638,0.033243
127.914614,105.076032,22.838583,126.489871,103.543884,22.945987,2.697331,0.036184
126.503021,103.487368,23.015653,125.139382,102.079608,23.059774,2.818182,0.033672
125.355111,102.211447,23.143664,124.089413,100.880212,23.209201,2.880356,0.034039
124.386983,101.080980,23.306003,123.274969,99.973373,23.301597,2.768242,0.035967
123.520123,100.117977,23.402146,122.585546,99.230186,23.355361,2.960146,0.033431
122.786701,99.344795,23.441906,122.178706,98.863017,23.315690,2.846720,0.038255
122.202142,98.734331,23.467811,121.700875,98.194283,23.506592,2.823047,0.036196
121.616796,98.083896,23.532899,121.070578,97.444294,23.626284,2.764261,0.039089
121.140462,97.538777,23.601685,120.637688,96.996510,23.641178,2.882974,0.035153
120.623299,97.003691,23.619608,120.245360,96.715518,23.529842,2.973116,0.036452
120.227230,96.607111,23.620119,119.831484,96.285896,23.545588,2.967501,0.037393
119.776084,96.156653,23.619431,119.548602,95.956097,23.592505,2.920531,0.038633
119.438798,95.733389,23.705409,119.020993,95.379820,23.641172,3.031317,0.036394
119.051574,95.414743,23.636830,119.153673,95.470998,23.682675,2.956058,0.038788
118.851003,95.125545,23.725458,118.458822,94.792757,23.666065,2.961041,0.035331
118.461439,94.745700,23.715739,118.520505,94.927797,23.592708,2.946745,0.039333
118.151354,94.491123,23.660231,118.318032,94.791252,23.526780,2.861067,0.038992
117.911418,94.238955,23.672463,117.991724,94.274872,23.716852,2.970154,0.037839
117.753353,94.031212,23.722141,117.908776,94.111422,23.797355,3.004916,0.036672
117.432989,93.713131,23.719858,117.680803,94.045549,23.635254,3.032898,0.037617
117.188784,93.512680,23.676104,117.827002,94.238215,23.588786,2.983986,0.037542
116.972090,93.281526,23.690564,117.236118,93.551720,23.684399,3.042211,0.037484
116.786667,93.094226,23.692441,117.189105,93.611855,23.577251,2.870931,0.039004
116.547606,92.863308,23.684298,116.827071,93.226597,23.600475,3.121995,0.036334
116.389850,92.717969,23.671880,116.921601,93.317897,23.603704,3.080851,0.037816
116.136109,92.460440,23.675669,116.744344,93.133984,23.610359,3.078654,0.038052
116.002414,92.279847,23.722568,116.649543,92.959456,23.690087,3.029007,0.036881
115.835816,92.123054,23.712762,116.212182,92.503469,23.708713,3.176087,0.034758
115.671503,91.990907,23.680597,115.952555,92.413720,23.538834,3.214427,0.036105
115.555906,91.909123,23.646784,116.159725,92.575002,23.584723,3.116341,0.036041
115.401723,91.731934,23.669789,116.069775,92.397766,23.672009,2.992369,0.039163
115.197119,91.525540,23.671579,115.868761,92.263925,23.604836,3.046012,0.041014
114.987376,91.289800,23.697577,115.776694,92.075131,23.701563,3.013857,0.038268
114.961017,91.280016,23.681001,115.656361,92.129514,23.526846,3.145525,0.038433
114.788369,91.143644,23.644725,115.623796,92.045926,23.577870,3.213238,0.033844
114.673585,91.015799,23.657786,115.299172,91.750502,23.548671,3.255246,0.032724
114.569015,90.897787,23.671228,115.232953,91.562154,23.670800,3.116981,0.035544
114.444287,90.794291,23.649996,115.166610,91.542438,23.624172,2.959669,0.039573
114.351801,90.655220,23.696581,115.161542,91.598952,23.562590,3.064064,0.040177
114.150212,90.512349,23.637863,114.951443,91.400286,23.551158,3.171350,0.035179
114.039539,90.427261,23.612278,114.925663,91.501568,23.424096,3.198701,0.036781
113.893346,90.235597,23.657749,114.837624,91.292795,23.544828,3.082028,0.039195
113.787771,90.164927,23.622845,114.909585,91.388853,23.520731,3.245764,0.035319
113.703737,90.093610,23.610128,114.837042,91.248838,23.588205,3.091415,0.039046
113.560900,89.944294,23.616606,114.910589,91.351777,23.558812,3.116568,0.036526
113.435237,89.801108,23.634129,114.718765,91.240177,23.478588,3.112857,0.036458
113.355526,89.737943,23.617582,114.549715,90.976355,23.573360,3.310015,0.034837
113.340722,89.739399,23.601323,114.560008,90.949710,23.610297,3.134273,0.038421
113.210973,89.594187,23.616787,114.356318,90.843409,23.512909,3.128217,0.035164
113.035856,89.461756,23.574100,114.159734,90.645351,23.514383,2.961188,0.040047
113.052232,89.425965,23.626267,114.527469,90.907749,23.619719,3.134811,0.038723
112.961699,89.400830,23.560869,114.211329,90.769198,23.442132,3.141157,0.034435
112.857212,89.283098,23.574115,114.022078,90.519613,23.502465,3.233361,0.035947
112.694392,89.117489,23.576903,114.133787,90.598265,23.535523,3.214474,0.036856
112.611231,89.088775,23.522456,113.974385,90.539009,23.435376,3.329202,0.035501
112.529608,88.963346,23.566262,114.039907,90.485919,23.553988,3.154897,0.038660
112.505345,88.936707,23.568638,113.865076,90.464780,23.400296,3.125005,0.038468
112.420460,88.870137,23.550323,113.667992,90.152721,23.515272,3.131068,0.037558
112.270401,88.732646,23.537754,113.519275,90.068260,23.451015,3.190455,0.036234
112.212256,88.683114,23.529142,113.587907,90.207956,23.379951,3.234108,0.037363
112.164973,88.627261,23.537712,113.814436,90.427290,23.387145,3.139970,0.035164
112.041032,88.510896,23.530136,113.555061,90.019480,23.535581,3.121659,0.035167
111.954705,88.418255,23.536450,113.444421,90.007653,23.436768,2.983501,0.038316
111.850039,88.334755,23.515284,113.220637,89.760000,23.460636,3.097291,0.037847
111.715193,88.225513,23.489680,113.081355,89.684949,23.396406,3.267995,0.035412
111.791021,88.280172,23.510849,113.177971,89.661137,23.516834,3.205084,0.034967
111.659926,88.164195,23.495731,113.182564,89.764350,23.418214,3.224666,0.036065
111.593292,88.117222,23.476070,113.405285,90.012464,23.392821,3.162663,0.036407
111.507949,88.068606,23.439343,113.224645,90.015522,23.209124,3.171088,0.035913
111.410506,87.951059,23.459447,112.888853,89.672196,23.216657,3.094160,0.038507
111.392494,87.941051,23.451443,112.816814,89.414068,23.402746,3.213268,0.035696
111.234939,87.768315,23.466623,112.848417,89.525118,23.323299,3.254947,0.034007
111.147870,87.716879,23.430991,112.827413,89.505822,23.321592,3.296461,0.034759
111.072261,87.651847,23.420414,112.837412,89.483036,23.354376,3.194276,0.035604
111.115914,87.720496,23.395418,112.891637,89.594491,23.297146,3.116659,0.034172
111.024397,87.649436,23.374961,112.600434,89.334889,23.265545,3.081630,0.037955
110.974859,87.563925,23.410934,112.486962,89.185378,23.301585,3.371406,0.034951
110.908651,87.518167,23.390484,112.707006,89.370773,23.336233,3.279274,0.033283
110.737458,87.342618,23.394840,112.567662,89.331999,23.235663,3.287918,0.037161
110.738219,87.348877,23.389342,112.289975,89.065884,23.224090,3.215062,0.035009
110.727485,87.298514,23.428971,112.524069,89.164598,23.359471,3.126100,0.037948
110.728651,87.299414,23.429236,112.353258,89.112543,23.240716,3.172591,0.036474
110.560858,87.220465,23.340392,112.405958,89.018135,23.387823,3.109249,0.036524
110.604812,87.210466,23.394346,112.413197,89.125741,23.287456,3.297585,0.037698
110.488265,87.107881,23.380384,112.171063,88.921470,23.249593,3.197551,0.038046
110.411377,87.071648,23.339729,112.156632,88.979266,23.177367,3.137756,0.037465
110.394404,87.032606,23.361798,111.944366,88.744493,23.199873,3.156408,0.033991
110.345917,86.940579,23.405338,112.048636,88.836556,23.212080,3.166025,0.034987
110.298726,86.921739,23.376987,112.236908,88.951390,23.285518,3.148360,0.035589
110.222527,86.824663,23.397864,111.964276,88.681814,23.282463,3.204027,0.035396
110.143472,86.755013,23.388460,111.975612,88.706865,23.268747,3.324562,0.038922
110.114264,86.746518,23.367746,111.807517,88.579486,23.228031,3.158937,0.034422
109.948671,86.598360,23.350312,111.797635,88.522555,23.275080,3.362519,0.037400
109.954279,86.598420,23.355859,111.763636,88.501667,23.261970,3.149812,0.038782
109.836651,86.463008,23.373643,111.894122,88.594122,23.300000,3.262177,0.037184
109.838945,86.487086,23.351859,111.733000,88.419207,23.313792,3.238669,0.035882
109.795431,86.450195,23.345237,111.637046,88.383191,23.253856,3.163852,0.035855
109.793510,86.416839,23.376671,111.667466,88.437831,23.229635,3.179110,0.036215
109.698338,86.313890,23.384449,111.567414,88.370684,23.196730,3.115519,0.036675
109.562347,86.245089,23.317258,111.511458,88.249619,23.261839,3.267543,0.034151
109.570284,86.216974,23.353310,111.572642,88.390243,23.182400,3.182274,0.039298
109.501080,86.129463,23.371617,111.578549,88.231365,23.347184,3.110478,0.034789
109.491436,86.133830,23.357606,111.660740,88.326875,23.333865,3.053950,0.034634
109.385384,86.048312,23.337072,111.395916,88.154630,23.241286,3.202531,0.036131
109.246895,85.927158,23.319737,111.383311,88.179846,23.203464,3.131652,0.035507
109.329758,86.005841,23.323917,111.389734,88.184251,23.205483,3.069392,0.034457
109.231390,85.932755,23.298635,111.422072,88.192397,23.229676,3.335622,0.035751
109.240752,85.908476,23.332276,111.421754,88.133602,23.288152,2.955416,0.036612
109.118754,85.812585,23.306169,111.261514,88.115772,23.145743,3.300110,0.033515
109.191270,85.855827,23.335443,111.050854,87.811095,23.239759,3.126621,0.038669
109.072716,85.782480,23.290236,111.378146,88.065157,23.312989,3.161974,0.035304
109.050350,85.697994,23.352356,111.018712,87.735760,23.282951,3.206903,0.035336
108.973297,85.656855,23.316442,110.905304,87.634219,23.271085,3.118039,0.033723
108.965404,85.625036,23.340368,111.006174,87.767621,23.238553,3.199376,0.036709
108.921804,85.583375,23.338429,110.998949,87.659040,23.339908,3.235062,0.035516
108.822984,85.494614,23.328371,110.890343,87.801612,23.088731,3.342298,0.035740
108.779992,85.521762,23.258230,110.755008,87.576981,23.178027,3.215426,0.035789
108.746557,85.470425,23.276132,111.000466,87.799161,23.201306,3.104946,0.038565
108.720234,85.443293,23.276941,110.829004,87.571994,23.257009,3.072965,0.039380
108.650251,85.330645,23.319606,110.658736,87.516518,23.142218,3.133260,0.037685
108.588979,85.305996,23.282983,110.871994,87.697492,23.174502,3.092338,0.037827
108.581166,85.273500,23.307666,110.619260,87.468885,23.150375,3.231035,0.032771
108.551887,85.277320,23.274568,110.703209,87.426819,23.276391,3.155353,0.034834
108.417491,85.153936,23.263555,110.635979,87.351972,23.284008,3.300430,0.034830
108.370165,85.115637,23.254528,110.539348,87.382102,23.157246,3.266132,0.037015
108.359232,85.101725,23.257506,110.587107,87.379456,23.207651,3.217283,0.035290
108.297508,85.055760,23.241748,110.668580,87.478651,23.189929,3.265611,0.034407
108.273780,85.028226,23.245555,110.434683,87.268922,23.165762,3.106700,0.037262
108.189107,84.939571,23.249537,110.318834,87.171104,23.147730,3.389945,0.035975
108.204872,84.957374,23.247499,110.311702,87.096653,23.215050,3.150614,0.033824
108.095911,84.869904,23.226007,110.451427,87.369934,23.081493,3.216686,0.030847
108.125704,84.905483,23.220221,110.116192,86.994731,23.121460,3.304413,0.034669
108.049995,84.803763,23.246232,110.442492,87.323043,23.119449,3.222064,0.036450
108.012867,84.808134,23.204733,110.247266,87.197485,23.049782,3.354056,0.035583
107.979260,84.758556,23.220704,110.024180,86.824241,23.199939,3.180017,0.032485
107.871522,84.619921,23.251601,110.213143,87.016453,23.196689,3.131371,0.037407
107.802989,84.595544,23.207444,110.276525,87.216656,23.059870,3.339122,0.031652
107.855604,84.650643,23.204961,110.136197,87.132960,23.003237,3.039109,0.035055
107.765873,84.578136,23.187736,109.923861,86.864662,23.059199,3.428154,0.031630
107.789947,84.579580,23.210366,110.122544,87.091527,23.031016,3.333528,0.033227
107.674971,84.526493,23.148478,110.019359,86.991594,23.027765,3.176799,0.038238
107.672363,84.476796,23.195567,110.055506,86.868934,23.186573,3.238054,0.033472
107.639458,84.421113,23.218345,109.989646,86.864128,23.125517,3.257623,0.034234
107.600232,84.414666,23.185566,109.799377,86.633543,23.165834,3.409928,0.030078
107.559931,84.306834,23.253097,110.050496,86.961076,23.089420,3.074704,0.038826
107.534897,84.319426,23.215471,109.963585,86.817091,23.146494,3.373395,0.035459
107.549473,84.286464,23.263008,110.047251,86.931689,23.115562,2.982066,0.040568
107.529381,84.274168,23.255213,109.882120,86.743110,23.139010,3.368364,0.032528
107.421974,84.180737,23.241237,109.643906,86.556049,23.087857,3.227637,0.039056
107.434548,84.269465,23.165082,109.695021,86.552608,23.142413,3.371626,0.032965
107.374885,84.131590,23.243295,109.595005,86.470321,23.124683,3.174376,0.035256
107.374937,84.161767,23.213171,109.772278,86.573579,23.198698,3.385959,0.032401
107.328325,84.095252,23.233073,109.849930,86.662382,23.187547,3.367179,0.032406
