197.921794,194.628021,3.293773,170.859819,163.463268,7.396551,2.976495,0.014595
158.892168,149.479958,9.412211,148.898888,138.244640,10.654249,2.956327,0.019275
145.325748,134.219731,11.106017,141.160024,129.671782,11.488242,2.944561,0.020636
138.984574,127.038969,11.945604,135.282367,122.788613,12.493753,3.133089,0.021245
134.354287,121.719753,12.634533,131.787953,118.866791,12.921161,2.917603,0.022438
130.809536,117.688423,13.121112,128.169783,114.826302,13.343481,3.109454,0.020658
127.860160,114.173450,13.686711,125.668098,111.851650,13.816448,3.202310,0.020449
125.585472,111.484481,14.100991,124.196567,109.920219,14.276348,3.079549,0.021662
123.962003,109.551496,14.410507,122.249713,107.695620,14.554093,3.376919,0.021112
122.570695,107.911266,14.659429,121.252546,106.477614,14.774932,3.316456,0.021180
121.201715,106.304559,14.897157,120.483827,105.418194,15.065633,3.143926,0.022280
120.168764,105.092697,15.076067,119.577013,104.381921,15.195092,3.303020,0.021185
119.228157,104.064640,15.163517,118.586202,103.332002,15.254200,3.113712,0.021876
118.256942,103.083481,15.173461,117.651829,102.574481,15.077348,3.367592,0.021185
117.525453,102.302302,15.223151,116.951871,101.682097,15.269774,3.294861,0.020203
116.872222,101.570238,15.301984,116.441996,101.097985,15.344011,3.302579,0.022827
116.256265,100.913981,15.342284,116.157053,100.793280,15.363773,3.169400,0.021201
115.725612,100.356246,15.369366,115.529554,100.175179,15.354375,3.273210,0.020472
115.170046,99.752803,15.417243,114.751413,99.274084,15.477329,3.396974,0.021362
114.562187,99.100239,15.461948,114.435337,98.908486,15.526851,3.377659,0.020235
114.166833,98.683144,15.483689,114.233526,98.755674,15.477853,3.407598,0.022535
113.847998,98.323268,15.524730,113.401161,97.887769,15.513392,3.586046,0.020220
113.392175,97.826065,15.566110,112.992486,97.472861,15.519626,3.412314,0.021043
113.133313,97.536221,15.597092,113.076163,97.484371,15.591792,3.584659,0.018981
112.683422,97.064015,15.619408,112.846419,97.291799,15.554620,3.664064,0.019910
112.469295,96.840930,15.628365,112.432709,96.881216,15.551493,3.459076,0.020898
112.079289,96.456829,15.622460,112.400337,96.779017,15.621320,3.427441,0.020548
111.860407,96.205290,15.655117,112.246485,96.592995,15.653490,3.440609,0.020487
111.586826,95.903799,15.683026,111.775617,96.050526,15.725090,3.499748,0.021221
111.349657,95.613996,15.735661,111.349314,95.607092,15.742222,3.391226,0.020294
111.065933,95.275887,15.790046,111.241441,95.409592,15.831849,3.502639,0.020650
110.788794,94.979175,15.809619,111.313216,95.490159,15.823057,3.453813,0.020638
110.675249,94.851899,15.823350,110.979714,95.145528,15.834186,3.555746,0.019925
110.414297,94.588991,15.825306,110.967303,95.146483,15.820819,3.552551,0.020738
110.218336,94.354406,15.863929,110.892466,95.080290,15.812176,3.301126,0.020974
110.044496,94.129304,15.915192,110.606626,94.696789,15.909837,3.502105,0.020140
109.845513,93.933220,15.912292,110.283922,94.489169,15.794752,3.432829,0.020150
109.710943,93.792950,15.917993,110.015594,94.047043,15.968552,3.488061,0.019146
109.553375,93.609475,15.943900,109.919662,93.933390,15.986271,3.519641,0.018947
109.463657,93.533782,15.929875,110.442562,94.455427,15.987135,3.393631,0.020866
109.279231,93.317746,15.961485,109.953521,93.964497,15.989023,3.540289,0.019319
109.131048,93.129973,16.001075,109.886901,93.956188,15.930712,3.581309,0.019611
108.990050,93.002711,15.987339,109.474898,93.541519,15.933379,3.599843,0.019965
108.838508,92.827814,16.010694,109.874983,93.860714,16.014269,3.578418,0.020197
108.693224,92.695932,15.997292,109.698013,93.688217,16.009796,3.469911,0.020696
108.642372,92.596758,16.045614,109.378359,93.397800,15.980559,3.548837,0.020002
108.497166,92.477620,16.019545,109.407256,93.449839,15.957417,3.742119,0.019413
108.443187,92.429630,16.013557,109.314705,93.314987,15.999718,3.567052,0.020649
108.322952,92.255438,16.067514,109.290544,93.239671,16.050874,3.556333,0.020337
108.200603,92.136048,16.064556,109.177307,93.150216,16.027091,3.632744,0.020160
108.083426,92.009265,16.074161,109.124350,93.036522,16.087828,3.626044,0.019545
108.045259,91.958474,16.086786,108.988770,92.866011,16.122759,3.531599,0.019606
107.877046,91.763483,16.113563,108.819142,92.778904,16.040238,3.564315,0.021453
107.843454,91.712046,16.131408,109.005215,92.943295,16.061921,3.571880,0.018677
107.774918,91.652134,16.122784,108.939568,92.863789,16.075779,3.454879,0.019843
107.606531,91.479758,16.126774,108.540768,92.410512,16.130256,3.486180,0.020358
107.524067,91.410165,16.113902,108.492846,92.474392,16.018453,3.486794,0.020382
107.439295,91.295931,16.143364,108.695144,92.556219,16.138926,3.578965,0.019952
107.446257,91.279269,16.166988,108.594757,92.527260,16.067497,3.419287,0.021444
107.323201,91.139426,16.183776,108.681334,92.531562,16.149773,3.613028,0.020135
107.196667,90.994834,16.201833,108.513615,92.403143,16.110472,3.520298,0.020594
107.160267,90.998579,16.161688,108.688247,92.609172,16.079075,3.650494,0.021320
107.139152,90.942032,16.197120,108.536733,92.414676,16.122056,3.627567,0.019088
107.069989,90.893463,16.176527,108.229568,92.128889,16.100679,3.583218,0.019838
106.981143,90.794959,16.186185,108.354112,92.228089,16.126023,3.677617,0.019496
106.936124,90.740452,16.195672,108.207057,91.992576,16.214481,3.665262,0.019187
106.881048,90.656728,16.224320,108.111902,91.926843,16.185059,3.583405,0.020512
106.899083,90.670975,16.228108,108.217048,92.058352,16.158696,3.527928,0.020235
106.832810,90.612045,16.220765,107.977112,91.780226,16.196887,3.709123,0.018682
106.714158,90.449225,16.264932,108.171800,91.935761,16.236038,3.490724,0.020693
106.627089,90.354083,16.273006,108.060075,91.832286,16.227789,3.884124,0.018829
106.539699,90.283218,16.256481,107.981606,91.774667,16.206938,3.794707,0.021565
106.545500,90.268855,16.276646,108.055372,91.732949,16.322424,3.321429,0.021745
106.516617,90.234443,16.282175,108.004925,91.742991,16.261934,3.475768,0.020173
106.410429,90.130441,16.279988,108.093917,91.862617,16.231299,3.608764,0.019634
106.416403,90.121002,16.295401,107.893049,91.661413,16.231636,3.649020,0.019970
106.392826,90.094565,16.298261,108.019300,91.721279,16.298021,3.546502,0.019948
106.320091,90.019059,16.301032,108.247499,91.970464,16.277035,3.511158,0.019584
106.196139,89.859207,16.336931,107.888789,91.668007,16.220782,3.576553,0.020504
106.237694,89.917112,16.320583,107.935777,91.679796,16.255981,3.588333,0.020598
106.167203,89.854129,16.313074,107.857723,91.615666,16.242057,3.518544,0.020224
106.215400,89.927030,16.288370,107.773961,91.501341,16.272621,3.528690,0.020536
106.079353,89.741025,16.338328,107.880346,91.610785,16.269561,3.618099,0.020491
106.065271,89.691832,16.373439,107.758743,91.484754,16.273988,3.587007,0.019672
105.956817,89.587915,16.368902,107.668770,91.383542,16.285228,3.676964,0.020276
105.967053,89.620110,16.346943,107.538838,91.283444,16.255394,3.731378,0.020386
106.032240,89.661373,16.370868,107.606557,91.331109,16.275448,3.602906,0.020799
105.878430,89.513165,16.365265,107.531373,91.171253,16.360120,3.674865,0.017829
105.863131,89.484867,16.378264,107.631263,91.323734,16.307529,3.316737,0.020644
105.892948,89.535862,16.357086,107.709119,91.391471,16.317647,3.890429,0.019077
105.789388,89.406063,16.383325,107.775002,91.403045,16.371957,3.736990,0.020621
105.728737,89.339113,16.389624,107.817418,91.421500,16.395918,3.682251,0.019170
105.726638,89.350816,16.375822,107.578981,91.258365,16.320615,3.477780,0.020378
105.670364,89.299206,16.371158,107.568215,91.228133,16.340082,3.652477,0.019341
105.676806,89.273314,16.403492,107.505875,91.150559,16.355316,3.705777,0.019342
105.603030,89.193467,16.409564,107.379762,90.946811,16.432950,3.470444,0.021483
105.595920,89.183096,16.412825,107.510844,91.082591,16.428254,3.651065,0.018575
105.574125,89.160024,16.414101,107.527100,91.152598,16.374502,3.700591,0.018414
105.527665,89.120370,16.407295,107.437963,91.078643,16.359320,3.950754,0.019494
105.498244,89.059319,16.438926,107.519012,91.118905,16.400108,3.637669,0.018570
105.479915,89.001983,16.477931,107.515560,91.057212,16.458349,3.681780,0.021682
105.409603,88.942787,16.466816,107.344852,90.919874,16.424978,3.502436,0.022094
105.413254,88.933675,16.479579,107.373651,90.949835,16.423817,3.705215,0.021591
105.358217,88.908819,16.449399,107.552176,91.144646,16.407530,3.781792,0.020990
105.389735,88.951765,16.437970,107.444199,91.066371,16.377828,3.470769,0.021164
105.230750,88.782453,16.448297,107.688114,91.401146,16.286968,3.655024,0.020277
105.399160,88.988172,16.410988,107.788916,91.407971,16.380945,3.591596,0.019359
105.307786,88.867806,16.439980,107.530213,91.182905,16.347307,3.562406,0.020278
105.258938,88.785303,16.473635,107.553775,91.177169,16.376607,3.711859,0.018884
105.233977,88.765462,16.468515,107.365938,91.017926,16.348012,3.833113,0.020036
105.243035,88.764743,16.478291,107.369687,90.967180,16.402508,3.436431,0.022604
105.228773,88.735654,16.493119,107.433733,91.024310,16.409422,3.665830,0.020794
105.107470,88.639547,16.467923,107.590143,91.254123,16.336021,3.742421,0.021281
105.180950,88.691954,16.488996,107.201592,90.690042,16.511550,3.518441,0.019948
105.068223,88.572580,16.495642,107.523240,91.151212,16.372028,3.750127,0.019991
105.143992,88.679142,16.464850,107.250598,90.799572,16.451026,3.667389,0.020397
105.081318,88.612595,16.468723,107.238266,90.781536,16.456731,3.800952,0.020184
104.988064,88.481423,16.506641,106.977288,90.552973,16.424315,3.553274,0.020139
105.062136,88.568132,16.494004,107.359964,90.800811,16.559153,3.499416,0.021013
104.945562,88.449268,16.496294,107.335170,90.954379,16.380792,3.782282,0.020278
104.995757,88.481164,16.514593,106.935136,90.443175,16.491961,3.625501,0.019226
104.942223,88.387962,16.554261,107.127725,90.592499,16.535226,3.522664,0.021195
104.854947,88.345985,16.508962,107.156571,90.691320,16.465252,3.674595,0.019371
104.872844,88.371025,16.501819,107.232840,90.752482,16.480359,3.681644,0.019039
104.900743,88.399934,16.500808,107.415457,90.938324,16.477133,3.578912,0.022194
104.857030,88.334342,16.522688,107.286790,90.812684,16.474106,3.677859,0.020272
104.850084,88.338166,16.511918,107.409630,91.002781,16.406849,3.750256,0.019365
104.953155,88.477012,16.476143,107.175178,90.733806,16.441372,3.542108,0.020075
104.896631,88.388711,16.507920,106.946228,90.431291,16.514937,3.933356,0.020245
104.835523,88.326900,16.508623,107.115099,90.624339,16.490759,3.654261,0.021590
104.850513,88.292816,16.557697,107.151229,90.690607,16.460622,3.702929,0.019768
104.743091,88.215693,16.527398,107.170982,90.696711,16.474271,3.738014,0.019819
104.789628,88.268760,16.520868,107.082361,90.547598,16.534763,3.657903,0.019762
104.768637,88.209976,16.558661,107.112773,90.632471,16.480302,3.649042,0.021131
104.725953,88.193491,16.532462,107.221774,90.771408,16.450367,3.596429,0.021423
104.658830,88.090288,16.568542,106.790487,90.228271,16.562216,3.892487,0.019141
104.701149,88.143707,16.557443,107.032064,90.517593,16.514471,3.741057,0.020182
104.700976,88.136351,16.564626,107.105349,90.616051,16.489298,3.702532,0.021153
104.652465,88.112368,16.540098,107.017748,90.535739,16.482009,3.698182,0.020401
104.603650,88.025270,16.578380,107.161694,90.680170,16.481524,3.837997,0.019725
104.629704,88.113835,16.515870,106.935012,90.433086,16.501926,3.686252,0.020702
104.655318,88.094790,16.560528,107.080314,90.526174,16.554140,3.662612,0.020854
104.641919,88.110984,16.530935,107.169216,90.665923,16.503294,3.582869,0.023755
104.605620,88.030655,16.574964,107.238265,90.699675,16.538590,3.378019,0.022085
104.595748,88.021099,16.574650,106.974118,90.434971,16.539147,3.608041,0.020519
104.582647,88.017165,16.565482,106.823105,90.284016,16.539089,3.866924,0.019567
104.536626,87.993734,16.542893,107.208680,90.751178,16.457502,3.430600,0.020643
104.516482,87.961308,16.555173,107.214072,90.710086,16.503986,3.677316,0.019971
104.512488,87.938536,16.573952,107.051499,90.556992,16.494507,3.765131,0.021256
104.546102,87.967633,16.578469,106.946854,90.396468,16.550385,3.667952,0.019368
104.466496,87.904202,16.562294,107.044021,90.510550,16.533471,3.615330,0.020552
104.471625,87.884168,16.587456,107.078326,90.496916,16.581411,3.461085,0.022027
104.401261,87.815447,16.585814,106.898236,90.368173,16.530064,3.584500,0.021585
104.438406,87.857427,16.580980,106.885141,90.335625,16.549517,3.761261,0.019170
104.488007,87.936347,16.551660,107.106845,90.615948,16.490897,3.757157,0.021088
104.402894,87.832154,16.570740,107.036193,90.497581,16.538612,3.671738,0.020727
104.408646,87.851922,16.556724,106.835807,90.317348,16.518459,3.859083,0.021246
104.489004,87.928425,16.560579,106.966639,90.522095,16.444544,3.549739,0.020819
104.397407,87.843123,16.554284,106.972094,90.455815,16.516279,3.809368,0.019363
104.396064,87.816613,16.579452,107.035297,90.580998,16.454299,3.719238,0.019762
