206.022982,203.268812,2.754171,185.642841,180.802924,4.839917,4.008475,0.009064
171.683856,164.207673,7.476184,159.301740,149.676692,9.625047,3.762429,0.013205
152.774715,141.957766,10.816950,147.864338,136.366876,11.497461,3.918853,0.015158
144.519291,132.495513,12.023778,140.550756,128.015766,12.534990,3.813481,0.016082
138.499370,125.365628,13.133742,135.435426,121.832032,13.603394,3.796589,0.016648
134.266216,120.200111,14.066105,131.624813,117.120733,14.504080,3.748216,0.017270
131.054978,116.416540,14.638438,128.926145,114.122943,14.803202,3.819242,0.017051
128.523498,113.496861,15.026637,126.482788,111.126880,15.355908,3.803159,0.017492
126.421608,110.998096,15.423512,125.063899,109.453661,15.610238,3.803782,0.018687
124.733827,108.961255,15.772572,123.236134,107.247556,15.988578,3.948372,0.017947
123.253354,107.301654,15.951700,122.132370,105.969198,16.163172,3.856029,0.018117
121.951457,105.796582,16.154875,120.726900,104.638423,16.088477,4.086254,0.017985
120.863884,104.568152,16.295732,119.546009,103.181813,16.364196,4.001195,0.017661
119.777626,103.326840,16.450787,118.756225,102.225054,16.531171,3.733045,0.018441
118.847712,102.294420,16.553292,117.752459,101.090880,16.661578,3.869471,0.018205
117.904351,101.299033,16.605318,116.942277,100.363551,16.578726,3.830612,0.018315
117.208573,100.486982,16.721591,116.289090,99.487908,16.801182,3.945640,0.017536
116.427812,99.612603,16.815209,116.052255,99.204500,16.847755,3.927495,0.017585
115.786942,98.947261,16.839680,115.223520,98.281391,16.942129,3.930992,0.017149
115.053718,98.230195,16.823523,114.588574,97.771085,16.817489,4.123481,0.016393
114.481085,97.632517,16.848568,114.216270,97.333482,16.882788,3.776258,0.017826
113.892718,96.937276,16.955443,113.530619,96.647843,16.882776,3.762664,0.017476
113.373280,96.426636,16.946643,112.898067,95.959266,16.938800,3.890990,0.016999
112.900252,95.880310,17.019942,112.361622,95.427538,16.934084,3.893267,0.017965
112.363829,95.364094,16.999736,111.950682,94.839827,17.110855,3.818422,0.017826
111.804382,94.750915,17.053468,111.480054,94.448518,17.031536,3.866838,0.017955
111.247788,94.157105,17.090683,110.982695,93.902901,17.079794,4.034745,0.016650
110.811717,93.673079,17.138638,110.838223,93.686817,17.151406,3.734159,0.018194
110.414428,93.240859,17.173569,110.103006,92.897124,17.205882,4.083730,0.016370
109.940038,92.713722,17.226316,109.731757,92.514705,17.217052,3.858940,0.016302
109.496058,92.290359,17.205699,109.111883,91.895386,17.216497,4.016000,0.016497
109.091846,91.859325,17.232522,108.739144,91.452745,17.286398,3.960257,0.016858
108.724500,91.420457,17.304044,108.604247,91.348357,17.255890,4.075947,0.015182
108.380419,91.104664,17.275755,108.335550,91.090324,17.245226,3.841711,0.017326
108.029151,90.731628,17.297523,107.928660,90.645412,17.283249,3.931087,0.017089
107.665915,90.326539,17.339376,107.678411,90.366778,17.311633,3.778376,0.017437
107.399569,90.083992,17.315577,107.698491,90.442652,17.255840,3.933180,0.015670
107.130699,89.791794,17.338905,107.213923,89.825014,17.388909,3.730109,0.016792
106.886843,89.493273,17.393570,107.164847,89.864439,17.300407,3.875100,0.016182
106.544319,89.208661,17.335658,106.617573,89.327748,17.289826,3.873849,0.016872
106.309696,88.981225,17.328471,106.542790,89.212007,17.330784,3.880345,0.017382
106.082817,88.699715,17.383101,106.241310,88.913261,17.328049,3.851178,0.016044
105.824123,88.426780,17.397343,106.125297,88.793789,17.331508,3.826789,0.016141
105.588292,88.204055,17.384237,105.913791,88.512002,17.401789,4.048478,0.015865
105.412430,88.009330,17.403100,105.825696,88.395453,17.430243,3.866826,0.016161
105.206249,87.786400,17.419848,105.678027,88.291146,17.386880,3.925996,0.015391
105.061870,87.569770,17.492100,105.428853,87.899762,17.529091,3.918435,0.014945
104.795460,87.303064,17.492396,105.098002,87.680271,17.417731,4.021379,0.015024
104.616366,87.124620,17.491745,105.015525,87.542552,17.472973,3.866627,0.015131
104.433746,86.955056,17.478690,104.910792,87.467957,17.442835,3.897659,0.016461
104.306713,86.756701,17.550012,104.676889,87.194853,17.482036,3.979748,0.015636
104.125272,86.571558,17.553714,104.644794,87.163018,17.481777,3.794462,0.016198
103.948050,86.391468,17.556581,104.387707,86.829794,17.557914,3.840877,0.016241
103.880785,86.305772,17.575014,104.449548,86.899607,17.549940,4.036395,0.015348
103.678177,86.094624,17.583554,104.273021,86.657374,17.615647,4.000342,0.015374
103.576944,85.997193,17.579751,104.081139,86.621162,17.459978,3.897670,0.015785
103.459279,85.892916,17.566363,104.149985,86.546367,17.603618,3.848348,0.015774
103.287046,85.634723,17.652323,103.973263,86.314473,17.658790,3.860214,0.014900
103.250756,85.602591,17.648165,103.650281,86.031633,17.618648,3.871079,0.016480
103.069859,85.421562,17.648297,103.679046,86.041238,17.637808,3.825254,0.015405
102.914134,85.260747,17.653387,103.671751,85.947522,17.724229,4.006063,0.014703
102.842002,85.198222,17.643780,103.418154,85.734117,17.684037,3.897221,0.015434
102.695720,85.048328,17.647392,103.380851,85.733038,17.647812,4.087549,0.014673
102.559642,84.872344,17.687297,103.391943,85.807099,17.584844,4.056098,0.015702
102.461638,84.788923,17.672715,103.274753,85.663051,17.611702,3.975559,0.013890
102.390347,84.748780,17.641567,102.918916,85.301092,17.617824,4.094888,0.014865
102.313283,84.616725,17.696558,103.068767,85.454465,17.614301,4.050423,0.014365
102.178831,84.481676,17.697154,103.075678,85.518127,17.557550,3.941683,0.015576
102.129311,84.433401,17.695909,103.028078,85.288247,17.739831,3.817600,0.014742
101.986964,84.271755,17.715209,102.829352,85.138742,17.690611,3.939096,0.015376
101.899670,84.178155,17.721516,102.955139,85.161653,17.793486,3.694070,0.016421
101.825777,84.065759,17.760018,102.805996,85.036466,17.769531,4.002514,0.014453
101.685674,83.988536,17.697138,102.800986,85.178835,17.622151,3.961643,0.014602
101.676916,83.978233,17.698683,102.554676,84.892866,17.661810,3.805752,0.015516
101.585042,83.869367,17.715675,102.682510,84.996036,17.686475,4.031872,0.014435
101.489790,83.782281,17.707509,102.520416,84.859981,17.660435,3.879787,0.015446
101.455638,83.677851,17.777787,102.387982,84.628113,17.759869,3.902716,0.015155
101.273965,83.494025,17.779939,102.233493,84.520561,17.712932,4.060345,0.014118
101.204085,83.459294,17.744791,102.198841,84.465202,17.733639,3.910889,0.015145
101.123171,83.376167,17.747004,102.338177,84.669574,17.668603,3.875088,0.015334
101.067006,83.307510,17.759497,102.195344,84.584891,17.610453,3.763057,0.015356
101.050232,83.278227,17.772006,102.239242,84.539732,17.699510,3.901505,0.014702
100.991419,83.219290,17.772129,102.201216,84.431228,17.769988,3.974629,0.014600
100.894486,83.123107,17.771379,101.994716,84.269080,17.725635,3.964321,0.013545
100.868946,83.089962,17.778984,101.969437,84.253923,17.715514,3.848632,0.016007
100.781670,82.957424,17.824246,101.750906,84.022713,17.728193,3.953926,0.014052
100.690437,82.880186,17.810251,102.014986,84.224069,17.790916,3.706968,0.016414
100.640991,82.841993,17.798998,101.732731,83.855646,17.877085,3.788640,0.015459
100.586087,82.737120,17.848968,101.802117,83.935581,17.866536,3.952852,0.014451
100.516204,82.664594,17.851610,101.600398,83.748952,17.851446,3.891189,0.014722
100.480288,82.631951,17.848337,101.722377,83.925273,17.797103,3.847516,0.014758
100.408048,82.606034,17.802014,101.843638,84.037603,17.806035,3.962426,0.014100
100.365697,82.521292,17.844405,101.737575,83.912243,17.825332,3.956637,0.014279
100.319072,82.447758,17.871313,101.596292,83.681836,17.914456,3.961313,0.015694
100.182765,82.282328,17.900437,101.610608,83.824267,17.786341,3.953901,0.015126
100.219820,82.339463,17.880357,101.399757,83.463162,17.936596,4.050513,0.013751
100.122093,82.206284,17.915810,101.531370,83.650848,17.880521,3.897502,0.014364
100.066492,82.207136,17.859357,101.705859,83.840696,17.865164,3.924765,0.014297
99.993887,82.082545,17.911341,101.541767,83.708211,17.833556,3.858623,0.014687
100.004667,82.105834,17.898833,101.397861,83.534737,17.863124,3.938910,0.013676
99.948859,82.012982,17.935877,101.462185,83.628797,17.833388,3.788778,0.016283
99.894354,82.012265,17.882090,101.263523,83.475877,17.787646,3.977762,0.014633
99.915650,82.034035,17.881615,101.198768,83.309196,17.889573,3.952942,0.014235
99.770163,81.843389,17.926774,101.445456,83.504358,17.941098,4.147354,0.014137
99.813931,81.882196,17.931736,101.308970,83.409739,17.899230,3.781359,0.015107
99.717240,81.788529,17.928711,101.133595,83.308389,17.825206,3.911502,0.014242
99.732793,81.777798,17.954995,101.081208,83.180600,17.900608,3.908356,0.015021
99.677606,81.723521,17.954085,101.316445,83.446436,17.870008,3.821800,0.014591
99.644730,81.695401,17.949329,101.357239,83.413891,17.943347,3.674326,0.015408
99.614544,81.661138,17.953406,101.175945,83.312630,17.863315,3.671989,0.015808
99.494861,81.540089,17.954772,100.928296,83.041692,17.886604,3.855451,0.014758
99.440074,81.473727,17.966347,101.100098,83.216105,17.883993,3.811596,0.015287
99.428926,81.506020,17.922906,101.027328,83.088768,17.938560,3.778625,0.014739
99.404776,81.475821,17.928955,101.126839,83.337082,17.789757,3.819887,0.016207
99.446952,81.545844,17.901109,100.911758,82.965226,17.946532,3.905952,0.014778
99.351465,81.334765,18.016700,100.967375,82.970635,17.996740,3.973427,0.013709
99.243369,81.255080,17.988289,100.740708,82.804702,17.936006,3.904861,0.015272
99.232000,81.230525,18.001475,100.687912,82.749114,17.938798,3.928544,0.014651
99.240978,81.220177,18.020800,100.921506,82.978332,17.943173,3.699031,0.016397
99.181519,81.176379,18.005140,100.809381,82.814025,17.995356,3.961155,0.014750
99.149681,81.151719,17.997962,100.808247,82.867212,17.941035,3.786622,0.015769
99.088597,81.090228,17.998370,100.782808,82.870116,17.912691,3.941670,0.014883
99.104766,81.086152,18.018614,101.022543,82.970784,18.051759,3.883355,0.014468
99.074327,81.054938,18.019388,100.923738,82.947404,17.976334,3.945601,0.014466
99.026051,80.995296,18.030755,100.725062,82.742226,17.982836,3.833323,0.014981
98.961678,80.917944,18.043734,100.622169,82.546383,18.075787,3.842357,0.014661
98.941865,80.942439,17.999427,100.710043,82.752012,17.958032,3.948028,0.014009
98.936434,80.889385,18.047050,100.722102,82.708040,18.014062,4.083911,0.014998
98.928686,80.900989,18.027697,100.743240,82.765707,17.977534,3.942018,0.014520
98.821348,80.798831,18.022517,100.735471,82.780355,17.955116,3.820825,0.014950
98.815692,80.809209,18.006484,100.520254,82.568527,17.951727,4.002847,0.013682
98.835157,80.773506,18.061651,100.343936,82.307112,18.036823,3.800422,0.014656
98.751831,80.685531,18.066300,100.733557,82.713552,18.020005,3.987738,0.014099
98.753267,80.679791,18.073475,100.725266,82.735823,17.989443,3.910127,0.014168
98.699718,80.611410,18.088307,100.631058,82.560676,18.070383,3.769210,0.014281
98.665295,80.592843,18.072452,100.553807,82.544502,18.009304,3.798737,0.014791
98.608506,80.529542,18.078964,100.495060,82.483392,18.011667,3.665180,0.015244
98.646972,80.534006,18.112966,100.593042,82.581184,18.011858,3.867962,0.014634
98.618204,80.541527,18.076676,100.570877,82.541098,18.029780,3.769201,0.015287
98.577849,80.478896,18.098953,100.336081,82.327612,18.008469,4.039056,0.014823
98.516254,80.460328,18.055926,100.547351,82.543416,18.003936,4.110134,0.013840
98.560995,80.440685,18.120310,100.292810,82.207851,18.084959,4.067980,0.014681
98.495876,80.358924,18.136952,100.402482,82.364321,18.038161,3.936470,0.015692
98.416739,80.294374,18.122365,100.256990,82.227165,18.029826,3.714017,0.014656
98.413207,80.303279,18.109928,100.384381,82.304922,18.079459,3.727188,0.016081
98.355573,80.231234,18.124339,100.423895,82.312232,18.111663,3.847602,0.014818
98.322273,80.190619,18.131655,100.637068,82.588422,18.048645,3.802270,0.014608
98.332576,80.233999,18.098577,100.276377,82.198949,18.077427,3.752856,0.015192
98.324534,80.208920,18.115614,100.315437,82.230796,18.084641,3.712830,0.015135
98.292783,80.189981,18.102802,100.296908,82.229507,18.067400,4.041360,0.014061
98.356785,80.228810,18.127976,100.404404,82.343598,18.060807,3.920102,0.014698
98.286901,80.185659,18.101241,100.217733,82.166667,18.051067,3.822632,0.014922
98.214030,80.087900,18.126130,100.336692,82.259826,18.076866,3.960114,0.013625
98.180957,80.048545,18.132411,100.045152,81.969181,18.075971,3.817209,0.014872
98.168720,80.030131,18.138589,100.340387,82.285568,18.054819,3.771345,0.014996
98.213101,80.068300,18.144801,100.114332,82.052477,18.061855,3.740517,0.015402
98.119628,79.967590,18.152038,100.186713,82.052291,18.134422,3.894582,0.013965
98.089281,79.896688,18.192593,100.269284,82.155784,18.113500,3.960043,0.015169
98.074570,79.909747,18.164822,100.223350,82.149842,18.073508,3.973030,0.013575
98.127978,79.935726,18.192253,100.206905,82.048513,18.158393,3.762144,0.016327
