276.609308,262.062131,14.547178,213.496711,194.216166,19.280546,2.213218,0.007632
210.085505,190.431610,19.653896,201.604129,180.322904,21.281224,2.553831,0.010430
188.881919,166.695986,22.185933,175.327284,153.501887,21.825397,2.724701,0.014479
168.886167,148.380455,20.505712,162.073274,142.350921,19.722352,2.710946,0.014604
158.697396,138.946645,19.750751,154.694711,134.943507,19.751203,2.893821,0.015157
151.819804,132.156411,19.663393,147.833894,127.607999,20.225895,2.917881,0.016050
146.730524,126.418552,20.311972,144.216317,123.698947,20.517371,2.835672,0.018281
143.397510,122.957788,20.439723,140.745692,120.312927,20.432765,3.251443,0.016383
140.654365,120.104389,20.549976,138.314429,117.638929,20.675501,3.206976,0.017950
138.435310,117.863803,20.571507,136.747610,116.022663,20.724947,3.184827,0.017554
136.695768,116.041853,20.653915,135.097443,114.464954,20.632489,3.216409,0.017561
134.842252,114.301131,20.541121,133.115046,112.613715,20.501331,3.143241,0.017758
133.051157,112.571626,20.479531,131.319650,110.748786,20.570863,3.196962,0.017101
131.695575,111.160872,20.534703,130.195815,109.644300,20.551515,3.297531,0.016492
130.389076,109.956041,20.433035,129.345009,108.879082,20.465927,3.183104,0.018041
129.342610,108.854387,20.488224,128.199898,107.607226,20.592672,3.198354,0.017723
128.300413,107.722056,20.578357,127.044979,106.327474,20.717505,3.308735,0.016970
127.573299,106.886948,20.686350,126.741516,106.035773,20.705743,3.311985,0.018011
126.846665,106.065919,20.780747,125.568683,104.730098,20.838585,3.395931,0.017487
126.130941,105.286882,20.844058,125.221856,104.378759,20.843097,3.363152,0.017816
123.673881,104.651632,19.022249,122.178013,103.602709,18.575304,3.367978,0.018167
122.355264,103.938478,18.416786,121.113080,102.780041,18.333039,3.466637,0.016441
121.522825,103.360793,18.162031,120.195955,102.268613,17.927342,3.439744,0.017782
120.397353,102.737782,17.659571,119.498099,101.881621,17.616479,3.487734,0.016549
119.602659,102.048718,17.553942,119.013957,101.397872,17.616085,3.271702,0.017448
119.042389,101.498307,17.544082,118.354090,100.748324,17.605767,3.410656,0.017439
118.586515,100.997671,17.588844,117.662750,99.919127,17.743623,3.541594,0.016110
118.069735,100.487708,17.582027,117.092150,99.493990,17.598160,3.433131,0.017193
117.492442,100.048225,17.444217,116.871177,99.494137,17.377040,3.404372,0.017130
116.834133,99.695670,17.138463,115.901856,98.677200,17.224655,3.489537,0.016792
116.343184,99.244383,17.098801,115.734092,98.583040,17.151053,3.500949,0.017401
115.872078,98.756573,17.115505,115.419818,98.280430,17.139388,3.557660,0.017431
115.525715,98.388311,17.137404,114.757613,97.632048,17.125564,3.615239,0.016281
115.153802,98.001100,17.152702,114.784161,97.627476,17.156686,3.356023,0.017721
114.830859,97.677234,17.153625,114.211124,97.009407,17.201717,3.724211,0.016487
114.442957,97.278100,17.164858,114.163842,96.997727,17.166116,3.670268,0.015697
114.156869,96.996165,17.160704,113.666381,96.578424,17.087957,3.590597,0.016875
113.692794,96.686657,17.006138,113.200957,96.177082,17.023875,3.697694,0.015733
113.171398,96.350792,16.820606,112.658827,96.088801,16.570026,3.618513,0.016349
112.620540,96.044864,16.575676,112.234675,95.654110,16.580565,3.736387,0.015485
112.280201,95.701303,16.578898,112.199828,95.519349,16.680479,3.596267,0.016189
112.009545,95.429240,16.580305,111.782025,95.277767,16.504258,3.825604,0.015341
111.709577,95.206468,16.503109,111.379233,94.844591,16.534643,3.626893,0.016524
111.328060,94.840417,16.487643,110.987547,94.415773,16.571774,3.734218,0.014474
111.071535,94.559315,16.512220,110.689736,94.155644,16.534092,3.732733,0.015286
110.792304,94.360164,16.432139,110.573119,94.122621,16.450498,3.587451,0.016170
110.555315,94.112264,16.443051,110.355878,93.829880,16.525998,3.704336,0.015489
110.279823,93.811953,16.467870,110.558852,94.024877,16.533975,3.706953,0.015393
110.054935,93.562939,16.491996,109.930362,93.470503,16.459859,3.763519,0.015270
109.803258,93.311020,16.492239,109.678480,93.170117,16.508363,3.859509,0.015565
109.596049,93.203998,16.392051,109.226346,92.814421,16.411924,3.853207,0.014804
109.364668,92.931070,16.433598,109.257321,92.824458,16.432862,3.614207,0.015992
109.179269,92.730976,16.448292,109.200261,92.790837,16.409424,3.802981,0.015340
109.008123,92.534562,16.473561,108.887474,92.384646,16.502828,3.736652,0.015092
108.826677,92.331038,16.495640,108.816621,92.303449,16.513172,3.801671,0.014434
108.727382,92.243542,16.483841,108.671964,92.148807,16.523157,3.736533,0.014945
108.561324,92.033948,16.527376,108.684565,92.127328,16.557237,3.673158,0.015109
108.429332,91.934423,16.494909,108.499335,92.016818,16.482517,3.879141,0.014863
108.267476,91.747318,16.520157,108.186496,91.652198,16.534298,3.932954,0.014811
108.102766,91.570575,16.532190,108.137524,91.584473,16.553051,3.909133,0.014773
108.020516,91.462367,16.558149,108.181009,91.597773,16.583235,3.723866,0.015408
107.853464,91.312129,16.541336,108.316806,91.726313,16.590494,3.682716,0.014871
107.750534,91.182603,16.567931,107.959541,91.356270,16.603271,3.812790,0.014856
107.662892,91.104176,16.558716,107.744919,91.152845,16.592075,3.887296,0.014926
107.542403,90.934948,16.607455,107.752351,91.109020,16.643331,3.729173,0.015496
107.400667,90.830784,16.569883,107.618425,91.051369,16.567057,4.040234,0.014834
107.322639,90.717056,16.605583,107.483278,90.911352,16.571926,3.826888,0.014281
107.196980,90.581411,16.615569,107.384244,90.745465,16.638779,3.760615,0.015381
107.090093,90.491461,16.598632,107.416686,90.836933,16.579752,3.701331,0.016494
107.053735,90.467314,16.586421,107.265815,90.637219,16.628596,3.800193,0.015279
106.856211,90.226251,16.629960,107.204238,90.568317,16.635921,3.737745,0.015519
106.799506,90.169917,16.629589,107.052285,90.417339,16.634947,3.714596,0.015869
106.685206,90.028048,16.657158,106.905407,90.215029,16.690378,3.864397,0.014494
106.533483,89.876273,16.657210,107.321928,90.674764,16.647164,3.715442,0.015916
106.546078,89.872755,16.673323,106.977557,90.311522,16.666035,3.691714,0.016564
106.425219,89.759308,16.665911,106.813156,90.115347,16.697809,3.635824,0.017153
106.363220,89.674075,16.689146,106.744744,90.056265,16.688479,3.929996,0.014742
106.265567,89.573260,16.692307,106.918819,90.192712,16.726108,3.772887,0.015193
106.091414,89.387343,16.704071,106.739189,90.001640,16.737550,3.616258,0.015873
106.081358,89.394082,16.687275,106.474669,89.814592,16.660077,3.848879,0.014845
105.986490,89.286962,16.699529,106.617546,89.933372,16.684174,3.981211,0.014722
105.996020,89.298284,16.697736,106.549742,89.848834,16.700908,3.896107,0.014295
105.850728,89.181574,16.669154,106.236320,89.557808,16.678512,3.893634,0.014964
105.841376,89.152213,16.689163,106.424989,89.718229,16.706760,3.791769,0.014285
105.728768,89.056277,16.672491,106.280566,89.632612,16.647953,3.690898,0.015203
105.664980,89.006234,16.658747,106.220232,89.554977,16.665255,3.861640,0.015044
105.537613,88.823254,16.714359,106.033145,89.327012,16.706133,3.885014,0.015525
105.484046,88.793986,16.690060,105.923477,89.290571,16.632906,3.968254,0.013981
105.493795,88.841784,16.652012,105.718737,88.986016,16.732721,4.014023,0.013663
105.346707,88.671324,16.675383,105.983195,89.309818,16.673377,3.841472,0.015185
105.277992,88.612642,16.665350,105.764131,89.119798,16.644333,3.897041,0.016673
105.227097,88.575582,16.651515,106.002691,89.383259,16.619433,3.890886,0.014430
105.156184,88.505480,16.650703,105.747393,89.129283,16.618110,3.820334,0.014353
105.055533,88.425787,16.629746,105.867947,89.256639,16.611308,3.800444,0.014419
105.013722,88.373083,16.640639,105.483787,88.887741,16.596045,3.845165,0.015715
104.894115,88.235169,16.658946,105.628118,88.954805,16.673313,3.951458,0.014085
104.881254,88.202352,16.678902,105.588841,88.879257,16.709584,3.775797,0.014955
104.773062,88.084873,16.688188,105.405469,88.724280,16.681189,3.855420,0.014649
104.742393,88.053181,16.689212,105.389563,88.718883,16.670680,3.812232,0.014705
104.630902,87.931940,16.698963,105.268597,88.530379,16.738219,3.786983,0.014682
104.560372,87.867729,16.692644,105.304344,88.593913,16.710431,3.835629,0.014653
104.476339,87.767273,16.709066,104.999844,88.314064,16.685780,3.811882,0.013535
104.446908,87.735996,16.710912,104.968377,88.270104,16.698274,3.969875,0.014211
104.401180,87.687358,16.713822,105.114897,88.346461,16.768435,3.852140,0.014832
104.250442,87.544897,16.705545,105.131422,88.449057,16.682365,4.005897,0.014815
104.308476,87.599571,16.708906,105.203599,88.487500,16.716099,3.912470,0.013999
104.230387,87.513591,16.716796,104.976524,88.255710,16.720814,3.906857,0.014781
104.166590,87.428747,16.737843,105.153393,88.421473,16.731920,3.679247,0.015443
104.128503,87.417789,16.710714,105.031380,88.261501,16.769879,3.869426,0.014838
104.063182,87.345747,16.717435,104.962000,88.275272,16.686728,3.959870,0.014063
104.065773,87.345937,16.719836,104.806609,88.054189,16.752421,3.959806,0.014112
103.995724,87.253867,16.741857,104.877213,88.094550,16.782664,4.108569,0.014167
103.911013,87.179899,16.731114,105.021343,88.331521,16.689823,3.950794,0.014122
103.936277,87.219463,16.716814,104.829510,88.088052,16.741458,3.719894,0.014813
103.896152,87.170651,16.725501,104.786049,88.043332,16.742717,3.953548,0.014535
103.777332,87.024150,16.753182,104.608747,87.866693,16.742054,3.978012,0.013900
103.812536,87.070877,16.741658,104.554359,87.792819,16.761541,3.785704,0.014952
103.750176,86.986222,16.763954,104.418871,87.665989,16.752883,4.052171,0.014515
103.665241,86.895213,16.770029,104.683272,87.891528,16.791744,3.863338,0.014661
103.611653,86.849160,16.762494,104.616000,87.813943,16.802057,3.832751,0.014730
103.533602,86.742363,16.791240,104.472808,87.732248,16.740560,3.894442,0.014931
103.530262,86.776231,16.754031,104.356669,87.622705,16.733964,4.011833,0.014060
103.503087,86.759035,16.744053,104.270861,87.543153,16.727707,3.916616,0.015060
103.490829,86.728608,16.762220,104.687405,87.886339,16.801066,3.754950,0.015601
103.510417,86.766457,16.743960,104.496199,87.745235,16.750965,3.828074,0.014861
103.408889,86.633403,16.775487,104.476257,87.744042,16.732215,3.811952,0.015671
103.338933,86.545243,16.793690,104.601372,87.821396,16.779976,3.760531,0.014725
103.289403,86.495755,16.793648,104.260502,87.502684,16.757817,3.847162,0.015159
103.297972,86.506170,16.791802,104.326503,87.486861,16.839642,3.824903,0.015399
103.190572,86.392602,16.797970,104.253874,87.477686,16.776188,3.919886,0.015413
103.180389,86.399261,16.781128,104.077946,87.253259,16.824687,3.778634,0.014924
103.190532,86.426630,16.763902,104.561916,87.818018,16.743898,3.845186,0.015138
103.150726,86.366645,16.784082,104.206026,87.363896,16.842130,3.913086,0.013978
103.128950,86.303997,16.824953,104.107738,87.269874,16.837864,3.961605,0.013222
103.074300,86.242782,16.831518,103.956996,87.086857,16.870139,3.807709,0.014864
103.045739,86.221565,16.824174,104.244661,87.422072,16.822589,3.842966,0.015079
102.975022,86.157455,16.817567,104.034346,87.211880,16.822466,3.876790,0.014151
102.995338,86.176911,16.818427,103.928527,87.102259,16.826268,3.820102,0.015715
102.898716,86.058081,16.840636,103.982165,87.164412,16.817752,3.945365,0.014494
102.833914,85.999158,16.834756,104.126243,87.258287,16.867956,3.839190,0.014553
102.866725,86.015913,16.850813,104.008401,87.171978,16.836424,3.777446,0.014696
102.841240,86.002005,16.839235,104.075925,87.274379,16.801546,3.765258,0.014294
102.803330,85.946030,16.857300,103.908286,87.072893,16.835394,3.680811,0.014454
102.778754,85.926182,16.852572,103.936104,87.083787,16.852317,4.029193,0.014498
102.680658,85.810357,16.870301,103.788863,86.930513,16.858351,3.722985,0.015014
102.704328,85.846912,16.857415,103.939052,87.046737,16.892316,3.907663,0.015410
102.636558,85.744858,16.891700,103.821491,86.947448,16.874043,3.912385,0.014583
102.638484,85.772813,16.865672,104.076363,87.262893,16.813469,3.772041,0.015652
102.632608,85.797158,16.835451,103.762749,86.925463,16.837286,3.891243,0.014072
102.463848,85.590796,16.873052,103.858832,87.008951,16.849881,3.895577,0.014455
102.554121,85.675093,16.879028,103.787232,86.879015,16.908216,3.986201,0.014078
102.525389,85.675548,16.849842,103.881225,87.025227,16.855998,3.983448,0.014892
102.520378,85.638628,16.881750,103.718447,86.847967,16.870480,4.081306,0.013304
102.467680,85.590654,16.877026,103.695428,86.843400,16.852027,3.882076,0.015798
102.438791,85.571891,16.866900,103.456851,86.568186,16.888665,3.845233,0.014613
102.374388,85.480516,16.893871,103.584574,86.690808,16.893765,3.880439,0.014917
102.334448,85.444679,16.889769,103.773968,86.847610,16.926358,3.919811,0.014641
102.316825,85.412908,16.903916,103.685019,86.766524,16.918495,4.059125,0.014280
102.281934,85.373344,16.908590,103.641885,86.749906,16.891979,3.999990,0.013933
102.307116,85.400393,16.906723,103.610964,86.689199,16.921766,3.861981,0.015497
