214.772130,212.959971,1.812158,192.461646,189.438748,3.022899,7.396180,0.005829
187.319672,182.984269,4.335403,176.678429,169.820830,6.857599,5.168096,0.010108
168.681889,160.129594,8.552295,160.332851,150.438087,9.894764,4.302034,0.014511
155.302243,144.413394,10.888849,150.745479,139.312392,11.433087,4.211603,0.015489
148.573483,136.417976,12.155507,145.254811,132.595234,12.659577,3.857581,0.017176
143.788091,130.805974,12.982117,140.786051,127.344843,13.441208,3.841865,0.016953
139.774624,125.955264,13.819359,137.174281,122.763417,14.410863,3.788628,0.018411
136.373009,121.533531,14.839478,134.396461,119.122135,15.274327,3.898518,0.018459
133.771685,118.191903,15.579781,131.926303,115.845245,16.081058,3.926592,0.016965
131.846134,115.774365,16.071768,130.453940,114.120827,16.333113,3.772418,0.018117
130.419095,113.848067,16.571029,129.082464,112.082084,17.000379,3.803540,0.018862
129.118067,112.197023,16.921043,127.748238,110.644421,17.103817,3.827797,0.018910
127.990113,110.703911,17.286202,126.641710,109.069458,17.572252,3.763265,0.017686
126.968473,109.363898,17.604575,125.673358,108.024739,17.648620,3.767564,0.019353
126.077151,108.202955,17.874196,124.958328,106.796663,18.161665,3.915953,0.017445
125.177188,107.050411,18.126777,124.546505,106.168829,18.377676,3.798543,0.017022
124.448904,106.082699,18.366205,123.902492,105.361664,18.540828,3.839684,0.018979
123.852484,105.293797,18.558688,123.363826,104.700907,18.662919,3.663630,0.019384
123.289956,104.532430,18.757525,122.713246,103.818076,18.895169,3.758656,0.019109
122.733735,103.766707,18.967028,122.110613,103.083451,19.027162,3.801465,0.018431
122.212444,103.110308,19.102136,121.886805,102.563975,19.322830,3.791317,0.018504
121.661454,102.382885,19.278569,120.761143,101.379902,19.381241,4.085701,0.017609
121.055150,101.616139,19.439011,120.220803,100.764090,19.456713,3.765798,0.018878
120.605885,101.065035,19.540850,120.086270,100.516326,19.569945,3.855053,0.017366
120.324824,100.621927,19.702897,119.898440,100.089950,19.808490,3.719266,0.018367
119.867660,100.073652,19.794008,119.604471,99.743144,19.861327,3.808221,0.017721
119.381994,99.487759,19.894234,118.993356,99.046717,19.946639,3.721549,0.019372
119.082413,99.106948,19.975465,119.134152,99.089436,20.044716,3.660765,0.017528
118.784749,98.667805,20.116944,118.407005,98.195900,20.211105,3.875993,0.018387
118.411248,98.189056,20.222192,118.283550,97.996411,20.287139,3.699484,0.017344
118.086328,97.758513,20.327815,117.872611,97.465332,20.407279,3.724546,0.017756
117.817002,97.405567,20.411436,117.929384,97.366889,20.562495,3.638521,0.017406
117.424026,96.925570,20.498456,117.332673,96.731499,20.601175,3.844031,0.018366
117.237877,96.654396,20.583481,117.210250,96.593266,20.616983,3.874625,0.016493
116.885938,96.239131,20.646806,116.912078,96.245168,20.666910,3.686765,0.017325
116.643688,95.896943,20.746744,116.802197,95.971273,20.830924,3.732248,0.018209
116.502448,95.719069,20.783378,116.839194,95.935379,20.903815,3.858223,0.016466
116.247598,95.392753,20.854845,116.448350,95.590414,20.857936,3.723932,0.017370
115.979948,95.062884,20.917065,115.960103,95.043021,20.917082,3.674058,0.018221
115.746201,94.817931,20.928270,115.985623,95.011247,20.974376,3.606563,0.017777
115.530691,94.527896,21.002794,115.987781,94.874388,21.113393,3.919574,0.016830
115.305252,94.238508,21.066743,115.542610,94.509050,21.033559,3.860412,0.016773
115.008562,93.966940,21.041622,115.499456,94.295619,21.203837,3.857891,0.016781
114.897217,93.784062,21.113155,115.142139,94.024893,21.117246,3.590611,0.018303
114.611416,93.456467,21.154949,115.009550,93.862034,21.147516,3.784056,0.017619
114.426414,93.235302,21.191112,114.717827,93.531447,21.186381,3.704925,0.016682
114.314986,93.081748,21.233237,114.641198,93.439214,21.201985,3.867833,0.017202
114.131030,92.858044,21.272987,114.699761,93.433438,21.266323,3.589145,0.019296
114.007202,92.680757,21.326445,114.468096,93.135411,21.332685,3.669355,0.018660
113.764328,92.377005,21.387324,114.029334,92.649965,21.379369,3.700351,0.017448
113.557329,92.090416,21.466913,114.153797,92.679020,21.474777,3.689999,0.016448
113.409895,91.925694,21.484202,113.869630,92.405016,21.464614,3.740793,0.015872
113.317958,91.823949,21.494009,113.804979,92.305025,21.499953,3.931018,0.016506
113.092375,91.547724,21.544651,113.643790,92.107819,21.535971,3.757984,0.016295
112.929916,91.354918,21.574998,113.487225,91.965868,21.521357,3.617413,0.017480
112.829796,91.229996,21.599799,113.631106,92.037334,21.593772,3.747124,0.017201
112.521217,90.922859,21.598358,113.160805,91.606439,21.554366,3.745983,0.017157
112.433273,90.804095,21.629178,112.972526,91.320644,21.651882,3.798873,0.015949
112.238681,90.571165,21.667516,112.869395,91.204877,21.664517,3.613303,0.016130
112.024169,90.287961,21.736208,112.691805,90.891069,21.800736,3.928918,0.015502
111.907361,90.156372,21.750989,112.757341,91.017128,21.740213,3.716192,0.016436
111.730081,89.982643,21.747438,112.473585,90.671283,21.802302,3.836409,0.016449
111.606515,89.796377,21.810138,112.342803,90.473466,21.869337,3.618073,0.015745
111.501049,89.660764,21.840285,112.262548,90.399201,21.863347,3.812641,0.016259
111.334348,89.475196,21.859151,111.944007,90.164539,21.779468,3.821964,0.016257
111.197984,89.346314,21.851670,112.151941,90.390130,21.761811,3.726557,0.016817
111.142865,89.327306,21.815559,111.922573,90.025747,21.896826,3.596544,0.016967
110.896053,89.032196,21.863857,111.574432,89.683347,21.891085,3.701504,0.016690
110.809175,88.871422,21.937753,111.806935,89.850193,21.956742,3.889469,0.016066
110.792774,88.840915,21.951860,111.545058,89.658324,21.886734,3.834563,0.016196
110.683588,88.729658,21.953930,111.535726,89.613719,21.922007,3.701854,0.016434
110.518379,88.560877,21.957501,111.474885,89.545598,21.929287,3.696038,0.016076
110.384506,88.399171,21.985335,111.389778,89.420425,21.969353,3.872297,0.015107
110.178654,88.151198,22.027455,111.240226,89.303668,21.936558,3.748384,0.015345
110.038162,88.074188,21.963974,111.231128,89.325957,21.905171,3.762809,0.015231
110.020243,88.028865,21.991378,111.020839,89.072341,21.948498,3.563363,0.016684
109.900588,87.882747,22.017841,111.068884,89.110361,21.958522,3.893621,0.015282
109.784431,87.736037,22.048394,110.946853,88.899804,22.047048,3.687285,0.015494
109.696031,87.624856,22.071176,110.988625,88.915051,22.073573,3.629034,0.016469
109.584324,87.492140,22.092184,110.861528,88.770663,22.090865,3.721039,0.015133
109.477601,87.376589,22.101012,110.605106,88.452128,22.152978,3.826295,0.015180
109.470124,87.335246,22.134878,110.664666,88.581289,22.083378,3.654077,0.016593
109.362643,87.217548,22.145095,110.422442,88.284214,22.138229,3.631385,0.016588
109.201179,87.021108,22.180072,110.134353,88.044641,22.089712,3.494922,0.016533
109.122268,86.940706,22.181561,110.284746,88.142657,22.142089,3.605792,0.016140
108.997623,86.781127,22.216496,110.364188,88.219441,22.144747,3.788188,0.014588
108.885252,86.685243,22.200009,110.270314,88.102788,22.167527,3.807147,0.013632
108.905168,86.675705,22.229463,110.076032,87.944664,22.131368,3.778903,0.014680
108.795322,86.581830,22.213492,110.229581,88.122280,22.107301,3.678518,0.015539
108.649616,86.439344,22.210272,109.958899,87.804872,22.154028,3.565904,0.015780
108.599305,86.361244,22.238062,110.113602,87.889345,22.224257,3.786734,0.016072
108.459229,86.208598,22.250631,110.119697,87.873752,22.245945,3.606696,0.016369
108.414829,86.171006,22.243823,109.715150,87.516888,22.198262,3.752765,0.015660
108.405430,86.145661,22.259769,109.884090,87.637316,22.246774,3.871327,0.014548
108.278767,86.004087,22.274680,109.625601,87.351335,22.274266,3.738128,0.015132
108.132711,85.841822,22.290889,109.614761,87.342063,22.272698,3.782093,0.015400
108.111818,85.816073,22.295746,109.682918,87.384554,22.298364,3.689265,0.014790
108.046829,85.722888,22.323940,109.635143,87.347368,22.287775,3.646599,0.015177
107.954156,85.615776,22.338380,109.699324,87.404180,22.295143,3.818059,0.015331
107.817978,85.489897,22.328081,109.432792,87.138373,22.294419,3.686335,0.016431
107.789002,85.444657,22.344345,109.321058,86.997716,22.323342,3.572769,0.015800
107.798019,85.492131,22.305888,109.512988,87.235229,22.277760,3.539445,0.016359
107.691882,85.380353,22.311529,109.079207,86.738312,22.340895,3.645578,0.015626
107.564045,85.231235,22.332810,109.275982,86.972744,22.303239,3.678086,0.015761
107.464571,85.103465,22.361106,109.086740,86.786633,22.300107,3.595578,0.015465
107.481454,85.139637,22.341817,108.924536,86.654348,22.270187,3.799470,0.014304
107.402600,85.058422,22.344177,109.141740,86.809242,22.332498,3.614658,0.016193
107.340741,84.960414,22.380327,109.004044,86.686439,22.317605,3.732886,0.014789
107.200882,84.804454,22.396429,108.926045,86.500402,22.425643,3.801420,0.014241
107.130410,84.745597,22.384813,108.979397,86.668083,22.311315,3.774746,0.014936
107.113405,84.729012,22.384393,108.927457,86.579506,22.347950,3.822294,0.014697
106.985969,84.605646,22.380324,108.978470,86.651690,22.326780,3.666726,0.016169
106.998493,84.628211,22.370282,108.970070,86.639915,22.330154,3.634896,0.015336
106.896488,84.513037,22.383450,108.796992,86.491800,22.305193,3.499768,0.016856
106.837519,84.435229,22.402290,108.755210,86.354363,22.400847,3.717500,0.014376
106.855048,84.413265,22.441783,108.583603,86.183877,22.399727,3.839870,0.014701
106.761670,84.319230,22.442440,108.505243,86.074410,22.430833,3.713803,0.015068
106.672620,84.234952,22.437668,108.625526,86.262011,22.363516,3.581053,0.015072
106.605532,84.167201,22.438332,108.816165,86.392382,22.423784,3.580198,0.016458
106.561123,84.118892,22.442231,108.492730,86.012493,22.480237,3.623161,0.014582
106.577594,84.106663,22.470931,108.768424,86.271861,22.496564,3.663715,0.015214
106.472957,84.000071,22.472886,108.544137,86.111286,22.432851,3.598321,0.013609
106.381363,83.902243,22.479120,108.318119,85.945712,22.372407,3.634920,0.015181
106.369254,83.905904,22.463350,108.528531,86.119231,22.409299,3.705054,0.014589
106.370503,83.859299,22.511204,108.417345,85.984363,22.432982,3.487084,0.015592
106.268306,83.769086,22.499220,108.329205,85.888639,22.440567,3.700476,0.015307
106.257031,83.739542,22.517489,108.264128,85.781634,22.482494,3.683796,0.014727
106.100585,83.571434,22.529151,108.426551,85.974656,22.451896,3.668791,0.014409
106.162328,83.632220,22.530108,108.059625,85.594247,22.465379,3.776732,0.014623
106.077155,83.551572,22.525583,108.511683,86.047891,22.463791,3.698816,0.014173
106.043918,83.509743,22.534175,108.356451,85.880196,22.476255,3.663529,0.014480
105.958366,83.461836,22.496530,108.091208,85.687867,22.403342,3.419335,0.016045
105.910728,83.360598,22.550130,108.172113,85.644104,22.528009,3.794130,0.015036
105.861830,83.294055,22.567776,107.973054,85.472511,22.500542,3.559800,0.015199
105.903121,83.340574,22.562547,108.047343,85.562498,22.484845,3.643809,0.015180
105.838068,83.247455,22.590613,107.933549,85.437849,22.495700,3.698259,0.014914
105.741326,83.162542,22.578784,108.105991,85.603720,22.502272,3.934489,0.013934
105.703372,83.132289,22.571083,108.131608,85.658928,22.472680,3.532244,0.014958
105.583318,83.021022,22.562296,107.931482,85.419419,22.512063,3.602193,0.015216
105.569667,83.016931,22.552736,107.900452,85.412076,22.488377,3.658187,0.014082
105.582430,82.992117,22.590313,108.147376,85.543653,22.603723,3.730220,0.013664
105.556966,82.960212,22.596755,107.927382,85.416714,22.510668,3.761436,0.013806
105.505563,82.896003,22.609560,107.696417,85.137881,22.558536,3.793875,0.013493
105.463753,82.828938,22.634815,107.991947,85.405148,22.586799,4.021461,0.012668
105.427682,82.789461,22.638221,107.726816,85.120237,22.606579,3.780812,0.014420
105.346749,82.676392,22.670357,108.242287,85.601016,22.641270,3.766314,0.014653
105.298791,82.643062,22.655729,107.804772,85.200334,22.604438,3.806640,0.013553
105.333869,82.670899,22.662970,107.967314,85.366011,22.601303,3.381219,0.015867
105.345807,82.667954,22.677854,107.674085,84.995217,22.678868,3.673472,0.014357
105.155977,82.462120,22.693857,107.756264,85.137082,22.619182,3.599919,0.015353
105.085978,82.411633,22.674345,107.586314,84.909013,22.677300,3.526775,0.016357
105.102316,82.387180,22.715136,107.619487,85.016473,22.603014,3.849535,0.013002
105.041943,82.339278,22.702666,107.761796,85.106712,22.655085,3.715128,0.013914
105.080486,82.387111,22.693375,107.835054,85.204912,22.630142,3.794272,0.013770
105.011383,82.300995,22.710388,107.771148,85.138681,22.632468,3.765017,0.014293
104.971857,82.232983,22.738874,107.613883,84.868875,22.745007,3.725703,0.014302
104.924415,82.225812,22.698603,107.809913,85.168674,22.641239,3.800342,0.013585
104.871226,82.167327,22.703899,107.587122,84.991074,22.596047,3.646881,0.014537
104.867074,82.170354,22.696720,107.632915,84.939238,22.693676,3.659017,0.013934
104.890207,82.170787,22.719420,107.594318,84.958500,22.635818,3.628101,0.014937
