197.376474,193.832587,3.543887,172.070482,164.888454,7.182028,2.691709,0.015249
156.734019,146.793184,9.940835,147.287004,136.124376,11.162628,3.019424,0.018126
144.476401,133.166923,11.309478,140.217891,128.289980,11.927910,2.970031,0.019533
138.206209,125.788810,12.417398,135.108490,122.309098,12.799391,3.118317,0.021485
133.825504,120.768570,13.056934,131.153568,117.849224,13.304344,3.023844,0.021865
130.548932,116.992067,13.556866,128.848446,115.008105,13.840341,3.222973,0.021883
128.149700,114.276435,13.873265,126.573351,112.483610,14.089741,3.232238,0.020806
126.320131,112.250412,14.069719,124.891996,110.677419,14.214577,3.210736,0.021650
124.690570,110.515238,14.175332,123.524954,109.252796,14.272159,3.329652,0.020445
123.347046,109.018906,14.328140,122.143732,107.809357,14.334375,3.248966,0.021727
121.934078,107.467605,14.466473,121.011911,106.448914,14.562997,3.178141,0.023577
120.864576,106.280356,14.584219,119.856589,105.231968,14.624621,3.383389,0.021747
119.722929,104.999481,14.723448,118.855009,104.118159,14.736849,3.379245,0.020360
118.845410,103.983779,14.861631,118.320762,103.385163,14.935599,3.227019,0.022205
118.087629,103.142704,14.944925,116.919840,101.871345,15.048495,3.434050,0.020460
117.327270,102.285925,15.041345,116.639217,101.543940,15.095277,3.365115,0.021158
116.764878,101.678996,15.085881,116.012133,100.893560,15.118573,3.439348,0.020216
116.023527,100.863303,15.160224,115.734773,100.487397,15.247376,3.165804,0.021477
115.567945,100.286082,15.281863,115.321722,100.038293,15.283429,3.192906,0.021451
115.042760,99.665583,15.377177,114.577098,99.246528,15.330570,3.407216,0.020488
114.561276,99.152159,15.409117,114.515047,99.096741,15.418306,3.408368,0.019266
114.031447,98.592941,15.438506,113.906495,98.471197,15.435298,3.340885,0.020712
113.694161,98.174334,15.519827,113.308992,97.758595,15.550397,3.388298,0.019667
113.177854,97.638446,15.539408,113.236603,97.732420,15.504183,3.294055,0.021550
112.961916,97.434692,15.527224,112.730563,97.188859,15.541704,3.375898,0.019366
112.574004,97.051880,15.522124,112.673361,97.174540,15.498822,3.541018,0.019489
112.319302,96.745975,15.573327,111.983723,96.414570,15.569154,3.396862,0.019091
112.020024,96.450699,15.569325,111.941516,96.369808,15.571707,3.476070,0.018789
111.787804,96.181413,15.606391,111.670198,96.042611,15.627588,3.494991,0.020284
111.402493,95.778670,15.623823,111.675605,96.111592,15.564013,3.455271,0.020548
111.195652,95.563967,15.631685,111.399834,95.762326,15.637508,3.506985,0.018871
110.990180,95.344401,15.645779,111.340266,95.743934,15.596332,3.623267,0.019095
110.796421,95.128908,15.667513,111.044787,95.422824,15.621963,3.553237,0.018856
110.540332,94.880950,15.659382,110.975789,95.329955,15.645834,3.436283,0.019272
110.318990,94.625806,15.693184,110.772758,95.105022,15.667737,3.410995,0.019658
110.119548,94.457213,15.662335,110.592853,94.935409,15.657444,3.559336,0.020213
109.941946,94.301293,15.640652,110.549188,94.802868,15.746320,3.556920,0.019093
109.818717,94.127001,15.691716,110.373064,94.689191,15.683874,3.494155,0.020931
109.585109,93.864217,15.720892,110.190383,94.563021,15.627362,3.740966,0.018516
109.423708,93.714117,15.709591,110.352032,94.660759,15.691273,3.382261,0.021961
109.356397,93.643284,15.713114,109.938788,94.239805,15.698983,3.390555,0.020703
109.158225,93.408834,15.749391,110.095508,94.447954,15.647554,3.255420,0.020160
109.035130,93.276002,15.759128,109.668081,93.923946,15.744136,3.531582,0.020465
108.958631,93.239470,15.719161,109.763135,94.074913,15.688222,3.374021,0.019478
108.746271,92.998664,15.747607,109.485270,93.748508,15.736762,3.423048,0.020268
108.650383,92.918666,15.731717,109.413689,93.641983,15.771706,3.665989,0.019067
108.650242,92.928119,15.722123,109.633649,93.979643,15.654006,3.480916,0.021334
108.485821,92.755810,15.730010,109.225121,93.493945,15.731177,3.522461,0.020687
108.383296,92.614565,15.768731,109.226212,93.426409,15.799803,3.473996,0.021453
108.321235,92.532277,15.788958,109.084326,93.274097,15.810229,3.517479,0.021911
108.141180,92.351869,15.789311,109.015660,93.209215,15.806444,3.533251,0.019985
108.111601,92.371331,15.740270,109.242105,93.522079,15.720027,3.409126,0.020452
107.990304,92.247777,15.742527,109.236534,93.586214,15.650320,3.401926,0.021066
107.914058,92.135484,15.778574,108.903749,93.146070,15.757679,3.633412,0.018890
107.862203,92.091150,15.771053,108.868146,93.043449,15.824697,3.590586,0.019534
107.835200,92.047196,15.788004,109.087121,93.317499,15.769623,3.544721,0.020091
107.764818,91.954170,15.810648,108.591192,92.866219,15.724973,3.533442,0.019487
107.688632,91.880090,15.808542,108.472997,92.649394,15.823603,3.513864,0.019070
107.477369,91.649849,15.827520,108.444604,92.625550,15.819054,3.607198,0.020624
107.404970,91.609791,15.795178,108.635297,92.786494,15.848803,3.490291,0.019443
107.400120,91.562958,15.837162,108.401740,92.528170,15.873570,3.617311,0.019323
107.335962,91.515154,15.820808,108.810029,93.079670,15.730359,3.611768,0.020245
107.344277,91.533721,15.810556,108.800149,92.897304,15.902844,3.521463,0.020765
107.312782,91.464674,15.848107,108.439604,92.623640,15.815964,3.532367,0.019722
107.142994,91.347542,15.795452,108.535694,92.743571,15.792124,3.509594,0.018102
107.235218,91.430657,15.804561,108.362127,92.545554,15.816574,3.696685,0.018605
107.073788,91.223073,15.850715,108.330579,92.490473,15.840105,3.580586,0.019457
106.952516,91.131521,15.820994,108.340357,92.511366,15.828991,3.533445,0.020569
106.932072,91.093342,15.838730,108.241957,92.402678,15.839279,3.781614,0.019202
106.912587,91.064340,15.848246,108.670365,92.854918,15.815447,3.751123,0.018049
106.842589,90.979297,15.863292,108.160389,92.281910,15.878479,3.561861,0.020888
106.795974,90.938850,15.857123,108.201663,92.356848,15.844815,3.581416,0.019783
106.750112,90.882517,15.867595,108.136793,92.247683,15.889110,3.604730,0.019452
106.721955,90.846697,15.875258,108.178274,92.177060,16.001214,3.373520,0.021867
106.689414,90.803505,15.885910,108.210407,92.311629,15.898778,3.499998,0.020334
106.649650,90.751849,15.897802,107.757350,91.814544,15.942806,3.731788,0.019966
106.568304,90.687753,15.880551,108.114059,92.254183,15.859876,3.654830,0.020076
106.484073,90.622716,15.861357,108.105738,92.263758,15.841981,3.704636,0.020127
106.456104,90.604380,15.851723,107.685891,91.849563,15.836328,3.770780,0.019120
106.498517,90.619437,15.879080,108.040802,92.132552,15.908250,3.506686,0.020718
106.423827,90.503699,15.920128,108.037276,92.157425,15.879851,3.580594,0.019427
106.281211,90.393886,15.887325,107.964539,92.088169,15.876370,4.002699,0.018188
106.313103,90.458615,15.854488,107.663124,91.737267,15.925857,3.778777,0.018633
106.309189,90.408396,15.900793,107.949239,92.059628,15.889610,3.560955,0.021182
106.242041,90.336478,15.905563,108.097431,92.105649,15.991782,3.446662,0.020350
106.174086,90.263030,15.911056,108.044987,92.188955,15.856032,3.825933,0.019985
106.202255,90.340945,15.861310,107.826151,91.936009,15.890142,3.691468,0.020322
106.220446,90.328963,15.891483,107.800724,91.843754,15.956970,3.789946,0.019820
106.102308,90.228770,15.873538,107.865169,91.912931,15.952237,3.562700,0.018708
106.067940,90.135346,15.932594,108.004501,92.066263,15.938238,3.657834,0.019196
106.068112,90.161377,15.906735,107.793359,91.865982,15.927377,3.585770,0.019962
105.944646,90.010721,15.933925,107.635080,91.804082,15.830997,3.793975,0.019566
105.992147,90.101363,15.890784,107.685729,91.827971,15.857759,3.639023,0.019990
105.974298,90.081948,15.892350,107.742214,91.857883,15.884331,3.735944,0.020555
105.986958,90.052953,15.934005,107.689315,91.779126,15.910189,3.505876,0.020220
105.884104,89.944824,15.939280,107.678776,91.771632,15.907145,3.668866,0.019005
105.854375,89.913499,15.940876,108.013113,92.043148,15.969965,3.479656,0.020227
105.907091,89.986875,15.920216,107.659595,91.757126,15.902470,3.625525,0.019951
105.714159,89.783237,15.930922,107.616437,91.684354,15.932083,3.808024,0.020208
105.786415,89.871623,15.914792,107.600091,91.733144,15.866947,3.606126,0.019267
105.787619,89.862761,15.924858,108.045825,92.188824,15.857002,3.575999,0.020056
105.716300,89.776930,15.939371,107.755851,91.801182,15.954669,3.696768,0.018405
105.713307,89.813977,15.899330,107.569038,91.549478,16.019561,3.685447,0.018329
105.681372,89.777906,15.903466,107.648968,91.776088,15.872880,3.750908,0.019046
105.677862,89.761203,15.916660,107.635844,91.676778,15.959066,3.585006,0.019911
105.686205,89.760452,15.925753,107.612149,91.700648,15.911501,3.449626,0.020111
105.539633,89.644312,15.895321,107.503774,91.534874,15.968900,3.779532,0.019641
105.554189,89.619712,15.934477,107.514985,91.567736,15.947249,3.442501,0.020691
105.525173,89.591871,15.933302,107.725422,91.773890,15.951532,3.492450,0.019730
105.517450,89.592998,15.924452,107.484048,91.584204,15.899844,3.634773,0.019977
105.496833,89.552863,15.943971,107.449134,91.498545,15.950589,3.613441,0.020472
105.428690,89.463556,15.965134,107.388815,91.461750,15.927066,3.724982,0.020224
105.396810,89.457143,15.939668,107.698174,91.787198,15.910976,3.605425,0.021365
105.495461,89.570985,15.924476,107.321648,91.383144,15.938504,3.727419,0.019402
105.420792,89.462560,15.958232,107.499657,91.483264,16.016393,3.616373,0.019758
105.393561,89.441369,15.952192,107.346608,91.374036,15.972572,3.792547,0.018951
105.341260,89.405591,15.935668,107.336463,91.413152,15.923312,3.701983,0.020544
105.325976,89.396757,15.929219,107.355449,91.411466,15.943984,3.835467,0.019669
105.277497,89.342754,15.934743,107.437759,91.544978,15.892781,3.730086,0.023036
105.288528,89.341669,15.946859,107.251614,91.328091,15.923523,3.686482,0.018883
105.268339,89.347264,15.921075,107.211438,91.244741,15.966698,3.842392,0.018677
105.179483,89.238838,15.940646,107.339757,91.385461,15.954296,3.567560,0.019424
105.210925,89.242530,15.968395,107.312549,91.421300,15.891249,3.952003,0.017251
105.156776,89.190832,15.965944,107.338167,91.381002,15.957164,3.738049,0.019373
105.130840,89.196582,15.934258,107.160607,91.196667,15.963940,3.597862,0.020839
105.144460,89.179650,15.964810,107.023457,90.990879,16.032578,3.654795,0.019515
104.959365,88.985234,15.974130,107.433215,91.489258,15.943957,3.630986,0.019634
105.116129,89.178960,15.937170,107.119534,91.206314,15.913221,3.726282,0.020653
105.004533,89.044148,15.960385,107.233271,91.316580,15.916691,3.586128,0.019444
105.081498,89.109432,15.972066,107.250052,91.233926,16.016126,3.736930,0.017936
104.978176,89.023443,15.954733,106.982219,90.977748,16.004471,3.720250,0.018659
104.919288,88.956289,15.962998,107.323370,91.411012,15.912358,3.728542,0.019899
104.976365,89.001678,15.974687,107.113702,91.105349,16.008353,3.650543,0.019784
104.850675,88.871430,15.979245,107.473922,91.598246,15.875678,3.771750,0.019775
104.975896,89.013541,15.962354,107.193426,91.324647,15.868779,3.631995,0.021013
104.958549,88.997339,15.961210,106.916956,90.945951,15.971004,3.734647,0.019798
104.850300,88.873335,15.976965,107.405956,91.468333,15.937624,3.487527,0.021305
104.982854,88.990275,15.992579,107.431324,91.406404,16.024920,3.539020,0.021463
104.815275,88.824965,15.990310,106.992995,90.929284,16.063712,3.701417,0.022026
104.783372,88.817422,15.965951,107.039157,91.067508,15.971649,3.588398,0.022346
104.842449,88.871216,15.971234,107.379190,91.361689,16.017502,3.591022,0.021292
104.765335,88.825778,15.939557,107.001322,91.004041,15.997281,3.690923,0.020092
104.688767,88.685633,16.003134,106.919187,90.828302,16.090885,3.627765,0.020716
104.795866,88.802926,15.992940,107.027558,91.118824,15.908734,3.707974,0.020300
104.731864,88.735903,15.995961,106.851557,90.793707,16.057851,3.867864,0.018585
104.677506,88.662481,16.015025,107.147153,91.141642,16.005512,3.533038,0.022779
104.724397,88.709829,16.014568,106.860798,90.743331,16.117467,3.816409,0.019858
104.650916,88.603381,16.047536,107.223799,91.191412,16.032387,3.706223,0.021406
104.686965,88.646473,16.040492,107.119019,91.083414,16.035605,3.536716,0.023159
104.594265,88.553765,16.040500,107.038379,91.003472,16.034908,3.549232,0.021001
104.647793,88.599189,16.048604,106.767130,90.687529,16.079602,3.611224,0.022214
104.631762,88.532070,16.099692,106.961945,90.836837,16.125107,3.740713,0.020600
104.616768,88.518812,16.097956,107.165809,91.053499,16.112310,3.495726,0.022511
104.514784,88.454758,16.060026,106.971940,90.842890,16.129050,3.917424,0.018222
104.494444,88.437768,16.056676,106.985414,90.908494,16.076920,3.927451,0.020418
104.536067,88.427711,16.108357,106.990014,90.955887,16.034126,3.649708,0.020640
104.466406,88.377751,16.088655,107.036959,91.011936,16.025022,3.911878,0.019395
104.382662,88.256153,16.126509,106.892084,90.823283,16.068802,3.810883,0.019808
104.390837,88.271902,16.118935,106.446246,90.285855,16.160391,3.674028,0.018964
104.438685,88.356864,16.081821,106.714798,90.616649,16.098150,3.893246,0.020581
