234.895501,231.671016,3.224484,191.430502,188.319494,3.111007,3.146491,0.008389
172.891482,165.731515,7.159966,155.946409,145.241716,10.704693,2.881565,0.017909
149.890468,138.424766,11.465702,143.761100,131.389904,12.371196,2.784225,0.018958
140.112250,126.847455,13.264795,135.157873,121.078761,14.079112,2.998393,0.019932
134.014358,119.673164,14.341195,130.881104,116.334929,14.546176,2.870445,0.021505
129.853860,115.035226,14.818634,128.108288,113.001339,15.106948,2.755752,0.022940
126.746625,111.472598,15.274028,124.298665,108.749504,15.549161,3.349312,0.018892
124.191111,108.694363,15.496748,122.292853,106.560827,15.732026,3.037004,0.021052
122.296103,106.601222,15.694881,120.866424,105.128293,15.738131,3.148851,0.020700
120.679519,104.852595,15.826924,119.217072,103.249122,15.967950,3.049486,0.021060
119.273926,103.333175,15.940751,117.732027,101.733879,15.998147,3.204589,0.021592
118.135384,102.116922,16.018462,116.886016,100.707179,16.178837,3.021060,0.021232
117.016203,100.879342,16.136861,115.905671,99.724210,16.181462,3.360424,0.018816
115.986265,99.773231,16.213033,115.118347,98.773203,16.345144,3.205050,0.020698
115.085023,98.798617,16.286406,114.448789,98.083935,16.364854,3.309375,0.020267
114.439500,98.110922,16.328578,113.699789,97.296669,16.403120,3.115362,0.021400
113.645101,97.279679,16.365423,112.863652,96.543810,16.319842,3.236390,0.019886
113.014858,96.588047,16.426811,112.489725,95.964150,16.525576,3.305290,0.020883
112.585233,96.057491,16.527742,112.001303,95.455038,16.546265,3.178258,0.021195
111.987456,95.446656,16.540800,111.574506,95.045096,16.529410,3.411602,0.019097
111.468428,94.866958,16.601470,111.208087,94.604557,16.603530,3.334078,0.018158
111.075739,94.407377,16.668362,110.776574,94.131582,16.644992,3.336900,0.019822
110.605288,93.913437,16.691852,110.827818,94.261575,16.566243,3.343225,0.019292
110.276440,93.545172,16.731268,110.565354,93.794985,16.770368,3.289810,0.020333
109.966754,93.174147,16.792606,109.853274,92.956834,16.896440,3.321701,0.019581
109.603840,92.802524,16.801316,109.753328,92.906476,16.846852,3.281171,0.020114
109.386240,92.486120,16.900120,109.693082,92.909223,16.783859,3.256442,0.019748
109.073674,92.226015,16.847659,109.356194,92.416418,16.939776,3.402699,0.018997
108.809764,91.845036,16.964729,108.988116,92.114232,16.873884,3.224307,0.020822
108.606836,91.668220,16.938615,109.041006,92.108812,16.932194,3.147970,0.021482
108.382003,91.374249,17.007754,108.905231,91.840110,17.065121,3.342195,0.018947
108.163569,91.146490,17.017078,109.168557,92.189391,16.979166,3.270115,0.019831
107.987538,90.955304,17.032234,108.288210,91.264846,17.023365,3.323652,0.019530
107.780824,90.725280,17.055544,108.356336,91.389743,16.966593,3.297096,0.020823
107.575473,90.514599,17.060874,108.052957,90.975512,17.077446,3.461090,0.018530
107.450754,90.342300,17.108454,108.043770,90.982675,17.061095,3.323102,0.020116
107.258159,90.131964,17.126195,107.899232,90.916888,16.982344,3.387635,0.019138
107.127202,90.021510,17.105692,107.626028,90.638139,16.987888,3.452382,0.019052
107.066169,89.979281,17.086888,107.610693,90.522549,17.088144,3.444855,0.018493
106.872953,89.743605,17.129348,107.606172,90.504143,17.102030,3.307149,0.022975
106.798861,89.688045,17.110816,107.530670,90.383606,17.147064,3.427031,0.019176
106.750315,89.566494,17.183821,107.169270,90.017779,17.151491,3.408768,0.019089
106.572149,89.430156,17.141992,107.213919,90.058920,17.154999,3.435883,0.019510
106.464736,89.275844,17.188892,107.355106,90.256211,17.098895,3.552120,0.018788
106.372096,89.208319,17.163777,107.043264,89.902102,17.141162,3.433332,0.018786
106.178503,89.001737,17.176767,106.908431,89.795898,17.112533,3.434367,0.019098
106.175196,88.988491,17.186705,107.078386,89.916366,17.162020,3.402112,0.019778
106.045801,88.855703,17.190098,106.838193,89.669575,17.168618,3.413631,0.020049
105.999162,88.802793,17.196369,106.968388,89.710399,17.257989,3.419959,0.019863
105.791255,88.576405,17.214850,106.770957,89.626595,17.144363,3.477551,0.018854
105.773393,88.542484,17.230909,106.558911,89.273657,17.285254,3.305323,0.019737
105.691239,88.471761,17.219479,106.782420,89.660497,17.121923,3.543403,0.018187
105.634274,88.408082,17.226192,106.650963,89.384231,17.266732,3.355145,0.020848
105.535674,88.306656,17.229018,106.777370,89.619738,17.157632,3.251552,0.020827
105.422439,88.158577,17.263862,106.530148,89.231692,17.298457,3.417533,0.019538
105.385510,88.119572,17.265938,106.499748,89.214156,17.285593,3.482837,0.019914
105.264675,87.959352,17.305323,106.820584,89.631948,17.188636,3.393520,0.019921
105.187580,87.919454,17.268125,106.354033,89.209671,17.144362,3.493177,0.019245
105.168678,87.885586,17.283092,106.550122,89.267421,17.282701,3.316538,0.019269
105.092285,87.816951,17.275334,106.357764,89.033225,17.324540,3.452377,0.019031
105.057458,87.759880,17.297579,106.653514,89.503436,17.150078,3.679822,0.018446
104.947733,87.696804,17.250930,106.462854,89.314353,17.148501,3.472891,0.020199
104.917381,87.605447,17.311935,106.056850,88.887253,17.169597,3.425483,0.020631
104.820423,87.547718,17.272705,106.103303,88.848750,17.254553,3.264791,0.020542
104.766387,87.474549,17.291838,106.009324,88.657877,17.351447,3.496000,0.018208
104.664968,87.366803,17.298165,106.117048,88.917728,17.199319,3.487424,0.018320
104.661426,87.355580,17.305846,105.934852,88.710508,17.224344,3.422042,0.019078
104.559420,87.240661,17.318759,105.975072,88.687442,17.287630,3.369812,0.020730
104.548377,87.185826,17.362551,105.743249,88.495708,17.247542,3.457513,0.019627
104.498216,87.202473,17.295742,105.997589,88.729886,17.267703,3.548557,0.019240
104.381802,87.061724,17.320078,105.932003,88.660674,17.271330,3.512520,0.018721
104.387200,87.041436,17.345765,105.725033,88.437186,17.287846,3.466638,0.019598
104.328396,86.952734,17.375663,105.767252,88.404210,17.363042,3.546812,0.019658
104.253436,86.842804,17.410632,105.815676,88.516306,17.299370,3.586173,0.019941
104.174870,86.760998,17.413872,106.210896,88.928132,17.282764,3.433226,0.021376
104.183801,86.784260,17.399541,105.622714,88.227799,17.394916,3.314788,0.020570
104.114661,86.701961,17.412700,105.924744,88.540071,17.384673,3.366715,0.019534
104.075586,86.677705,17.397881,105.719643,88.209577,17.510066,3.579689,0.019486
103.966977,86.536543,17.430434,105.822520,88.380197,17.442323,3.231415,0.021884
103.925629,86.476562,17.449067,105.340313,87.911366,17.428947,3.394658,0.020210
103.931571,86.494114,17.437456,105.421145,87.999265,17.421880,3.629018,0.017644
103.883847,86.436171,17.447676,105.718534,88.341184,17.377350,3.563689,0.019508
103.879823,86.442867,17.436956,105.528940,88.141080,17.387859,3.506479,0.019127
103.860786,86.374496,17.486290,105.703246,88.292621,17.410625,3.355062,0.021961
103.734959,86.260988,17.473972,105.457220,87.965665,17.491555,3.458065,0.019694
103.730411,86.237757,17.492653,105.503307,88.105059,17.398249,3.592955,0.019432
103.679354,86.217817,17.461538,105.360218,87.897246,17.462973,3.389300,0.021558
103.650002,86.156718,17.493284,105.679290,88.199718,17.479572,3.283768,0.022069
103.659636,86.163079,17.496558,105.433667,87.915355,17.518312,3.505125,0.019324
103.591045,86.050409,17.540636,105.363852,87.878563,17.485289,3.543587,0.018703
103.540510,86.003198,17.537312,105.332433,87.892823,17.439609,3.529279,0.020568
103.533710,86.010874,17.522836,105.640947,88.060987,17.579960,3.200073,0.020814
103.439532,85.930763,17.508768,105.442632,88.020651,17.421982,3.427567,0.020377
103.405266,85.919924,17.485343,105.326238,87.857286,17.468952,3.488683,0.020682
103.352702,85.831878,17.520824,105.293884,87.797867,17.496017,3.358426,0.019293
103.369782,85.865159,17.504623,104.980887,87.483415,17.497473,3.480219,0.018871
103.377865,85.830039,17.547826,105.260551,87.800526,17.460025,3.368030,0.020693
103.303897,85.765796,17.538102,105.007179,87.485396,17.521782,3.494234,0.019622
103.268205,85.737296,17.530909,105.400087,87.917324,17.482763,3.556342,0.019880
103.315680,85.832833,17.482847,105.447568,87.935952,17.511616,3.623954,0.018681
103.279148,85.766345,17.512803,105.149330,87.626939,17.522391,3.645951,0.019694
103.233651,85.699241,17.534410,104.973133,87.552451,17.420682,3.598553,0.018229
103.122238,85.608774,17.513464,105.096473,87.680370,17.416104,3.504324,0.018628
103.154013,85.655414,17.498599,104.913138,87.479352,17.433786,3.612541,0.019998
103.115590,85.574645,17.540945,105.272752,87.746216,17.526536,3.526698,0.019805
103.096021,85.560635,17.535385,105.428785,87.918576,17.510210,3.483900,0.018653
103.067328,85.545148,17.522180,104.987680,87.536236,17.451445,3.558316,0.020128
103.029982,85.489225,17.540758,105.147510,87.575279,17.572231,3.342874,0.020925
103.100520,85.538601,17.561918,104.887480,87.229189,17.658290,3.591461,0.018593
103.006274,85.442957,17.563317,105.334038,87.803229,17.530809,3.403863,0.020514
102.977714,85.399994,17.577721,105.304352,87.726753,17.577599,3.411220,0.020092
103.036850,85.473931,17.562919,105.076997,87.607291,17.469706,3.471581,0.019440
102.964157,85.447911,17.516246,105.397587,87.857013,17.540575,3.396441,0.019982
102.964691,85.405625,17.559065,104.777637,87.195794,17.581843,3.600933,0.019868
102.918865,85.373529,17.545337,105.189773,87.687803,17.501969,3.477134,0.020647
102.887549,85.394611,17.492938,105.235129,87.768298,17.466832,3.595732,0.018261
102.875144,85.310096,17.565048,105.150249,87.630157,17.520092,3.428577,0.020173
102.835246,85.321255,17.513990,105.202169,87.813317,17.388852,3.532041,0.021742
102.844536,85.353064,17.491472,105.047401,87.597786,17.449615,3.568229,0.020158
102.821245,85.263308,17.557938,104.811211,87.213308,17.597903,3.283541,0.020496
102.717651,85.179747,17.537904,105.152461,87.661830,17.490632,3.438392,0.019499
102.774404,85.277627,17.496777,104.928566,87.467727,17.460839,3.640833,0.018612
102.781980,85.227470,17.554510,104.968962,87.470840,17.498122,3.696687,0.018169
102.741718,85.201717,17.540001,105.227134,87.684591,17.542544,3.643872,0.018947
102.684018,85.140860,17.543159,105.191437,87.736920,17.454517,3.512672,0.020871
102.683571,85.142582,17.540988,105.085623,87.556692,17.528931,3.570028,0.019599
102.602586,85.080802,17.521784,105.039402,87.533372,17.506031,3.679169,0.018460
102.751803,85.258875,17.492928,105.022782,87.634786,17.387995,3.284489,0.021491
102.678003,85.115484,17.562519,104.800321,87.216755,17.583566,3.604229,0.018137
102.617749,85.092940,17.524809,104.913985,87.397075,17.516910,3.613746,0.018864
102.612155,85.041530,17.570625,104.966952,87.377041,17.589911,3.566314,0.019157
102.524613,84.984583,17.540031,105.170457,87.669930,17.500527,3.210394,0.021417
102.625746,85.101405,17.524341,104.879746,87.434460,17.445287,3.488302,0.019995
102.508147,84.948735,17.559411,104.823964,87.288202,17.535763,3.595871,0.019731
102.484157,84.941129,17.543028,104.852547,87.398216,17.454332,3.584369,0.020461
102.550975,85.000264,17.550712,105.137231,87.613950,17.523281,3.546707,0.020208
102.446144,84.868203,17.577941,105.136205,87.750555,17.385651,3.367229,0.022483
102.499754,84.954874,17.544880,104.786112,87.206753,17.579359,3.646600,0.020152
102.453399,84.892600,17.560798,104.657396,87.124929,17.532467,3.737768,0.020556
102.391723,84.842732,17.548992,105.065328,87.614086,17.451242,3.709869,0.019847
102.466228,84.908817,17.557410,105.123550,87.689363,17.434187,3.544567,0.020387
102.408711,84.855862,17.552849,104.982171,87.436783,17.545388,3.509017,0.021338
102.391556,84.816854,17.574702,105.055953,87.520132,17.535821,3.347529,0.023370
102.368888,84.831323,17.537565,104.986121,87.459179,17.526942,3.506783,0.020323
102.363057,84.811545,17.551512,104.959913,87.512383,17.447530,3.562418,0.018817
102.434810,84.848509,17.586301,104.711173,87.184382,17.526791,3.502658,0.021214
102.403213,84.807045,17.596168,105.051133,87.579831,17.471302,3.753278,0.019790
102.352677,84.735045,17.617632,104.879159,87.295419,17.583740,3.509496,0.021652
102.273371,84.706025,17.567346,104.751409,87.197129,17.554280,3.652737,0.020036
102.269900,84.659745,17.610155,104.814296,87.288064,17.526232,3.624840,0.019841
102.338452,84.768710,17.569742,104.979992,87.444512,17.535480,3.422682,0.020766
102.282454,84.684170,17.598285,104.644576,87.160061,17.484515,3.654396,0.020180
102.320882,84.781178,17.539704,104.905254,87.363937,17.541317,3.787222,0.019931
102.336755,84.771243,17.565512,104.719255,87.196639,17.522615,3.742091,0.019483
102.289038,84.741144,17.547893,105.006524,87.569281,17.437244,3.508430,0.022502
102.254529,84.694118,17.560411,104.820688,87.341936,17.478752,3.640794,0.018976
102.282232,84.722412,17.559820,104.966026,87.498528,17.467498,3.597490,0.019825
102.280067,84.700052,17.580015,105.022065,87.615156,17.406910,3.597378,0.020834
102.277954,84.683279,17.594675,104.974956,87.486313,17.488642,3.609261,0.019209
102.283962,84.728404,17.555559,104.774946,87.277867,17.497080,3.401167,0.022736
