202.070761,196.777954,5.292807,176.016203,166.826870,9.189332,2.458449,0.019784
161.009689,147.554884,13.454805,150.558780,134.861661,15.697118,2.623720,0.027314
146.161729,129.040350,17.121379,140.497474,122.091458,18.406016,2.774113,0.028783
138.314919,119.026033,19.288886,134.790096,114.574394,20.215703,2.711826,0.033124
133.707550,113.278199,20.429351,130.902669,110.144251,20.758418,2.687897,0.034062
130.581694,109.452330,21.129364,128.687823,107.160453,21.527370,2.914583,0.034883
128.413334,106.853273,21.560061,126.735504,104.837370,21.898134,2.795878,0.036485
126.669519,104.772976,21.896543,125.298855,103.258592,22.040263,2.955606,0.033631
125.360891,103.259860,22.101031,124.448143,102.277336,22.170807,2.917527,0.036613
124.213202,101.912808,22.300394,123.270292,100.844485,22.425807,2.850524,0.036126
123.217351,100.777679,22.439672,122.165935,99.694254,22.471682,2.885578,0.035400
122.360351,99.851093,22.509258,121.713653,99.196283,22.517370,2.947263,0.037040
121.589628,99.016084,22.573544,121.038733,98.451606,22.587128,2.949897,0.035911
120.930044,98.348827,22.581217,120.330164,97.684214,22.645950,3.121785,0.035534
120.389722,97.720259,22.669463,120.107421,97.564395,22.543025,3.011388,0.035878
119.889617,97.175076,22.714542,119.541961,96.832090,22.709872,2.888101,0.040953
119.409671,96.650872,22.758799,119.054204,96.407010,22.647194,2.984957,0.036884
118.886994,96.127554,22.759441,118.614085,95.875784,22.738301,3.158993,0.034454
118.596282,95.740123,22.856159,118.220341,95.345944,22.874397,2.965267,0.038913
118.062639,95.260911,22.801728,118.126814,95.522096,22.604718,3.128429,0.035232
117.740704,94.930841,22.809863,117.595585,94.752010,22.843575,3.082969,0.034513
117.370579,94.522084,22.848495,117.292446,94.362883,22.929562,3.178860,0.035270
117.071364,94.249056,22.822307,117.380877,94.561291,22.819585,2.997228,0.039648
116.731201,93.878734,22.852467,116.769435,93.993341,22.776094,3.174269,0.035552
116.532297,93.673885,22.858412,116.773485,93.973962,22.799523,3.027879,0.036676
116.234119,93.360228,22.873891,116.572695,93.681705,22.890990,2.924094,0.037330
115.964203,93.075061,22.889142,116.048034,93.237140,22.810894,3.153944,0.037006
115.758888,92.901267,22.857621,116.023224,93.258188,22.765035,3.162949,0.036170
115.464942,92.560438,22.904504,115.923831,93.133716,22.790115,2.968160,0.037890
115.159089,92.304901,22.854188,115.368986,92.507113,22.861874,3.091274,0.036909
114.962363,92.066668,22.895695,115.225574,92.416252,22.809322,3.195339,0.036159
114.736829,91.897244,22.839585,115.093372,92.388713,22.704659,3.085278,0.036437
114.545112,91.668278,22.876834,114.916561,92.170108,22.746453,3.061851,0.035548
114.266715,91.393055,22.873660,114.665026,91.889872,22.775153,3.065707,0.038441
114.092993,91.240243,22.852750,114.642171,91.992759,22.649413,3.213650,0.035849
113.881284,91.038515,22.842769,114.485882,91.743690,22.742192,3.214755,0.036343
113.691870,90.825849,22.866021,114.291243,91.495497,22.795746,3.324835,0.034944
113.507752,90.695743,22.812010,114.135455,91.464380,22.671075,3.198140,0.036257
113.267368,90.481864,22.785504,114.096495,91.429847,22.666648,3.137980,0.036822
113.091510,90.302375,22.789135,113.860988,91.068408,22.792579,3.227685,0.034664
113.010871,90.227394,22.783476,113.710894,90.969310,22.741584,3.295009,0.034384
112.868723,90.060858,22.807865,113.610443,90.812802,22.797641,3.208018,0.037001
112.697271,89.884662,22.812609,113.293031,90.641142,22.651888,3.418058,0.031987
112.464864,89.660029,22.804835,113.094844,90.422186,22.672658,3.193473,0.034201
112.324265,89.543074,22.781190,113.043374,90.392140,22.651235,3.247137,0.035176
112.165128,89.429137,22.735991,112.811703,90.227137,22.584566,3.252998,0.035911
112.101749,89.300110,22.801639,112.776535,90.084011,22.692524,3.294509,0.033436
111.979548,89.198764,22.780784,112.640400,89.997845,22.642555,3.258314,0.034632
111.846462,89.067636,22.778826,112.716812,89.977840,22.738972,3.138251,0.034030
111.571759,88.802141,22.769618,112.573730,89.904717,22.669014,3.109460,0.036171
111.495007,88.768257,22.726751,112.504220,89.858861,22.645359,3.112003,0.038592
111.384599,88.670502,22.714097,112.224522,89.673549,22.550974,3.102530,0.033770
111.249218,88.593518,22.655699,112.157869,89.589302,22.568568,3.096286,0.036213
111.049023,88.368428,22.680596,112.051938,89.351364,22.700574,3.308955,0.033343
110.948219,88.251855,22.696364,111.815819,89.290708,22.525110,3.323695,0.035999
110.867502,88.177727,22.689776,111.793405,89.065696,22.727710,2.989318,0.039400
110.722915,88.066677,22.656238,111.888243,89.390217,22.498025,3.160146,0.038045
110.646990,87.999007,22.647983,111.705025,89.256620,22.448406,3.201582,0.037190
110.565303,87.935820,22.629483,111.567174,89.023930,22.543244,3.258493,0.036590
110.344255,87.720820,22.623435,111.333404,88.875856,22.457548,3.282569,0.032852
110.214752,87.643586,22.571166,111.374483,88.896861,22.477621,3.155086,0.036636
110.074391,87.501245,22.573146,111.326490,88.836386,22.490105,3.116465,0.034645
110.028414,87.386254,22.642160,111.077541,88.541052,22.536489,3.191456,0.036582
109.912393,87.373310,22.539083,111.105943,88.749140,22.356803,3.284939,0.035774
109.828390,87.266771,22.561620,110.781297,88.265385,22.515912,3.038660,0.035447
109.660170,87.121244,22.538926,110.888122,88.474686,22.413436,3.242873,0.034972
109.574865,87.075417,22.499448,110.769105,88.441177,22.327927,3.160911,0.036135
109.492679,86.953904,22.538774,110.683522,88.170377,22.513145,3.099059,0.035601
109.346576,86.837710,22.508866,110.528233,88.092594,22.435639,3.122954,0.038443
109.262258,86.779388,22.482871,110.347112,87.873978,22.473134,3.160138,0.036703
109.112783,86.597199,22.515584,110.328894,87.991717,22.337176,3.229139,0.034625
108.957882,86.490683,22.467198,110.526335,88.032688,22.493648,3.218853,0.033458
108.933115,86.465832,22.467283,110.201309,87.898603,22.302706,3.405698,0.034619
108.838104,86.368263,22.469842,110.205305,87.810791,22.394514,3.118193,0.035040
108.721004,86.266407,22.454596,110.125363,87.733900,22.391463,3.261388,0.032694
108.595791,86.185938,22.409853,109.857176,87.530755,22.326420,3.137321,0.036672
108.528056,86.127034,22.401022,109.675455,87.429872,22.245583,3.233315,0.035639
108.463793,86.078446,22.385347,109.775010,87.545084,22.229926,3.088712,0.036336
108.349673,85.967017,22.382656,109.615818,87.377169,22.238649,3.228319,0.034329
108.278298,85.891819,22.386480,109.584957,87.337618,22.247339,3.278826,0.033648
108.121633,85.740999,22.380634,109.556088,87.294436,22.261653,3.236765,0.034659
108.100521,85.674691,22.425831,109.289009,86.946434,22.342575,3.297741,0.034314
107.967515,85.574437,22.393078,109.331034,86.990429,22.340605,3.318170,0.035360
107.834314,85.503709,22.330605,109.208045,86.988320,22.219725,3.021376,0.036987
107.787649,85.469175,22.318474,109.272993,87.160691,22.112303,3.342414,0.033060
107.764845,85.426366,22.338479,109.206231,86.906076,22.300155,3.238930,0.033324
107.688899,85.316984,22.371914,109.046408,86.822594,22.223815,3.185525,0.034627
107.513194,85.171313,22.341881,109.111799,86.917495,22.194304,3.294487,0.034746
107.513185,85.237432,22.275753,109.101343,86.899149,22.202194,3.303676,0.034540
107.388980,85.092228,22.296752,109.068757,86.805552,22.263206,3.136009,0.035074
107.302508,85.040332,22.262177,108.663926,86.412852,22.251073,3.442361,0.032688
107.285341,84.987166,22.298175,108.799266,86.668892,22.130374,3.244858,0.033678
107.153389,84.872295,22.281094,108.732678,86.526338,22.206340,3.372100,0.033202
107.160699,84.840648,22.320051,108.829762,86.623031,22.206731,3.175621,0.035702
107.058583,84.761128,22.297455,108.474368,86.264215,22.210153,3.205337,0.031622
106.935275,84.649610,22.285665,108.577479,86.443681,22.133797,3.126009,0.037417
106.882684,84.570847,22.311837,108.501693,86.380176,22.121517,3.193676,0.035738
106.889688,84.603682,22.286006,108.327924,86.166385,22.161538,3.332705,0.033493
106.785629,84.481296,22.304333,108.177564,86.044250,22.133314,3.280103,0.032979
106.649480,84.376532,22.272948,108.250354,86.105971,22.144383,3.190364,0.035303
106.615604,84.352989,22.262614,108.347931,86.166107,22.181824,3.325248,0.031287
106.607150,84.315230,22.291919,108.245537,86.065635,22.179903,3.253307,0.033058
106.463578,84.231937,22.231641,107.752923,85.685363,22.067560,3.391694,0.031652
106.428611,84.181850,22.246761,108.266987,86.198279,22.068707,3.226126,0.032502
106.335909,84.087976,22.247933,108.060743,85.908222,22.152521,3.272933,0.031745
106.243767,83.976932,22.266835,108.061747,85.923605,22.138142,3.092389,0.034451
106.236989,83.966039,22.270950,108.024231,85.801302,22.222929,3.252935,0.033378
106.205578,83.904748,22.300831,107.772877,85.618664,22.154213,3.407031,0.031406
106.095431,83.834100,22.261331,107.711614,85.457593,22.254021,3.362350,0.031826
106.043751,83.797675,22.246077,107.793149,85.750497,22.042653,3.339135,0.030997
105.930785,83.715792,22.214993,107.768887,85.596924,22.171963,3.125865,0.036407
105.888352,83.625023,22.263330,107.580555,85.572132,22.008423,3.183631,0.033878
105.863143,83.635348,22.227795,107.487213,85.321570,22.165644,3.201722,0.035748
105.861325,83.559696,22.301629,107.682307,85.428660,22.253647,3.218533,0.034744
105.671622,83.421947,22.249675,107.429437,85.368065,22.061372,3.205523,0.036832
105.608750,83.348872,22.259878,107.461081,85.435315,22.025766,3.207329,0.036101
105.593732,83.318645,22.275087,107.253794,85.189709,22.064085,3.165790,0.034613
105.512493,83.304514,22.207979,107.248005,84.990902,22.257104,3.055353,0.033801
105.532991,83.278106,22.254885,107.057444,84.932037,22.125408,3.484231,0.030267
105.389362,83.168950,22.220412,107.183828,85.076190,22.107638,3.228266,0.032306
105.315160,83.080177,22.234983,106.990169,84.906530,22.083638,3.227026,0.034319
105.309060,83.076289,22.232771,107.139124,84.929692,22.209432,3.285222,0.031298
105.176546,82.976379,22.200167,106.773419,84.661083,22.112336,3.282401,0.033780
105.094845,82.906199,22.188646,106.725466,84.713181,22.012285,3.305987,0.033182
105.126758,82.911063,22.215695,107.101111,84.931676,22.169435,3.178786,0.032541
105.052474,82.846161,22.206313,106.670244,84.513759,22.156485,3.267154,0.032039
104.968971,82.771515,22.197456,106.620283,84.634074,21.986208,3.484996,0.028028
104.901021,82.720318,22.180703,106.393005,84.215537,22.177468,3.249658,0.033948
104.786567,82.546933,22.239635,106.801207,84.683918,22.117289,3.252271,0.035453
104.737383,82.572045,22.165338,106.353321,84.248478,22.104843,3.391764,0.030837
104.731488,82.556654,22.174834,106.612255,84.605428,22.006826,3.345639,0.033256
104.685626,82.484994,22.200632,106.510244,84.390490,22.119754,3.364989,0.030626
104.637374,82.445883,22.191492,106.555510,84.520978,22.034532,3.385527,0.031699
104.614175,82.422823,22.191351,106.360657,84.262157,22.098500,3.472363,0.029734
104.467916,82.306769,22.161147,106.631128,84.532371,22.098758,3.284245,0.030920
104.424183,82.239616,22.184567,106.305458,84.229894,22.075564,3.152137,0.033701
104.395867,82.192845,22.203022,106.185074,84.089258,22.095817,3.294807,0.031043
104.314278,82.159778,22.154501,106.214195,84.131109,22.083085,3.275305,0.033174
104.276951,82.145911,22.131041,106.286152,84.269769,22.016383,3.324504,0.030194
104.231039,82.109617,22.121422,106.191251,84.140425,22.050826,3.305224,0.031540
104.157591,82.029369,22.128222,106.132044,84.165450,21.966594,3.323185,0.032821
104.186585,82.049955,22.136630,106.060418,84.037791,22.022628,3.365124,0.032792
103.962397,81.872846,22.089551,106.032286,84.010110,22.022175,3.374630,0.031022
104.017799,81.921010,22.096790,105.897005,83.881363,22.015641,3.352995,0.030966
103.986587,81.893073,22.093514,105.744958,83.727366,22.017591,3.436895,0.030401
103.897489,81.833192,22.064298,105.957500,83.943970,22.013529,3.208786,0.032087
103.822762,81.736817,22.085945,105.830928,83.891256,21.939672,3.450541,0.030172
103.800456,81.742943,22.057513,105.899703,83.913444,21.986260,3.235537,0.033161
103.750571,81.701678,22.048893,105.816767,83.864370,21.952398,3.457769,0.030175
103.703796,81.604155,22.099640,105.782348,83.798913,21.983434,3.383712,0.029120
103.605363,81.505968,22.099395,105.582856,83.649985,21.932871,3.137006,0.031735
103.680894,81.577890,22.103004,105.688951,83.630370,22.058581,3.214946,0.034019
103.578366,81.509434,22.068932,105.317782,83.434192,21.883590,3.498254,0.027827
103.532752,81.454824,22.077929,105.541236,83.507809,22.033427,3.282234,0.033964
103.462334,81.437202,22.025133,105.531770,83.522997,22.008774,3.374070,0.030550
103.357422,81.313778,22.043644,105.519030,83.602482,21.916547,3.164712,0.034195
103.390218,81.355203,22.035016,105.427697,83.513827,21.913870,3.140632,0.035582
103.325496,81.250295,22.075201,105.490486,83.516440,21.974046,3.457729,0.030991
103.291659,81.207340,22.084320,105.389210,83.424060,21.965150,3.386963,0.033044
103.259595,81.203204,22.056391,105.365132,83.359330,22.005802,3.409961,0.032846
