217.830683,210.017863,7.812821,205.522499,197.379744,8.142755,107.768097,0.009208
206.027464,197.897160,8.130304,200.869668,192.863187,8.006482,5.357184,0.010408
178.451395,171.955569,6.495826,156.910326,150.140480,6.769845,4.735382,0.032580
152.080766,145.282724,6.798042,148.049621,141.192991,6.856630,4.497825,0.034351
146.409948,139.567687,6.842262,143.919491,137.034302,6.885189,4.723368,0.037354
143.690592,136.823948,6.866644,141.858527,134.970747,6.887781,5.081965,0.038298
141.818404,134.964955,6.853449,140.822403,133.983075,6.839328,4.716156,0.039813
140.563530,133.710768,6.852762,139.407925,132.575569,6.832356,4.789742,0.045866
139.646558,132.796098,6.850460,138.877692,132.048490,6.829202,4.972753,0.039828
138.774868,131.931240,6.843629,138.296687,131.461787,6.834900,5.007378,0.043567
138.205130,131.364843,6.840288,137.195668,130.343291,6.852377,5.087363,0.048119
137.480911,130.627948,6.852963,137.476726,130.639610,6.837116,4.855370,0.043633
137.031744,130.188443,6.843302,136.155385,129.315478,6.839906,5.514348,0.043425
136.617177,129.789599,6.827578,136.627572,129.843740,6.783833,5.426455,0.045338
136.236232,129.417731,6.818501,135.802793,128.956321,6.846471,5.474592,0.043138
135.982943,129.156757,6.826185,135.622460,128.823154,6.799306,5.481042,0.044569
135.600145,128.781983,6.818162,135.602655,128.794725,6.807929,4.940637,0.050316
135.416749,128.603766,6.812982,134.889440,128.071955,6.817486,5.813447,0.037148
135.079070,128.270316,6.808754,134.944726,128.162748,6.781977,5.200927,0.043434
134.881785,128.082617,6.799169,134.430561,127.630535,6.800025,5.344446,0.045630
134.720214,127.905107,6.815107,134.398017,127.603999,6.794017,4.547633,0.049147
134.336034,127.518074,6.817960,133.809630,127.018719,6.790911,6.710988,0.041025
134.242277,127.414343,6.827934,133.792786,126.971334,6.821452,5.974990,0.039917
134.019537,127.199537,6.819999,133.605904,126.747350,6.858554,5.650172,0.042452
133.828030,127.002565,6.825466,133.413863,126.563420,6.850443,5.154315,0.048779
133.588979,126.765834,6.823145,133.334327,126.534391,6.799936,5.716681,0.043460
133.440281,126.639384,6.800897,133.434636,126.673482,6.761154,6.137738,0.039546
133.431976,126.613619,6.818357,133.354463,126.538502,6.815961,5.537371,0.045678
133.138061,126.308586,6.829476,132.927636,126.136414,6.791223,6.006440,0.043414
133.007937,126.182696,6.825241,132.841169,126.009349,6.831819,5.182343,0.048322
132.975497,126.148399,6.827098,132.762222,125.909376,6.852845,5.466834,0.046654
132.914377,126.097824,6.816553,132.487254,125.654170,6.833084,5.960343,0.043305
132.740423,125.905281,6.835142,132.309421,125.487845,6.821575,6.104043,0.041943
132.440481,125.617521,6.822960,132.261309,125.426577,6.834733,5.990605,0.046895
132.546647,125.725337,6.821310,132.247714,125.431987,6.815727,5.528025,0.048572
132.447024,125.622950,6.824075,132.547888,125.741975,6.805915,5.778558,0.042306
132.263533,125.439500,6.824033,132.459165,125.670758,6.788407,5.978257,0.046590
132.244639,125.422937,6.821703,131.843054,124.988847,6.854207,5.509919,0.049274
132.130510,125.315587,6.814923,131.960120,125.135904,6.824216,5.410645,0.050530
131.994623,125.172038,6.822585,132.099999,125.298889,6.801110,5.688120,0.043319
131.965864,125.138507,6.827357,131.893140,125.083769,6.809372,5.698653,0.040525
131.922453,125.101987,6.820466,131.620874,124.801578,6.819297,5.386675,0.045925
131.779825,124.954244,6.825581,131.841036,125.030126,6.810910,5.676434,0.046840
131.758219,124.929845,6.828374,131.456777,124.622108,6.834668,5.577910,0.045047
131.557890,124.734966,6.822924,131.853037,125.017783,6.835254,6.090383,0.043465
131.584726,124.762334,6.822392,131.540183,124.723687,6.816496,6.180265,0.040523
131.592094,124.760697,6.831397,131.449669,124.612899,6.836771,5.914096,0.045058
131.397940,124.581304,6.816636,131.639317,124.837248,6.802069,5.371567,0.039587
131.406430,124.589478,6.816952,131.671731,124.878211,6.793519,6.230477,0.039831
131.348942,124.528838,6.820104,131.121715,124.314925,6.806790,5.919178,0.044300
131.244516,124.419256,6.825260,131.671717,124.880413,6.791304,5.723518,0.041829
131.324030,124.504567,6.819463,131.143045,124.321382,6.821663,5.785686,0.040888
131.178605,124.350938,6.827668,131.691171,124.912155,6.779017,5.413685,0.047173
131.002377,124.187390,6.814988,131.144158,124.328207,6.815951,5.134906,0.043499
130.948016,124.122237,6.825780,131.285200,124.452020,6.833179,5.348056,0.051119
131.072399,124.236525,6.835874,131.000780,124.161514,6.839267,5.737715,0.046869
130.903789,124.083206,6.820583,131.168269,124.351787,6.816481,5.792500,0.046997
130.920061,124.099323,6.820737,130.848627,124.017798,6.830829,5.154593,0.050250
130.924642,124.102520,6.822122,131.204079,124.399267,6.804812,5.114812,0.056764
130.832859,124.018880,6.813980,131.500255,124.752115,6.748139,5.747757,0.045712
130.815346,124.006837,6.808510,131.466691,124.681268,6.785423,5.835867,0.050444
130.756441,123.940234,6.816207,131.105913,124.295427,6.810486,5.435787,0.045720
130.734273,123.918260,6.816013,130.946232,124.123799,6.822433,5.621089,0.046253
130.702507,123.878108,6.824400,131.184654,124.388727,6.795928,5.363745,0.043119
130.559970,123.749991,6.809979,130.821479,124.009130,6.812349,5.671078,0.046498
130.570477,123.764410,6.806066,130.889728,124.067879,6.821849,5.041833,0.055579
130.683725,123.884204,6.799521,130.828938,124.047705,6.781232,5.116057,0.050301
130.608122,123.798980,6.809142,131.317703,124.547313,6.770390,5.943820,0.050414
130.517400,123.712925,6.804475,130.833202,124.091060,6.742142,5.489010,0.053043
130.533936,123.722297,6.811639,130.856752,124.050560,6.806192,5.047893,0.056934
130.482321,123.678527,6.803794,131.482305,124.712075,6.770230,5.485438,0.047218
130.394584,123.585632,6.808951,130.834905,124.080283,6.754621,5.990389,0.049378
130.444392,123.641489,6.802904,131.123532,124.355954,6.767578,4.981030,0.053449
130.308851,123.497361,6.811489,130.663481,123.900046,6.763436,5.540739,0.049067
130.297995,123.500235,6.797760,130.806132,124.015073,6.791059,5.680498,0.046358
130.261965,123.456416,6.805549,130.588917,123.793516,6.795400,5.245378,0.050695
130.237349,123.429993,6.807356,131.035647,124.254353,6.781294,5.724400,0.047374
130.234290,123.422267,6.812023,131.052399,124.291883,6.760516,5.670845,0.048710
130.145216,123.341607,6.803609,130.908389,124.123774,6.784615,5.522370,0.050813
130.165656,123.350452,6.815204,130.459917,123.625440,6.834477,5.511260,0.046185
130.122915,123.308155,6.814760,130.692193,123.919785,6.772408,5.494264,0.052718
130.098496,123.275506,6.822990,130.834761,124.047552,6.787209,5.584985,0.049012
130.021218,123.223287,6.797931,130.969059,124.214507,6.754552,6.143849,0.044997
130.012325,123.213945,6.798380,131.213977,124.460940,6.753037,5.033671,0.051193
129.923703,123.119971,6.803732,130.439333,123.633939,6.805395,5.472132,0.048175
129.880712,123.076812,6.803901,130.608523,123.860489,6.748034,5.349059,0.050724
129.948804,123.152970,6.795833,130.381120,123.595398,6.785723,6.098155,0.048814
129.782505,122.982982,6.799523,130.765829,124.035734,6.730095,6.057861,0.046961
129.978516,123.190599,6.787918,130.631763,123.869146,6.762618,6.027381,0.048849
129.788637,122.976417,6.812220,130.631158,123.855751,6.775407,5.316240,0.046744
129.727019,122.932779,6.794240,130.397390,123.618005,6.779384,6.241875,0.048933
129.767286,122.961698,6.805588,130.318711,123.530102,6.788610,5.547002,0.041829
129.769448,122.956944,6.812504,130.218937,123.411958,6.806980,5.169220,0.051696
129.651739,122.842430,6.809309,130.192385,123.385118,6.807267,5.437117,0.045461
129.676827,122.862881,6.813946,130.275654,123.498223,6.777430,5.836112,0.047910
129.546237,122.748678,6.797558,130.739995,123.972192,6.767803,5.291002,0.049125
129.479407,122.677013,6.802393,130.362735,123.620154,6.742581,5.412232,0.044013
129.553066,122.753021,6.800045,130.421055,123.631521,6.789535,5.618940,0.053844
129.478397,122.677257,6.801140,130.248865,123.469770,6.779096,5.296354,0.050128
129.414224,122.613494,6.800730,130.273683,123.476413,6.797269,5.135438,0.048319
129.507505,122.702829,6.804676,130.478797,123.700157,6.778640,5.222218,0.049841
129.517952,122.719209,6.798743,130.396208,123.631403,6.764805,6.033267,0.045565
129.300145,122.495947,6.804198,130.169428,123.403081,6.766346,5.490815,0.045823
129.346442,122.536564,6.809878,130.267166,123.503987,6.763179,5.684418,0.044974
129.376085,122.567992,6.808093,130.371841,123.602316,6.769525,5.255970,0.051440
129.187491,122.389157,6.798335,130.401863,123.643611,6.758252,6.000329,0.042683
129.313633,122.514389,6.799244,129.658769,122.865061,6.793708,5.715342,0.048237
129.229764,122.429862,6.799902,130.433448,123.701885,6.731563,5.485923,0.052229
129.238478,122.428608,6.809871,129.887461,123.100873,6.786588,6.071322,0.045755
129.203399,122.391373,6.812026,129.885939,123.110842,6.775097,5.960813,0.049749
129.042577,122.215945,6.826632,130.056870,123.254259,6.802611,6.128693,0.042282
129.148943,122.337191,6.811752,130.080625,123.291124,6.789501,5.599322,0.044897
129.177404,122.360017,6.817386,130.146209,123.358319,6.787890,5.840234,0.051124
128.994457,122.181017,6.813440,130.256058,123.495363,6.760695,5.875570,0.045094
129.046959,122.245344,6.801615,130.434281,123.654927,6.779355,5.353257,0.056240
128.966292,122.158735,6.807557,130.057183,123.315181,6.742002,6.431573,0.046972
128.931369,122.124590,6.806779,130.035594,123.257818,6.777775,5.399504,0.049199
129.038677,122.238133,6.800544,129.944457,123.159304,6.785153,4.992194,0.048757
128.956203,122.152116,6.804087,130.085704,123.301690,6.784014,5.514408,0.048827
128.950035,122.152036,6.797999,129.809791,123.050225,6.759566,5.745208,0.046991
128.902678,122.105079,6.797599,130.292415,123.542801,6.749614,5.547876,0.051819
128.921343,122.130881,6.790462,130.164532,123.433951,6.730581,5.754984,0.049197
128.844161,122.032324,6.811837,129.833530,123.089813,6.743716,5.589950,0.048455
128.837874,122.039588,6.798286,130.034728,123.249005,6.785723,5.185216,0.051815
128.927241,122.127981,6.799261,130.201542,123.435486,6.766057,5.334569,0.049927
128.849533,122.043029,6.806504,130.113811,123.318452,6.795359,5.556485,0.055287
128.776561,121.963719,6.812842,129.412087,122.654179,6.757908,5.823901,0.046181
128.722884,121.913656,6.809227,130.024276,123.252140,6.772136,5.599500,0.047617
128.678144,121.848310,6.829834,129.579330,122.763089,6.816241,4.677036,0.054746
128.631035,121.805582,6.825454,130.110952,123.353141,6.757811,5.717041,0.047028
128.682661,121.857589,6.825073,129.674605,122.892462,6.782142,5.302804,0.049710
128.647640,121.830610,6.817031,129.373930,122.578961,6.794969,5.530425,0.047497
128.675526,121.865298,6.810229,129.603593,122.810772,6.792821,5.214499,0.048498
128.641657,121.825555,6.816102,129.682032,122.914276,6.767757,4.884014,0.057778
128.621541,121.796807,6.824734,129.724532,122.930928,6.793604,5.156142,0.051697
128.492380,121.666100,6.826281,129.584181,122.784208,6.799973,5.277553,0.050951
128.489841,121.661926,6.827914,129.896125,123.126313,6.769812,5.129889,0.048078
128.573488,121.758011,6.815477,129.674937,122.897227,6.777711,5.626307,0.048284
128.645207,121.820410,6.824796,129.724545,122.965482,6.759063,5.644497,0.050538
128.480310,121.664784,6.815526,129.799678,123.024242,6.775435,6.251023,0.047984
128.482964,121.659112,6.823852,129.662172,122.882547,6.779626,5.150496,0.041674
128.583079,121.767085,6.815994,129.650803,122.893083,6.757720,5.211823,0.057362
128.444052,121.618083,6.825969,129.585835,122.787508,6.798326,5.367149,0.049208
128.424027,121.592954,6.831073,130.046855,123.272335,6.774520,4.978091,0.053769
128.676109,121.851534,6.824575,129.837856,123.057769,6.780087,5.944515,0.044981
128.438140,121.607845,6.830295,129.958516,123.175259,6.783257,5.827573,0.043367
128.501077,121.674450,6.826627,129.731265,122.983225,6.748040,5.234360,0.053451
128.461138,121.642183,6.818954,129.360990,122.536267,6.824723,5.294302,0.047428
128.560456,121.730800,6.829655,129.566147,122.764964,6.801185,4.967549,0.055038
128.449422,121.621259,6.828163,129.538644,122.753864,6.784781,5.360184,0.052274
128.468848,121.647689,6.821160,130.177639,123.403461,6.774178,5.483968,0.051842
128.396475,121.571514,6.824961,129.598000,122.807476,6.790524,5.596900,0.050072
128.365953,121.539551,6.826402,129.490220,122.689784,6.800436,5.326207,0.052152
128.322620,121.484170,6.838449,129.636729,122.844182,6.792545,5.263608,0.046927
128.365710,121.522829,6.842881,129.557490,122.765861,6.791629,5.065494,0.047808
128.362512,121.529789,6.832723,129.689216,122.901100,6.788117,5.587700,0.051859
128.412878,121.591131,6.821747,129.858856,123.099047,6.759808,4.863377,0.060186
128.384224,121.551758,6.832466,129.640429,122.853340,6.787090,5.730948,0.050932
128.339537,121.506248,6.833289,129.492152,122.699487,6.792665,5.352509,0.054199
128.390154,121.560760,6.829394,129.922460,123.148743,6.773718,5.427936,0.047911
