248.872638,238.153756,10.718882,201.861636,189.202815,12.658821,3.898511,0.005581
186.300075,177.495446,8.804630,169.681836,161.661934,8.019902,3.677262,0.009181
159.545255,150.153548,9.391707,151.827023,141.385049,10.441974,3.467580,0.012460
148.054490,137.333893,10.720597,143.952619,132.877829,11.074791,3.808563,0.012234
141.848311,130.365573,11.482737,138.630472,126.616154,12.014319,3.701900,0.013622
136.652237,124.173317,12.478920,133.981158,121.030319,12.950838,3.785999,0.014926
132.558388,119.440374,13.118013,130.363178,116.898421,13.464758,3.894902,0.013860
129.668539,116.127860,13.540680,128.290343,114.686047,13.604296,4.013801,0.015567
127.654479,113.850203,13.804276,125.859814,111.821697,14.038117,4.150437,0.014314
125.841440,111.894344,13.947096,124.498846,110.404777,14.094069,3.850439,0.016264
124.376622,110.287392,14.089230,122.961782,108.790478,14.171304,4.035990,0.014705
122.942210,108.703686,14.238524,121.727312,107.505520,14.221791,4.154735,0.016241
121.817715,107.508213,14.309501,120.430905,106.017825,14.413080,4.066158,0.014685
120.791351,106.416976,14.374376,119.532342,105.095831,14.436511,4.280292,0.014650
119.804283,105.393585,14.410698,118.963638,104.577521,14.386117,4.272537,0.014186
119.012918,104.563647,14.449271,118.449155,103.813548,14.635607,4.162084,0.014548
118.284695,103.756609,14.528086,117.814982,103.308460,14.506523,4.187425,0.015090
117.541517,102.963032,14.578485,116.989231,102.437629,14.551602,4.294024,0.014208
116.858903,102.244836,14.614067,116.415152,101.790484,14.624668,4.097513,0.014224
116.294314,101.625431,14.668882,115.909677,101.197515,14.712163,4.239478,0.014722
115.663472,100.955832,14.707640,115.267044,100.461620,14.805423,4.303202,0.014135
115.206723,100.437392,14.769330,114.840064,100.138746,14.701318,4.263672,0.014153
114.761572,100.004025,14.757548,114.556161,99.733976,14.822186,4.283899,0.013761
114.294998,99.472060,14.822938,113.972271,99.162558,14.809713,4.136152,0.014238
113.917152,99.130474,14.786678,113.555901,98.703417,14.852484,4.357959,0.013838
113.437889,98.619554,14.818335,113.354760,98.547777,14.806983,4.336441,0.013997
113.189338,98.323744,14.865594,112.982639,98.087528,14.895111,4.214700,0.014540
112.737144,97.873872,14.863272,112.704739,97.793382,14.911357,4.548449,0.013591
112.410891,97.504630,14.906261,112.607096,97.669526,14.937570,4.134652,0.015911
112.078802,97.146104,14.932698,111.923728,97.010425,14.913303,4.424065,0.014661
111.754768,96.816490,14.938278,111.829096,96.913496,14.915600,4.253199,0.014667
111.496409,96.532701,14.963708,111.553677,96.584227,14.969450,4.299151,0.014862
111.337495,96.369865,14.967630,111.583398,96.632289,14.951109,4.346397,0.013561
111.135813,96.183587,14.952226,111.343359,96.323775,15.019584,4.236016,0.014023
110.811062,95.845628,14.965434,111.022475,96.214894,14.807581,4.456168,0.014483
110.577202,95.595151,14.982051,110.829382,95.830509,14.998872,4.436888,0.013400
110.372327,95.332257,15.040070,110.804827,95.751659,15.053168,4.190740,0.014541
110.137437,95.061510,15.075926,110.625996,95.651712,14.974284,4.387940,0.014082
109.870147,94.876848,14.993299,110.193259,95.146493,15.046767,4.533058,0.013860
109.695714,94.623396,15.072318,109.841562,94.718308,15.123253,4.432212,0.013843
109.443425,94.359795,15.083631,109.694290,94.560838,15.133452,4.274975,0.013883
109.257216,94.201881,15.055335,109.609255,94.513559,15.095696,4.575586,0.012768
109.008075,93.898365,15.109710,109.777021,94.726382,15.050639,4.175470,0.014575
108.949359,93.848858,15.100501,109.366265,94.243089,15.123176,4.460475,0.013866
108.784200,93.665125,15.119076,109.499699,94.311907,15.187792,4.287579,0.015372
108.600565,93.497188,15.103378,109.041726,93.848979,15.192748,4.174613,0.014759
108.493433,93.352587,15.140847,109.050756,93.914411,15.136346,4.371066,0.013451
108.305183,93.147561,15.157622,108.650952,93.478657,15.172295,4.565528,0.012721
108.133414,92.967955,15.165460,109.043700,93.859223,15.184477,4.313148,0.013870
108.025969,92.842857,15.183112,108.656504,93.425471,15.231033,4.458117,0.013575
107.858499,92.655117,15.203382,108.453624,93.224440,15.229184,4.469941,0.013785
107.685928,92.437413,15.248516,108.727180,93.433300,15.293880,4.028342,0.014510
107.578278,92.317508,15.260769,108.139045,92.900676,15.238369,4.459808,0.013718
107.487892,92.275534,15.212359,108.305721,93.023175,15.282546,4.227677,0.014997
107.247640,91.972187,15.275453,108.232571,92.938021,15.294550,4.256070,0.013610
107.151666,91.854787,15.296879,107.796339,92.447710,15.348629,4.459730,0.013826
107.090780,91.804703,15.286077,107.457804,92.163778,15.294027,4.556144,0.013059
106.928169,91.637325,15.290845,107.688703,92.412040,15.276664,4.555652,0.014036
106.783396,91.477068,15.306328,107.606050,92.232063,15.373988,4.270257,0.013505
106.645208,91.300721,15.344488,107.641794,92.393587,15.248208,4.447237,0.013833
106.608800,91.279822,15.328978,107.735311,92.431481,15.303830,4.403527,0.013121
106.469272,91.120823,15.348449,107.319689,91.995984,15.323705,4.176047,0.014151
106.325296,91.018407,15.306889,107.295935,91.946749,15.349186,4.168865,0.014713
106.251193,90.928712,15.322481,107.414925,92.106145,15.308780,4.155513,0.015148
106.212495,90.860453,15.352042,107.016789,91.684136,15.332652,4.479738,0.013594
106.197870,90.848526,15.349344,107.284934,91.909223,15.375711,4.382941,0.013583
106.037385,90.678238,15.359148,107.199652,91.881586,15.318066,4.304489,0.014466
105.928797,90.569931,15.358866,106.966155,91.606414,15.359741,4.450618,0.013909
105.928716,90.616054,15.312662,106.944922,91.557035,15.387888,4.277321,0.013505
105.795689,90.456957,15.338732,106.771473,91.366545,15.404927,4.359338,0.013375
105.715559,90.340357,15.375202,107.027392,91.644926,15.382466,4.194897,0.014779
105.733658,90.383795,15.349864,106.777702,91.467725,15.309977,4.594465,0.013914
105.654630,90.310439,15.344192,106.797845,91.457131,15.340714,4.074416,0.015116
105.538483,90.171439,15.367044,106.747463,91.377875,15.369588,4.526821,0.013358
105.556801,90.231205,15.325596,106.684058,91.355971,15.328087,4.214453,0.014536
105.428024,90.027959,15.400065,106.639984,91.226736,15.413247,4.274914,0.013340
105.313921,89.941876,15.372046,106.978570,91.660885,15.317685,4.138428,0.014621
105.304963,89.958351,15.346612,106.526822,91.186721,15.340101,4.365034,0.014173
105.231575,89.884228,15.347347,106.408596,91.069625,15.338970,4.284853,0.014172
105.280404,89.934813,15.345592,106.636574,91.275648,15.360926,4.412460,0.013616
105.198119,89.824716,15.373403,106.171564,90.728777,15.442787,4.323657,0.014973
105.064817,89.695112,15.369706,106.511502,91.145406,15.366096,4.423202,0.014575
105.053549,89.689119,15.364430,106.241335,90.875995,15.365341,4.490921,0.012914
104.978874,89.668451,15.310423,106.212909,90.878668,15.334241,4.345464,0.013504
104.944851,89.577959,15.366892,106.181523,90.837207,15.344316,4.434746,0.013867
104.934022,89.614675,15.319347,106.478342,91.168115,15.310228,4.523494,0.013934
104.891087,89.532889,15.358198,106.176472,90.770124,15.406348,4.341257,0.014873
104.759259,89.372368,15.386892,106.363882,90.927388,15.436495,4.348163,0.014047
104.686860,89.287375,15.399485,106.260528,90.940683,15.319845,4.301266,0.014180
104.699094,89.330951,15.368143,106.133074,90.738766,15.394308,4.486067,0.013307
104.621115,89.201278,15.419837,106.027907,90.549629,15.478278,4.398159,0.012527
104.548038,89.198476,15.349562,106.152402,90.878034,15.274369,4.382010,0.013451
104.488133,89.104311,15.383822,106.064921,90.676176,15.388746,4.718596,0.014174
104.472456,89.098738,15.373719,105.939366,90.543562,15.395804,4.579507,0.012916
104.399928,89.008222,15.391705,105.853540,90.412331,15.441210,4.347572,0.014627
104.436501,89.044786,15.391715,105.982742,90.612765,15.369978,4.553868,0.014618
104.406525,88.979273,15.427252,105.941081,90.514119,15.426963,4.441331,0.013460
104.329871,88.955331,15.374540,105.967100,90.581991,15.385109,4.463588,0.014650
104.322629,88.934337,15.388292,105.689522,90.324389,15.365133,4.477312,0.013346
104.295666,88.921268,15.374398,105.974117,90.627795,15.346322,4.448039,0.013893
104.235159,88.881746,15.353414,106.238408,90.891480,15.346928,4.291389,0.013569
104.223670,88.844105,15.379565,105.704434,90.287666,15.416768,4.331254,0.014756
104.137277,88.718468,15.418808,105.831344,90.438526,15.392818,4.312091,0.014378
104.140373,88.749102,15.391271,105.633066,90.246655,15.386411,4.602755,0.013023
104.125463,88.748769,15.376694,105.571759,90.124003,15.447756,4.414378,0.013877
104.085752,88.663759,15.421993,105.751104,90.335291,15.415812,4.583047,0.014038
103.979953,88.579219,15.400733,105.642878,90.310440,15.332438,4.594411,0.013870
103.967759,88.554596,15.413163,105.760573,90.398154,15.362420,4.183426,0.015069
103.975852,88.581812,15.394039,105.860922,90.457831,15.403091,4.419095,0.013675
103.969234,88.599200,15.370034,105.762777,90.406319,15.356458,4.632547,0.013090
103.893277,88.495577,15.397700,105.921537,90.574279,15.347258,4.519898,0.013205
103.885220,88.492771,15.392449,105.525218,90.036314,15.488904,4.620172,0.012464
103.899919,88.504178,15.395741,105.602942,90.143120,15.459822,4.115076,0.014964
103.755073,88.341927,15.413146,105.659866,90.271385,15.388482,4.424121,0.013279
103.788677,88.409022,15.379655,105.541829,90.129621,15.412208,4.670390,0.014170
103.737635,88.334857,15.402778,105.565114,90.174312,15.390802,4.243069,0.013331
103.727143,88.352758,15.374385,105.762549,90.441059,15.321490,4.545356,0.013551
103.670352,88.300753,15.369599,105.536379,90.148284,15.388094,4.625936,0.013899
103.645334,88.281735,15.363598,105.473160,90.148814,15.324346,4.580139,0.013863
103.624636,88.212449,15.412188,105.295986,89.930299,15.365687,4.241315,0.015052
103.624006,88.258077,15.365929,105.300146,89.951759,15.348387,4.790515,0.013384
103.588565,88.128814,15.459751,105.434822,89.995785,15.439037,4.523469,0.013452
103.446147,87.988946,15.457201,105.295779,89.848725,15.447054,4.454181,0.013487
103.479928,88.049995,15.429933,105.387765,90.007253,15.380513,4.503333,0.013495
103.398401,87.936339,15.462062,105.307494,89.807129,15.500365,4.569427,0.012725
103.297578,87.833631,15.463947,105.176674,89.743937,15.432737,4.481983,0.015136
103.401292,87.934354,15.466938,105.145759,89.640016,15.505744,4.427065,0.013243
103.375807,87.912891,15.462916,105.117303,89.712725,15.404579,4.538574,0.013764
103.309572,87.874093,15.435479,105.210786,89.775859,15.434927,4.469772,0.014776
103.292019,87.851821,15.440198,105.183242,89.837556,15.345686,4.307884,0.014550
103.327323,87.886710,15.440614,105.080758,89.678105,15.402653,4.142216,0.015764
103.215863,87.712839,15.503024,105.147502,89.706900,15.440603,4.370802,0.013257
103.209776,87.763995,15.445781,105.357486,89.931204,15.426282,4.343010,0.012637
103.133336,87.663221,15.470115,105.195015,89.775700,15.419316,4.379725,0.014223
103.144672,87.657219,15.487453,105.144162,89.759597,15.384566,4.798437,0.014022
103.095596,87.593989,15.501607,105.408792,90.057638,15.351154,4.313216,0.014333
103.116146,87.643044,15.473102,105.034171,89.642934,15.391237,4.609678,0.013172
103.084505,87.645422,15.439083,105.062117,89.621201,15.440916,4.594469,0.013388
103.121762,87.656777,15.464985,105.161899,89.664428,15.497471,4.608963,0.013745
103.027969,87.525289,15.502680,105.121222,89.663141,15.458081,4.268441,0.015647
103.104878,87.649958,15.454920,104.962933,89.506854,15.456079,4.423052,0.014457
103.006831,87.504155,15.502676,104.919557,89.501043,15.418514,4.576087,0.013949
102.972452,87.497601,15.474851,105.021243,89.604278,15.416965,4.431191,0.013414
102.997199,87.507062,15.490137,104.774419,89.263252,15.511166,4.602533,0.013698
102.948362,87.463504,15.484859,105.067206,89.627216,15.439989,4.420721,0.014609
102.879909,87.401241,15.478667,105.152578,89.698241,15.454337,4.297197,0.014596
102.979656,87.489862,15.489794,105.260802,89.843644,15.417158,4.592837,0.012988
102.900658,87.412835,15.487823,104.902338,89.389950,15.512388,4.494043,0.013342
102.822022,87.334553,15.487469,105.071390,89.636927,15.434463,4.587630,0.013142
102.847858,87.352359,15.495499,105.009451,89.561285,15.448166,4.646409,0.012438
102.819151,87.334753,15.484399,104.842376,89.363673,15.478703,4.494241,0.013201
102.800489,87.303076,15.497413,104.806643,89.340727,15.465916,4.611547,0.013720
102.692654,87.210090,15.482563,104.848157,89.427987,15.420171,4.629907,0.014045
102.785020,87.288430,15.496590,104.852292,89.310301,15.541991,4.526305,0.012827
102.716201,87.201889,15.514312,105.050859,89.582253,15.468606,4.495896,0.013876
102.699733,87.223208,15.476525,104.793984,89.333017,15.460967,4.703201,0.012728
102.722757,87.218141,15.504617,104.779776,89.321598,15.458178,4.432922,0.013980
102.681210,87.194742,15.486468,105.029628,89.576646,15.452982,4.515548,0.014257
102.691902,87.204155,15.487747,104.623590,89.190086,15.433505,4.582269,0.012649
102.631305,87.138742,15.492562,104.783371,89.337682,15.445688,4.533515,0.013840
