202.258404,195.313735,6.944669,180.452833,173.369939,7.082894,5.315524,0.012261
163.971855,157.311675,6.660180,153.178135,146.475568,6.702567,4.663718,0.021064
149.518034,142.790849,6.727185,146.732487,139.965865,6.766622,5.190452,0.021487
145.435571,138.697720,6.737851,143.288804,136.590423,6.698381,5.657439,0.021698
142.700037,135.978366,6.721671,140.907809,134.249056,6.658753,5.136830,0.020259
140.930028,134.223385,6.706644,139.486017,132.764745,6.721272,4.978584,0.021218
139.418258,132.726157,6.692101,138.054803,131.386506,6.668298,4.918010,0.020957
137.835007,131.201542,6.633466,136.636476,129.997485,6.638992,5.384225,0.021225
136.487396,129.822483,6.664913,135.202018,128.531478,6.670541,5.734065,0.019276
135.330675,128.640747,6.689928,134.660298,127.988822,6.671476,5.271038,0.021988
134.340043,127.632760,6.707283,133.825352,127.110718,6.714635,5.158132,0.024164
133.587638,126.834859,6.752780,132.743272,126.028361,6.714912,5.815369,0.022995
133.059694,126.309504,6.750191,132.363208,125.621043,6.742164,6.200127,0.019824
132.563263,125.780664,6.782598,131.916488,125.122788,6.793701,6.027449,0.022221
132.073961,125.284841,6.789120,131.977974,125.208223,6.769751,5.603101,0.021033
131.758558,124.966868,6.791690,131.334000,124.528837,6.805163,5.737669,0.021075
131.395197,124.589977,6.805221,131.320526,124.528895,6.791631,6.067719,0.022237
131.200234,124.389443,6.810791,131.655111,124.902744,6.752367,6.113235,0.022084
130.868576,124.055799,6.812777,131.456501,124.690650,6.765851,6.010993,0.022126
130.664055,123.861863,6.802193,130.587098,123.770413,6.816685,5.828753,0.022051
130.427788,123.609162,6.818626,130.656337,123.889615,6.766722,6.104016,0.022504
130.273643,123.454423,6.819220,130.953226,124.158654,6.794573,5.999961,0.021169
130.096234,123.286726,6.809508,130.030975,123.247440,6.783535,5.951887,0.019996
129.898046,123.064019,6.834027,130.249146,123.450957,6.798188,5.998549,0.021757
129.766644,122.936664,6.829980,129.721041,122.868160,6.852881,5.566333,0.023510
129.592009,122.777375,6.814633,129.978420,123.222030,6.756391,5.859863,0.025798
129.509679,122.681828,6.827851,130.115084,123.304175,6.810910,6.523442,0.019913
129.473541,122.651590,6.821952,129.531816,122.717091,6.814724,6.537856,0.020552
129.214146,122.360916,6.853231,129.652125,122.816900,6.835225,6.642318,0.019125
129.218541,122.374735,6.843806,130.226703,123.461153,6.765551,5.895790,0.021778
129.003779,122.166302,6.837478,129.471055,122.648031,6.823024,5.981319,0.020480
128.945609,122.119956,6.825653,129.350090,122.531593,6.818497,6.316488,0.021477
128.942621,122.098176,6.844445,129.406981,122.554007,6.852974,6.667721,0.022053
128.764803,121.909107,6.855696,130.089029,123.279899,6.809130,5.422850,0.022724
128.722377,121.872893,6.849484,129.214464,122.342257,6.872208,5.735262,0.021048
128.585953,121.724182,6.861771,129.359117,122.499198,6.859919,6.635471,0.020239
128.528715,121.666076,6.862638,128.734879,121.888899,6.845979,6.538296,0.018994
128.454837,121.602696,6.852140,129.143369,122.305622,6.837746,6.297132,0.021435
128.401206,121.528740,6.872466,129.463005,122.644450,6.818556,6.321061,0.020713
128.409390,121.549455,6.859935,129.132474,122.285277,6.847198,6.014576,0.020436
128.215374,121.344994,6.870380,128.847860,122.050366,6.797493,6.109968,0.022687
128.145979,121.282272,6.863708,128.957148,122.137611,6.819537,6.464444,0.021346
128.031330,121.154157,6.877173,128.740581,121.904355,6.836226,5.922612,0.024153
127.852121,120.982784,6.869336,128.929245,122.093037,6.836208,7.070612,0.019923
127.902393,121.034133,6.868260,128.401559,121.537512,6.864047,6.277461,0.024141
127.775650,120.889827,6.885822,128.800705,121.915035,6.885670,5.782120,0.022911
127.874834,120.996014,6.878820,128.180589,121.317393,6.863197,6.719493,0.020518
127.694314,120.814427,6.879886,128.712137,121.872236,6.839901,6.529343,0.019972
127.755982,120.865174,6.890809,128.486968,121.609199,6.877769,5.721307,0.023595
127.710280,120.816195,6.894085,128.308739,121.462771,6.845968,5.687159,0.021497
127.628753,120.746970,6.881783,128.563799,121.702604,6.861195,5.668631,0.021836
127.416032,120.517019,6.899012,128.693572,121.849042,6.844530,7.036870,0.019480
127.509191,120.623065,6.886127,128.272303,121.418435,6.853867,6.026516,0.021009
127.456901,120.553764,6.903137,128.948055,122.140901,6.807154,6.470105,0.022365
127.548157,120.641417,6.906740,128.169702,121.261481,6.908221,6.139213,0.022873
127.379287,120.463063,6.916224,128.483746,121.659058,6.824688,6.241713,0.021660
127.441646,120.551582,6.890064,128.261613,121.415202,6.846412,6.394190,0.023486
127.389154,120.477119,6.912035,128.151571,121.221745,6.929826,6.538518,0.021726
127.234190,120.311627,6.922563,128.314428,121.434691,6.879738,5.928583,0.023937
127.303551,120.393381,6.910170,128.168052,121.277321,6.890730,5.865451,0.021405
127.214187,120.326961,6.887227,127.958422,121.058619,6.899803,6.433090,0.021211
127.254580,120.352744,6.901837,128.260926,121.399001,6.861925,6.380453,0.021494
127.028035,120.107229,6.920806,128.206140,121.316155,6.889984,6.779446,0.021752
127.088752,120.208824,6.879928,128.144440,121.282312,6.862128,5.636464,0.024289
126.985815,120.081379,6.904436,128.540519,121.684330,6.856189,6.468408,0.021524
127.109014,120.209434,6.899580,128.587859,121.689540,6.898318,5.899302,0.026029
126.970751,120.042280,6.928471,128.515900,121.665436,6.850465,6.729362,0.022559
126.913681,119.990995,6.922686,128.318096,121.435765,6.882330,6.192146,0.022456
126.954330,120.029101,6.925229,127.914005,121.019142,6.894864,6.616541,0.020189
126.777415,119.859738,6.917677,128.469817,121.619456,6.850362,6.869428,0.021637
126.916624,120.012357,6.904268,128.073970,121.167326,6.906644,6.284413,0.021394
126.869517,119.967340,6.902177,128.238652,121.364920,6.873732,6.179928,0.020742
126.857335,119.942942,6.914392,128.108178,121.225407,6.882771,6.796464,0.020490
126.792529,119.875869,6.916660,128.165334,121.302638,6.862696,6.267270,0.023786
126.760599,119.831759,6.928840,127.922105,120.983499,6.938607,6.387898,0.024174
126.563079,119.621025,6.942053,128.232697,121.312832,6.919865,6.194858,0.024298
126.606101,119.671792,6.934310,128.043036,121.151573,6.891462,6.048906,0.023824
126.593000,119.667987,6.925013,127.816611,120.928033,6.888578,6.163502,0.023217
126.542530,119.602590,6.939940,128.001928,121.091563,6.910365,6.934869,0.018615
126.540135,119.609959,6.930176,127.945654,121.088648,6.857005,6.726624,0.023435
126.540051,119.611850,6.928200,127.594005,120.681477,6.912529,6.015381,0.023011
126.496571,119.557287,6.939284,127.986279,121.082827,6.903451,6.322124,0.024606
126.542657,119.607247,6.935410,128.189268,121.335728,6.853540,6.312396,0.020877
126.560938,119.624436,6.936501,127.570335,120.661918,6.908417,5.902316,0.023909
126.315523,119.355381,6.960142,128.049496,121.145797,6.903700,6.394931,0.021937
126.412512,119.475560,6.936952,127.982969,121.088209,6.894761,6.178330,0.020590
126.346530,119.391528,6.955002,127.833267,120.922381,6.910886,7.461725,0.019236
126.271014,119.307062,6.963952,127.639199,120.712905,6.926294,7.696256,0.023737
126.327240,119.377417,6.949823,127.961265,121.082340,6.878926,6.200830,0.023601
126.290702,119.363325,6.927377,127.736072,120.850083,6.885989,6.748301,0.019761
126.284975,119.345616,6.939359,127.785065,120.863531,6.921534,7.204618,0.019142
126.289770,119.344607,6.945163,127.733561,120.812775,6.920785,5.932724,0.023493
126.248438,119.292008,6.956430,127.686890,120.760153,6.926737,6.297494,0.022553
126.234744,119.274806,6.959938,127.801526,120.908015,6.893511,6.495282,0.023229
126.215597,119.264844,6.950753,127.639763,120.729953,6.909810,6.396021,0.024550
126.246168,119.297874,6.948295,127.783262,120.877915,6.905347,6.310816,0.018662
126.246380,119.296500,6.949880,127.935022,121.014353,6.920670,6.256155,0.021906
126.343982,119.382439,6.961543,127.319266,120.387330,6.931935,6.437489,0.022925
126.363410,119.410834,6.952576,127.843911,120.924334,6.919577,6.024451,0.020037
126.313134,119.355815,6.957320,127.625385,120.701726,6.923658,6.190330,0.023110
125.899869,118.931748,6.968122,127.766712,120.894677,6.872035,6.820088,0.023532
126.301467,119.346181,6.955287,127.597337,120.656209,6.941128,6.459373,0.022053
126.122428,119.148083,6.974345,127.451197,120.530362,6.920835,6.649696,0.019577
126.297249,119.332545,6.964704,127.492336,120.572823,6.919513,6.825527,0.024255
126.277573,119.320320,6.957253,127.758996,120.833139,6.925857,6.023451,0.020762
126.116051,119.138037,6.978015,127.669711,120.720642,6.949069,5.959305,0.021847
126.086075,119.111394,6.974681,127.890364,120.984866,6.905498,6.725350,0.023416
126.009706,119.048303,6.961403,127.610178,120.710662,6.899515,6.103846,0.022238
126.131605,119.167058,6.964547,127.431727,120.502004,6.929723,6.445991,0.020414
126.152583,119.180860,6.971724,127.876399,120.943033,6.933366,6.212882,0.022092
126.039103,119.067166,6.971937,127.602127,120.685596,6.916531,5.992495,0.023504
126.087474,119.129662,6.957812,127.600937,120.704830,6.896106,5.568545,0.025086
125.948338,118.979242,6.969096,127.695374,120.807020,6.888354,6.189406,0.022127
126.099135,119.142443,6.956693,127.726209,120.822829,6.903380,6.462019,0.026131
125.979209,118.997343,6.981866,127.046994,120.104945,6.942048,6.009622,0.022050
125.949861,118.981290,6.968571,127.532522,120.607015,6.925507,6.339974,0.021912
125.910337,118.935203,6.975134,127.368328,120.449029,6.919299,6.043820,0.023975
125.885115,118.911115,6.974000,127.217440,120.284149,6.933292,6.257094,0.020965
125.909492,118.934620,6.974872,127.392268,120.477409,6.914860,6.811789,0.022041
125.993726,119.033307,6.960419,127.174847,120.243237,6.931610,6.611817,0.022637
125.809761,118.851358,6.958403,127.992343,121.086894,6.905450,5.655225,0.026796
125.916599,118.963168,6.953431,127.847302,120.921099,6.926204,5.987975,0.022300
125.944511,118.965633,6.978877,127.253548,120.293158,6.960390,6.974593,0.022126
125.937051,118.970875,6.966176,127.684137,120.763192,6.920944,6.548594,0.019982
125.855630,118.868869,6.986761,127.576661,120.633619,6.943043,6.144039,0.021223
125.957262,118.984821,6.972441,127.338264,120.389178,6.949086,6.049103,0.021232
125.750261,118.773287,6.976973,127.439129,120.519512,6.919617,5.885962,0.022852
125.905633,118.908013,6.997619,127.249501,120.307447,6.942054,6.641870,0.022827
125.829916,118.837861,6.992056,127.778706,120.860210,6.918496,6.317906,0.023447
125.865936,118.890248,6.975688,127.698079,120.772615,6.925463,6.216618,0.023077
125.854104,118.862187,6.991917,127.476677,120.506126,6.970551,6.169012,0.022394
125.694372,118.697247,6.997125,127.473551,120.526463,6.947088,5.984783,0.024139
125.737645,118.754899,6.982745,127.531101,120.591857,6.939244,5.838419,0.022457
125.820737,118.846711,6.974025,127.320195,120.370304,6.949891,5.850175,0.023569
125.739595,118.731663,7.007932,127.283666,120.324801,6.958865,6.315574,0.022713
125.764268,118.791055,6.973213,127.478005,120.528500,6.949505,6.143090,0.021756
125.671397,118.684950,6.986446,127.599034,120.649300,6.949735,5.773163,0.021887
125.758176,118.772850,6.985326,127.249949,120.276009,6.973941,6.364892,0.021548
125.640123,118.630667,7.009456,127.279103,120.323617,6.955486,6.500426,0.020240
125.783871,118.796726,6.987145,127.435626,120.490112,6.945515,5.316809,0.026097
125.665480,118.666398,6.999083,127.108508,120.116104,6.992404,5.641804,0.023009
125.539781,118.531316,7.008465,127.347263,120.413116,6.934147,6.227312,0.021189
125.710334,118.732868,6.977467,127.565055,120.656397,6.908658,5.258554,0.025074
125.794561,118.825751,6.968810,127.183352,120.249128,6.934224,5.957796,0.022462
125.630540,118.627909,7.002631,127.453751,120.512803,6.940948,5.566073,0.023407
125.701735,118.719337,6.982398,127.693743,120.761492,6.932252,6.889045,0.020965
125.771638,118.801695,6.969942,127.456496,120.508769,6.947727,6.169602,0.021190
125.805710,118.828723,6.976987,127.468014,120.540542,6.927473,6.153478,0.019922
125.653401,118.666185,6.987216,127.262421,120.326141,6.936279,6.516335,0.020182
125.862404,118.870540,6.991864,127.581352,120.639800,6.941553,6.553657,0.023629
125.739884,118.748389,6.991495,127.661138,120.709101,6.952037,5.779098,0.020831
125.730196,118.722276,7.007920,127.634274,120.662924,6.971350,6.934984,0.020004
125.821501,118.822261,6.999240,127.458567,120.513687,6.944880,6.566303,0.021904
125.790181,118.800235,6.989946,127.406161,120.449165,6.956996,6.436340,0.021926
125.741214,118.742840,6.998373,127.692093,120.725449,6.966644,6.300278,0.024071
125.655521,118.644990,7.010531,127.124772,120.139126,6.985646,6.075625,0.020453
125.678717,118.679435,6.999282,127.692877,120.737884,6.954993,6.503538,0.021604
125.878571,118.890336,6.988235,127.737848,120.799107,6.938741,6.307196,0.019591
125.804664,118.824425,6.980239,127.544585,120.591159,6.953427,6.078769,0.024068
125.802153,118.792653,7.009500,127.626029,120.660898,6.965130,6.035268,0.023560
