257.751819,255.512962,2.238858,194.632383,192.170572,2.461812,3.933426,0.009444
188.657695,184.566483,4.091212,177.988200,171.619353,6.368847,3.382460,0.014181
168.392754,159.756758,8.635996,158.733073,148.226058,10.507014,2.964235,0.020611
153.878642,142.060265,11.818377,148.623171,135.795393,12.827778,2.993436,0.020012
145.460804,131.900106,13.560699,141.140585,126.808083,14.332502,3.222349,0.019839
140.072830,125.392010,14.680819,137.135927,121.964076,15.171851,3.192158,0.019925
136.240370,120.801937,15.438433,133.620317,117.605189,16.015128,3.270696,0.019959
133.155522,117.005740,16.149782,130.525663,114.150214,16.375449,3.214897,0.021973
130.587069,113.918841,16.668228,128.932323,112.079870,16.852453,3.103181,0.022519
128.676365,111.511293,17.165071,127.143527,109.646364,17.497162,3.064366,0.022262
126.904072,109.328205,17.575867,125.349761,107.633430,17.716331,3.149137,0.021869
125.485407,107.558226,17.927181,123.908887,105.770542,18.138345,3.410644,0.020292
124.240217,105.976404,18.263813,122.984637,104.467203,18.517433,2.999262,0.023058
123.066825,104.480120,18.586706,121.880790,103.187923,18.692867,3.221324,0.021622
122.199825,103.386296,18.813529,120.818152,101.892200,18.925952,3.182346,0.022288
121.283428,102.275533,19.007896,120.245839,101.195316,19.050523,3.084870,0.022592
120.407851,101.243376,19.164475,119.371077,100.120033,19.251044,3.034380,0.022955
119.686478,100.414316,19.272161,118.685421,99.274117,19.411305,3.240630,0.020914
119.032923,99.577314,19.455608,118.177611,98.634021,19.543590,3.335943,0.019376
118.375866,98.811527,19.564339,117.776513,98.187339,19.589174,3.371757,0.020499
117.817675,98.193873,19.623802,116.956191,97.255331,19.700860,3.219881,0.022219
117.289697,97.638674,19.651022,116.610038,96.842623,19.767416,3.267984,0.020759
116.874793,97.098223,19.776570,116.275275,96.531080,19.744194,3.074320,0.020928
116.355791,96.498211,19.857580,116.103414,96.151520,19.951894,3.157923,0.022197
115.840963,95.910184,19.930779,115.431387,95.445668,19.985719,3.281887,0.020412
115.529569,95.573397,19.956172,114.993978,94.978683,20.015296,3.469850,0.019474
115.058291,95.021793,20.036498,114.859594,94.800231,20.059362,3.391670,0.020165
114.732976,94.674349,20.058627,114.713804,94.606951,20.106852,3.047145,0.022388
114.319024,94.206614,20.112410,114.272335,94.205142,20.067194,3.302255,0.020601
114.069390,93.904394,20.164996,113.838315,93.646848,20.191467,3.414469,0.020200
113.655832,93.369088,20.286744,113.312432,93.034270,20.278162,3.363272,0.020254
113.336803,93.025728,20.311075,113.006758,92.645120,20.361638,3.544030,0.018348
113.085477,92.679389,20.406088,112.897916,92.440281,20.457635,3.260717,0.020017
112.770068,92.327203,20.442865,112.736018,92.275540,20.460478,3.321203,0.019528
112.518561,92.016446,20.502115,112.736611,92.192798,20.543813,3.294158,0.019149
112.244861,91.732526,20.512335,112.019842,91.447550,20.572292,3.437679,0.019099
112.003777,91.476015,20.527762,111.818730,91.250050,20.568680,3.509592,0.018622
111.751724,91.156200,20.595524,111.666829,91.009594,20.657235,3.432598,0.018675
111.431333,90.796494,20.634840,111.613732,90.973188,20.640544,3.224195,0.020609
111.302064,90.643691,20.658373,111.408953,90.745259,20.663693,3.305746,0.019849
111.088658,90.384886,20.703772,111.128921,90.387163,20.741758,3.358465,0.019882
110.849806,90.109281,20.740525,111.157614,90.436779,20.720835,3.329002,0.020179
110.628867,89.894603,20.734265,110.956236,90.284231,20.672004,3.349480,0.020163
110.406027,89.670418,20.735609,110.718110,90.073884,20.644226,3.330017,0.019663
110.268922,89.512185,20.756737,110.569841,89.947270,20.622571,3.348657,0.020801
110.072821,89.321830,20.750992,110.285079,89.501362,20.783717,3.357311,0.019943
109.850561,89.117209,20.733352,110.332991,89.640964,20.692028,3.578183,0.017247
109.696072,88.943316,20.752757,110.070142,89.370235,20.699907,3.459446,0.018821
109.569572,88.793815,20.775757,110.026440,89.318830,20.707610,3.410199,0.019106
109.366216,88.586280,20.779936,109.718828,88.998147,20.720681,3.407252,0.019083
109.190517,88.378832,20.811685,109.474622,88.735206,20.739416,3.469693,0.019537
108.998240,88.201343,20.796897,109.540069,88.766253,20.773816,3.437542,0.018877
108.889901,88.147947,20.741954,109.319415,88.626356,20.693059,3.452694,0.019179
108.737960,87.942727,20.795234,109.270949,88.546213,20.724736,3.458889,0.018221
108.559254,87.766974,20.792280,109.131874,88.505608,20.626266,3.551913,0.018551
108.485911,87.691168,20.794742,108.950587,88.235734,20.714853,3.397521,0.019048
108.327867,87.501833,20.826035,108.774119,87.991122,20.782998,3.487234,0.019027
108.156291,87.358688,20.797603,108.893679,88.228687,20.664992,3.409812,0.020916
108.050207,87.270375,20.779833,108.992283,88.317418,20.674866,3.376251,0.019309
107.933494,87.143895,20.789599,108.508554,87.726117,20.782437,3.429039,0.019540
107.849143,87.058208,20.790936,108.707276,88.016173,20.691104,3.424473,0.018960
107.669443,86.839962,20.829481,108.438902,87.635489,20.803413,3.395920,0.018131
107.584994,86.743191,20.841803,108.334611,87.569912,20.764699,3.302270,0.018858
107.455571,86.638365,20.817206,108.383651,87.696509,20.687142,3.358249,0.020646
107.333410,86.538962,20.794448,108.210320,87.420071,20.790249,3.323865,0.019141
107.247220,86.414689,20.832531,108.233905,87.468334,20.765571,3.276825,0.019201
107.144692,86.319996,20.824696,107.866519,87.076151,20.790368,3.259646,0.019633
107.045274,86.183345,20.861928,107.994008,87.264273,20.729735,3.396842,0.018338
106.909678,86.077283,20.832395,107.728352,86.987234,20.741117,3.513853,0.017602
106.824796,85.963663,20.861134,107.585983,86.781660,20.804323,3.344621,0.019689
106.766861,85.895961,20.870900,107.574848,86.787333,20.787515,3.361028,0.018338
106.609080,85.746225,20.862855,107.468433,86.634138,20.834295,3.546065,0.017987
106.550130,85.692999,20.857131,107.681477,86.959204,20.722274,3.380942,0.020562
106.469513,85.624809,20.844704,107.343556,86.524559,20.818997,3.527520,0.017334
106.375435,85.510486,20.864949,107.506534,86.761180,20.745354,3.479277,0.017350
106.282533,85.420317,20.862216,107.462578,86.650774,20.811804,3.471080,0.018530
106.131431,85.281204,20.850226,107.388177,86.559257,20.828921,3.479928,0.018206
106.064489,85.210348,20.854141,106.942073,86.151667,20.790406,3.707135,0.017490
105.998967,85.154406,20.844561,107.184829,86.443612,20.741217,3.367766,0.018618
105.890488,85.014456,20.876032,106.922376,86.115597,20.806779,3.708906,0.016433
105.827747,84.950676,20.877071,107.002655,86.198835,20.803820,3.308522,0.020243
105.766500,84.868903,20.897597,106.939909,86.128520,20.811389,3.514184,0.017415
105.670059,84.748094,20.921964,106.999049,86.115059,20.883990,3.392777,0.019220
105.560885,84.633723,20.927162,106.783955,85.945807,20.838148,3.561255,0.017351
105.543382,84.612556,20.930826,106.890019,86.044682,20.845338,3.455395,0.018147
105.388946,84.458011,20.930935,106.698187,85.856492,20.841695,3.449742,0.017928
105.373145,84.441240,20.931905,106.666736,85.847037,20.819699,3.435133,0.019438
105.264899,84.322143,20.942756,106.656132,85.733941,20.922192,3.498158,0.017189
105.260885,84.309967,20.950918,106.466798,85.682569,20.784230,3.822715,0.016597
105.134609,84.204182,20.930426,106.432930,85.594113,20.838817,3.409001,0.018566
105.080638,84.118558,20.962080,106.494811,85.594916,20.899895,3.474560,0.017204
105.036141,84.073075,20.963066,106.481892,85.642102,20.839791,3.506217,0.019229
105.034411,84.055317,20.979095,106.408037,85.572113,20.835925,3.467734,0.017918
104.916447,83.935606,20.980841,106.440866,85.555134,20.885732,3.523535,0.018281
104.887063,83.889167,20.997895,106.197015,85.302160,20.894855,3.478314,0.018236
104.834787,83.812075,21.022713,106.059275,85.123740,20.935535,3.688153,0.016127
104.721179,83.685765,21.035414,106.373212,85.415540,20.957673,3.408936,0.018276
104.691628,83.674965,21.016662,106.107291,85.203563,20.903728,3.440735,0.018159
104.630472,83.612748,21.017724,106.168335,85.262422,20.905913,3.392259,0.017607
104.572963,83.548526,21.024437,105.951987,85.062336,20.889652,3.651374,0.016560
104.532938,83.509241,21.023697,106.089152,85.151974,20.937178,3.600186,0.017551
104.427816,83.385383,21.042434,105.963646,85.016251,20.947395,3.714318,0.017063
104.360656,83.335364,21.025292,106.005139,85.140140,20.864998,3.395372,0.017602
104.374955,83.374175,21.000780,105.989322,85.099733,20.889590,3.422906,0.017497
104.304991,83.289056,21.015935,105.829155,84.855543,20.973612,3.556063,0.016790
104.192989,83.145339,21.047650,105.944457,84.982137,20.962320,3.485808,0.016810
104.163468,83.116701,21.046767,105.777519,84.863286,20.914233,3.517727,0.016468
104.150174,83.121660,21.028514,105.623791,84.672423,20.951367,3.325013,0.019414
104.086655,83.024769,21.061887,105.708108,84.712376,20.995733,3.635222,0.016946
104.004188,82.950202,21.053986,105.684899,84.672143,21.012756,3.464797,0.017133
103.956229,82.875192,21.081037,105.549159,84.522706,21.026453,3.611012,0.016933
103.881397,82.806127,21.075270,105.532038,84.551133,20.980905,3.640250,0.016481
103.826528,82.727602,21.098927,105.653846,84.681970,20.971876,3.563072,0.017384
103.824432,82.708181,21.116252,105.527554,84.523248,21.004306,3.438265,0.017535
103.781368,82.658140,21.123228,105.436550,84.420127,21.016423,3.524929,0.016818
103.712805,82.608526,21.104279,105.432492,84.416533,21.015959,3.701626,0.016620
103.718316,82.560368,21.157948,105.389315,84.319303,21.070012,3.436407,0.017600
103.607107,82.457675,21.149432,105.300858,84.257799,21.043059,3.551127,0.017415
103.527549,82.384405,21.143144,105.249683,84.195636,21.054047,3.571780,0.017675
103.498876,82.336164,21.162712,105.621442,84.590529,21.030913,3.418513,0.017943
103.455764,82.306159,21.149605,105.385823,84.300141,21.085681,3.694203,0.015694
103.456276,82.276529,21.179748,105.343136,84.339127,21.004009,3.565470,0.017218
103.465063,82.268316,21.196747,105.257554,84.205917,21.051636,3.722760,0.015975
103.312508,82.137434,21.175074,104.983484,83.930976,21.052508,3.409491,0.018100
103.316957,82.178260,21.138698,105.204844,84.194149,21.010694,3.526559,0.016850
103.230188,82.062646,21.167542,105.106355,84.090592,21.015763,3.606197,0.017210
103.160168,82.041824,21.118345,105.237982,84.207482,21.030500,3.567779,0.017620
103.219670,82.030785,21.188885,105.095246,84.065679,21.029566,3.583046,0.017178
103.142244,81.969157,21.173088,105.151473,84.028540,21.122934,3.377212,0.017450
103.064498,81.866776,21.197721,104.946900,83.826928,21.119972,3.637688,0.016696
103.012964,81.772932,21.240033,105.051270,83.945310,21.105961,3.330368,0.017680
102.979262,81.764172,21.215090,105.152063,84.010255,21.141808,3.553499,0.017688
102.982408,81.765102,21.217306,105.257971,84.138020,21.119951,3.574359,0.017264
102.954727,81.702809,21.251918,104.859588,83.722161,21.137427,3.700888,0.015675
102.904816,81.674564,21.230252,104.910818,83.820669,21.090149,3.542034,0.017225
102.798150,81.591497,21.206653,104.847243,83.760847,21.086396,3.651600,0.016573
102.849738,81.654507,21.195231,104.718815,83.596755,21.122060,3.399285,0.018340
102.719306,81.497326,21.221980,104.922097,83.771217,21.150879,3.507111,0.017335
102.798680,81.546605,21.252076,104.715536,83.541833,21.173704,3.308259,0.017930
102.713541,81.465148,21.248393,104.834872,83.680621,21.154252,3.585071,0.016890
102.698627,81.458147,21.240480,104.931575,83.807673,21.123903,3.501088,0.015704
102.660184,81.373797,21.286387,104.676621,83.484807,21.191814,3.497201,0.018437
102.559221,81.247518,21.311703,104.765239,83.531695,21.233544,3.580563,0.015646
102.584565,81.262701,21.321863,104.674280,83.484746,21.189534,3.593956,0.016619
102.531302,81.240656,21.290646,104.594927,83.340500,21.254426,3.465126,0.016843
102.507599,81.231242,21.276357,104.550609,83.340091,21.210519,3.451872,0.017522
102.463085,81.172909,21.290176,104.658160,83.473361,21.184800,3.527307,0.018275
102.451889,81.139840,21.312049,104.554515,83.338500,21.216015,3.732500,0.015455
102.432059,81.120679,21.311380,104.715114,83.533280,21.181834,3.502527,0.016885
102.387963,81.090778,21.297186,104.625424,83.322439,21.302985,3.487139,0.017215
102.330121,80.981649,21.348472,104.923253,83.730445,21.192807,3.473480,0.017360
102.325992,81.011368,21.314625,104.715231,83.505968,21.209263,3.516135,0.017638
102.317431,81.000948,21.316483,104.552228,83.270865,21.281363,3.470018,0.018481
102.232455,80.909821,21.322634,104.594947,83.360148,21.234798,3.474255,0.017010
102.189027,80.868555,21.320472,104.575019,83.364229,21.210790,3.405193,0.017768
102.235962,80.888935,21.347027,104.598296,83.337495,21.260801,3.362609,0.017346
102.178708,80.841552,21.337156,104.537203,83.305775,21.231428,3.490610,0.017628
102.168411,80.811343,21.357068,104.493694,83.142535,21.351159,3.489757,0.016380
102.089916,80.713558,21.376358,104.500469,83.201590,21.298879,3.652273,0.017263
102.078813,80.697466,21.381347,104.359682,83.121598,21.238084,3.530578,0.017413
