259.899121,257.904882,1.994239,196.323743,193.663939,2.659804,5.185244,0.004915
194.142563,191.239202,2.903361,191.776380,188.252797,3.523582,4.799877,0.005980
186.029292,181.208858,4.820434,177.940800,171.522632,6.418168,4.131513,0.009566
172.154266,164.466313,7.687953,164.738192,155.580562,9.157629,4.171806,0.011152
159.434543,149.161183,10.273360,153.479201,142.234903,11.244298,4.045734,0.012863
151.228759,139.543321,11.685438,147.163983,135.069317,12.094667,3.958311,0.013530
146.000941,133.605411,12.395529,142.973098,130.351558,12.621540,4.150640,0.014287
142.067375,129.188330,12.879045,139.706366,126.383801,13.322565,4.032070,0.013928
138.983748,125.629827,13.353921,136.732337,123.206976,13.525361,3.822019,0.014848
136.375746,122.586600,13.789145,134.331860,120.284402,14.047459,3.964467,0.015244
134.156973,120.009655,14.147318,132.058304,117.603244,14.455060,3.938467,0.014883
132.102522,117.555428,14.547094,130.308940,115.481620,14.827319,4.056329,0.015151
130.349783,115.356098,14.993685,128.800230,113.497003,15.303226,4.104752,0.014890
128.631469,113.265352,15.366117,127.020644,111.475189,15.545455,3.764372,0.017211
127.191457,111.518790,15.672667,125.824994,109.963102,15.861891,4.077918,0.015456
125.892098,110.010486,15.881612,124.684420,108.734209,15.950211,3.987323,0.016310
124.790202,108.762009,16.028192,123.330547,107.161129,16.169418,4.293821,0.014812
123.829080,107.595563,16.233517,122.500753,106.168993,16.331760,4.092709,0.015810
122.861528,106.452895,16.408633,121.468263,104.885270,16.582993,4.138212,0.015652
121.907994,105.369048,16.538946,120.654661,104.118927,16.535733,4.259183,0.014919
121.143280,104.490023,16.653258,120.119209,103.331880,16.787329,4.093227,0.015837
120.445497,103.692935,16.752562,119.204763,102.253982,16.950781,4.216776,0.014956
119.704760,102.852394,16.852366,118.795928,101.742674,17.053255,4.016978,0.015544
119.024040,102.042983,16.981057,118.276628,101.106995,17.169634,4.238968,0.015265
118.454267,101.446991,17.007276,117.361017,100.235875,17.125141,4.269683,0.014904
117.797247,100.743648,17.053599,117.051807,99.847179,17.204628,4.150799,0.016163
117.186560,100.091195,17.095365,116.477315,99.316170,17.161144,4.121171,0.015639
116.715219,99.568947,17.146271,116.174069,98.843151,17.330918,4.120361,0.014855
116.161347,98.979093,17.182253,115.568284,98.356498,17.211786,4.100326,0.016261
115.700222,98.463977,17.236245,115.260913,97.984620,17.276293,3.983545,0.016019
115.227329,97.927911,17.299418,114.515385,97.135033,17.380353,4.079975,0.015388
114.783120,97.425761,17.357359,113.680792,96.195275,17.485516,4.074687,0.015035
114.273609,96.848287,17.425322,113.571667,96.137970,17.433698,4.195155,0.015009
113.770758,96.386034,17.384724,113.202282,95.742565,17.459717,3.963380,0.015623
113.400882,95.936648,17.464234,112.667138,95.141564,17.525573,4.149874,0.014588
112.964884,95.455917,17.508967,112.343519,94.773476,17.570043,3.999997,0.015278
112.519281,94.986536,17.532745,112.043545,94.334493,17.709051,3.925630,0.015661
112.089109,94.494458,17.594651,111.798992,94.206165,17.592827,4.136817,0.015053
111.613229,93.994678,17.618551,110.880674,93.146182,17.734492,3.929152,0.015569
111.243066,93.577691,17.665376,110.708604,93.003983,17.704621,3.964917,0.015158
110.884117,93.157744,17.726373,110.474803,92.620988,17.853816,4.013310,0.015090
110.543902,92.825132,17.718770,110.125856,92.389442,17.736413,3.845721,0.015724
110.164484,92.411844,17.752640,109.941132,92.162401,17.778731,3.902526,0.014647
109.826491,92.023358,17.803133,109.438198,91.622119,17.816079,4.071036,0.015395
109.525356,91.706066,17.819289,109.237216,91.440778,17.796438,4.070271,0.014231
109.231668,91.369866,17.861802,108.968602,91.087986,17.880617,4.020898,0.014215
108.929022,91.099964,17.829057,108.727669,90.909777,17.817891,4.054095,0.015027
108.722877,90.864981,17.857896,108.755832,90.997565,17.758268,4.001769,0.015174
108.412935,90.558225,17.854710,108.261447,90.431116,17.830332,4.073531,0.014860
108.170878,90.305459,17.865419,108.058593,90.163819,17.894774,4.006320,0.014897
107.977761,90.095601,17.882161,107.850998,89.966427,17.884571,3.893546,0.015166
107.728230,89.820705,17.907526,107.489885,89.619822,17.870063,4.215596,0.014036
107.498389,89.566994,17.931395,107.300063,89.392975,17.907087,3.822659,0.016245
107.188196,89.252986,17.935211,107.322524,89.275871,18.046653,4.025555,0.014854
107.010548,89.006235,18.004312,106.798049,88.832163,17.965885,4.009669,0.014450
106.859544,88.838297,18.021247,106.868603,88.836331,18.032272,3.987944,0.014116
106.597630,88.569025,18.028605,106.495729,88.500754,17.994975,3.891356,0.014641
106.378896,88.357951,18.020946,106.266553,88.252496,18.014057,4.152370,0.013511
106.215481,88.189192,18.026290,106.197382,88.212432,17.984950,4.047675,0.014248
106.028800,87.985374,18.043426,106.088123,88.034007,18.054116,4.181003,0.013933
105.887650,87.861542,18.026107,106.010657,87.896815,18.113842,3.987921,0.014010
105.657310,87.580870,18.076440,105.838914,87.762260,18.076654,3.807223,0.015390
105.440761,87.335068,18.105693,105.663482,87.552510,18.110972,3.894838,0.015136
105.313475,87.231019,18.082456,105.230846,87.159584,18.071262,4.072507,0.014240
105.195742,87.094410,18.101333,105.253823,87.153492,18.100331,3.920291,0.014399
105.085343,86.938027,18.147316,105.253976,87.152376,18.101600,3.837543,0.014175
104.863933,86.714386,18.149547,105.078803,86.969339,18.109464,4.020884,0.014306
104.717506,86.582274,18.135233,105.426826,87.306214,18.120613,3.798809,0.015127
104.600771,86.406834,18.193937,104.693332,86.512435,18.180898,3.954247,0.014324
104.464982,86.257485,18.207497,104.728797,86.524127,18.204670,4.038497,0.014122
104.307291,86.079391,18.227900,104.532646,86.383617,18.149029,3.941508,0.014392
104.208346,85.954392,18.253954,104.413944,86.198784,18.215159,4.009171,0.013628
104.094942,85.878559,18.216384,104.542954,86.298434,18.244520,3.895720,0.014882
104.004280,85.748992,18.255287,104.320225,86.061361,18.258864,3.877391,0.014530
103.848148,85.533090,18.315058,104.182957,85.908551,18.274405,3.901025,0.014661
103.694331,85.371495,18.322835,104.099554,85.800871,18.298683,3.993939,0.014929
103.641686,85.314493,18.327193,103.938760,85.654712,18.284048,4.116220,0.012781
103.520954,85.225195,18.295759,104.089905,85.831308,18.258596,3.852160,0.015131
103.475362,85.167115,18.308248,103.893007,85.526937,18.366070,3.974048,0.014068
103.323734,84.991263,18.332471,103.629081,85.297493,18.331588,4.046700,0.014499
103.247299,84.934296,18.313003,103.775589,85.461565,18.314023,3.943482,0.013734
103.228470,84.883288,18.345181,103.897182,85.552265,18.344916,3.895480,0.015030
103.095393,84.741216,18.354178,103.547119,85.117176,18.429943,3.950515,0.013723
102.979347,84.572457,18.406890,103.527837,85.136858,18.390979,3.748355,0.014546
102.911471,84.513920,18.397550,103.456559,85.020299,18.436259,3.956351,0.014866
102.870361,84.455000,18.415360,103.450668,85.068499,18.382169,3.973941,0.014403
102.734815,84.323655,18.411160,103.346827,85.024229,18.322598,4.081097,0.013564
102.682156,84.262750,18.419406,103.433234,85.027646,18.405587,3.919617,0.013600
102.630168,84.180646,18.449521,103.189667,84.762866,18.426802,3.808976,0.014937
102.495074,84.017707,18.477367,103.158825,84.741851,18.416973,4.083437,0.013435
102.480465,84.058253,18.422212,102.805878,84.313865,18.492013,4.130242,0.013818
102.396460,83.933874,18.462586,103.064595,84.640366,18.424229,3.979565,0.014231
102.329836,83.860820,18.469016,103.117397,84.643655,18.473743,4.005022,0.014232
102.237462,83.740021,18.497441,102.882535,84.436025,18.446509,4.013753,0.014213
102.180163,83.701160,18.479003,102.878496,84.502473,18.376023,4.004851,0.013789
102.054527,83.562525,18.492002,102.866941,84.448099,18.418842,4.059061,0.013804
102.090778,83.597813,18.492965,102.826890,84.304134,18.522756,3.861420,0.014322
102.037977,83.506027,18.531950,102.815129,84.323382,18.491747,3.999979,0.013420
101.988044,83.467203,18.520841,102.666131,84.099340,18.566792,3.973893,0.013857
101.880979,83.311141,18.569838,102.760723,84.222355,18.538369,3.840596,0.014987
101.859358,83.270263,18.589095,102.524868,83.959359,18.565510,3.979532,0.014334
101.786800,83.202954,18.583847,102.701951,84.112560,18.589391,3.854841,0.014727
101.739788,83.142368,18.597420,102.533914,83.943242,18.590672,4.002826,0.013898
101.724168,83.148142,18.576026,102.441255,83.812071,18.629184,3.772162,0.014201
101.656138,83.045544,18.610595,102.430099,83.916811,18.513288,4.016901,0.013423
101.555873,82.937080,18.618793,102.413552,83.777377,18.636174,3.849532,0.014698
101.501305,82.861183,18.640122,102.383236,83.694336,18.688900,3.984300,0.013961
101.465500,82.792346,18.673154,102.448380,83.813367,18.635013,3.985725,0.013282
101.420870,82.777867,18.643003,102.301954,83.684281,18.617673,3.930789,0.014315
101.367750,82.712801,18.654948,102.287017,83.649519,18.637498,4.016422,0.013581
101.286598,82.639471,18.647127,102.216846,83.553383,18.663462,3.937900,0.013814
101.258455,82.602015,18.656440,102.196112,83.474938,18.721174,3.781972,0.014698
101.236791,82.531647,18.705143,101.985030,83.328844,18.656186,3.884797,0.014411
101.170896,82.469370,18.701526,101.995341,83.262322,18.733019,3.886312,0.013939
101.131864,82.410918,18.720946,101.897654,83.198591,18.699063,4.092541,0.013569
101.146851,82.451955,18.694897,101.916708,83.272269,18.644439,3.967611,0.014046
101.096459,82.398753,18.697706,102.223252,83.579278,18.643975,4.173657,0.012978
101.048550,82.338574,18.709976,102.109796,83.473545,18.636251,4.160025,0.014388
100.929541,82.222552,18.706988,101.906912,83.242169,18.664743,4.161875,0.013152
100.929949,82.216912,18.713037,101.915969,83.240014,18.675956,4.080436,0.012943
100.896412,82.189286,18.707125,101.866987,83.139704,18.727283,3.834606,0.014433
100.882136,82.144174,18.737962,101.800431,83.081447,18.718985,3.989979,0.013880
100.801143,82.073677,18.727466,101.740505,83.017658,18.722847,4.000264,0.013957
100.791419,82.041111,18.750308,101.947215,83.211899,18.735317,4.030583,0.013868
100.699098,81.922401,18.776697,101.979317,83.285189,18.694127,3.866300,0.014160
100.766279,82.001225,18.765054,101.801753,83.074113,18.727640,4.020012,0.013640
100.680813,81.911522,18.769292,101.812979,83.039860,18.773119,4.048196,0.013482
100.574082,81.817551,18.756531,101.706207,82.926127,18.780080,3.922641,0.014403
100.590175,81.809640,18.780536,101.669520,82.888905,18.780616,4.085416,0.013027
100.516019,81.688897,18.827122,101.603214,82.827445,18.775768,3.959056,0.013569
100.505495,81.731941,18.773553,101.799551,83.009544,18.790006,3.979596,0.013888
100.481254,81.681766,18.799488,101.760664,83.037462,18.723202,4.067470,0.013844
100.459078,81.660602,18.798476,101.731086,82.988131,18.742954,3.923894,0.013475
100.467305,81.627741,18.839564,101.518481,82.645504,18.872976,3.930015,0.013347
100.397146,81.540170,18.856976,101.669617,82.843516,18.826101,4.085823,0.012750
100.390308,81.564144,18.826164,101.481615,82.582865,18.898750,3.959977,0.014072
100.364702,81.475127,18.889575,101.765457,83.031608,18.733849,3.927004,0.014735
100.302119,81.476984,18.825134,101.509849,82.655833,18.854015,3.982073,0.013315
100.247561,81.406026,18.841535,101.524253,82.630574,18.893679,3.765162,0.014552
100.221524,81.417289,18.804235,101.662368,82.935529,18.726839,3.929427,0.014420
100.199719,81.376846,18.822873,101.650098,82.779221,18.870877,4.038445,0.013570
100.173287,81.316664,18.856623,101.593966,82.810993,18.782973,4.229722,0.012972
100.123723,81.269969,18.853754,101.481732,82.634981,18.846750,3.964959,0.013578
100.147088,81.289632,18.857456,101.476559,82.700710,18.775848,3.839451,0.015022
100.124914,81.283405,18.841509,101.315796,82.399191,18.916606,3.943504,0.014157
100.103317,81.234264,18.869053,101.397149,82.556072,18.841077,4.049469,0.014031
100.036095,81.169787,18.866308,101.501343,82.639739,18.861604,3.982293,0.013724
100.033194,81.154346,18.878848,101.501166,82.671007,18.830159,3.946788,0.014508
100.003672,81.126853,18.876819,101.331773,82.481337,18.850436,3.926891,0.013516
99.923980,80.979804,18.944175,101.321055,82.413162,18.907893,3.774628,0.014916
99.870078,80.944590,18.925487,101.195543,82.269402,18.926142,4.216346,0.012879
99.871113,80.976089,18.895024,101.126078,82.253245,18.872833,3.981874,0.013492
99.852982,80.951900,18.901081,101.193075,82.345857,18.847218,3.968738,0.014085
99.871630,80.956051,18.915579,101.037703,82.143068,18.894636,4.080631,0.013631
99.836036,80.925651,18.910385,101.120917,82.201157,18.919761,4.019051,0.013549
99.825057,80.865997,18.959060,101.177917,82.291355,18.886562,3.857255,0.014827
99.762274,80.842460,18.919814,101.220397,82.321444,18.898953,3.964050,0.013453
99.751286,80.814493,18.936793,101.297994,82.429486,18.868508,3.901818,0.014287
99.736939,80.790939,18.946001,101.137699,82.218889,18.918810,4.017402,0.013170
99.724814,80.777174,18.947640,101.086062,82.143024,18.943037,4.071556,0.012760
