234.065046,232.455360,1.609686,191.108012,188.300540,2.807473,4.469356,0.011146
174.886724,168.274020,6.612704,157.647249,147.684829,9.962419,3.555150,0.017103
151.842981,140.443415,11.399566,146.140480,133.767200,12.373280,3.306138,0.017335
143.351993,129.823865,13.528128,139.499323,124.849955,14.649368,2.964252,0.019655
137.740218,122.676270,15.063948,135.474957,119.961641,15.513316,3.012024,0.020833
133.618148,117.293945,16.324203,130.970686,113.993698,16.976988,3.139901,0.019312
130.561934,113.228672,17.333263,128.816856,111.041314,17.775543,3.012492,0.019402
128.407221,110.290988,18.116233,126.716588,108.251168,18.465419,3.058230,0.018213
126.647974,108.027326,18.620647,125.550221,106.596407,18.953814,3.245994,0.016903
125.169486,106.099410,19.070076,123.597372,104.232861,19.364512,3.036315,0.018430
123.986844,104.484293,19.502551,123.052869,103.537810,19.515059,3.094196,0.017456
122.916024,103.143325,19.772699,122.033121,102.066338,19.966782,3.137077,0.016245
121.911374,101.852428,20.058945,121.260507,100.981884,20.278623,3.169163,0.016866
121.043960,100.690817,20.353143,120.227415,99.799693,20.427723,3.182039,0.016416
120.608931,100.056516,20.552415,120.861958,100.193058,20.668900,3.232880,0.016048
119.885869,99.177959,20.707909,118.751114,97.937670,20.813444,3.479640,0.014251
119.189070,98.310650,20.878420,118.962118,97.969017,20.993101,3.297799,0.014862
118.810264,97.755077,21.055186,118.741664,97.604207,21.137456,3.236022,0.015346
118.156218,97.075665,21.080553,118.702553,97.488916,21.213637,3.471181,0.013531
117.922756,96.691556,21.231200,117.719690,96.420889,21.298801,3.234320,0.015648
117.666426,96.301392,21.365034,117.255162,95.896468,21.358694,3.257671,0.014165
117.255518,95.889313,21.366204,117.016254,95.554427,21.461827,3.384141,0.013762
116.791970,95.371838,21.420132,117.518324,95.967025,21.551299,3.396270,0.014428
116.457076,94.951843,21.505233,116.659349,95.132896,21.526453,3.373564,0.012979
116.254468,94.695559,21.558909,116.798347,95.211036,21.587311,3.293472,0.013693
116.001687,94.412102,21.589584,116.463476,94.761883,21.701592,3.495319,0.011975
115.848387,94.186822,21.661565,115.838992,94.108383,21.730609,3.359504,0.012688
115.532824,93.793510,21.739314,116.143175,94.456682,21.686493,3.344225,0.013185
115.531870,93.704749,21.827121,115.861481,94.103922,21.757559,3.391513,0.012375
115.160863,93.326212,21.834651,115.508458,93.637413,21.871045,3.561956,0.012545
115.005776,93.104778,21.900997,115.504928,93.645625,21.859304,3.496368,0.012382
114.777718,92.833659,21.944060,115.413867,93.426446,21.987421,3.533479,0.012691
114.509820,92.518658,21.991162,114.848678,92.919176,21.929501,3.607489,0.012597
114.519258,92.487390,22.031867,116.064373,94.046255,22.018118,3.355352,0.012892
114.322935,92.216893,22.106042,114.938428,92.776426,22.162001,3.606072,0.011736
113.815698,91.654062,22.161636,114.397810,92.309219,22.088591,3.430709,0.012192
113.946395,91.726004,22.220391,114.748013,92.394175,22.353838,3.700576,0.010842
113.921178,91.682102,22.239076,114.993005,92.778874,22.214130,3.719239,0.011972
113.665302,91.420607,22.244695,114.875085,92.635803,22.239282,3.734169,0.011124
113.425497,91.130985,22.294513,114.023290,91.690919,22.332371,3.624236,0.012660
113.156777,90.799172,22.357606,113.427514,91.119103,22.308411,3.463100,0.011071
113.028231,90.678983,22.349248,113.730178,91.368229,22.361949,3.539996,0.010398
113.141966,90.760966,22.381000,114.143480,91.725741,22.417739,3.541105,0.012263
112.754407,90.353657,22.400750,114.641940,92.165046,22.476894,3.868159,0.010015
112.861097,90.344077,22.517020,113.565116,91.042408,22.522708,3.555314,0.011195
112.884057,90.352001,22.532056,113.788521,91.177868,22.610654,3.695855,0.011437
112.719712,90.174066,22.545646,113.994677,91.462727,22.531950,3.753196,0.011650
112.838872,90.258495,22.580377,113.591330,90.965947,22.625383,3.641869,0.011676
112.406507,89.809549,22.596958,113.362231,90.689172,22.673060,3.392277,0.011252
112.374893,89.750430,22.624463,113.545326,90.937265,22.608061,3.967141,0.009617
112.187005,89.525848,22.661156,113.467613,90.774066,22.693548,3.698812,0.009313
112.651395,89.901054,22.750340,113.835236,91.129094,22.706142,3.776169,0.009321
112.369679,89.683616,22.686063,113.256837,90.566106,22.690731,3.886162,0.010488
112.089134,89.382430,22.706704,113.471979,90.781265,22.690714,3.497933,0.009576
112.081971,89.328898,22.753074,113.511645,90.653151,22.858494,3.416455,0.010296
112.002014,89.239813,22.762201,113.144080,90.434631,22.709449,3.674977,0.009772
112.151742,89.330947,22.820795,112.977848,90.273620,22.704229,3.734439,0.008574
111.871692,89.060480,22.811212,113.208163,90.405244,22.802919,3.712568,0.009409
111.854482,89.024821,22.829662,112.993357,90.163847,22.829511,3.660179,0.010332
111.715257,88.854642,22.860614,113.417382,90.525866,22.891517,3.486368,0.010243
111.718966,88.833918,22.885048,112.724122,89.884593,22.839529,3.510043,0.009252
111.544192,88.638779,22.905413,112.944772,90.035175,22.909597,3.547239,0.010009
111.550612,88.701194,22.849418,112.846173,90.012853,22.833320,3.478351,0.010282
111.577326,88.658583,22.918743,112.956059,90.038879,22.917180,3.358830,0.011041
111.207384,88.270231,22.937153,112.421972,89.516639,22.905333,3.904623,0.008255
111.220168,88.270180,22.949989,112.802303,89.877466,22.924837,3.209881,0.009838
111.519052,88.575310,22.943742,112.588500,89.593815,22.994685,3.592636,0.009087
111.254963,88.255716,22.999247,112.505475,89.489662,23.015813,3.581020,0.009130
110.987900,87.975981,23.011919,112.392651,89.403817,22.988834,3.597769,0.009865
111.192163,88.182518,23.009645,112.777857,89.770458,23.007399,3.627812,0.008772
110.958999,87.956279,23.002719,112.405311,89.432402,22.972909,3.491497,0.009955
110.844945,87.853092,22.991853,112.247038,89.273656,22.973383,3.722267,0.008536
111.084130,88.068481,23.015649,112.485089,89.551729,22.933360,3.637578,0.009866
111.159921,88.140009,23.019913,112.122314,89.076328,23.045986,3.736531,0.008892
110.811888,87.747160,23.064728,112.774696,89.672084,23.102613,3.303666,0.009479
111.115888,88.016686,23.099201,112.383985,89.346117,23.037869,3.604772,0.009087
110.980200,87.933729,23.046471,112.233385,89.198224,23.035161,3.456293,0.010960
110.969928,87.851154,23.118775,112.221771,89.099381,23.122389,3.538218,0.009159
110.930761,87.782455,23.148306,112.285452,89.184782,23.100670,3.714412,0.007999
110.782116,87.636248,23.145868,112.449917,89.275740,23.174177,3.478612,0.009649
110.853496,87.653500,23.199996,112.002670,88.745389,23.257281,3.598705,0.008440
110.611312,87.443623,23.167689,112.108438,88.926939,23.181499,3.528244,0.008588
110.350653,87.209793,23.140860,112.119062,88.960002,23.159060,3.823774,0.008077
110.715167,87.477930,23.237237,112.198038,88.952344,23.245694,3.703383,0.009158
110.566546,87.320402,23.246144,112.680289,89.468322,23.211967,3.575821,0.008092
110.857066,87.648311,23.208755,112.142031,88.905749,23.236281,3.486002,0.007880
110.622560,87.412889,23.209671,112.530458,89.207749,23.322709,4.087239,0.007620
110.604456,87.382455,23.222001,111.969703,88.837521,23.132181,3.374297,0.008786
110.473913,87.247067,23.226846,112.071563,88.802503,23.269060,3.404247,0.008325
110.373703,87.136685,23.237018,112.388191,89.210349,23.177843,3.503913,0.007777
110.226196,86.939587,23.286609,111.708733,88.417718,23.291015,3.840468,0.007494
110.387995,87.094038,23.293956,112.056787,88.785848,23.270939,3.649818,0.008370
110.529094,87.220376,23.308718,112.520049,89.246382,23.273667,3.604552,0.008369
110.712565,87.384509,23.328057,112.336394,88.938502,23.397893,3.418015,0.008524
110.512904,87.163390,23.349514,112.218788,88.950969,23.267818,3.429095,0.008817
110.295900,87.022694,23.273205,112.185864,88.923857,23.262007,3.747475,0.007576
110.450984,87.132054,23.318930,112.191246,88.860627,23.330618,3.721641,0.006815
110.279161,86.954161,23.324999,112.073634,88.788027,23.285606,3.634892,0.007361
110.355366,87.000688,23.354678,112.034913,88.697677,23.337236,3.376533,0.007478
110.227448,86.868531,23.358917,112.135814,88.832294,23.303520,3.521589,0.007532
110.302890,86.934178,23.368712,111.677622,88.361106,23.316516,3.371676,0.009093
110.071609,86.699349,23.372260,111.687729,88.379202,23.308528,3.593030,0.007874
110.076074,86.734593,23.341482,112.146273,88.816547,23.329727,3.506114,0.007811
110.243325,86.899183,23.344141,111.703229,88.361423,23.341806,3.595219,0.007412
110.078485,86.665106,23.413378,112.240889,88.835814,23.405075,3.247627,0.007837
110.386522,86.978545,23.407978,112.108256,88.697733,23.410523,3.839360,0.006030
110.200960,86.805991,23.394968,111.790328,88.356413,23.433915,3.656673,0.008604
110.202162,86.786794,23.415369,112.625510,89.253098,23.372412,3.374926,0.007580
110.240125,86.851819,23.388306,112.208636,88.868682,23.339954,3.538428,0.006176
110.112193,86.680862,23.431331,112.029741,88.675456,23.354284,3.393088,0.007102
110.183758,86.797915,23.385843,112.279377,88.834756,23.444621,3.650573,0.006657
110.171193,86.685927,23.485266,111.918586,88.497789,23.420798,3.586421,0.007019
110.175345,86.749780,23.425566,112.076602,88.646092,23.430510,3.554686,0.006932
110.354057,86.906055,23.448002,111.916164,88.494837,23.421328,3.370684,0.006415
110.191259,86.754797,23.436462,111.783701,88.403782,23.379919,3.381930,0.007315
109.885836,86.473064,23.412772,111.874622,88.461161,23.413460,3.383119,0.007095
109.915512,86.454692,23.460820,112.055970,88.628604,23.427366,3.143106,0.007139
110.012853,86.560338,23.452515,112.416297,89.022171,23.394127,3.402358,0.008168
110.016232,86.565615,23.450618,111.606848,88.135139,23.471709,3.436663,0.009214
110.023934,86.533855,23.490079,111.734230,88.274492,23.459738,3.634099,0.007965
109.784326,86.318925,23.465400,112.087403,88.697666,23.389737,3.758155,0.007303
109.931548,86.492512,23.439035,111.914515,88.497520,23.416995,3.216637,0.006830
109.726352,86.232342,23.494010,112.076931,88.590003,23.486929,3.600887,0.006038
110.124901,86.603188,23.521712,112.224858,88.585827,23.639032,3.457149,0.006474
110.041846,86.472060,23.569786,112.218639,88.710587,23.508052,3.465355,0.006668
109.917242,86.394304,23.522938,112.180179,88.703953,23.476226,3.465538,0.007226
110.051788,86.557696,23.494092,111.611506,88.156951,23.454556,3.351846,0.006876
110.230220,86.661987,23.568234,111.810436,88.285561,23.524876,3.316739,0.007074
109.727041,86.131170,23.595871,111.678826,88.164369,23.514457,3.575428,0.006060
109.806459,86.243398,23.563061,112.142501,88.576168,23.566333,3.410029,0.006484
109.678369,86.110344,23.568026,111.748983,88.168024,23.580959,3.391675,0.006932
109.605381,86.042206,23.563175,111.603039,88.053459,23.549580,3.643231,0.006448
109.714489,86.158062,23.556427,111.895676,88.305407,23.590268,3.818698,0.007065
109.833397,86.247997,23.585399,111.812841,88.271557,23.541284,3.256373,0.007244
109.779087,86.175200,23.603886,111.868877,88.238775,23.630103,3.528744,0.005871
109.703178,86.094236,23.608942,111.592438,88.018738,23.573699,3.330989,0.007278
109.762151,86.192737,23.569414,112.261197,88.761431,23.499766,3.424277,0.006012
109.601184,86.024915,23.576269,111.622781,88.049996,23.572786,3.658609,0.006848
109.985141,86.333303,23.651837,111.380904,87.780275,23.600629,3.201095,0.006715
109.687200,86.063893,23.623307,111.543316,87.994857,23.548459,3.291206,0.006689
109.527459,85.917008,23.610451,111.877354,88.234324,23.643030,3.469667,0.006711
109.785991,86.151773,23.634217,111.831699,88.285614,23.546085,3.606442,0.006253
109.766279,86.140749,23.625531,111.675930,88.133163,23.542767,3.242136,0.006265
109.844490,86.289516,23.554975,112.172971,88.562020,23.610951,3.319172,0.007343
109.690724,86.040116,23.650609,111.690417,88.132065,23.558352,3.276529,0.006067
109.930293,86.257913,23.672380,111.807051,88.172375,23.634676,3.214424,0.007152
110.277225,86.629203,23.648021,112.177783,88.598164,23.579619,3.309833,0.006637
109.607240,85.997327,23.609913,111.318781,87.713018,23.605763,3.461445,0.005501
109.799302,86.121718,23.677584,112.042276,88.468913,23.573363,3.252625,0.006894
109.853441,86.204236,23.649205,111.645511,88.084686,23.560825,3.519091,0.006499
109.562668,85.957208,23.605461,111.833046,88.284495,23.548551,3.310418,0.005167
109.824500,86.220362,23.604138,111.571085,88.011309,23.559775,3.502521,0.006131
109.760484,86.094753,23.665730,112.154177,88.490299,23.663877,3.218176,0.007521
109.860611,86.251302,23.609308,112.158238,88.578295,23.579944,3.397784,0.006283
109.462735,85.815721,23.647014,111.864444,88.264851,23.599592,3.093660,0.005991
109.468197,85.811744,23.656454,111.507330,87.955892,23.551437,3.381902,0.007002
109.547431,85.902423,23.645008,112.304738,88.655818,23.648920,3.350566,0.006216
109.544392,85.869623,23.674770,111.540309,87.816191,23.724117,3.276698,0.005298
109.855543,86.141997,23.713546,111.769464,88.114953,23.654511,3.392512,0.005691
109.768578,86.089559,23.679019,112.276870,88.610378,23.666492,3.238821,0.005488
