213.799333,211.006601,2.792731,191.554248,188.276412,3.277836,5.829196,0.005208
184.866848,179.822369,5.044479,175.771787,168.921332,6.850454,4.833270,0.008031
168.303757,159.971271,8.332485,159.295855,149.412850,9.883005,3.960625,0.012876
154.857785,144.118663,10.739122,150.283907,138.999155,11.284752,3.859067,0.014658
148.345342,136.644388,11.700954,145.149214,133.058080,12.091133,4.011470,0.014304
143.694891,131.356519,12.338372,141.002798,128.320541,12.682257,3.899939,0.015673
139.918588,126.952483,12.966105,137.386274,124.015962,13.370312,3.874218,0.017352
136.438449,122.749638,13.688811,133.816633,119.681582,14.135050,4.099035,0.016152
133.623127,119.383096,14.240031,131.523625,116.997406,14.526219,4.096565,0.016263
131.396068,116.664101,14.731967,129.466473,114.496620,14.969854,4.247570,0.016317
129.545154,114.462986,15.082168,128.110656,112.739829,15.370827,3.871098,0.018135
127.934586,112.502313,15.432273,126.431848,110.767129,15.664719,4.009612,0.017301
126.700930,111.008314,15.692616,125.599382,109.759281,15.840101,3.958655,0.018445
125.420860,109.496305,15.924555,124.151710,108.152259,15.999451,4.118779,0.016741
124.393798,108.274544,16.119254,122.984067,106.807781,16.176287,4.188941,0.017183
123.373766,107.135106,16.238660,122.715797,106.405573,16.310224,4.022652,0.017968
122.521278,106.184458,16.336820,121.420154,105.004975,16.415178,4.045265,0.017276
121.752656,105.335929,16.416728,120.746964,104.264083,16.482881,4.274006,0.017270
120.983158,104.433129,16.550028,120.234608,103.652881,16.581727,4.057941,0.017755
120.354569,103.728748,16.625821,119.451410,102.767156,16.684254,4.126339,0.017228
119.606017,102.911328,16.694689,118.864471,102.090709,16.773762,4.040050,0.018186
119.015376,102.253459,16.761916,118.374912,101.534181,16.840731,4.026135,0.019085
118.519495,101.686228,16.833267,117.712691,100.781862,16.930829,3.952797,0.018641
117.822289,100.873477,16.948811,117.189005,100.252213,16.936792,4.392088,0.015891
117.380867,100.393894,16.986973,116.631782,99.679600,16.952183,4.072016,0.017513
116.803471,99.775986,17.027484,116.275457,99.179552,17.095905,3.961222,0.018498
116.387863,99.306768,17.081096,115.860954,98.679243,17.181711,4.054222,0.017786
115.979419,98.819373,17.160046,115.620588,98.429209,17.191380,4.066243,0.017779
115.503501,98.314493,17.189008,114.818597,97.590072,17.228525,4.114428,0.017085
115.110739,97.901501,17.209238,114.710915,97.491588,17.219327,4.008461,0.017457
114.775222,97.527486,17.247737,114.310921,96.993312,17.317610,4.096823,0.016746
114.346708,97.040899,17.305808,113.814655,96.467453,17.347202,4.178841,0.016781
113.934726,96.597011,17.337715,113.783674,96.470054,17.313620,3.955804,0.018020
113.689040,96.359704,17.329335,113.211333,95.871456,17.339878,4.199215,0.016942
113.280843,95.933542,17.347301,112.789920,95.423750,17.366170,4.226547,0.015925
112.980091,95.623937,17.356155,112.239158,94.848311,17.390847,4.139585,0.017361
112.572079,95.206373,17.365706,112.162952,94.809682,17.353270,4.022870,0.017208
112.208523,94.816151,17.392373,111.946292,94.573840,17.372452,4.302286,0.016440
111.917169,94.543486,17.373683,111.848391,94.437471,17.410920,4.207343,0.017223
111.658629,94.254270,17.404359,111.601478,94.131675,17.469802,4.038021,0.016964
111.300810,93.905184,17.395626,111.045684,93.587093,17.458591,4.358237,0.016428
111.100638,93.664832,17.435806,110.828670,93.393992,17.434678,4.286332,0.015619
110.730130,93.316308,17.413823,110.495710,93.092876,17.402834,4.094772,0.016758
110.515232,93.072640,17.442592,110.154985,92.793773,17.361213,4.158057,0.017203
110.230113,92.843546,17.386566,109.822235,92.336905,17.485330,4.165459,0.016474
109.931424,92.492709,17.438715,109.622404,92.214806,17.407598,3.892298,0.018379
109.662774,92.224870,17.437903,109.655367,92.187121,17.468246,4.120413,0.016643
109.407824,91.995674,17.412150,109.298253,91.996392,17.301861,4.262250,0.015533
109.131028,91.758355,17.372673,108.993617,91.651104,17.342513,4.175940,0.016130
108.987450,91.594173,17.393277,108.760656,91.307032,17.453624,4.366482,0.015542
108.768774,91.323289,17.445485,108.383986,90.926523,17.457463,4.078355,0.016101
108.494029,91.075787,17.418242,108.397299,91.009755,17.387544,4.238715,0.015095
108.226475,90.831799,17.394676,108.293276,90.844075,17.449201,4.207368,0.016272
108.038097,90.615041,17.423056,108.241188,90.848847,17.392341,4.117193,0.016418
107.874393,90.476680,17.397712,107.900040,90.575020,17.325020,4.386540,0.015550
107.552179,90.161044,17.391136,107.733734,90.391906,17.341828,4.183951,0.015734
107.412677,90.017403,17.395274,107.402688,90.013754,17.388934,4.281298,0.015587
107.188203,89.797763,17.390440,107.375252,90.016118,17.359134,4.371516,0.015363
107.090177,89.687414,17.402763,107.223061,89.855784,17.367277,4.214911,0.014960
106.921111,89.518589,17.402521,107.111424,89.713155,17.398269,4.274030,0.015714
106.706982,89.346435,17.360547,106.877652,89.579803,17.297849,4.156879,0.015990
106.635549,89.283278,17.352271,106.604394,89.221295,17.383099,4.390810,0.014532
106.336060,89.002370,17.333690,106.433916,89.082695,17.351221,4.299817,0.015087
106.192045,88.834159,17.357885,106.178802,88.838605,17.340197,3.992252,0.016822
106.005402,88.604847,17.400555,106.188670,88.887167,17.301503,4.386929,0.014696
105.872483,88.522096,17.350387,105.950625,88.582187,17.368438,4.293771,0.014540
105.714354,88.323990,17.390365,105.869522,88.523484,17.346038,4.185999,0.015759
105.525746,88.158778,17.366969,105.706521,88.408363,17.298158,4.189943,0.016084
105.430123,88.059341,17.370781,105.812564,88.422374,17.390190,4.210596,0.015184
105.253046,87.880848,17.372198,105.593561,88.291301,17.302261,4.167073,0.016107
105.158366,87.774412,17.383954,105.238663,87.855202,17.383461,4.081355,0.015834
105.001009,87.616499,17.384510,105.432609,88.091363,17.341247,4.134533,0.016619
104.915089,87.506966,17.408123,105.241737,87.867267,17.374470,4.228879,0.014411
104.765758,87.353141,17.412617,105.247173,87.846241,17.400933,4.075472,0.015859
104.641514,87.223888,17.417626,104.954125,87.528459,17.425666,4.073049,0.016140
104.517446,87.119916,17.397531,104.769610,87.413231,17.356379,4.323436,0.014488
104.475737,87.070033,17.405704,104.897778,87.527416,17.370363,4.045257,0.015689
104.324535,86.884097,17.440438,104.636872,87.190662,17.446210,4.144534,0.015194
104.219517,86.744426,17.475091,104.684922,87.153813,17.531108,4.237134,0.014768
104.104202,86.652590,17.451612,104.607697,87.149264,17.458433,4.040773,0.016419
103.955354,86.478090,17.477264,104.489369,87.125098,17.364271,4.430702,0.014363
103.879123,86.397686,17.481436,104.323588,86.835604,17.487984,4.141303,0.015469
103.710606,86.203732,17.506874,104.342644,86.821601,17.521043,4.239539,0.015758
103.619979,86.103656,17.516323,104.262869,86.768774,17.494095,4.273790,0.014000
103.632536,86.118960,17.513577,104.250299,86.768436,17.481864,4.113480,0.015078
103.417518,85.955758,17.461759,103.879717,86.403336,17.476381,4.303387,0.015282
103.353532,85.863141,17.490391,104.095964,86.580006,17.515958,4.156318,0.015382
103.287582,85.774088,17.513493,103.778712,86.308040,17.470672,4.188630,0.014276
103.242765,85.735999,17.506765,103.726003,86.221541,17.504462,4.120433,0.015591
103.110039,85.585678,17.524361,103.737237,86.171115,17.566122,4.157304,0.014999
102.966246,85.450997,17.515249,103.741622,86.180247,17.561376,4.220634,0.014269
102.925387,85.390321,17.535067,103.675232,86.149335,17.525897,4.200401,0.014630
102.866372,85.299123,17.567249,103.547486,86.028158,17.519328,4.282733,0.015716
102.788647,85.250115,17.538532,103.548910,86.000608,17.548302,4.262801,0.014494
102.712528,85.152486,17.560042,103.443483,85.909571,17.533912,4.043638,0.015199
102.612252,85.055434,17.556818,103.426413,85.809406,17.617007,4.140314,0.015149
102.534978,84.969531,17.565447,103.254937,85.671883,17.583054,4.217254,0.014020
102.541046,84.969476,17.571570,103.096094,85.529214,17.566881,4.122271,0.015097
102.437792,84.878220,17.559571,103.250851,85.689778,17.561073,4.244200,0.014499
102.353221,84.752261,17.600961,103.132121,85.538786,17.593335,4.189549,0.014348
102.289508,84.658233,17.631274,102.992675,85.362623,17.630052,4.107160,0.015113
102.229331,84.630951,17.598380,103.267275,85.742060,17.525216,4.039754,0.015866
102.161672,84.554895,17.606777,102.874252,85.329630,17.544622,4.132854,0.015687
102.113142,84.505856,17.607286,102.966013,85.357794,17.608220,4.123267,0.015786
102.050148,84.452694,17.597453,102.841425,85.206204,17.635221,4.183823,0.014983
101.981474,84.378813,17.602661,102.749894,85.150632,17.599262,3.966890,0.015248
101.931085,84.301749,17.629337,102.803587,85.222596,17.580992,4.209078,0.014841
101.815245,84.219418,17.595827,102.826384,85.269068,17.557316,4.063393,0.015031
101.808222,84.215128,17.593094,102.806146,85.211134,17.595012,4.312348,0.013639
101.698409,84.100877,17.597532,102.704742,85.105169,17.599573,4.254563,0.013995
101.661882,84.027027,17.634855,102.592281,84.965735,17.626546,4.192244,0.015166
101.624484,84.007374,17.617110,102.339730,84.749669,17.590062,4.169324,0.014778
101.528945,83.907315,17.621630,102.441794,84.845194,17.596599,4.329265,0.014064
101.575742,83.992758,17.582984,102.534943,85.033102,17.501841,4.308335,0.014389
101.504839,83.904128,17.600711,102.699816,85.087297,17.612520,4.019105,0.015503
101.399080,83.764947,17.634133,102.420515,84.781365,17.639151,4.262292,0.015167
101.403192,83.734872,17.668320,102.423496,84.794697,17.628799,4.310616,0.014756
101.376432,83.737837,17.638595,102.240416,84.652205,17.588212,4.140118,0.014677
101.308183,83.652830,17.655352,102.311752,84.752555,17.559197,4.046921,0.015439
101.328399,83.673992,17.654407,102.167181,84.552050,17.615131,4.287004,0.013598
101.146484,83.465805,17.680679,102.207039,84.610801,17.596238,3.939369,0.016026
101.115160,83.426036,17.689124,102.265585,84.547179,17.718406,4.138305,0.015021
101.045446,83.346971,17.698474,102.193407,84.628660,17.564747,4.107265,0.015187
101.057269,83.354044,17.703225,102.275011,84.517921,17.757091,4.243474,0.014847
100.956774,83.244574,17.712200,102.185441,84.495390,17.690051,4.071900,0.014636
100.973076,83.288373,17.684704,101.937987,84.264256,17.673732,4.196204,0.014652
100.873091,83.157817,17.715274,102.140296,84.488223,17.652073,4.103393,0.014776
100.897443,83.204452,17.692991,102.194423,84.534935,17.659488,4.290996,0.014396
100.801614,83.057026,17.744588,102.017128,84.355688,17.661440,4.272484,0.014083
100.827610,83.118274,17.709336,101.891268,84.192627,17.698641,4.163940,0.014867
100.746827,83.027901,17.718926,101.820891,84.105119,17.715773,4.012928,0.015386
100.696470,82.966566,17.729904,101.695348,84.002271,17.693077,4.147665,0.014670
100.689888,82.924839,17.765049,101.710817,83.947092,17.763725,4.217200,0.013408
100.659069,82.911407,17.747662,101.879294,84.208486,17.670808,4.199539,0.015137
100.639987,82.911098,17.728890,101.777420,84.109143,17.668277,3.956788,0.015423
100.584329,82.865478,17.718851,101.692401,83.941559,17.750842,4.062482,0.014193
100.513580,82.745262,17.768317,101.704082,84.046513,17.657569,4.169408,0.015352
100.556129,82.809223,17.746906,101.890521,84.258038,17.632483,4.183046,0.014490
100.539356,82.760916,17.778441,101.883612,84.169493,17.714118,4.182223,0.014026
100.406478,82.629471,17.777007,101.630445,83.882648,17.747797,4.184890,0.015263
100.332690,82.580993,17.751697,101.891137,84.178235,17.712902,4.180397,0.014374
100.379679,82.657870,17.721809,101.594313,83.903539,17.690774,4.148043,0.013420
100.363428,82.604424,17.759004,101.470238,83.728009,17.742229,4.220998,0.013843
100.331119,82.548722,17.782397,101.399869,83.670755,17.729113,4.511718,0.013374
100.254318,82.503323,17.750995,101.673017,83.932849,17.740168,4.063243,0.014381
100.208558,82.457304,17.751254,101.440642,83.685172,17.755469,4.313247,0.013756
100.213486,82.456130,17.757356,101.527970,83.783884,17.744086,4.374811,0.012825
100.170507,82.387757,17.782751,101.405400,83.656150,17.749251,4.225978,0.014048
100.112253,82.342414,17.769839,101.502432,83.735805,17.766628,4.272223,0.013211
100.133810,82.374755,17.759056,101.576749,83.859105,17.717644,4.106745,0.015259
100.033318,82.278167,17.755151,101.494653,83.778409,17.716244,4.167984,0.014100
100.083609,82.299058,17.784551,101.360993,83.565935,17.795059,4.343382,0.014015
100.051229,82.242300,17.808930,101.480175,83.661505,17.818670,4.168948,0.014933
99.921174,82.092788,17.828387,101.329962,83.567485,17.762477,4.042496,0.014682
99.996261,82.179755,17.816506,101.365747,83.592859,17.772888,4.276546,0.013606
99.965339,82.130586,17.834753,101.289031,83.480701,17.808330,4.031261,0.015651
99.905080,82.102111,17.802969,101.267621,83.534125,17.733496,4.360015,0.014049
99.865156,82.061420,17.803737,101.156817,83.386757,17.770061,4.102380,0.015286
99.841105,82.044142,17.796964,101.154204,83.444811,17.709393,4.161966,0.013909
99.809410,81.983759,17.825651,101.094331,83.341131,17.753201,4.250173,0.013616
