214.229427,211.545013,2.684414,194.556585,189.344940,5.211644,11.833103,0.005554
190.314372,184.031174,6.283198,185.864785,178.978150,6.886636,11.795878,0.005945
180.550979,173.398066,7.152913,174.571528,167.204160,7.367368,18.842876,0.007679
173.756462,166.258291,7.498171,171.773740,164.158087,7.615653,12.180334,0.008665
170.619338,162.959418,7.659920,166.713372,159.045395,7.667977,18.911055,0.006196
166.278894,158.569082,7.709812,165.632239,157.897269,7.734971,33.250000,0.007904
163.490879,155.729052,7.761826,161.676648,153.907721,7.768927,10.843451,0.007731
161.682219,153.868490,7.813729,159.009840,151.198276,7.811564,24.111879,0.007263
160.309546,152.453650,7.855897,159.053893,151.168245,7.885648,10.764026,0.005962
159.099600,151.208584,7.891017,158.289680,150.376100,7.913579,nan,0.006847
158.079052,150.163769,7.915283,157.714848,149.773423,7.941424,nan,0.005506
157.864486,149.914994,7.949491,157.044144,149.071937,7.972207,nan,0.003974
157.034874,149.054390,7.980484,156.234795,148.267563,7.967232,nan,0.006830
156.069817,148.083459,7.986358,155.116071,147.115330,8.000741,nan,0.006769
156.166079,148.154314,8.011765,156.446911,148.421484,8.025427,nan,0.004607
156.308091,148.279254,8.028837,156.443276,148.418493,8.024783,nan,0.004216
156.717830,148.671567,8.046263,158.323064,150.258956,8.064108,nan,0.004966
156.492136,148.432875,8.059261,154.545841,146.493430,8.052411,24.304844,0.005350
158.390071,150.312113,8.077958,158.485197,150.400581,8.084616,nan,0.006010
156.860091,148.781825,8.078266,156.382341,148.299262,8.083078,nan,0.003295
155.719172,147.633812,8.085360,154.368107,146.278481,8.089627,nan,0.004506
155.831165,147.734343,8.096822,154.803151,146.710663,8.092488,nan,0.004444
154.807242,146.711866,8.095376,153.652426,145.558009,8.094418,nan,0.003502
157.628579,149.519820,8.108760,160.218222,152.100204,8.118017,nan,0.004117
157.735261,149.623214,8.112048,155.652680,147.539695,8.112986,nan,0.004370
157.006943,148.884997,8.121945,156.341964,148.218346,8.123617,nan,0.006209
157.493574,149.361964,8.131610,156.484838,148.364301,8.120538,nan,0.003261
156.054554,147.921011,8.133543,157.026608,148.885938,8.140670,nan,0.004338
155.620283,147.484554,8.135728,156.296514,148.153680,8.142834,nan,0.004357
156.019767,147.885361,8.134406,156.082041,147.943315,8.138727,nan,0.005283
155.620510,147.480091,8.140418,154.854047,146.710720,8.143328,nan,0.003198
155.465147,147.315108,8.150040,154.657209,146.513379,8.143830,nan,0.004028
155.613769,147.460116,8.153653,155.317502,147.165810,8.151693,nan,0.002796
156.911518,148.757607,8.153911,157.081117,148.935483,8.145633,nan,0.004158
156.626667,148.476655,8.150013,156.086514,147.935852,8.150660,nan,0.003590
155.834965,147.675564,8.159401,155.948600,147.779359,8.169240,nan,0.003565
156.443776,148.275978,8.167798,155.088181,146.928717,8.159464,nan,0.004190
155.486448,147.321966,8.164482,156.996145,148.827369,8.168776,nan,0.003286
156.876168,148.704698,8.171471,155.203046,147.037270,8.165776,nan,0.004119
155.802983,147.635937,8.167046,157.302145,149.119035,8.183110,nan,0.002551
156.604434,148.424077,8.180357,157.591127,149.404957,8.186171,nan,0.002065
154.975627,146.799748,8.175879,157.184027,149.003453,8.180574,nan,0.002161
157.422652,149.242980,8.179672,159.805177,151.619974,8.185202,nan,0.002821
158.894058,150.708354,8.185703,157.551405,149.370284,8.181122,nan,0.003520
157.820164,149.631291,8.188872,155.904167,147.729010,8.175156,nan,0.002714
157.498011,149.313117,8.184894,157.446654,149.262204,8.184450,nan,0.002031
156.274360,148.087388,8.186971,154.255537,146.080910,8.174628,nan,0.001970
155.831909,147.646550,8.185359,156.989015,148.807289,8.181726,nan,0.004474
156.120380,147.934430,8.185951,154.176576,146.004599,8.171977,nan,0.004621
153.440855,145.259009,8.181846,154.827160,146.634872,8.192288,nan,0.004142
154.530815,146.344560,8.186256,155.067563,146.883229,8.184333,nan,0.002570
154.896338,146.713190,8.183148,154.813040,146.624696,8.188344,nan,0.003934
153.857649,145.669606,8.188043,154.929426,146.743322,8.186104,nan,0.003146
154.767495,146.576455,8.191040,153.976382,145.792156,8.184226,nan,0.003890
153.062717,144.876731,8.185986,152.510996,144.327502,8.183494,nan,0.002522
153.416251,145.228753,8.187498,152.811507,144.619516,8.191989,nan,0.002409
154.723053,146.528873,8.194181,155.164451,146.969827,8.194625,nan,0.002869
152.837515,144.644427,8.193088,151.781070,143.593364,8.187707,nan,0.002714
152.963256,144.767778,8.195478,151.864119,143.674221,8.189898,nan,0.001936
151.384179,143.194344,8.189835,150.358920,142.170470,8.188451,nan,0.004205
150.895855,142.701472,8.194382,150.944057,142.742682,8.201375,nan,0.001475
152.695933,144.492360,8.203573,154.291640,146.085337,8.206303,nan,0.001672
152.587167,144.388260,8.198907,151.039834,142.841344,8.198489,nan,0.002141
152.649708,144.449090,8.200618,150.740866,142.551371,8.189496,nan,0.003067
151.609861,143.416635,8.193226,150.622249,142.436035,8.186213,nan,0.004238
151.017072,142.817420,8.199651,151.731210,143.533876,8.197334,nan,0.002444
151.060258,142.863943,8.196315,153.686835,145.485606,8.201230,nan,0.001652
152.220933,144.021488,8.199445,150.994499,142.799325,8.195174,nan,0.002511
149.901925,141.703068,8.198857,149.604085,141.400793,8.203292,nan,0.002681
151.300426,143.096320,8.204106,150.964121,142.763454,8.200667,nan,0.002918
151.782818,143.580940,8.201878,148.705794,140.506739,8.199055,nan,0.002754
150.023063,141.818884,8.204179,150.017432,141.809054,8.208378,nan,0.003635
153.474685,145.259783,8.214901,152.265863,144.057528,8.208336,nan,0.002387
152.310698,144.099454,8.211244,153.080468,144.863425,8.217042,nan,0.001617
151.802556,143.589865,8.212692,149.891685,141.688960,8.202725,nan,0.003190
151.671835,143.464167,8.207668,150.525502,142.318737,8.206766,nan,0.004187
150.427929,142.218898,8.209031,150.347857,142.135414,8.212443,nan,0.002029
151.519563,143.307732,8.211831,151.245756,143.037900,8.207857,nan,0.003267
151.999871,143.789949,8.209922,151.692254,143.481505,8.210749,nan,0.003069
151.385882,143.173458,8.212424,151.771584,143.559213,8.212370,nan,0.001484
151.468942,143.260012,8.208930,153.042029,144.821398,8.220631,nan,0.002232
151.233725,143.020449,8.213276,152.134601,143.914333,8.220269,nan,0.001507
151.708193,143.491942,8.216251,151.549770,143.336368,8.213402,nan,0.002689
151.898990,143.683991,8.215000,151.587581,143.368974,8.218607,nan,0.003336
152.269663,144.047982,8.221682,151.742868,143.525521,8.217347,nan,0.001686
151.283502,143.064973,8.218529,151.035343,142.822051,8.213292,nan,0.001944
150.883341,142.669687,8.213654,149.067688,140.854753,8.212936,nan,0.003144
150.662066,142.444326,8.217740,151.288570,143.069063,8.219507,nan,0.002514
151.347746,143.128844,8.218902,152.410586,144.194006,8.216580,nan,0.002618
152.006199,143.784387,8.221812,152.563858,144.343472,8.220386,nan,0.003097
152.302328,144.077249,8.225079,153.746982,145.520700,8.226281,nan,0.001823
152.849614,144.623074,8.226540,153.470371,145.240484,8.229887,nan,0.002153
152.298513,144.076029,8.222484,151.536496,143.309333,8.227163,nan,0.001352
152.445257,144.217638,8.227619,152.227791,144.004908,8.222884,nan,0.002337
152.498606,144.272118,8.226488,153.411368,145.181261,8.230107,nan,0.002107
153.078772,144.847697,8.231075,151.711232,143.484764,8.226468,nan,0.003252
151.338037,143.110469,8.227569,153.133534,144.898181,8.235353,nan,0.002279
151.437287,143.208381,8.228906,150.032729,141.810029,8.222701,nan,0.002269
152.447563,144.217587,8.229976,151.721391,143.497088,8.224303,nan,0.002364
151.910035,143.679886,8.230149,152.768481,144.539320,8.229161,nan,0.001897
153.078937,144.847708,8.231230,152.281501,144.052209,8.229292,nan,0.000995
152.084306,143.851811,8.232496,151.369971,143.137876,8.232095,nan,0.001618
151.436770,143.203680,8.233090,153.685952,145.452031,8.233921,nan,0.001788
153.472471,145.237011,8.235460,151.890718,143.663165,8.227553,nan,0.001491
150.063186,141.833639,8.229547,150.008564,141.783672,8.224892,nan,0.001065
151.759232,143.522855,8.236377,149.758534,141.529453,8.229081,nan,0.002474
150.812764,142.578307,8.234457,150.842484,142.607924,8.234560,nan,0.001619
151.841319,143.605131,8.236188,152.858875,144.619020,8.239856,nan,0.001472
153.215333,144.976977,8.238356,152.361264,144.123411,8.237853,nan,0.001696
152.527133,144.288241,8.238892,153.230735,144.996269,8.234467,nan,0.002145
153.159619,144.921582,8.238037,155.436081,147.193383,8.242698,nan,0.001981
154.277331,146.038356,8.238975,153.659361,145.420330,8.239030,nan,0.001898
153.374676,145.133859,8.240816,154.283618,146.044644,8.238974,nan,0.001074
154.891157,146.649797,8.241361,153.251509,145.012280,8.239229,nan,0.001451
153.429477,145.187746,8.241731,154.252371,146.011247,8.241124,nan,0.001979
153.148414,144.906122,8.242292,152.717170,144.478348,8.238823,nan,0.000816
152.364722,144.125114,8.239608,153.342490,145.098773,8.243718,nan,0.002117
152.482946,144.243114,8.239832,152.848271,144.613441,8.234831,nan,0.002676
152.638427,144.397977,8.240451,153.539679,145.300505,8.239174,nan,0.001500
153.430092,145.187543,8.242549,152.980926,144.746005,8.234922,nan,0.001932
153.845491,145.601059,8.244432,155.858548,147.614909,8.243638,nan,0.001327
153.816032,145.573141,8.242890,154.770580,146.521231,8.249349,nan,0.002750
154.444311,146.201368,8.242944,154.293601,146.052877,8.240723,nan,0.001485
153.018109,144.777527,8.240582,153.816457,145.576138,8.240318,nan,0.002997
154.261995,146.019425,8.242570,155.238195,146.995914,8.242282,nan,0.001714
154.258025,146.014232,8.243792,157.048405,148.803685,8.244721,nan,0.001817
153.314073,145.072192,8.241881,151.213409,142.978048,8.235362,nan,0.002223
152.452324,144.211748,8.240575,155.382765,147.138373,8.244392,nan,0.000727
151.870790,143.628841,8.241948,150.540269,142.299894,8.240374,nan,0.001595
152.310426,144.064175,8.246250,151.804072,143.561708,8.242364,nan,0.001830
152.370858,144.124640,8.246219,151.730477,143.480617,8.249860,nan,0.001845
151.449757,143.204343,8.245414,152.706136,144.458016,8.248120,nan,0.001099
152.619984,144.370996,8.248989,154.081732,145.832325,8.249405,nan,0.002115
152.209028,143.960459,8.248569,152.218297,143.971641,8.246656,nan,0.001981
152.927722,144.679078,8.248644,155.572116,147.321583,8.250533,nan,0.001406
156.243065,147.992147,8.250918,154.136001,145.885044,8.250958,nan,0.001458
154.920496,146.669000,8.251495,156.129994,147.875853,8.254141,nan,0.002307
156.277791,148.024314,8.253477,156.481473,148.226742,8.254731,nan,0.000745
159.036708,150.779867,8.256841,159.497809,151.240478,8.257331,nan,0.000560
157.204271,148.947560,8.256711,156.215231,147.959799,8.255431,nan,0.000873
154.499160,146.245690,8.253470,155.751947,147.496633,8.255314,nan,0.001318
156.926952,148.670476,8.256476,157.147980,148.890717,8.257263,nan,0.001026
156.742350,148.487682,8.254668,155.364755,147.111224,8.253531,nan,0.001138
153.866550,145.614162,8.252388,153.050191,144.795715,8.254476,nan,0.001559
153.626285,145.371567,8.254718,152.484313,144.231900,8.252414,nan,0.002283
154.057355,145.802770,8.254585,154.301719,146.049876,8.251843,nan,0.002216
155.243223,146.986926,8.256297,154.311092,146.052793,8.258298,nan,0.000853
154.246248,145.989214,8.257034,154.486493,146.232669,8.253823,nan,0.002533
156.501157,148.241782,8.259375,157.812188,149.551967,8.260221,nan,0.001285
155.906136,147.646622,8.259513,156.511271,148.249712,8.261558,nan,0.002932
157.048474,148.789301,8.259172,156.294561,148.034377,8.260184,nan,0.002424
158.100986,149.840245,8.260741,159.198938,150.934894,8.264044,nan,0.000646
159.809421,151.547421,8.262001,159.629994,151.366316,8.263678,nan,0.000987
158.300682,150.039828,8.260854,158.324832,150.063067,8.261765,nan,0.000905
159.598208,151.335602,8.262607,156.988699,148.728958,8.259741,nan,0.003049
159.454627,151.189875,8.264752,159.935159,151.672009,8.263148,nan,0.001401
157.819104,149.555214,8.263890,155.190905,146.930062,8.260841,nan,0.001426
157.393559,149.129252,8.264307,156.963833,148.698545,8.265289,nan,0.001136
157.528139,149.262482,8.265657,157.468271,149.202209,8.266064,nan,0.001872
157.322471,149.058160,8.264310,158.242962,149.979486,8.263477,nan,0.000791
