241.918060,239.701143,2.216917,195.636944,190.866334,4.770610,12.213952,0.004163
191.752344,185.263321,6.489022,187.388489,180.143217,7.245272,14.165667,0.004021
186.609167,179.092687,7.516481,184.012940,176.285766,7.727175,6.775771,0.002799
182.493258,174.655666,7.837592,178.302829,170.454913,7.847916,nan,0.004363
179.163582,171.206508,7.957074,176.078119,168.061699,8.016421,nan,0.002667
176.159834,168.137161,8.022674,175.800635,167.759141,8.041494,nan,0.002736
176.116676,168.057203,8.059473,177.039503,168.979407,8.060097,nan,0.004113
175.975149,167.881287,8.093862,173.920669,165.815556,8.105113,nan,0.003071
175.474954,167.354363,8.120590,178.782851,170.638769,8.144082,nan,0.001886
176.309886,168.182954,8.126932,181.797974,173.653147,8.144826,nan,0.002852
177.851449,169.707002,8.144447,180.074422,171.913768,8.160654,nan,0.001881
176.947039,168.793188,8.153851,177.629825,169.468126,8.161699,nan,0.001733
178.360771,170.184541,8.176230,182.067151,173.891373,8.175777,nan,0.000863
180.733316,172.544017,8.189298,180.309831,172.113730,8.196101,nan,0.001257
180.657246,172.463757,8.193488,180.693092,172.508804,8.184288,nan,0.001274
178.971877,170.787218,8.184658,177.871859,169.680870,8.190989,nan,0.003241
174.836405,166.640139,8.196267,171.684803,163.482315,8.202489,nan,0.003924
171.996826,163.799764,8.197062,169.993451,161.785744,8.207707,nan,0.001743
173.716882,165.502203,8.214679,175.201006,166.972512,8.228494,nan,0.001052
173.799334,165.573796,8.225538,174.974188,166.750441,8.223746,nan,0.001669
173.533032,165.307067,8.225965,175.353457,167.124702,8.228755,nan,0.001035
177.058508,168.825308,8.233200,181.981651,173.740009,8.241642,nan,0.000582
182.175343,173.931631,8.243711,187.359630,179.114522,8.245109,nan,0.003191
180.818235,172.573679,8.244556,177.823784,169.583266,8.240518,nan,0.002095
182.518822,174.271632,8.247190,187.292475,179.043700,8.248775,nan,0.001074
182.732091,174.480024,8.252067,182.292237,174.039857,8.252381,nan,0.001405
183.979263,175.725347,8.253917,184.858712,176.604873,8.253839,nan,0.001109
182.598885,174.347654,8.251232,185.523663,177.269997,8.253666,nan,0.000508
183.798338,175.540484,8.257854,185.337927,177.078447,8.259481,nan,0.002212
183.492992,175.229365,8.263627,187.649848,179.383192,8.266656,nan,0.001076
183.773682,175.508593,8.265089,184.168093,175.900736,8.267357,nan,0.000700
188.440085,180.170290,8.269795,191.140514,182.868530,8.271984,nan,0.000887
189.863803,181.591615,8.272187,192.480285,184.207240,8.273045,nan,0.000089
189.001988,180.728136,8.273851,192.347312,184.072507,8.274806,nan,0.000676
193.778455,185.499183,8.279271,197.916992,189.635351,8.281641,nan,0.000511
198.594604,190.314610,8.279994,195.884749,187.609928,8.274821,nan,0.000145
198.634430,190.352340,8.282090,200.719877,192.436538,8.283340,nan,0.000303
197.946518,189.664060,8.282459,198.318477,190.033871,8.284605,nan,0.000325
198.689863,190.406804,8.283059,197.237775,188.959945,8.277829,nan,0.000476
197.747793,189.463187,8.284606,194.289502,186.001103,8.288399,nan,0.000331
199.123249,190.832424,8.290825,202.666572,194.374747,8.291825,nan,0.000704
203.108059,194.814235,8.293824,201.022340,192.731598,8.290740,nan,0.000263
198.483310,190.192250,8.291059,200.460346,192.167509,8.292836,nan,0.000232
199.981655,191.688206,8.293449,198.401065,190.110346,8.290719,nan,0.000155
198.935230,190.642884,8.292346,199.412438,191.118836,8.293603,nan,0.000095
200.172548,191.878382,8.294166,202.157219,193.859668,8.297551,nan,0.000149
204.091382,195.792214,8.299168,207.959451,199.657127,8.302323,nan,0.000078
204.330231,196.032336,8.297895,204.512885,196.212636,8.300249,nan,0.000116
203.996333,195.697892,8.298441,206.753282,198.451115,8.302167,nan,0.000042
203.894143,195.595898,8.298246,204.726395,196.427906,8.298488,nan,0.000216
204.075385,195.774721,8.300664,205.353358,197.046529,8.306829,nan,0.000068
207.148416,198.840981,8.307435,209.885243,201.570440,8.314804,nan,0.000001
207.677502,199.365534,8.311969,208.790753,200.477648,8.313106,nan,0.000000
205.955720,197.646646,8.309074,208.142046,199.828915,8.313132,nan,0.000000
210.957947,202.641423,8.316525,211.421266,203.103830,8.317438,nan,0.000000
211.615407,203.297911,8.317498,211.574493,203.256916,8.317578,nan,0.000000
211.031197,202.713604,8.317595,210.284978,201.967412,8.317568,nan,0.000000
212.256335,203.938731,8.317606,211.632988,203.315343,8.317647,nan,0.000012
210.028178,201.710600,8.317579,210.996568,202.678922,8.317648,nan,0.000000
209.744425,201.426919,8.317508,209.992057,201.674394,8.317665,nan,0.000000
209.950247,201.632655,8.317593,209.972038,201.654336,8.317704,nan,0.000000
208.819826,200.502303,8.317525,208.134526,199.816936,8.317591,nan,0.000015
208.513019,200.195445,8.317576,209.729893,201.412360,8.317534,nan,0.000000
210.396322,202.078696,8.317628,211.920853,203.603212,8.317643,nan,0.000000
212.714119,204.396478,8.317643,212.083788,203.766181,8.317608,nan,0.000000
210.883242,202.565598,8.317645,211.096945,202.779251,8.317696,nan,0.000000
212.488925,204.171229,8.317698,213.546619,205.228882,8.317738,nan,0.000000
213.925331,205.607614,8.317719,213.624372,205.306694,8.317679,nan,0.000000
212.278052,203.960432,8.317622,210.343096,202.025522,8.317576,nan,0.000000
209.763305,201.445658,8.317649,209.237161,200.919590,8.317573,nan,0.000000
208.731426,200.413795,8.317632,209.750716,201.433064,8.317654,nan,0.000000
208.299639,199.982032,8.317609,208.191474,199.873936,8.317540,nan,0.000000
209.306557,200.988887,8.317673,209.667815,201.350333,8.317483,nan,0.000000
209.705187,201.387549,8.317640,208.393869,200.076247,8.317624,nan,0.000002
209.274959,200.957365,8.317596,210.137048,201.819386,8.317664,nan,0.000000
209.973302,201.655681,8.317623,209.697980,201.380221,8.317761,nan,0.000000
211.558320,203.240643,8.317679,212.698250,204.380556,8.317697,nan,0.000000
212.673883,204.356217,8.317668,212.934151,204.616477,8.317676,nan,0.000000
213.766122,205.448402,8.317722,213.929745,205.612025,8.317721,nan,0.000000
213.928782,205.611088,8.317696,213.076397,204.758785,8.317614,nan,0.000000
212.835298,204.517629,8.317671,212.500950,204.183190,8.317762,nan,0.000000
212.796970,204.479257,8.317714,213.257789,204.940113,8.317678,nan,0.000002
213.551390,205.233668,8.317724,212.961613,204.643895,8.317720,nan,0.000000
213.489684,205.171999,8.317687,213.347922,205.030234,8.317690,nan,0.000000
212.677992,204.360414,8.317579,211.568744,203.251179,8.317566,nan,0.000000
212.425213,204.107737,8.317478,210.998072,202.680655,8.317419,nan,0.000000
210.537463,202.220048,8.317416,210.851264,202.533577,8.317689,nan,0.000000
209.524202,201.206571,8.317633,209.907999,201.590539,8.317461,nan,0.000000
208.873327,200.555672,8.317657,209.560785,201.243217,8.317570,nan,0.000000
209.712811,201.395197,8.317616,209.584836,201.267160,8.317678,nan,0.000000
209.493462,201.175800,8.317664,209.596295,201.278549,8.317747,nan,0.000000
209.465788,201.148113,8.317677,209.045913,200.728225,8.317690,nan,0.000000
209.833262,201.515571,8.317693,210.529640,202.212014,8.317628,nan,0.000000
210.498426,202.180737,8.317691,211.941461,203.623735,8.317728,nan,0.000000
211.823588,203.505885,8.317704,212.339326,204.021622,8.317706,nan,0.000000
212.132809,203.815135,8.317676,212.425477,204.107743,8.317736,nan,0.000000
211.357680,203.040018,8.317665,211.938098,203.620337,8.317763,nan,0.000001
211.556609,203.238903,8.317708,210.825535,202.507792,8.317745,nan,0.000000
210.454852,202.137188,8.317666,209.886904,201.569300,8.317606,nan,0.000000
210.094690,201.777084,8.317608,210.997668,202.680008,8.317661,nan,0.000000
211.506237,203.188573,8.317665,211.578020,203.260511,8.317510,nan,0.000000
211.472513,203.154846,8.317669,212.353016,204.035533,8.317484,nan,0.000000
212.351185,204.033528,8.317659,211.915572,203.597854,8.317719,nan,0.000000
211.582202,203.264546,8.317658,211.334204,203.016514,8.317692,nan,0.000000
211.760570,203.442906,8.317666,212.106941,203.789345,8.317598,nan,0.000000
212.391827,204.074143,8.317686,212.454274,204.136622,8.317654,nan,0.000000
212.524015,204.206285,8.317732,212.462642,204.145043,8.317601,nan,0.000000
212.849318,204.531655,8.317665,212.848211,204.530456,8.317756,nan,0.000000
212.735498,204.417792,8.317708,212.388793,204.071077,8.317719,nan,0.000000
212.437237,204.119601,8.317637,212.265519,203.947846,8.317675,nan,0.000000
212.278170,203.960505,8.317667,213.660638,205.342887,8.317754,nan,0.000000
213.541112,205.223405,8.317709,213.446691,205.128928,8.317765,nan,0.000000
213.493540,205.175841,8.317700,213.711035,205.393274,8.317763,nan,0.000000
213.246516,204.928796,8.317722,213.216265,204.898645,8.317621,nan,0.000000
213.648580,205.330863,8.317719,214.062130,205.744373,8.317759,nan,0.000000
213.976496,205.658785,8.317713,213.818306,205.500543,8.317765,nan,0.000000
213.448416,205.130781,8.317637,213.150178,204.832545,8.317635,nan,0.000000
213.031344,204.713671,8.317675,213.048885,204.731162,8.317724,nan,0.000000
213.689783,205.372083,8.317702,213.896315,205.578551,8.317766,nan,0.000000
214.018452,205.700770,8.317684,213.871210,205.553446,8.317765,nan,0.000000
213.902429,205.584712,8.317718,214.045988,205.728226,8.317764,nan,0.000000
214.241144,205.923393,8.317752,213.977170,205.659416,8.317756,nan,0.000000
214.161355,205.843609,8.317748,213.904245,205.586481,8.317766,nan,0.000000
214.052706,205.734966,8.317742,213.924178,205.606414,8.317766,nan,0.000000
214.232315,205.914567,8.317750,214.134277,205.816513,8.317766,nan,0.000000
214.375064,206.057301,8.317766,214.136852,205.819088,8.317766,nan,0.000000
214.375406,206.057643,8.317765,214.178914,205.861150,8.317766,nan,0.000000
214.377611,206.059858,8.317756,214.186425,205.868661,8.317766,nan,0.000000
214.369921,206.052160,8.317763,214.122990,205.805245,8.317746,nan,0.000000
214.377000,206.059241,8.317761,214.169399,205.851635,8.317766,nan,0.000000
214.383547,206.065783,8.317766,214.187059,205.869295,8.317766,nan,0.000000
214.380470,206.062706,8.317766,214.135652,205.817887,8.317766,nan,0.000000
214.385395,206.067630,8.317766,214.121654,205.803889,8.317766,nan,0.000000
214.386669,206.068904,8.317766,214.142641,205.824876,8.317766,nan,0.000000
214.382593,206.064829,8.317766,214.199037,205.881273,8.317766,nan,0.000000
214.384587,206.066823,8.317766,214.177747,205.859983,8.317766,nan,0.000000
214.383927,206.066163,8.317766,214.169829,205.852065,8.317766,nan,0.000000
214.383475,206.065711,8.317766,214.156520,205.838756,8.317766,nan,0.000000
214.384707,206.066943,8.317766,214.149578,205.831814,8.317766,nan,0.000000
214.369009,206.051245,8.317766,214.153486,205.835722,8.317766,nan,0.000000
214.294912,205.977174,8.317739,214.064819,205.747055,8.317766,nan,0.000000
214.321034,206.003272,8.317764,214.103755,205.785992,8.317765,nan,0.000000
214.366525,206.048761,8.317765,214.072374,205.754615,8.317761,nan,0.000000
214.359552,206.041788,8.317766,214.151946,205.834193,8.317755,nan,0.000000
214.360946,206.043182,8.317766,214.147405,205.829698,8.317709,nan,0.000000
214.359639,206.041880,8.317761,214.103341,205.785576,8.317766,nan,0.000000
214.380873,206.063109,8.317766,214.120197,205.802432,8.317766,nan,0.000000
214.379994,206.062229,8.317766,214.188572,205.870808,8.317766,nan,0.000000
214.379645,206.061881,8.317766,214.202454,205.884690,8.317766,nan,0.000000
214.380678,206.062914,8.317766,214.144953,205.827188,8.317766,nan,0.000000
214.382888,206.065123,8.317766,214.131070,205.813306,8.317766,nan,0.000000
214.379729,206.061965,8.317766,214.165024,205.847260,8.317766,nan,0.000000
214.381968,206.064203,8.317766,214.164091,205.846327,8.317766,nan,0.000000
214.380373,206.062609,8.317766,214.141406,205.823642,8.317766,nan,0.000000
214.379284,206.061520,8.317766,214.161167,205.843402,8.317766,nan,0.000000
214.382308,206.064544,8.317766,214.170063,205.852298,8.317766,nan,0.000000
214.381561,206.063796,8.317766,214.185281,205.867516,8.317766,nan,0.000000
214.379426,206.061662,8.317766,214.136691,205.818926,8.317766,nan,0.000000
214.380039,206.062274,8.317766,214.124423,205.806658,8.317766,nan,0.000000
214.379629,206.061865,8.317766,214.111889,205.794124,8.317766,nan,0.000000
