197.058544,193.393490,3.665054,172.573970,165.052017,7.521952,3.199509,0.018357
157.387608,146.644470,10.743138,147.275845,134.716343,12.559501,3.082352,0.020731
143.103499,129.661809,13.441690,138.049452,123.550655,14.498798,2.970919,0.022723
136.446724,121.318222,15.128502,133.115464,117.385142,15.730322,2.909050,0.023724
132.031751,115.844432,16.187318,129.693161,113.064885,16.628276,2.903610,0.023244
129.116541,112.221087,16.895454,127.017341,109.738060,17.279281,3.027215,0.023182
126.856108,109.314652,17.541456,125.390514,107.433581,17.956934,3.018347,0.023562
125.010367,106.886078,18.124289,123.530786,105.045619,18.485168,2.942898,0.021879
123.495262,104.976716,18.518546,122.203602,103.638927,18.564675,3.059072,0.021986
122.141465,103.308595,18.832870,120.754161,101.755480,18.998680,3.117429,0.022500
121.024586,101.835674,19.188912,120.272921,100.942401,19.330520,3.071741,0.022767
120.011195,100.529147,19.482048,119.256776,99.665560,19.591216,3.037012,0.022427
119.228777,99.512863,19.715914,118.437001,98.621470,19.815530,3.117329,0.022366
118.353494,98.444183,19.909311,117.681100,97.730355,19.950745,3.072817,0.021265
117.622730,97.579749,20.042980,117.094679,96.998965,20.095714,3.073792,0.021741
116.986207,96.763967,20.222239,116.842545,96.493797,20.348748,3.151519,0.020961
116.371405,95.956529,20.414876,116.330308,95.834826,20.495481,2.924457,0.022780
115.875703,95.276192,20.599511,115.287563,94.638408,20.649154,3.248729,0.019328
115.278088,94.663375,20.614713,115.601771,94.926024,20.675747,3.019809,0.021462
114.790076,94.004559,20.785517,114.902891,94.191235,20.711656,3.104429,0.020539
114.390419,93.481233,20.909186,114.499730,93.606942,20.892789,3.090320,0.020529
113.981877,93.054949,20.926928,114.081831,93.163782,20.918050,3.029065,0.021155
113.587437,92.605930,20.981507,113.665606,92.576159,21.089447,3.097391,0.020592
113.162478,92.144664,21.017814,113.598802,92.600377,20.998425,3.154741,0.019897
112.953543,91.887773,21.065770,113.151842,92.081418,21.070424,3.058891,0.021736
112.586207,91.524567,21.061640,112.886989,91.834926,21.052063,3.084535,0.020678
112.237481,91.139092,21.098389,112.303528,91.194956,21.108572,3.050494,0.021245
111.965762,90.826396,21.139366,112.151587,91.037425,21.114162,3.112870,0.019375
111.705620,90.522691,21.182929,112.166805,90.976904,21.189901,3.169135,0.020095
111.411453,90.175915,21.235538,112.178237,91.027366,21.150871,3.070291,0.020712
111.165572,89.922606,21.242966,111.544191,90.298059,21.246132,3.043547,0.020315
111.028913,89.733542,21.295371,111.365628,90.067906,21.297722,3.243092,0.017922
110.691546,89.397912,21.293634,111.491832,90.231699,21.260133,3.250843,0.019562
110.506746,89.178224,21.328522,111.228600,90.029870,21.198729,3.064385,0.019061
110.222667,88.922525,21.300142,111.397851,90.081188,21.316663,3.007804,0.022518
110.057551,88.652788,21.404762,111.214550,89.816500,21.398050,3.134725,0.020947
109.829144,88.475221,21.353923,110.633394,89.316045,21.317349,3.122220,0.020194
109.649016,88.301313,21.347704,110.534933,89.150669,21.384264,3.144684,0.020339
109.450329,88.088095,21.362234,110.301878,89.012900,21.288978,3.115980,0.020059
109.266223,87.936021,21.330202,110.305922,89.082490,21.223432,3.082233,0.020443
109.149793,87.780735,21.369058,110.257501,88.939519,21.317982,3.074136,0.020912
109.064047,87.664223,21.399824,109.903350,88.556742,21.346607,3.400370,0.018175
108.788740,87.362325,21.426415,109.638149,88.255686,21.382464,3.113769,0.019174
108.679047,87.252468,21.426579,109.756783,88.338182,21.418601,3.154317,0.019562
108.575555,87.160928,21.414628,109.552559,88.198639,21.353920,3.082332,0.021622
108.416815,86.947401,21.469414,109.524720,88.094990,21.429730,3.290566,0.018911
108.254446,86.792688,21.461758,110.235139,88.835757,21.399382,3.343856,0.020446
108.160258,86.691222,21.469036,109.349600,87.862912,21.486688,3.195177,0.019245
108.062725,86.595618,21.467107,109.086199,87.689102,21.397097,3.152158,0.019464
107.857124,86.404877,21.452247,109.097790,87.712988,21.384802,3.305145,0.018763
107.826455,86.319474,21.506982,109.165917,87.720339,21.445578,3.181516,0.020671
107.685014,86.201207,21.483806,108.798525,87.329669,21.468855,3.327782,0.018038
107.542189,86.046682,21.495507,108.938177,87.554955,21.383222,3.241969,0.018111
107.460253,86.024921,21.435333,108.871951,87.520267,21.351684,3.307747,0.018711
107.310580,85.867639,21.442941,108.491186,87.087298,21.403887,3.250358,0.019531
107.197372,85.758307,21.439065,108.504356,87.091497,21.412859,3.394343,0.017100
107.138011,85.691737,21.446274,108.640297,87.217517,21.422781,3.418087,0.017818
107.033916,85.622675,21.411241,108.626035,87.227814,21.398221,3.109095,0.019720
106.931609,85.498701,21.432908,108.574414,87.270239,21.304176,3.423318,0.017863
106.917562,85.483810,21.433752,108.481619,87.050295,21.431325,3.082000,0.020584
106.742757,85.304086,21.438671,108.419231,87.061920,21.357311,3.059698,0.019654
106.653271,85.198079,21.455192,108.135842,86.683428,21.452414,3.178104,0.019313
106.527744,85.095723,21.432022,108.392794,87.058626,21.334168,3.095078,0.020058
106.433023,85.037737,21.395286,108.277704,86.887749,21.389955,3.273127,0.018647
106.329682,84.947092,21.382590,107.907170,86.632620,21.274550,3.315300,0.019302
106.271548,84.910011,21.361538,108.082892,86.804010,21.278882,3.418188,0.017974
106.179547,84.827293,21.352254,108.201351,86.880005,21.321347,3.232104,0.019187
106.144177,84.823372,21.320805,107.803547,86.587648,21.215899,3.177476,0.018482
106.011485,84.720993,21.290492,107.901216,86.689652,21.211564,3.149615,0.020550
105.953006,84.640937,21.312069,107.722831,86.444280,21.278550,3.154346,0.018634
105.854473,84.531522,21.322951,107.628519,86.410447,21.218072,3.120745,0.018749
105.888236,84.553283,21.334954,107.960572,86.657727,21.302846,3.165491,0.018814
105.779574,84.500530,21.279045,107.430930,86.161058,21.269872,3.265297,0.017666
105.688023,84.369163,21.318860,107.662606,86.409833,21.252773,3.106998,0.019562
105.644721,84.368103,21.276618,107.593599,86.350116,21.243483,3.358809,0.016832
105.513542,84.218163,21.295379,107.763694,86.595334,21.168360,3.258693,0.019582
105.478270,84.195266,21.283004,107.583685,86.450740,21.132945,3.225030,0.020094
105.363645,84.077576,21.286070,107.302948,86.030743,21.272205,3.189034,0.019213
105.350826,84.036112,21.314715,107.574622,86.407368,21.167254,3.073133,0.019689
105.325299,84.026266,21.299033,107.493526,86.272310,21.221215,3.230958,0.018340
105.203934,83.914111,21.289823,107.267315,86.006485,21.260830,3.374202,0.018501
105.171368,83.879902,21.291466,107.325198,86.047184,21.278014,3.239032,0.017064
105.157438,83.841573,21.315865,107.457867,86.241155,21.216711,3.089062,0.019515
105.012588,83.723904,21.288684,107.309818,86.089628,21.220191,3.148237,0.019182
104.994026,83.692980,21.301045,107.274770,86.050563,21.224207,3.106055,0.018641
105.047297,83.704963,21.342334,107.159380,85.839377,21.320004,3.274072,0.018052
104.849790,83.531697,21.318093,107.005412,85.734322,21.271090,3.249928,0.019133
104.825798,83.480738,21.345060,107.158341,85.893007,21.265335,3.141371,0.018453
104.796966,83.470790,21.326176,107.138310,85.910518,21.227792,3.007854,0.021297
104.652080,83.348083,21.303996,107.008689,85.706734,21.301955,3.365800,0.017332
104.675067,83.359095,21.315971,106.949010,85.695395,21.253614,3.216482,0.018329
104.665975,83.332329,21.333647,106.858458,85.627886,21.230573,3.322712,0.018554
104.687702,83.348517,21.339185,106.893149,85.622019,21.271129,3.242130,0.018715
104.575078,83.259101,21.315977,106.906481,85.628380,21.278101,3.091930,0.019078
104.617750,83.332479,21.285271,106.732457,85.412262,21.320195,3.268350,0.017294
104.475909,83.208820,21.267089,107.017241,85.897170,21.120070,3.306386,0.017562
104.479354,83.158618,21.320737,106.992177,85.788983,21.203194,3.237591,0.017710
104.395604,83.052506,21.343098,106.527644,85.245099,21.282545,3.272916,0.016972
104.406053,83.053125,21.352927,106.661528,85.390686,21.270842,3.212332,0.018374
104.322633,82.970664,21.351969,106.535215,85.292402,21.242813,3.452096,0.017319
104.261355,82.892490,21.368865,106.692037,85.311638,21.380399,3.134113,0.018528
104.177654,82.803294,21.374359,106.575016,85.372050,21.202965,3.333655,0.017467
104.145102,82.796949,21.348153,106.275456,85.032612,21.242845,3.131147,0.018509
104.157083,82.804802,21.352281,106.629682,85.358455,21.271227,3.144013,0.018624
104.069250,82.705734,21.363516,106.441368,85.125512,21.315856,3.031623,0.019504
103.947086,82.621907,21.325179,106.297647,85.116123,21.181524,3.187351,0.017627
103.910960,82.587672,21.323288,106.403590,85.267475,21.136115,3.179662,0.017442
103.991676,82.642623,21.349053,106.404763,85.118883,21.285880,3.388898,0.017592
103.931530,82.561728,21.369802,106.476755,85.234765,21.241990,3.062911,0.019024
103.873966,82.505095,21.368871,106.560091,85.271226,21.288865,3.279058,0.017468
103.856580,82.460454,21.396126,106.331175,84.970282,21.360893,3.214351,0.017583
103.768984,82.331648,21.437336,106.372964,84.997836,21.375128,3.169292,0.018137
103.734709,82.328240,21.406469,106.212666,84.948015,21.264651,3.172940,0.018495
103.719052,82.312940,21.406112,106.231264,84.823288,21.407976,3.175676,0.018056
103.684459,82.258261,21.426198,106.204227,84.907686,21.296541,3.187264,0.017856
103.591184,82.148033,21.443150,106.365555,85.039027,21.326528,3.339084,0.015336
103.585542,82.177665,21.407877,106.362132,85.031735,21.330396,3.199389,0.017536
103.581844,82.167833,21.414011,106.489705,85.198546,21.291159,3.190433,0.017241
103.589077,82.170438,21.418640,106.041969,84.710579,21.331390,3.346111,0.016881
103.539616,82.134288,21.405328,106.145752,84.848797,21.296955,3.318690,0.017630
103.528041,82.069260,21.458781,106.188684,84.778603,21.410082,3.242217,0.017113
103.497769,82.034009,21.463760,106.287031,84.898668,21.388363,3.142109,0.017372
103.415176,81.977362,21.437814,106.195059,84.859171,21.335888,3.177782,0.017389
103.412389,81.939490,21.472899,106.315552,84.899627,21.415926,3.270379,0.018870
103.373418,81.905306,21.468111,106.372976,85.012863,21.360114,3.123154,0.018098
103.404604,81.984096,21.420509,106.084395,84.759768,21.324627,3.210521,0.017750
103.374356,81.920390,21.453965,106.178884,84.749009,21.429875,3.287479,0.016501
103.299851,81.833009,21.466843,106.359058,85.016312,21.342746,3.302917,0.016649
103.329272,81.888183,21.441088,106.192374,84.868230,21.324143,3.275186,0.016827
103.287743,81.817928,21.469814,106.136930,84.728287,21.408643,3.344017,0.016606
103.352705,81.855856,21.496849,106.211581,84.811105,21.400477,3.275002,0.018642
103.252294,81.775300,21.476994,106.213945,84.848340,21.365605,3.209251,0.018504
103.246866,81.748948,21.497918,106.374020,85.038976,21.335044,3.332883,0.018709
103.221905,81.753701,21.468204,106.267512,84.962316,21.305196,3.230130,0.017465
103.137814,81.673784,21.464030,106.474629,85.150694,21.323935,3.332239,0.016808
103.173147,81.673275,21.499872,106.021445,84.585756,21.435689,3.361371,0.015373
103.107349,81.612511,21.494838,106.048155,84.664328,21.383826,3.334403,0.017197
103.141037,81.644969,21.496068,106.624732,85.248309,21.376423,3.155769,0.017197
103.022587,81.546131,21.476456,106.091696,84.713610,21.378086,3.602751,0.015336
103.005750,81.497580,21.508170,106.049800,84.632447,21.417352,3.279097,0.016599
102.991947,81.489593,21.502354,106.133230,84.703189,21.430041,3.293606,0.018889
103.007810,81.485086,21.522725,106.055898,84.643351,21.412547,3.347904,0.016174
102.987079,81.454085,21.532994,106.083108,84.646942,21.436166,3.237585,0.016838
102.986816,81.410394,21.576422,106.033070,84.545948,21.487122,3.118764,0.018943
102.918443,81.353203,21.565239,106.178139,84.713360,21.464779,3.171490,0.017912
102.958643,81.403903,21.554740,106.250290,84.844659,21.405631,3.172618,0.017451
102.997345,81.428154,21.569191,106.129470,84.647869,21.481602,3.097110,0.017519
102.824691,81.233586,21.591105,106.190499,84.745560,21.444939,3.188937,0.018955
102.822444,81.251571,21.570873,106.064527,84.542116,21.522411,3.447498,0.016821
102.778609,81.139582,21.639027,106.009027,84.538737,21.470289,3.280801,0.017290
102.824978,81.240775,21.584204,106.327372,84.895460,21.431912,3.203161,0.017784
102.793540,81.160123,21.633417,106.128470,84.519878,21.608591,3.141070,0.018403
102.746989,81.145128,21.601861,105.959716,84.509652,21.450065,3.267330,0.016964
102.761402,81.141393,21.620009,105.961379,84.454406,21.506973,3.169021,0.018311
102.772554,81.150866,21.621688,106.289371,84.755343,21.534028,3.249738,0.017587
102.720669,81.091900,21.628769,105.941336,84.408507,21.532829,3.307618,0.015694
102.696663,81.056177,21.640486,106.051755,84.510558,21.541197,3.167195,0.018060
102.630385,80.990886,21.639499,106.168088,84.599640,21.568448,3.174692,0.017296
102.582738,80.958714,21.624024,106.244589,84.670991,21.573598,3.134487,0.017657
102.671631,80.989201,21.682430,106.211144,84.637643,21.573501,3.063091,0.019261
