261.313200,256.132245,5.180954,194.988571,192.490573,2.497998,3.799472,0.007941
191.051268,187.630121,3.421147,182.739095,177.594082,5.145013,2.883356,0.011983
174.423293,167.406405,7.016887,160.981535,151.249637,9.731898,2.862453,0.015148
156.487862,145.883906,10.603956,151.546041,140.389784,11.156256,3.077544,0.016204
149.260665,137.848133,11.412532,145.518427,133.707393,11.811033,3.131141,0.016956
143.355199,130.861378,12.493820,140.029682,126.975970,13.053712,2.925365,0.018826
138.840404,125.524573,13.315832,136.085939,122.422373,13.663568,3.140354,0.018947
135.550065,121.738381,13.811684,133.066878,118.937880,14.128997,3.300514,0.019769
132.767187,118.475960,14.291226,130.549765,116.030182,14.519583,3.396032,0.019032
130.438136,115.747601,14.690535,128.700668,113.737879,14.962789,3.097073,0.021011
128.568399,113.529403,15.038996,126.885329,111.751614,15.133715,3.253005,0.019996
126.902797,111.632201,15.270595,125.357750,110.001898,15.355851,3.398088,0.019059
125.456983,109.977202,15.479781,123.961573,108.343158,15.618416,3.417933,0.019316
124.285168,108.628490,15.656678,122.667780,106.882766,15.785014,3.267463,0.020352
123.190866,107.385970,15.804896,122.182406,106.220275,15.962130,3.097629,0.021254
122.171816,106.216576,15.955241,120.903789,104.875949,16.027840,3.460646,0.019250
121.281374,105.274437,16.006937,119.968944,103.891887,16.077057,3.472649,0.019627
120.476452,104.395028,16.081424,119.348097,103.249599,16.098498,3.458263,0.019917
119.769997,103.616641,16.153355,118.570017,102.361335,16.208681,3.425637,0.018430
119.043030,102.792165,16.250865,117.893588,101.612782,16.280805,3.585050,0.018413
118.423330,102.120280,16.303050,117.640701,101.225000,16.415700,3.306040,0.020668
117.778932,101.388605,16.390327,116.855697,100.421900,16.433797,3.452388,0.018629
117.281406,100.886298,16.395108,116.113072,99.601387,16.511685,3.501822,0.018399
116.775260,100.341805,16.433455,115.863957,99.287991,16.575966,3.416991,0.018929
116.216866,99.690368,16.526498,115.452448,98.801041,16.651407,3.363164,0.019039
115.737512,99.179430,16.558082,115.026376,98.425499,16.600877,3.501456,0.018120
115.333868,98.779078,16.554790,114.731364,98.151859,16.579505,3.386110,0.019014
114.814075,98.216626,16.597449,114.101871,97.451997,16.649874,3.555722,0.018400
114.400695,97.790157,16.610538,113.686948,96.908084,16.778864,3.450540,0.018467
114.041357,97.378345,16.663013,113.412215,96.643261,16.768954,3.501554,0.018444
113.596582,96.883435,16.713147,113.212608,96.498141,16.714467,3.395058,0.019280
113.254440,96.526034,16.728406,112.952886,96.190153,16.762734,3.600723,0.017578
112.866928,96.074438,16.792491,112.264091,95.399155,16.864937,3.486474,0.018308
112.498680,95.646172,16.852508,112.364156,95.478667,16.885489,3.557062,0.018418
112.144307,95.253285,16.891022,111.707719,94.774847,16.932873,3.536197,0.017789
111.885792,94.919460,16.966332,111.503761,94.515365,16.988396,3.457348,0.018174
111.564810,94.607083,16.957727,111.147506,94.114972,17.032534,3.641157,0.017182
111.247262,94.248026,16.999237,110.989578,93.999670,16.989908,3.600868,0.017432
110.946425,93.912659,17.033766,110.802024,93.722700,17.079324,3.640458,0.018098
110.703046,93.624754,17.078292,110.528939,93.468979,17.059960,3.599791,0.018297
110.455294,93.318048,17.137247,110.221265,93.067312,17.153953,3.575723,0.018597
110.124488,92.985727,17.138761,110.249747,93.107123,17.142624,3.475403,0.018250
109.900353,92.744072,17.156282,109.780190,92.535539,17.244650,3.693464,0.018024
109.739481,92.539988,17.199493,109.755525,92.555847,17.199678,3.516414,0.018351
109.517090,92.316075,17.201015,109.807278,92.580379,17.226900,3.384803,0.019737
109.383247,92.130211,17.253036,109.405064,92.132930,17.272135,3.488606,0.018246
109.124513,91.865151,17.259362,109.227569,91.924299,17.303270,3.722780,0.016280
108.886812,91.597255,17.289557,109.099174,91.825313,17.273861,3.630332,0.017458
108.774094,91.444149,17.329946,108.738446,91.405901,17.332545,3.624247,0.019052
108.587955,91.221549,17.366406,108.715843,91.301206,17.414637,3.819900,0.016812
108.408697,91.031721,17.376976,108.831499,91.383579,17.447920,3.425846,0.018540
108.283497,90.885037,17.398460,108.305726,90.811936,17.493789,3.697519,0.017835
108.062949,90.622276,17.440673,108.292424,90.861231,17.431192,3.712661,0.017531
107.944484,90.470444,17.474039,108.117449,90.568659,17.548790,3.663979,0.017872
107.821124,90.324341,17.496783,108.078738,90.539491,17.539247,3.456074,0.017740
107.645363,90.119322,17.526041,107.833147,90.262931,17.570215,3.543116,0.017748
107.506241,89.975295,17.530947,107.825636,90.247227,17.578408,3.708442,0.017972
107.349335,89.799454,17.549881,107.815705,90.206678,17.609028,3.657937,0.017971
107.214300,89.605315,17.608986,107.464751,89.770179,17.694571,3.609260,0.017832
107.061156,89.427543,17.633613,107.728785,90.075756,17.653029,3.450670,0.020191
106.983544,89.313115,17.670428,107.349134,89.648366,17.700768,3.627283,0.018913
106.798588,89.144515,17.654073,107.458145,89.822801,17.635344,3.677243,0.017201
106.746540,89.086102,17.660437,107.398835,89.753394,17.645441,3.605180,0.017401
106.601643,88.902324,17.699319,107.068644,89.312378,17.756266,3.654319,0.017873
106.481120,88.719382,17.761737,107.018391,89.214585,17.803806,3.575854,0.018028
106.386312,88.617893,17.768419,107.036175,89.282532,17.753643,3.770181,0.016505
106.228306,88.464623,17.763682,106.730777,88.971052,17.759724,3.672468,0.018333
106.196644,88.444736,17.751908,106.699697,88.998028,17.701669,3.659108,0.016981
106.081495,88.300433,17.781062,106.475413,88.683250,17.792163,3.709276,0.017358
106.002203,88.241510,17.760693,106.504244,88.698120,17.806125,3.629516,0.017301
105.948795,88.153886,17.794910,106.437925,88.659148,17.778777,3.537145,0.018311
105.771932,87.964907,17.807025,106.245400,88.480159,17.765242,3.614288,0.018016
105.701281,87.867580,17.833701,106.265322,88.473205,17.792117,3.722355,0.017661
105.622780,87.805105,17.817675,106.301885,88.463544,17.838342,3.542663,0.018784
105.552668,87.741303,17.811365,106.184384,88.384966,17.799418,3.835003,0.016095
105.513483,87.687758,17.825725,106.258518,88.381511,17.877008,3.646291,0.017658
105.411520,87.550967,17.860553,106.097062,88.130382,17.966679,3.716982,0.017394
105.233083,87.355844,17.877239,105.884505,88.068782,17.815724,3.755210,0.017260
105.187130,87.333478,17.853652,105.898960,88.058340,17.840621,3.660979,0.017731
105.151530,87.296982,17.854548,105.915501,88.146860,17.768641,3.869585,0.015620
105.088997,87.213606,17.875391,106.045657,88.187929,17.857727,3.504026,0.018636
105.044304,87.187005,17.857298,105.751804,87.867554,17.884250,3.761190,0.017369
104.906029,87.036756,17.869273,105.698696,87.791395,17.907301,3.635733,0.017682
104.893572,87.009558,17.884014,105.588593,87.772851,17.815742,3.863276,0.017377
104.788865,86.904121,17.884744,105.902254,88.027258,17.874996,3.641670,0.018379
104.726699,86.770295,17.956404,105.620624,87.688291,17.932333,3.861924,0.017316
104.662216,86.704923,17.957293,105.499872,87.566767,17.933104,3.660701,0.018006
104.631731,86.702518,17.929214,105.473711,87.550528,17.923183,3.688460,0.016308
104.597833,86.648611,17.949222,105.264052,87.341097,17.922956,3.706404,0.018104
104.468083,86.542501,17.925582,105.206548,87.228166,17.978381,3.838984,0.017503
104.461159,86.492504,17.968655,105.392173,87.436925,17.955249,3.768011,0.017521
104.398283,86.417465,17.980818,105.397109,87.375796,18.021313,3.631951,0.018848
104.322142,86.340494,17.981648,105.440869,87.424644,18.016226,4.011434,0.016309
104.307379,86.308076,17.999304,105.272204,87.315385,17.956819,3.651938,0.018493
104.284940,86.260445,18.024494,105.168090,87.170268,17.997823,3.631546,0.016949
104.212441,86.243642,17.968799,105.143291,87.140101,18.003190,3.772799,0.016966
104.192383,86.213879,17.978504,105.063045,87.065582,17.997463,3.809949,0.016869
104.088218,86.079839,18.008379,105.291828,87.411745,17.880083,3.834447,0.016861
104.058115,86.066515,17.991600,104.992066,86.991037,18.001029,3.658875,0.017659
104.089977,86.085223,18.004754,105.103046,87.062794,18.040252,3.663150,0.017816
103.998777,85.969466,18.029312,104.947177,86.857191,18.089986,3.778460,0.016881
103.968224,85.926801,18.041424,104.805160,86.786509,18.018651,3.811898,0.016779
103.955393,85.937920,18.017473,104.762920,86.718642,18.044278,3.866457,0.018446
103.786294,85.776686,18.009608,104.965236,86.960433,18.004804,3.522267,0.018926
103.821533,85.785373,18.036160,104.951657,86.884028,18.067628,3.714471,0.018207
103.826999,85.754151,18.072848,104.876837,86.789007,18.087829,3.718084,0.017120
103.757822,85.696259,18.061563,104.947003,86.921340,18.025663,3.665799,0.018033
103.722785,85.660619,18.062166,104.755289,86.772555,17.982735,3.744501,0.018406
103.714983,85.639819,18.075165,104.716698,86.580853,18.135844,3.693899,0.018378
103.587493,85.522111,18.065382,104.916708,86.913522,18.003185,3.822701,0.017203
103.584857,85.539263,18.045594,104.672789,86.589072,18.083717,3.890708,0.017806
103.557154,85.508746,18.048407,104.588872,86.488668,18.100203,3.694434,0.017303
103.516053,85.398933,18.117120,104.585101,86.413338,18.171763,3.785928,0.016314
103.461469,85.386527,18.074942,104.794728,86.771666,18.023061,3.612417,0.018299
103.506675,85.425593,18.081081,104.630647,86.580518,18.050129,3.705562,0.018124
103.414130,85.318764,18.095367,104.581275,86.460374,18.120901,3.902106,0.017694
103.337451,85.224806,18.112645,104.503678,86.445489,18.058189,3.824558,0.018296
103.321068,85.217278,18.103791,104.691521,86.605993,18.085528,3.974741,0.019104
103.331261,85.202205,18.129056,104.527307,86.432396,18.094911,3.825013,0.017126
103.253223,85.180640,18.072583,104.618441,86.598597,18.019844,4.083088,0.016529
103.245473,85.132322,18.113151,104.556317,86.505267,18.051050,3.678282,0.017785
103.242838,85.168658,18.074180,104.483957,86.413068,18.070889,3.873414,0.017346
103.158329,85.056787,18.101542,104.367313,86.266153,18.101160,3.711043,0.018103
103.141807,85.044672,18.097135,104.225889,86.112011,18.113878,3.807620,0.017234
103.117708,85.032298,18.085410,104.436596,86.336814,18.099781,3.816538,0.016553
103.068681,84.980556,18.088125,104.402062,86.224741,18.177322,3.528798,0.018973
103.054366,84.971163,18.083203,104.501985,86.416463,18.085521,3.873805,0.018054
103.002105,84.901532,18.100572,104.137660,86.000792,18.136868,3.953073,0.017034
103.016389,84.892418,18.123971,104.276318,86.068789,18.207529,3.887769,0.016611
102.966075,84.868850,18.097225,104.146043,86.059644,18.086400,3.860437,0.016510
102.951946,84.850384,18.101562,104.431867,86.303988,18.127879,3.881706,0.017823
102.863005,84.764954,18.098051,104.050354,85.909744,18.140610,3.930338,0.016621
102.859189,84.782330,18.076860,104.364388,86.231754,18.132633,3.814038,0.017906
102.852093,84.753954,18.098139,104.263166,86.165822,18.097344,3.724153,0.017087
102.824512,84.744569,18.079943,104.277829,86.171927,18.105902,3.973915,0.015809
102.738376,84.628499,18.109876,104.155473,86.052440,18.103033,3.780437,0.016802
102.746389,84.677671,18.068718,104.252209,86.194974,18.057235,3.636551,0.018903
102.709175,84.624679,18.084496,104.253921,86.188097,18.065823,3.940889,0.018420
102.722104,84.648402,18.073702,104.138571,86.054622,18.083949,3.970958,0.017730
102.699591,84.613681,18.085910,104.151044,86.060939,18.090105,3.731755,0.017942
102.645067,84.560492,18.084575,104.029099,85.997826,18.031273,3.943739,0.016716
102.577493,84.465639,18.111854,103.932280,85.839530,18.092750,3.811389,0.018259
102.569678,84.457798,18.111880,104.088017,85.928879,18.159138,4.021562,0.015283
102.588744,84.491971,18.096773,103.986437,85.867216,18.119221,3.781781,0.017975
102.569501,84.471851,18.097650,103.818321,85.668079,18.150242,3.920824,0.017265
102.499964,84.367843,18.132121,104.146501,86.073834,18.072667,3.881714,0.018796
102.485970,84.400057,18.085914,104.045459,85.938641,18.106817,4.066631,0.016793
102.422626,84.330848,18.091778,103.942175,85.857222,18.084954,3.881806,0.016778
102.483439,84.421921,18.061518,104.038086,85.938984,18.099103,3.674842,0.017948
102.348972,84.234519,18.114453,103.740759,85.535796,18.204963,3.840302,0.016944
102.380899,84.264332,18.116567,103.958060,85.882420,18.075641,3.894463,0.016721
102.340004,84.237716,18.102288,103.867666,85.708445,18.159221,3.713148,0.016931
102.382212,84.319453,18.062758,104.055862,85.991523,18.064339,3.904875,0.017634
102.274386,84.219138,18.055248,103.954857,85.927913,18.026944,3.877866,0.016943
102.306087,84.279497,18.026589,103.756792,85.705232,18.051560,3.769035,0.017709
102.279607,84.177986,18.101621,103.694210,85.602562,18.091648,4.007455,0.017425
102.256443,84.167615,18.088828,103.865661,85.735748,18.129913,3.760519,0.018848
102.178793,84.089548,18.089246,103.617397,85.543490,18.073908,4.011627,0.016116
102.155109,84.047735,18.107374,103.710495,85.665553,18.044942,3.991877,0.016927
102.184489,84.104557,18.079932,103.682355,85.580985,18.101369,3.919312,0.017149
