194.162034,190.353889,3.808145,167.632380,159.440774,8.191606,3.266211,0.019721
153.906017,142.976206,10.929810,145.028068,132.550920,12.477148,3.226562,0.019658
141.215403,127.468497,13.746905,135.787077,121.100890,14.686186,2.907934,0.021438
134.448460,119.164995,15.283465,131.714624,115.874350,15.840274,2.935832,0.022833
130.389394,114.119749,16.269645,127.820534,111.125965,16.694569,2.944848,0.021522
127.461758,110.467865,16.993892,125.664922,108.330083,17.334838,2.853284,0.022619
125.065564,107.443642,17.621923,123.308388,105.470335,17.838054,2.961481,0.020516
123.263563,105.053069,18.210493,121.517289,103.046339,18.470950,2.836738,0.021395
121.761251,103.100167,18.661085,120.906546,101.937750,18.968796,2.794004,0.020920
120.498978,101.423391,19.075587,120.272364,100.821843,19.450521,3.052144,0.018834
119.438418,100.079244,19.359174,118.820391,99.337201,19.483190,2.993833,0.019431
118.652333,99.004305,19.648028,118.298154,98.428703,19.869451,3.001876,0.018784
117.941993,98.023045,19.918948,118.058972,98.019811,20.039160,2.946439,0.020031
117.261397,97.192147,20.069250,117.260590,97.071257,20.189333,2.850332,0.019379
116.674820,96.450354,20.224466,116.705846,96.310130,20.395716,3.010388,0.018266
116.129823,95.821493,20.308329,116.508841,96.171691,20.337150,3.063231,0.018461
115.629592,95.186931,20.442662,115.496885,94.945369,20.551516,3.161379,0.017925
115.280124,94.696024,20.584100,115.754644,95.060706,20.693938,3.156252,0.016524
114.874698,94.164400,20.710298,115.758958,95.005151,20.753807,3.098072,0.017327
114.592360,93.825534,20.766826,115.033033,94.100181,20.932852,3.102101,0.016920
114.162005,93.296462,20.865542,114.701948,93.807951,20.893997,3.112326,0.017733
113.924634,92.971545,20.953089,114.590680,93.572990,21.017691,2.975698,0.017124
113.590413,92.584093,21.006320,114.378280,93.354855,21.023424,3.034870,0.016340
113.513847,92.391793,21.122053,113.729717,92.517350,21.212367,3.139434,0.015955
113.083203,91.895780,21.187423,113.699467,92.431359,21.268108,3.104481,0.016379
112.967350,91.703296,21.264054,113.677562,92.294005,21.383557,3.205019,0.016141
112.620284,91.296845,21.323440,113.289142,91.956075,21.333067,3.024683,0.016869
112.548199,91.226030,21.322169,113.321980,91.997158,21.324822,3.209356,0.016135
112.243956,90.875847,21.368108,112.948319,91.555048,21.393271,3.201467,0.016055
112.129492,90.671884,21.457608,113.078092,91.553106,21.524986,3.036172,0.016910
111.939504,90.397846,21.541658,112.862181,91.331992,21.530189,3.147012,0.016609
111.775215,90.213421,21.561794,112.726535,91.213970,21.512565,3.084440,0.016899
111.709069,90.046817,21.662251,112.802325,91.123452,21.678873,3.089243,0.015549
111.396435,89.741357,21.655078,112.833686,91.192884,21.640802,3.162698,0.016578
111.277091,89.552929,21.724162,112.424194,90.657262,21.766932,2.977648,0.017171
111.175221,89.417920,21.757301,112.258418,90.514242,21.744176,3.149177,0.015604
111.167385,89.359097,21.808288,112.585039,90.757578,21.827461,3.049747,0.016820
110.979979,89.162241,21.817738,112.458763,90.622277,21.836487,3.012282,0.016749
110.787940,88.919355,21.868585,111.647019,89.792394,21.854626,3.287115,0.014610
110.582333,88.698425,21.883908,111.828829,89.929908,21.898921,3.305598,0.014180
110.490087,88.584852,21.905235,112.086227,90.117150,21.969077,3.270379,0.014606
110.614065,88.612785,22.001280,112.235040,90.098709,22.136330,3.234735,0.014373
110.390664,88.314980,22.075684,111.775564,89.779976,21.995588,3.117944,0.014976
110.324963,88.265804,22.059159,111.772060,89.661532,22.110527,3.259093,0.015257
110.131580,88.030069,22.101512,111.698004,89.574579,22.123426,3.166070,0.015315
110.100892,87.961964,22.138928,111.483339,89.321795,22.161543,3.342589,0.014781
110.008780,87.807010,22.201771,111.762199,89.537842,22.224356,3.116916,0.014463
109.751751,87.548647,22.203104,111.215851,89.088948,22.126903,3.234479,0.013842
109.768768,87.536789,22.231979,111.383632,89.082866,22.300766,3.130141,0.015295
109.708377,87.391446,22.316931,111.650832,89.346349,22.304482,3.260605,0.014049
109.893786,87.532672,22.361115,111.266423,88.963317,22.303106,3.267365,0.014513
109.600880,87.284157,22.316723,111.073923,88.762195,22.311728,3.083792,0.014643
109.618852,87.204798,22.414053,111.156782,88.706914,22.449868,3.014043,0.014258
109.352781,86.953731,22.399051,111.404122,88.995299,22.408823,2.976577,0.015262
109.475499,87.043372,22.432126,111.337964,89.005097,22.332867,3.050048,0.014579
109.401672,86.994770,22.406902,110.886429,88.453151,22.433277,3.318558,0.013303
109.138902,86.694314,22.444589,111.626315,89.272233,22.354082,3.056313,0.014229
109.125435,86.707057,22.418379,110.896776,88.601594,22.295182,3.101700,0.014087
109.142532,86.726679,22.415853,110.912737,88.454249,22.458488,3.096597,0.015622
108.992590,86.535380,22.457210,110.545881,88.202224,22.343657,3.181826,0.013781
108.833844,86.358014,22.475830,110.888341,88.359183,22.529158,3.387299,0.013271
108.940748,86.394072,22.546676,110.691791,88.125695,22.566096,3.398024,0.013256
108.825338,86.268400,22.556938,110.781403,88.279099,22.502305,3.323763,0.014333
108.807439,86.229608,22.577831,111.208967,88.663932,22.545035,3.082801,0.014639
108.795223,86.200849,22.594374,110.611229,87.997367,22.613861,3.138060,0.012859
108.857736,86.200294,22.657441,111.072664,88.375239,22.697424,3.117800,0.016215
108.813756,86.108689,22.705066,110.266903,87.641357,22.625546,3.421287,0.012268
108.583624,85.905979,22.677646,110.298824,87.685112,22.613712,3.252517,0.013908
108.733559,86.017407,22.716152,110.484366,87.805951,22.678414,3.154788,0.014271
108.699345,85.939461,22.759884,110.238453,87.564876,22.673577,3.303969,0.012720
108.579302,85.824626,22.754676,110.758944,87.968475,22.790469,3.177288,0.013515
108.757951,85.920532,22.837420,110.664760,87.772789,22.891972,3.014732,0.013600
108.537573,85.644861,22.892712,110.326843,87.459427,22.867415,3.307148,0.012701
108.521308,85.654108,22.867199,110.478600,87.629143,22.849457,3.172856,0.014918
108.356459,85.488806,22.867653,110.250512,87.458363,22.792149,3.187740,0.012012
108.407223,85.465790,22.941433,110.171916,87.230135,22.941781,3.398837,0.011430
108.386955,85.460398,22.926557,110.681213,87.837276,22.843937,3.052753,0.013223
108.370488,85.487951,22.882537,110.629815,87.764375,22.865440,3.245839,0.013793
108.293754,85.376946,22.916808,110.431565,87.553594,22.877971,3.230372,0.012504
108.322786,85.393872,22.928915,110.209991,87.302996,22.906994,3.316609,0.012814
108.257482,85.312140,22.945342,110.365857,87.439651,22.926207,3.324592,0.011906
108.084563,85.108011,22.976552,110.308711,87.366014,22.942696,2.984610,0.014446
108.088809,85.106252,22.982556,110.453615,87.442833,23.010782,3.463843,0.011067
108.068539,85.047364,23.021175,110.524287,87.512225,23.012062,3.044006,0.013147
108.063279,85.027377,23.035902,110.893759,87.916884,22.976876,3.134516,0.012729
108.019446,84.970274,23.049172,110.308257,87.273171,23.035086,3.099445,0.013088
108.148252,85.073896,23.074356,110.318437,87.316701,23.001736,3.429779,0.011737
107.978263,84.890338,23.087925,110.408371,87.277009,23.131363,3.207964,0.010926
107.873831,84.750430,23.123401,110.278841,87.143260,23.135581,3.216772,0.011778
107.900688,84.762131,23.138557,110.582856,87.481161,23.101696,2.997584,0.012013
107.826556,84.685651,23.140906,110.249000,87.098538,23.150462,3.342770,0.012975
107.891864,84.736092,23.155772,110.088045,86.957580,23.130466,3.204468,0.012663
107.853260,84.709422,23.143839,110.467599,87.308557,23.159042,3.336323,0.012124
107.993614,84.817562,23.176052,110.461385,87.257032,23.204353,3.287832,0.012334
107.844170,84.637632,23.206538,110.623947,87.513851,23.110096,3.048436,0.012688
107.852857,84.634683,23.218174,110.278991,87.067017,23.211975,3.071308,0.012853
107.928199,84.691018,23.237181,110.513687,87.269634,23.244053,3.623705,0.009822
108.003978,84.685148,23.318831,110.215592,86.954723,23.260868,2.950794,0.012902
107.910392,84.616856,23.293537,110.457793,87.189994,23.267799,3.083912,0.011800
107.655490,84.390927,23.264563,110.041852,86.847210,23.194641,3.357183,0.011713
107.763872,84.509668,23.254204,110.308798,87.080181,23.228618,3.395078,0.011418
107.737827,84.448146,23.289681,110.247246,87.043251,23.203996,3.165311,0.012666
107.683064,84.392974,23.290090,110.447467,87.166454,23.281013,3.043479,0.012010
107.720244,84.373838,23.346406,110.117473,86.818909,23.298563,3.307021,0.011780
107.641910,84.322632,23.319279,110.108696,86.782214,23.326482,3.077440,0.011626
107.696785,84.318854,23.377931,110.044772,86.724564,23.320208,3.209569,0.011505
107.620729,84.245234,23.375494,110.198924,86.829863,23.369061,3.232574,0.010484
107.640374,84.278178,23.362196,110.264633,86.909314,23.355319,3.078530,0.012543
107.741288,84.336883,23.404406,110.740318,87.357671,23.382647,3.283213,0.012089
107.736029,84.347180,23.388849,110.638345,87.237954,23.400391,3.553020,0.010445
107.828846,84.398286,23.430560,110.876390,87.511252,23.365138,3.106767,0.012430
107.735515,84.339210,23.396306,110.595197,87.279572,23.315626,3.378462,0.009798
107.491119,84.080616,23.410504,110.022540,86.600607,23.421933,3.530388,0.010651
107.588345,84.143922,23.444423,109.859449,86.488962,23.370486,3.341048,0.011157
107.519752,84.112496,23.407256,110.146840,86.776572,23.370268,3.354367,0.010507
107.544296,84.101146,23.443151,110.090731,86.674266,23.416465,3.360796,0.010920
107.619146,84.148494,23.470653,110.181384,86.715208,23.466176,3.441188,0.010864
107.406243,83.929136,23.477107,110.401713,86.955563,23.446150,3.189485,0.011541
107.434615,83.971984,23.462631,110.152525,86.708183,23.444343,3.219023,0.011303
107.459927,83.993185,23.466742,110.202290,86.732649,23.469641,3.104984,0.011975
107.530014,84.029724,23.500290,110.681753,87.202498,23.479255,3.217921,0.010516
107.499150,83.962827,23.536324,110.095325,86.603786,23.491539,3.037948,0.011549
107.382632,83.856828,23.525805,110.156406,86.726869,23.429537,3.340739,0.009709
107.426695,83.927469,23.499227,110.568729,87.053123,23.515606,3.183015,0.011101
107.480175,83.955122,23.525053,110.041089,86.582328,23.458760,3.321991,0.010085
107.378238,83.888687,23.489550,110.267328,86.754873,23.512455,3.206266,0.012053
107.484438,83.973268,23.511170,109.840466,86.380962,23.459504,3.318855,0.011322
107.359786,83.850690,23.509096,109.982298,86.551086,23.431211,3.103802,0.011181
107.221244,83.711544,23.509700,110.448431,86.996915,23.451517,3.337358,0.009712
107.330804,83.810458,23.520346,110.055346,86.516321,23.539025,3.395318,0.009781
107.231489,83.707338,23.524151,110.494276,87.020532,23.473745,2.932918,0.010836
107.339140,83.762323,23.576817,110.293465,86.790093,23.503372,3.126693,0.010323
107.284146,83.683615,23.600531,109.918409,86.379950,23.538458,3.085004,0.011411
107.199448,83.603959,23.595488,110.196903,86.616777,23.580126,3.250084,0.011428
107.425124,83.822993,23.602130,110.260647,86.688208,23.572439,3.168825,0.010179
107.328921,83.723890,23.605031,110.317100,86.751608,23.565492,3.284288,0.009746
107.355398,83.750067,23.605331,110.242541,86.695274,23.547267,2.749996,0.011076
107.331005,83.687203,23.643802,110.211970,86.661914,23.550056,3.151551,0.010142
107.278796,83.622498,23.656298,110.050680,86.433673,23.617008,3.086074,0.011362
107.238503,83.603932,23.634572,110.008982,86.425499,23.583484,3.064936,0.011397
107.184481,83.540947,23.643534,110.254830,86.644919,23.609911,3.169126,0.011583
107.376705,83.710063,23.666642,110.546540,86.941394,23.605145,3.181311,0.010265
107.372793,83.692263,23.680530,110.462388,86.826733,23.635656,3.137244,0.010204
107.293456,83.584141,23.709316,110.359604,86.703462,23.656142,3.420025,0.009567
107.351503,83.610200,23.741302,110.242920,86.543619,23.699301,3.439075,0.009619
107.274780,83.577725,23.697055,110.262649,86.526435,23.736213,3.420389,0.010300
107.229329,83.503248,23.726081,109.974906,86.269883,23.705023,3.217243,0.010482
107.374864,83.617667,23.757197,110.350779,86.561001,23.789778,3.195157,0.009374
107.232943,83.462089,23.770854,110.005885,86.258036,23.747849,3.239302,0.010730
107.247714,83.449750,23.797964,110.167171,86.402685,23.764487,3.528898,0.009634
107.311655,83.532136,23.779519,110.290061,86.528557,23.761503,3.303405,0.009904
107.387504,83.605320,23.782184,110.315194,86.550901,23.764294,3.255543,0.010622
107.172419,83.397795,23.774625,109.963765,86.261036,23.702729,3.157966,0.010898
107.407936,83.601279,23.806658,110.003571,86.195060,23.808511,3.020597,0.009902
107.380930,83.577284,23.803646,110.050742,86.331177,23.719565,3.207099,0.010603
107.482884,83.670557,23.812327,110.672215,86.894083,23.778132,3.057601,0.010635
107.682440,83.854057,23.828383,110.437869,86.605047,23.832823,3.264785,0.008412
107.451447,83.628398,23.823049,110.034156,86.221825,23.812331,3.268376,0.009804
107.179535,83.377795,23.801740,110.167584,86.474922,23.692662,3.430726,0.009085
107.247578,83.426536,23.821042,110.539266,86.771686,23.767580,3.381940,0.008902
