202.411502,199.682810,2.728692,185.001917,180.114325,4.887591,3.759794,0.011037
169.081935,160.451306,8.630629,157.739219,147.040885,10.698335,4.019269,0.013343
151.725829,140.094048,11.631780,146.594837,134.090027,12.504810,3.394360,0.017617
143.370902,130.337521,13.033381,139.889614,126.288176,13.601437,3.882090,0.015456
138.677309,124.823699,13.853610,136.179551,122.074049,14.105502,3.885900,0.016149
135.359993,120.885633,14.474359,133.381566,118.642118,14.739448,3.878390,0.017037
132.611446,117.513533,15.097913,130.843371,115.415837,15.427534,3.922850,0.016719
130.245685,114.606641,15.639044,128.513698,112.531969,15.981729,3.877532,0.017197
128.189315,112.148041,16.041274,126.708380,110.402511,16.305869,3.839471,0.017331
126.404643,109.933554,16.471089,125.157462,108.374393,16.783069,3.988840,0.016669
124.869988,108.007890,16.862098,123.414026,106.403522,17.010504,4.110821,0.015822
123.604685,106.526125,17.078560,122.436933,105.117535,17.319398,4.096099,0.015265
122.436077,105.151288,17.284789,121.455383,104.084246,17.371137,4.073814,0.015462
121.579654,104.134344,17.445311,121.120924,103.667961,17.452963,3.913184,0.016548
120.621205,103.071861,17.549344,120.129427,102.513993,17.615434,4.038681,0.015820
119.814642,102.092842,17.721800,119.349669,101.622759,17.726910,3.992490,0.016981
119.106495,101.298522,17.807973,118.676814,100.811125,17.865689,4.008811,0.015648
118.462832,100.566627,17.896204,118.160484,100.217331,17.943153,3.881324,0.016686
117.694801,99.765906,17.928895,117.148857,99.175440,17.973417,4.085423,0.015557
117.146071,99.120480,18.025591,116.831211,98.768819,18.062393,3.922828,0.016136
116.604761,98.524906,18.079855,116.491571,98.372749,18.118822,3.914232,0.016723
116.063905,97.977864,18.086041,115.952570,97.964109,17.988461,4.075601,0.015693
115.528620,97.398816,18.129805,115.532235,97.348550,18.183685,3.821782,0.017001
115.070961,96.879381,18.191580,114.971363,96.724906,18.246457,3.991046,0.015436
114.626110,96.433182,18.192928,114.461728,96.313024,18.148703,4.120997,0.016394
114.174539,95.920454,18.254085,113.839117,95.524236,18.314881,4.102530,0.015277
113.776098,95.487923,18.288175,113.774298,95.499430,18.274868,4.121637,0.015643
113.373215,95.036207,18.337008,113.489217,95.239680,18.249537,3.883879,0.016947
112.964615,94.646868,18.317747,112.946835,94.610271,18.336564,4.048585,0.015988
112.639037,94.340841,18.298196,112.607251,94.304854,18.302397,4.188787,0.015202
112.281383,93.886187,18.395196,112.607636,94.227129,18.380507,3.999532,0.016521
111.973386,93.594571,18.378814,112.079874,93.751085,18.328789,4.236623,0.014778
111.619460,93.229967,18.389493,111.710993,93.305870,18.405123,4.090446,0.015251
111.388525,92.963136,18.425389,111.518623,93.071217,18.447407,4.133562,0.014985
111.164126,92.710981,18.453145,111.193362,92.753680,18.439682,4.086026,0.015909
110.794194,92.282533,18.511661,110.994813,92.550841,18.443972,4.198819,0.015130
110.558729,92.075273,18.483456,110.823183,92.336680,18.486504,3.994973,0.015722
110.316050,91.791992,18.524059,110.650125,92.188561,18.461563,4.024654,0.015800
110.050838,91.495614,18.555224,110.678789,92.217657,18.461133,4.156015,0.014737
109.739359,91.188001,18.551358,110.323929,91.825511,18.498418,4.109269,0.015902
109.577708,90.971180,18.606528,110.299652,91.751664,18.547988,4.046710,0.015428
109.321935,90.731258,18.590676,109.858571,91.269127,18.589443,4.034297,0.015204
109.182936,90.549813,18.633123,109.725106,91.100375,18.624732,3.989569,0.015055
108.909570,90.254427,18.655142,109.329297,90.593897,18.735400,4.040995,0.015348
108.732867,90.071620,18.661246,109.270117,90.621187,18.648930,4.050386,0.015020
108.472832,89.825148,18.647683,109.702955,91.116497,18.586458,3.858279,0.015843
108.297975,89.652315,18.645660,108.858408,90.175043,18.683365,3.988159,0.015780
108.151362,89.414038,18.737323,109.024637,90.302687,18.721950,3.940363,0.015453
107.897476,89.170772,18.726704,108.413831,89.734308,18.679523,4.050040,0.015099
107.780553,89.055509,18.725044,108.614213,89.914675,18.699538,4.046019,0.015485
107.581513,88.882904,18.698609,108.375454,89.688188,18.687267,3.969967,0.015487
107.382634,88.665057,18.717577,108.127578,89.458460,18.669119,3.987590,0.015524
107.303636,88.543205,18.760431,108.118937,89.399288,18.719650,3.884156,0.015733
107.161982,88.411571,18.750412,108.092877,89.390948,18.701928,3.924055,0.015694
106.965644,88.176925,18.788719,107.756264,89.007916,18.748347,3.940891,0.015437
106.801652,88.017290,18.784362,107.870355,89.088556,18.781799,3.892921,0.015953
106.734896,87.910544,18.824352,107.702624,88.978558,18.724066,4.185734,0.015182
106.600613,87.793077,18.807536,107.508355,88.746797,18.761558,4.043074,0.015195
106.430874,87.597543,18.833331,107.532060,88.749301,18.782759,4.045246,0.015023
106.344310,87.508042,18.836268,107.255365,88.464809,18.790556,3.970953,0.015373
106.187994,87.341384,18.846610,107.521674,88.718544,18.803130,3.895534,0.016171
106.125596,87.230343,18.895252,107.119439,88.188577,18.930861,4.038332,0.015618
106.032644,87.128505,18.904139,107.155764,88.398375,18.757390,4.006539,0.014959
105.987344,87.050212,18.937132,106.986481,88.033124,18.953357,4.060403,0.014744
105.775343,86.847104,18.928239,106.883344,87.951543,18.931801,4.070584,0.014994
105.771954,86.860114,18.911840,106.982228,88.164426,18.817802,4.045335,0.015079
105.653152,86.694196,18.958956,106.865584,87.919264,18.946319,4.000309,0.015469
105.519993,86.541382,18.978611,106.475402,87.575794,18.899608,4.336042,0.013646
105.430112,86.406674,19.023438,106.727665,87.773820,18.953846,3.961725,0.015371
105.339440,86.360010,18.979429,106.658747,87.732076,18.926671,3.961322,0.014964
105.286911,86.321303,18.965608,106.529752,87.561183,18.968569,4.246005,0.014264
105.264991,86.217277,19.047715,106.452977,87.441490,19.011487,3.793933,0.015871
105.118107,86.079384,19.038724,106.503079,87.455464,19.047616,4.083092,0.014746
105.054687,85.996955,19.057732,106.439458,87.407518,19.031940,3.893889,0.015844
104.989393,85.878912,19.110481,106.302045,87.208307,19.093738,4.054505,0.014832
104.859814,85.747122,19.112691,106.037412,87.006818,19.030594,4.270763,0.014575
104.921300,85.833367,19.087932,106.201693,87.151202,19.050491,3.912596,0.015825
104.804511,85.738926,19.065585,106.158993,87.097600,19.061394,4.137741,0.014551
104.726142,85.703362,19.022780,106.043152,87.041297,19.001856,4.036087,0.014158
104.685029,85.581540,19.103490,106.155476,87.095196,19.060281,4.088593,0.014919
104.702141,85.616358,19.085783,106.152212,87.171609,18.980602,3.943092,0.016202
104.585200,85.484936,19.100264,106.228617,87.037386,19.191231,4.080523,0.015846
104.517622,85.349433,19.168189,106.194068,86.988502,19.205567,3.923811,0.015691
104.452680,85.306734,19.145945,105.974969,86.890669,19.084300,4.005571,0.014864
104.375987,85.261915,19.114072,105.878702,86.766763,19.111939,4.056949,0.014933
104.366089,85.217325,19.148764,105.591072,86.452305,19.138767,4.054895,0.015077
104.301776,85.134349,19.167427,105.652299,86.610680,19.041620,4.254032,0.014546
104.313123,85.177483,19.135640,105.659219,86.536156,19.123063,4.033626,0.014977
104.268613,85.156280,19.112332,105.859193,86.696803,19.162390,4.008077,0.015059
104.173963,85.041793,19.132170,105.742402,86.609208,19.133194,4.084687,0.014487
104.116033,84.956289,19.159744,105.423218,86.371004,19.052213,4.201818,0.013930
104.161330,84.993755,19.167575,105.545656,86.450037,19.095620,4.134102,0.014184
104.066846,84.913487,19.153359,105.642328,86.543202,19.099126,4.173759,0.015065
104.016006,84.820860,19.195146,105.509783,86.403969,19.105814,3.960450,0.015266
103.972478,84.798857,19.173621,105.679262,86.536418,19.142845,4.083618,0.015056
103.863861,84.646869,19.216991,105.531801,86.413284,19.118518,4.134260,0.015221
103.843273,84.647473,19.195800,105.547182,86.381560,19.165622,4.251949,0.014112
103.763356,84.613758,19.149597,105.496446,86.353108,19.143338,4.099984,0.014333
103.850943,84.640556,19.210387,105.642649,86.453288,19.189360,4.064526,0.014726
103.802379,84.626823,19.175556,105.382774,86.319599,19.063175,4.099125,0.015061
103.783796,84.590854,19.192942,105.349465,86.096238,19.253227,4.228137,0.013687
103.682608,84.493179,19.189429,105.284958,86.151393,19.133565,4.452721,0.013447
103.655838,84.458745,19.197093,105.527050,86.316274,19.210776,3.950273,0.014826
103.654111,84.410820,19.243290,105.445770,86.284633,19.161138,4.078927,0.015473
103.601271,84.340297,19.260974,105.185439,85.841754,19.343686,4.144241,0.014105
103.586970,84.344248,19.242722,105.263358,86.075768,19.187589,3.850441,0.016110
103.504303,84.283096,19.221207,105.061044,85.802076,19.258967,3.969174,0.016005
103.476985,84.252967,19.224018,105.271524,86.043266,19.228258,4.077735,0.015185
103.455845,84.226281,19.229564,105.364574,86.255548,19.109026,4.126411,0.014852
103.457149,84.278355,19.178794,105.242328,86.082331,19.159998,4.031998,0.015321
103.441755,84.209378,19.232377,105.126761,85.942977,19.183784,4.129548,0.014892
103.410294,84.196175,19.214119,105.036897,85.834885,19.202012,4.200473,0.014297
103.359533,84.124289,19.235244,104.994104,85.822464,19.171639,4.029112,0.015933
103.293471,84.002011,19.291460,105.037067,85.754796,19.282271,4.203242,0.013943
103.250759,83.987037,19.263722,105.261281,86.010956,19.250326,4.014423,0.014874
103.313584,84.030283,19.283301,105.047637,85.783306,19.264331,4.116795,0.015438
103.288917,84.015950,19.272968,105.165969,85.979259,19.186709,4.032910,0.014601
103.209217,83.968726,19.240490,105.102406,85.862897,19.239509,4.051516,0.014895
103.236213,83.970822,19.265391,105.212309,85.958971,19.253338,4.062611,0.014451
103.149526,83.891424,19.258102,104.962976,85.730031,19.232945,4.065541,0.015370
103.135958,83.880867,19.255092,105.019682,85.813147,19.206536,3.989734,0.015272
103.077266,83.846075,19.231191,104.992040,85.793381,19.198660,4.152805,0.015257
103.112887,83.825236,19.287651,105.119141,85.811759,19.307383,4.074078,0.015526
103.077220,83.787022,19.290198,104.979422,85.709909,19.269513,3.999624,0.014619
103.051795,83.796896,19.254898,104.975473,85.655143,19.320330,4.079755,0.015427
103.025313,83.763377,19.261936,105.088821,85.863749,19.225072,4.140281,0.014397
103.034052,83.803478,19.230574,104.962201,85.728637,19.233564,3.970114,0.015332
102.939490,83.666651,19.272839,104.892572,85.766897,19.125676,4.163056,0.014565
102.974208,83.735889,19.238319,104.906228,85.744757,19.161471,4.069427,0.014817
102.990260,83.737599,19.252661,104.929623,85.664930,19.264693,3.995354,0.015245
102.902430,83.669881,19.232549,104.979652,85.707061,19.272590,4.244583,0.014647
102.901969,83.649024,19.252945,104.766611,85.530891,19.235721,4.166416,0.014191
102.854409,83.586694,19.267714,104.842735,85.558193,19.284542,4.186803,0.015306
102.879614,83.620564,19.259050,104.924083,85.701025,19.223059,4.044427,0.016369
102.801829,83.576797,19.225033,104.781573,85.620359,19.161214,4.323389,0.014550
102.820307,83.595902,19.224405,105.185406,85.957250,19.228155,4.223344,0.014519
102.850289,83.584526,19.265763,104.798517,85.532684,19.265833,4.124690,0.014801
102.761623,83.487139,19.274484,104.728773,85.518450,19.210323,4.139258,0.014629
102.804731,83.530342,19.274389,104.976276,85.760973,19.215302,4.111784,0.015581
102.642075,83.374081,19.267994,104.682685,85.478194,19.204490,4.215421,0.015339
102.752712,83.501059,19.251652,104.608303,85.365212,19.243091,4.004802,0.015198
102.708413,83.439825,19.268587,104.913096,85.690023,19.223073,4.256980,0.014662
102.715970,83.455391,19.260580,104.778924,85.456893,19.322031,4.155089,0.014307
102.693128,83.371195,19.321933,104.716399,85.407207,19.309191,4.374665,0.014816
102.628199,83.298434,19.329765,104.562738,85.261484,19.301254,4.066773,0.014803
102.645402,83.326415,19.318987,104.710285,85.466715,19.243570,4.111318,0.014704
102.605822,83.273787,19.332035,104.588918,85.275033,19.313885,4.063077,0.014646
102.516281,83.236916,19.279364,104.617531,85.356951,19.260580,4.321368,0.013518
102.554194,83.270607,19.283587,104.730521,85.523922,19.206599,4.311008,0.014983
102.486402,83.223887,19.262515,104.527244,85.272412,19.254832,4.043053,0.014522
102.438945,83.132131,19.306814,104.600269,85.278258,19.322011,3.930963,0.016590
102.495520,83.212374,19.283146,104.663930,85.442458,19.221473,4.243844,0.015336
102.468324,83.192235,19.276089,104.689417,85.385499,19.303917,4.004631,0.015220
102.438576,83.135437,19.303139,104.610807,85.266461,19.344347,4.150619,0.014376
102.468445,83.129097,19.339347,104.555080,85.236632,19.318447,4.127233,0.016040
102.354402,83.029430,19.324972,104.458823,85.138586,19.320238,4.307120,0.014166
102.401452,83.064967,19.336485,104.519171,85.237001,19.282169,4.048404,0.015432
102.308502,83.012241,19.296262,104.480178,85.191721,19.288458,3.923536,0.016058
102.329087,83.003767,19.325320,104.517610,85.209910,19.307700,4.346047,0.014363
102.330465,83.016054,19.314411,104.463373,85.115323,19.348050,4.084033,0.014799
