215.910985,209.753253,6.157732,189.937276,183.245280,6.691995,7.199749,0.010274
181.752367,175.843413,5.908954,169.751040,163.662228,6.088811,5.610960,0.015398
162.441144,156.107752,6.333391,156.147958,149.715745,6.432213,6.259155,0.018232
153.848884,147.262662,6.586222,151.282323,144.602943,6.679379,7.020308,0.018978
150.088468,143.496931,6.591537,148.446296,141.915994,6.530302,6.561608,0.020924
147.662031,141.069623,6.592408,146.290346,139.593853,6.696493,6.760492,0.022650
145.872118,139.212267,6.659851,144.666487,137.976126,6.690360,6.953873,0.020764
144.455571,137.776224,6.679347,142.989668,136.225767,6.763901,6.930105,0.021231
143.099765,136.394417,6.705348,141.874402,135.200007,6.674395,7.687077,0.021558
142.195577,135.491435,6.704142,141.136523,134.418594,6.717930,7.256366,0.022727
141.316755,134.594734,6.722021,140.817135,134.043098,6.774037,7.506741,0.020029
140.504672,133.742254,6.762418,139.717426,132.951384,6.766042,8.696411,0.021932
139.850142,133.047464,6.802678,139.415740,132.609242,6.806498,7.274210,0.022456
139.247737,132.439128,6.808610,138.881779,132.044088,6.837691,8.045062,0.020645
138.929466,132.121938,6.807528,138.463967,131.677601,6.786365,7.316967,0.024946
138.507883,131.695966,6.811917,137.673271,130.849964,6.823308,8.297617,0.020025
138.038027,131.200479,6.837548,137.521389,130.679111,6.842278,8.581599,0.022983
137.721810,130.885124,6.836686,137.286109,130.416531,6.869579,8.174817,0.023724
137.419617,130.591158,6.828459,137.341271,130.547457,6.793813,7.638609,0.021913
137.007519,130.171076,6.836443,136.390151,129.515418,6.874732,8.925226,0.019102
136.577705,129.726407,6.851298,136.090487,129.259736,6.830751,8.385656,0.020868
136.183614,129.305701,6.877913,135.680483,128.782963,6.897520,8.552037,0.021648
135.942518,129.060675,6.881843,135.534401,128.657001,6.877400,7.804152,0.020677
135.675596,128.804468,6.871128,135.333844,128.460142,6.873702,8.988119,0.021938
135.401532,128.529874,6.871658,135.703889,128.822475,6.881415,8.443231,0.022015
135.118098,128.242331,6.875767,135.275749,128.398787,6.876962,8.134468,0.025594
134.955653,128.058368,6.897285,134.629317,127.761499,6.867818,8.973026,0.022175
134.806636,127.923931,6.882705,134.378179,127.500946,6.877232,8.062626,0.020864
134.383581,127.479112,6.904470,134.092834,127.208442,6.884393,8.919817,0.019847
134.174219,127.268030,6.906189,134.111518,127.227973,6.883546,8.168273,0.021475
133.934716,127.029194,6.905522,133.734877,126.867801,6.867076,8.555293,0.022500
133.845756,126.931449,6.914306,133.741082,126.870404,6.870678,8.008755,0.024715
133.663442,126.775546,6.887895,133.405526,126.517924,6.887602,10.961472,0.018388
133.484176,126.592379,6.891797,133.105942,126.233110,6.872832,9.415119,0.024768
133.423659,126.529094,6.894565,133.237665,126.339980,6.897685,7.794671,0.022909
133.227499,126.305323,6.922176,133.108485,126.234114,6.874372,10.359017,0.023767
133.184430,126.284375,6.900055,132.946013,126.065866,6.880148,8.561651,0.021203
133.107861,126.205558,6.902303,133.058961,126.165388,6.893574,8.942459,0.023261
132.726227,125.787335,6.938892,132.777760,125.839490,6.938270,7.813389,0.024994
132.626088,125.690924,6.935164,132.680558,125.805811,6.874747,9.357145,0.021300
132.526374,125.611999,6.914375,132.654993,125.754752,6.900241,8.969909,0.022755
132.357549,125.431935,6.925613,132.460537,125.537169,6.923368,10.366262,0.021131
132.293816,125.379183,6.914634,132.515307,125.616864,6.898443,9.147539,0.020379
132.164033,125.235043,6.928991,131.875289,124.960327,6.914962,8.599533,0.023574
131.947599,125.024801,6.922797,131.826641,124.898210,6.928432,8.922901,0.021552
131.784514,124.847991,6.936523,132.028975,125.108549,6.920426,8.961157,0.026009
131.929336,125.011983,6.917353,132.384337,125.525816,6.858520,8.128421,0.023565
131.827367,124.905958,6.921409,131.858886,124.954572,6.904314,9.155020,0.024810
131.565570,124.645637,6.919933,131.768047,124.861571,6.906476,8.168269,0.022056
131.533817,124.625846,6.907971,131.420165,124.525688,6.894476,8.307809,0.025090
131.490999,124.567285,6.923714,131.690967,124.767035,6.923932,9.461275,0.022473
131.229919,124.289832,6.940087,131.570206,124.659249,6.910956,8.202466,0.024897
131.274776,124.357336,6.917440,131.157538,124.239967,6.917571,8.690864,0.024406
131.144080,124.230436,6.913644,131.089493,124.182274,6.907220,8.575162,0.021021
131.039632,124.096662,6.942970,131.310662,124.401159,6.909502,7.847080,0.027715
130.968957,124.039803,6.929154,130.903380,123.984710,6.918670,9.543475,0.023535
130.942006,124.007784,6.934223,130.805315,123.884185,6.921131,8.418539,0.025277
130.756891,123.804847,6.952044,130.840430,123.876430,6.964001,8.933319,0.026587
130.576461,123.613154,6.963307,130.715690,123.787973,6.927717,9.154906,0.022459
130.492553,123.538797,6.953755,130.429117,123.477582,6.951535,8.460440,0.024998
130.445493,123.493555,6.951938,130.523996,123.596453,6.927542,9.064898,0.021015
130.384395,123.431409,6.952986,130.656741,123.730680,6.926061,8.872663,0.022731
130.370985,123.405886,6.965099,130.512644,123.556712,6.955932,8.090512,0.021607
130.420936,123.467836,6.953100,130.609082,123.675245,6.933837,9.073284,0.021506
130.137914,123.204964,6.932950,130.624057,123.722725,6.901332,9.514564,0.022127
130.199423,123.261520,6.937903,130.729771,123.795730,6.934041,9.740169,0.020314
130.234092,123.300986,6.933106,130.407822,123.473447,6.934375,9.770121,0.018739
130.069701,123.126581,6.943119,129.908854,122.990589,6.918265,8.472692,0.024750
129.815154,122.872488,6.942666,130.027156,123.053058,6.974098,10.717398,0.022039
129.843737,122.906184,6.937553,130.081172,123.176292,6.904881,8.679183,0.022420
129.766856,122.811882,6.954974,129.951035,122.995934,6.955102,9.511692,0.019668
129.734862,122.773190,6.961672,130.262229,123.314928,6.947301,8.694107,0.022508
129.760119,122.792266,6.967854,129.629498,122.663963,6.965534,11.033331,0.021564
129.545894,122.575797,6.970097,129.609570,122.648353,6.961217,9.925397,0.022158
129.610349,122.631907,6.978441,130.244660,123.300262,6.944397,9.367114,0.024460
129.684318,122.733502,6.950816,129.862857,122.932156,6.930701,8.771556,0.022150
129.504030,122.517354,6.986677,129.758630,122.782981,6.975649,9.173110,0.022573
129.338284,122.355733,6.982550,129.632654,122.676648,6.956005,8.045057,0.026032
129.351939,122.373239,6.978700,129.507187,122.545473,6.961714,8.715878,0.024069
129.378187,122.418092,6.960095,129.594024,122.649916,6.944108,10.935471,0.018998
129.265945,122.312787,6.953158,129.397833,122.439356,6.958477,10.491660,0.019984
129.171708,122.198742,6.972966,129.609813,122.654539,6.955274,9.766152,0.022570
129.329869,122.380319,6.949550,129.630467,122.731843,6.898624,9.324260,0.023665
129.224885,122.282255,6.942630,129.469597,122.526964,6.942632,10.300985,0.019249
129.098960,122.100594,6.998366,129.613064,122.626525,6.986539,9.940637,0.021561
129.024249,122.035228,6.989020,129.287970,122.305971,6.981999,10.939380,0.025506
129.017095,122.025519,6.991576,129.460750,122.529070,6.931679,9.671105,0.020174
129.020283,122.059619,6.960664,129.204102,122.256493,6.947610,9.257298,0.023864
128.832690,121.854170,6.978520,129.360365,122.393144,6.967221,8.068417,0.024177
128.858603,121.882828,6.975775,129.540637,122.629993,6.910644,9.975405,0.024154
128.825695,121.855207,6.970488,129.483048,122.541121,6.941928,7.739204,0.027536
128.791209,121.804663,6.986546,129.441196,122.505248,6.935947,9.585702,0.022834
128.825881,121.867780,6.958101,129.192138,122.241496,6.950642,10.172758,0.021729
128.707148,121.713209,6.993938,129.219112,122.250069,6.969043,9.440866,0.025157
128.747380,121.772760,6.974620,129.091043,122.127161,6.963882,10.476693,0.019165
128.459003,121.466416,6.992587,129.480614,122.528526,6.952088,9.402985,0.021690
128.669355,121.699412,6.969943,129.234401,122.275815,6.958586,9.431376,0.020851
128.525085,121.529468,6.995618,128.884723,121.916142,6.968582,8.455734,0.021663
128.562838,121.589370,6.973468,128.936791,121.989476,6.947314,9.660368,0.023420
128.420388,121.421665,6.998723,128.731385,121.744303,6.987082,9.969319,0.021167
128.413030,121.432890,6.980141,129.026909,122.089525,6.937385,9.196647,0.022440
128.396553,121.405117,6.991436,128.839239,121.833548,7.005691,9.899561,0.021825
128.475932,121.483132,6.992800,129.128401,122.164283,6.964118,9.925188,0.021785
128.325944,121.344322,6.981621,129.171653,122.237313,6.934340,9.198837,0.021709
128.312022,121.337467,6.974554,128.784456,121.829808,6.954648,8.921973,0.022618
128.358659,121.388130,6.970530,129.134759,122.183574,6.951184,9.162390,0.024942
128.265028,121.298629,6.966399,129.475070,122.527293,6.947778,8.769043,0.019966
128.420323,121.451922,6.968401,129.096147,122.151104,6.945045,9.168654,0.022761
128.263699,121.281232,6.982467,128.912357,121.983594,6.928763,9.155448,0.023903
128.109251,121.129837,6.979414,128.864448,121.899287,6.965160,8.831307,0.023824
128.021718,121.015148,7.006570,128.807157,121.866235,6.940921,8.988897,0.021878
128.061840,121.065557,6.996284,128.893989,121.930050,6.963940,8.886816,0.021750
127.945241,120.952083,6.993158,128.686409,121.721968,6.964442,8.594089,0.024010
128.098382,121.121376,6.977006,129.000061,122.064111,6.935951,10.004732,0.023779
127.912077,120.915679,6.996398,128.678320,121.691954,6.986366,9.121255,0.022427
127.931544,120.924875,7.006669,128.864941,121.916201,6.948741,9.271426,0.019296
128.090591,121.100003,6.990588,128.584424,121.620394,6.964030,8.566953,0.027589
127.900659,120.915459,6.985200,128.973893,122.035286,6.938607,11.047063,0.022244
127.973183,120.981204,6.991979,129.040263,122.085849,6.954413,9.087733,0.025056
127.995117,120.998281,6.996837,128.490159,121.503231,6.986928,9.632631,0.021229
127.841427,120.865226,6.976201,129.314370,122.356968,6.957401,8.995240,0.024227
127.833232,120.846492,6.986740,128.938865,121.986858,6.952007,9.587291,0.024316
127.803367,120.797931,7.005436,128.309395,121.347472,6.961922,8.816195,0.025020
127.718878,120.734163,6.984715,128.428165,121.468210,6.959955,9.684072,0.020345
127.695567,120.692497,7.003070,128.839693,121.888095,6.951598,9.833197,0.022284
127.502429,120.491270,7.011159,128.691579,121.737613,6.953965,9.388153,0.022972
127.652362,120.655604,6.996758,128.385201,121.406981,6.978220,9.989516,0.023391
127.639284,120.629806,7.009478,128.384543,121.390182,6.994362,9.716483,0.024012
127.608129,120.604577,7.003552,128.801837,121.843301,6.958537,10.177214,0.022099
127.748787,120.753781,6.995006,128.294699,121.327148,6.967551,10.590899,0.023187
127.621302,120.632389,6.988913,128.611684,121.675072,6.936612,8.360726,0.025536
127.560518,120.563121,6.997397,128.558000,121.597297,6.960703,7.935436,0.024670
127.583046,120.590001,6.993045,128.430860,121.458740,6.972121,8.688906,0.021852
127.588184,120.590646,6.997538,128.703337,121.743635,6.959702,8.755994,0.024938
127.601485,120.611881,6.989604,128.086753,121.127084,6.959669,10.211876,0.020606
127.444829,120.441249,7.003580,128.417240,121.428480,6.988760,9.275421,0.019749
127.369560,120.344856,7.024705,127.767274,120.745355,7.021919,10.587346,0.023212
127.234888,120.203363,7.031524,128.536325,121.555409,6.980917,9.532140,0.023991
127.389679,120.377232,7.012447,128.461015,121.455970,7.005044,8.549133,0.030278
127.406297,120.385298,7.020999,128.755734,121.775172,6.980561,9.571856,0.020150
127.295195,120.286357,7.008838,128.429677,121.457572,6.972105,8.245846,0.022117
127.475779,120.468806,7.006973,127.856757,120.872215,6.984542,9.219656,0.022424
127.337179,120.339042,6.998138,128.536769,121.558734,6.978036,10.478896,0.021313
127.245292,120.241435,7.003857,128.291941,121.315474,6.976467,7.959933,0.026069
127.228824,120.209469,7.019355,128.403231,121.409113,6.994119,9.098642,0.025658
127.316183,120.306504,7.009680,128.389958,121.387282,7.002676,8.945935,0.022830
127.153406,120.121191,7.032215,128.351056,121.355954,6.995102,9.792136,0.022815
127.157202,120.140183,7.017019,128.053693,121.079968,6.973725,9.101514,0.020728
127.126705,120.100767,7.025938,128.033884,121.029142,7.004741,9.087526,0.023971
127.125452,120.106724,7.018728,128.233600,121.266033,6.967567,10.324321,0.021782
127.070114,120.039851,7.030263,128.224090,121.231402,6.992688,11.189887,0.018863
126.932597,119.913807,7.018790,128.116556,121.143467,6.973090,8.325095,0.021970
127.118312,120.101557,7.016755,128.386501,121.408992,6.977509,8.995833,0.025178
127.182263,120.188938,6.993324,128.197523,121.239477,6.958047,8.644728,0.021862
127.196872,120.188750,7.008123,128.254825,121.282723,6.972102,10.183971,0.022569
127.129947,120.121610,7.008338,128.465075,121.482025,6.983051,8.805651,0.024518
127.153411,120.158509,6.994901,128.263855,121.306966,6.956889,9.724519,0.025576
127.083929,120.084397,6.999532,128.090194,121.129580,6.960614,9.042766,0.025875
127.000362,119.993526,7.006836,128.251560,121.308995,6.942565,7.957659,0.023574
126.997521,119.976597,7.020924,128.231342,121.242202,6.989141,8.681144,0.023523
