205.352280,202.947136,2.405143,188.665142,184.658764,4.006377,5.022634,0.009884
174.722803,166.936924,7.785879,163.998634,153.937366,10.061269,4.511279,0.014503
156.798434,145.168913,11.629521,150.066444,137.357571,12.708873,4.062485,0.017541
147.122812,134.075597,13.047215,143.119925,129.374991,13.744934,3.699066,0.019012
140.881533,126.647185,14.234348,137.434526,122.551232,14.883294,3.850625,0.017960
136.266126,121.031644,15.234482,133.791913,118.129184,15.662728,3.683333,0.019404
132.769279,116.688650,16.080628,130.070588,113.419948,16.650640,3.868716,0.017593
129.945509,113.153959,16.791550,127.861789,110.757135,17.104654,3.508255,0.019521
127.833541,110.582782,17.250758,125.917464,108.298209,17.619254,3.650731,0.019026
126.032634,108.421480,17.611154,124.347897,106.562323,17.785574,3.626410,0.019363
124.325674,106.384881,17.940793,122.692122,104.474510,18.217612,3.784811,0.018253
122.957337,104.752049,18.205288,121.382415,103.056611,18.325804,3.683620,0.018492
121.651703,103.223647,18.428056,120.365606,101.754489,18.611117,3.760167,0.018355
120.497780,101.885361,18.612419,119.145935,100.357034,18.788900,3.577727,0.018378
119.459491,100.620139,18.839352,118.492858,99.633600,18.859257,3.634204,0.018564
118.582154,99.644885,18.937269,117.637953,98.565006,19.072947,3.692102,0.018360
117.735382,98.670570,19.064812,116.960944,97.780502,19.180443,3.596962,0.017883
116.975309,97.825054,19.150256,116.049895,96.843380,19.206515,3.578376,0.018901
116.179444,96.937535,19.241909,115.544643,96.254524,19.290120,3.439698,0.019476
115.503360,96.193566,19.309793,114.759565,95.458573,19.300992,3.510924,0.018974
114.805914,95.469156,19.336758,114.274878,94.896940,19.377937,3.694588,0.018225
114.206796,94.791362,19.415434,113.725299,94.280288,19.445011,3.700722,0.017552
113.682468,94.256882,19.425586,113.208842,93.831856,19.376986,3.851995,0.017954
113.200797,93.759842,19.440956,113.089589,93.591549,19.498039,3.618422,0.018502
112.601943,93.140936,19.461007,112.474808,92.883611,19.591197,3.475206,0.018627
112.101978,92.604681,19.497297,111.726752,92.191907,19.534844,3.474621,0.018134
111.566847,92.032051,19.534796,111.341359,91.707363,19.633996,3.535690,0.018632
111.130193,91.601835,19.528358,110.740308,91.170465,19.569843,3.698777,0.017768
110.766766,91.198887,19.567880,110.816003,91.185372,19.630632,3.601439,0.017837
110.386626,90.785892,19.600734,110.381449,90.832621,19.548828,3.758956,0.016932
109.937716,90.272688,19.665028,109.698285,90.086457,19.611828,3.632982,0.017727
109.541918,89.830725,19.711192,109.467460,89.803755,19.663705,3.744548,0.016709
109.194794,89.425968,19.768826,109.155470,89.419517,19.735953,3.741081,0.016763
108.818519,88.988153,19.830367,108.926369,89.088747,19.837622,3.563438,0.017228
108.546955,88.685353,19.861603,108.619757,88.824968,19.794789,3.658874,0.017546
108.247857,88.416364,19.831494,108.381261,88.569416,19.811845,3.604615,0.017233
107.916544,88.019798,19.896746,108.360947,88.436546,19.924401,3.592279,0.017780
107.622251,87.723281,19.898970,107.783132,87.789765,19.993368,3.684841,0.016975
107.301741,87.350039,19.951702,107.693809,87.685919,20.007890,3.675516,0.016644
107.169821,87.142763,20.027058,107.584096,87.593137,19.990959,3.544362,0.017328
106.862638,86.828438,20.034200,107.352797,87.287312,20.065484,3.545636,0.017146
106.669746,86.561317,20.108430,106.872816,86.766918,20.105898,3.638887,0.017986
106.388084,86.239280,20.148803,106.684684,86.536440,20.148245,3.586864,0.017190
106.219911,86.108535,20.111376,106.570325,86.415599,20.154726,3.661314,0.016449
106.020071,85.847965,20.172106,106.486468,86.366178,20.120290,3.684747,0.016690
105.837684,85.671996,20.165688,106.378749,86.237446,20.141302,3.578465,0.017637
105.660451,85.448981,20.211470,106.226756,85.977307,20.249449,3.536105,0.017720
105.480891,85.246318,20.234572,106.098303,85.896546,20.201757,3.416837,0.017613
105.351105,85.106456,20.244648,106.279713,86.017280,20.262433,3.492986,0.017688
105.150269,84.875582,20.274687,105.803301,85.503438,20.299863,3.670771,0.016166
105.045562,84.759078,20.286484,105.557376,85.274531,20.282845,3.685733,0.016752
104.856099,84.561486,20.294613,105.487405,85.168524,20.318881,3.663195,0.016146
104.703614,84.351283,20.352331,105.988125,85.656279,20.331847,3.456983,0.016864
104.583914,84.238543,20.345371,105.514273,85.230107,20.284167,3.638727,0.016538
104.466986,84.143247,20.323739,105.205531,84.792963,20.412568,3.562565,0.016983
104.358752,83.971030,20.387721,105.329958,84.950530,20.379429,3.563237,0.016657
104.216052,83.794184,20.421868,105.233618,84.761915,20.471702,3.409120,0.017589
104.061045,83.613497,20.447549,104.860299,84.495473,20.364826,3.536185,0.016771
103.958563,83.536967,20.421596,104.941523,84.504413,20.437109,3.636606,0.016440
103.870430,83.409131,20.461299,104.545068,84.013820,20.531248,3.678467,0.016749
103.700673,83.226526,20.474147,104.611904,84.081277,20.530626,3.686383,0.015840
103.604253,83.129721,20.474532,104.760058,84.266037,20.494020,3.566511,0.016939
103.491408,83.038283,20.453126,104.583704,84.115743,20.467960,3.597052,0.016703
103.423224,82.987433,20.435791,104.292812,83.885689,20.407123,3.676109,0.015941
103.311976,82.825302,20.486675,104.292001,83.788456,20.503545,3.791584,0.014908
103.193312,82.709813,20.483499,104.241986,83.826885,20.415101,3.630162,0.016419
103.122758,82.616153,20.506604,104.120053,83.691532,20.428521,3.708771,0.015627
103.065444,82.566301,20.499143,104.085784,83.515099,20.570685,3.468314,0.016453
102.921186,82.428082,20.493104,104.173410,83.688678,20.484731,3.506893,0.017412
102.823244,82.331128,20.492117,104.063142,83.602646,20.460497,3.533516,0.016709
102.702804,82.225406,20.477399,103.938127,83.465967,20.472160,3.652301,0.016036
102.684110,82.154461,20.529649,104.143585,83.632491,20.511093,3.523697,0.016869
102.626253,82.126022,20.500231,103.932859,83.362798,20.570062,3.443221,0.016837
102.519560,81.931296,20.588265,103.698445,83.153087,20.545358,3.531300,0.016974
102.422188,81.885004,20.537184,103.690313,83.186636,20.503677,3.601855,0.016138
102.349657,81.819765,20.529891,103.412077,82.930307,20.481770,3.685692,0.016362
102.296678,81.750811,20.545867,103.564718,83.100870,20.463849,3.587541,0.016320
102.249732,81.688467,20.561265,103.400158,82.807398,20.592760,3.517349,0.017100
102.076974,81.452689,20.624284,103.405267,82.750392,20.654876,3.606971,0.015913
102.073403,81.459435,20.613968,103.714929,83.204065,20.510864,3.667013,0.015516
102.003854,81.416199,20.587655,103.418168,82.811264,20.606904,3.640898,0.015627
101.937438,81.354505,20.582933,103.258705,82.770656,20.488049,3.474759,0.016388
101.865433,81.293895,20.571539,103.195428,82.665391,20.530037,3.670142,0.015896
101.826167,81.238689,20.587478,103.496774,82.937416,20.559357,3.530693,0.016829
101.779546,81.224190,20.555356,103.091845,82.601487,20.490358,3.683401,0.016312
101.736742,81.141252,20.595490,103.293177,82.753467,20.539710,3.553456,0.016516
101.588743,81.007775,20.580968,103.117174,82.582330,20.534844,3.552892,0.016561
101.579089,80.974662,20.604427,103.129783,82.611061,20.518722,3.736968,0.015608
101.558613,80.937611,20.621003,103.161554,82.519418,20.642136,3.652654,0.015318
101.451465,80.863000,20.588465,102.882503,82.263239,20.619264,3.774763,0.014477
101.390657,80.761702,20.628955,102.970343,82.392663,20.577680,3.737355,0.015223
101.394684,80.779870,20.614814,102.885571,82.267808,20.617763,3.578419,0.015679
101.317995,80.701834,20.616160,102.887375,82.396028,20.491348,3.670562,0.015475
101.240169,80.626164,20.614005,102.809290,82.297781,20.511509,3.700467,0.014769
101.189303,80.516404,20.672899,102.965214,82.415046,20.550168,3.625886,0.015340
101.093947,80.483511,20.610436,102.930285,82.396930,20.533355,3.524323,0.015569
101.093600,80.474815,20.618785,102.754956,82.170657,20.584299,3.703960,0.014961
101.061136,80.465217,20.595918,102.570122,82.029480,20.540642,3.585954,0.015984
100.971565,80.368141,20.603425,102.557800,82.039955,20.517845,3.664869,0.015758
100.950543,80.336613,20.613930,102.803133,82.097655,20.705478,3.637702,0.015430
100.870975,80.239834,20.631141,102.379317,81.799183,20.580134,3.680329,0.015811
100.864811,80.226342,20.638469,102.523156,81.779379,20.743777,3.602912,0.015299
100.760167,80.153230,20.606937,102.512566,82.085967,20.426599,3.622460,0.016157
100.786296,80.173345,20.612951,102.555573,81.944560,20.611013,3.633762,0.015622
100.725622,80.087280,20.638342,102.520149,81.921222,20.598927,3.503402,0.016113
100.698368,80.068653,20.629714,102.488882,81.893373,20.595508,3.569007,0.015199
100.642307,80.022364,20.619943,102.505140,81.839307,20.665832,3.503291,0.016096
100.589706,79.962522,20.627184,102.345228,81.710437,20.634791,3.596993,0.015992
100.564481,79.947347,20.617134,102.236385,81.721510,20.514875,3.659025,0.015650
100.523067,79.845536,20.677531,102.202341,81.651618,20.550723,3.674144,0.015404
100.465252,79.807538,20.657714,102.187689,81.585857,20.601833,3.561265,0.015493
100.393831,79.719579,20.674252,102.316719,81.688125,20.628594,3.562812,0.015641
100.359930,79.667004,20.692926,102.222067,81.550995,20.671072,3.575155,0.015089
100.350911,79.687819,20.663092,102.300440,81.758326,20.542114,3.624287,0.015505
100.265346,79.641135,20.624211,102.246892,81.642667,20.604224,3.730827,0.014276
100.229568,79.613664,20.615904,102.151679,81.533489,20.618191,3.570825,0.016198
100.196354,79.631396,20.564958,101.982976,81.527958,20.455017,3.515767,0.016107
100.146446,79.598445,20.548002,102.086204,81.579338,20.506866,3.511178,0.015166
100.084730,79.528227,20.556504,102.019517,81.606548,20.412969,3.630563,0.015859
100.085831,79.554715,20.531117,102.050822,81.526133,20.524689,3.679250,0.015185
99.944393,79.393550,20.550844,102.082230,81.591657,20.490573,3.689677,0.015906
99.990805,79.427331,20.563474,102.064349,81.550566,20.513783,3.484530,0.016171
99.954075,79.338949,20.615126,101.805639,81.275161,20.530478,3.656611,0.015561
99.907748,79.294808,20.612940,102.020637,81.534980,20.485656,3.392514,0.016250
99.877081,79.290659,20.586422,101.907216,81.325295,20.581920,3.539302,0.015884
99.835417,79.233189,20.602227,101.706806,81.216490,20.490317,3.576575,0.015997
99.789648,79.217825,20.571822,101.833608,81.308660,20.524949,3.501153,0.016070
99.755721,79.134184,20.621538,101.766900,81.172703,20.594197,3.611962,0.015600
99.732845,79.159903,20.572942,101.882512,81.451629,20.430883,3.525553,0.015716
99.747584,79.143969,20.603614,101.657170,81.071913,20.585258,3.650938,0.015783
99.664952,79.028399,20.636554,101.619471,81.005699,20.613772,3.559516,0.015147
99.661296,79.025385,20.635911,101.805610,81.143661,20.661948,3.643630,0.016431
99.682298,79.028698,20.653599,101.828258,81.224404,20.603854,3.766718,0.014999
99.530726,78.875522,20.655204,101.692239,81.079301,20.612938,3.642693,0.016114
99.559136,78.901880,20.657256,101.642771,81.006186,20.636585,3.593070,0.015570
99.532341,78.895315,20.637026,101.924011,81.330559,20.593452,3.493720,0.015800
99.484712,78.834078,20.650634,101.743681,81.121309,20.622372,3.770980,0.014558
99.517364,78.841371,20.675993,101.562442,80.991077,20.571365,3.529723,0.015628
99.442844,78.798291,20.644554,101.750411,81.196113,20.554297,3.829736,0.014002
99.493181,78.824236,20.668945,101.494495,80.822037,20.672459,3.671284,0.014995
99.416303,78.731074,20.685229,101.537205,80.956460,20.580744,3.733490,0.014892
99.394402,78.729514,20.664889,101.832004,81.277325,20.554679,3.487906,0.017186
99.382249,78.716809,20.665440,101.572113,81.018564,20.553550,3.596199,0.015533
99.333222,78.654379,20.678843,101.475384,80.789912,20.685472,3.514256,0.016084
99.299665,78.637024,20.662641,101.701264,81.153434,20.547830,3.695155,0.015749
99.264845,78.574772,20.690073,101.386055,80.730676,20.655379,3.826024,0.015336
99.305278,78.630585,20.674694,101.488639,80.859524,20.629115,3.671536,0.014765
99.224005,78.545818,20.678187,101.518789,80.949986,20.568802,3.640735,0.015159
99.251363,78.569153,20.682210,101.629445,80.966081,20.663364,3.688146,0.014500
99.160898,78.467404,20.693494,101.391566,80.778501,20.613065,3.522223,0.016453
99.182977,78.483154,20.699823,101.521397,80.834459,20.686937,3.629259,0.015386
99.173178,78.457021,20.716157,101.406565,80.829436,20.577129,3.677433,0.015628
99.163883,78.431033,20.732850,101.597905,80.998507,20.599398,3.668522,0.016580
99.083714,78.378627,20.705087,101.490896,80.887253,20.603642,3.569672,0.015551
99.102623,78.391917,20.710706,101.392537,80.786227,20.606310,3.680326,0.015855
99.064099,78.358530,20.705569,101.438410,80.800676,20.637734,3.647694,0.015226
99.044667,78.283946,20.760721,101.452825,80.679157,20.773669,3.548917,0.015550
99.010362,78.242811,20.767551,101.323528,80.643310,20.680218,3.522550,0.015555
98.992962,78.230071,20.762892,101.443652,80.753285,20.690367,3.660281,0.015310
98.952159,78.199501,20.752658,101.452473,80.737694,20.714778,3.660350,0.015046
