248.887576,244.274384,4.613192,193.977235,191.196059,2.781176,5.036302,0.005952
188.685951,184.601132,4.084819,177.030007,170.572975,6.457032,3.951697,0.010079
167.048793,158.728558,8.320235,155.779724,145.641139,10.138586,3.331891,0.013782
151.260384,140.582061,10.678323,145.775643,134.559152,11.216491,3.321101,0.017042
142.922893,131.144224,11.778669,138.432628,125.830058,12.602570,3.513080,0.016261
136.952059,124.097554,12.854505,134.103064,120.781242,13.321822,3.369941,0.017949
132.702765,119.007728,13.695037,130.180069,116.145159,14.034911,3.470867,0.018511
129.595290,115.373858,14.221433,127.617735,113.124934,14.492801,3.515159,0.018069
127.032278,112.421578,14.610700,125.418119,110.665808,14.752310,3.533614,0.019692
125.133910,110.224251,14.909659,123.482118,108.451751,15.030367,3.753268,0.018401
123.601939,108.391444,15.210496,121.882708,106.476580,15.406128,3.604802,0.017647
122.195988,106.726018,15.469970,120.926614,105.324740,15.601874,3.668612,0.018683
121.020086,105.382288,15.637799,119.817357,104.011245,15.806112,3.834436,0.017503
119.920158,104.075927,15.844230,118.821779,102.904128,15.917651,3.797108,0.018390
119.089028,103.170601,15.918427,117.850814,101.866785,15.984030,3.845638,0.017315
118.176543,102.139911,16.036632,117.419026,101.376391,16.042636,3.532011,0.020189
117.401220,101.288669,16.112552,116.460213,100.284288,16.175924,3.874512,0.016415
116.573405,100.380896,16.192509,115.651979,99.426837,16.225143,3.721160,0.018085
115.832717,99.546969,16.285748,115.270019,98.974682,16.295338,3.750487,0.018124
115.215053,98.873756,16.341297,114.643427,98.260985,16.382442,3.765088,0.016551
114.551728,98.128979,16.422750,113.972261,97.469395,16.502866,3.883112,0.016359
114.041767,97.589246,16.452521,113.478183,97.016836,16.461347,3.769126,0.017865
113.454491,96.928375,16.526117,113.207558,96.657870,16.549688,3.757684,0.017837
113.024191,96.472239,16.551951,112.665248,96.034024,16.631224,3.685679,0.018640
112.533472,95.896370,16.637102,112.805283,96.349880,16.455404,3.504702,0.019550
112.022369,95.406431,16.615938,111.671549,95.048201,16.623349,3.823188,0.017789
111.590764,94.890231,16.700534,111.298027,94.629574,16.668453,3.907480,0.017000
111.187764,94.509449,16.678316,110.953204,94.204909,16.748295,3.791907,0.017346
110.734849,94.020446,16.714403,110.407957,93.691550,16.716407,3.769295,0.016825
110.295153,93.570256,16.724897,110.273802,93.551155,16.722647,3.782808,0.017514
109.863213,93.079934,16.783279,109.617216,92.750858,16.866358,3.721196,0.016495
109.457650,92.712504,16.745146,109.365036,92.685722,16.679313,3.782010,0.017398
109.121807,92.319177,16.802630,109.199725,92.469062,16.730663,3.785515,0.016379
108.755438,91.948192,16.807246,108.704148,91.971397,16.732751,3.681992,0.018334
108.377912,91.607245,16.770667,108.755296,92.070665,16.684632,3.979905,0.016605
108.160715,91.339741,16.820974,108.486460,91.755052,16.731408,3.672510,0.017862
107.758736,90.923488,16.835247,107.853790,91.006490,16.847300,3.531830,0.017340
107.550293,90.717654,16.832638,107.498191,90.766485,16.731706,3.791277,0.016927
107.262709,90.428779,16.833929,107.398504,90.583574,16.814931,3.725771,0.016185
106.968072,90.100053,16.868019,107.045395,90.206669,16.838726,3.777861,0.015796
106.793902,89.934123,16.859779,106.875252,90.011001,16.864251,3.835634,0.016236
106.498321,89.604633,16.893688,106.685617,89.753135,16.932482,3.808406,0.016948
106.269939,89.350418,16.919521,106.634361,89.786752,16.847610,3.971152,0.015760
106.045543,89.093939,16.951605,106.650749,89.681665,16.969084,3.773476,0.016180
105.897986,88.910838,16.987148,106.378603,89.424665,16.953938,3.872314,0.016444
105.697659,88.673337,17.024323,106.025428,89.022477,17.002951,3.750744,0.015940
105.432181,88.401336,17.030845,105.770526,88.688236,17.082289,3.881704,0.015043
105.265985,88.247974,17.018010,105.692514,88.626820,17.065694,3.860832,0.016134
105.171863,88.096207,17.075656,105.578539,88.568310,17.010230,4.013451,0.014947
105.008426,87.918350,17.090077,105.562535,88.474758,17.087777,3.843713,0.015859
104.846619,87.716174,17.130445,105.464107,88.349071,17.115036,3.631769,0.016601
104.697548,87.572010,17.125538,105.374532,88.339830,17.034703,3.637281,0.016280
104.582578,87.443475,17.139103,105.210171,88.091958,17.118213,3.757145,0.015475
104.387981,87.199095,17.188886,105.161489,87.969041,17.192448,3.775857,0.015798
104.288940,87.061644,17.227296,105.095079,87.911189,17.183890,3.627147,0.017037
104.239496,87.029726,17.209770,104.884672,87.623201,17.261471,3.796753,0.016178
104.057321,86.784476,17.272845,104.958185,87.726034,17.232151,3.761666,0.015913
103.912826,86.631725,17.281101,104.693855,87.423652,17.270203,3.776993,0.016491
103.868959,86.547667,17.321293,104.802772,87.466838,17.335934,3.796403,0.016690
103.723985,86.406367,17.317618,104.440783,87.123230,17.317552,3.749753,0.015766
103.622284,86.266146,17.356137,104.280040,86.960620,17.319419,3.795690,0.016483
103.574918,86.218803,17.356116,104.333572,86.982626,17.350946,3.793838,0.015346
103.437501,86.035629,17.401872,104.347559,86.961980,17.385579,3.823540,0.016816
103.383812,85.954727,17.429084,104.229454,86.922052,17.307401,3.817740,0.016123
103.329472,85.919878,17.409594,104.060465,86.724512,17.335953,3.785746,0.016425
103.206886,85.824257,17.382629,104.180412,86.851824,17.328588,3.904619,0.014717
103.110484,85.665169,17.445314,103.934306,86.563408,17.370898,3.772415,0.015808
103.050139,85.615988,17.434152,103.952051,86.656757,17.295295,3.829321,0.015396
102.972275,85.535371,17.436905,104.084700,86.638872,17.445828,3.818884,0.016350
102.860219,85.394362,17.465857,103.783426,86.307981,17.475445,3.794344,0.015374
102.750216,85.307323,17.442893,103.817102,86.421204,17.395898,3.640781,0.015493
102.727008,85.290127,17.436881,103.913525,86.496971,17.416553,3.853523,0.016418
102.614354,85.108285,17.506069,103.612176,86.120350,17.491826,3.724838,0.016533
102.557445,85.011355,17.546090,103.705016,86.240758,17.464258,3.893259,0.015328
102.502510,85.000249,17.502261,103.622859,86.333534,17.289326,3.801462,0.015741
102.440331,84.912996,17.527335,103.518000,86.001538,17.516461,3.686389,0.017169
102.373150,84.840659,17.532491,103.667091,86.167151,17.499940,3.711522,0.016826
102.319430,84.773402,17.546028,103.519145,86.019818,17.499327,3.626994,0.017070
102.237824,84.672425,17.565399,103.593771,86.050954,17.542817,3.862191,0.015097
102.262895,84.694513,17.568382,103.430584,85.933546,17.497038,3.676998,0.015413
102.101433,84.513539,17.587894,103.348840,85.849208,17.499632,3.710508,0.015930
102.098149,84.502475,17.595675,103.492285,86.003446,17.488839,3.615296,0.016085
102.019406,84.429148,17.590259,103.103399,85.522872,17.580527,3.825948,0.015825
101.938908,84.304458,17.634451,103.145441,85.572299,17.573142,3.837438,0.015670
101.853509,84.229970,17.623539,103.132597,85.512042,17.620555,3.565358,0.015981
101.788615,84.111187,17.677428,103.197790,85.589208,17.608582,3.763706,0.015494
101.710986,84.040207,17.670779,103.209335,85.593471,17.615864,3.584913,0.017122
101.605389,83.903340,17.702049,103.076774,85.395137,17.681637,3.789073,0.015020
101.621006,83.919669,17.701337,103.047376,85.325950,17.721426,3.603632,0.016045
101.554514,83.830763,17.723751,103.122113,85.394604,17.727509,3.557126,0.016672
101.454088,83.738795,17.715293,103.056982,85.370951,17.686031,3.648647,0.016354
101.410767,83.687921,17.722846,102.770545,85.135447,17.635098,3.783375,0.014778
101.412617,83.653236,17.759381,102.806433,85.061538,17.744895,3.790964,0.014859
101.276775,83.483005,17.793770,102.651816,84.856147,17.795669,3.574238,0.016253
101.243930,83.484436,17.759494,102.828263,85.133163,17.695100,3.815071,0.014935
101.269199,83.498367,17.770832,102.738025,85.040630,17.697395,3.479857,0.017525
101.227340,83.420241,17.807100,102.840678,85.077978,17.762700,3.772130,0.015908
101.154110,83.343095,17.811015,102.634722,84.931964,17.702757,3.763952,0.015282
101.167670,83.361281,17.806389,102.649340,84.816531,17.832809,3.849422,0.015202
101.068096,83.245350,17.822746,102.596653,84.841918,17.754735,3.688161,0.016824
101.048980,83.235891,17.813088,102.520295,84.789398,17.730897,3.810445,0.014908
101.033354,83.249856,17.783498,102.723966,85.017829,17.706136,3.721260,0.015318
101.000645,83.198168,17.802477,102.718113,85.012749,17.705364,3.654780,0.015265
100.951034,83.119875,17.831159,102.412434,84.658792,17.753641,3.773575,0.014790
100.894087,83.047099,17.846988,102.524594,84.749390,17.775204,3.480855,0.016748
100.830110,82.998849,17.831262,102.440645,84.742807,17.697837,3.676585,0.015856
100.845007,83.030680,17.814326,102.479208,84.642736,17.836471,3.654789,0.015831
100.849544,82.996644,17.852900,102.519237,84.783461,17.735776,3.795949,0.015534
100.805106,82.915925,17.889180,102.456854,84.651286,17.805568,3.683839,0.015707
100.738121,82.864454,17.873668,102.395013,84.559285,17.835729,3.646978,0.015236
100.709716,82.841175,17.868542,102.579022,84.754541,17.824480,3.598992,0.016893
100.660423,82.760721,17.899702,102.426498,84.597229,17.829269,3.675807,0.015683
100.679882,82.812526,17.867356,102.228015,84.420128,17.807887,3.727659,0.016235
100.695090,82.825824,17.869266,102.404924,84.593236,17.811688,3.649383,0.015774
100.602026,82.739707,17.862319,102.393233,84.606741,17.786492,3.655044,0.016855
100.613175,82.720505,17.892670,102.256961,84.475033,17.781928,3.414312,0.017374
100.503522,82.636858,17.866664,102.204963,84.415392,17.789571,3.961109,0.015090
100.516949,82.627272,17.889677,102.406762,84.532440,17.874322,3.875779,0.015276
100.552175,82.636771,17.915404,102.313645,84.405828,17.907818,3.868938,0.015092
100.498712,82.584838,17.913873,102.178689,84.268904,17.909785,3.790002,0.014607
100.412533,82.469458,17.943075,102.211232,84.332828,17.878404,3.791157,0.016173
100.428243,82.483047,17.945196,102.308931,84.367619,17.941311,3.822895,0.015618
100.367473,82.436345,17.931128,102.161407,84.316403,17.845005,3.604651,0.016389
100.415040,82.539395,17.875645,102.472301,84.627680,17.844621,3.670656,0.015695
100.374172,82.469302,17.904869,102.167275,84.349037,17.818237,3.643871,0.015987
100.306876,82.393266,17.913610,102.033841,84.170018,17.863823,3.741978,0.015639
100.294836,82.387598,17.907237,102.143838,84.275062,17.868776,3.960187,0.013457
100.228986,82.302670,17.926317,102.232546,84.403819,17.828727,3.768480,0.016134
100.297134,82.383728,17.913406,102.188732,84.341023,17.847710,3.685889,0.016101
100.203241,82.240457,17.962784,102.131964,84.279775,17.852190,3.589913,0.016153
100.178435,82.256481,17.921954,102.222728,84.353874,17.868854,3.804491,0.015538
100.197220,82.222942,17.974278,102.172697,84.184668,17.988030,3.699464,0.014895
100.136005,82.175804,17.960202,101.964002,84.075356,17.888646,3.624609,0.017200
100.117125,82.159369,17.957756,102.229264,84.294338,17.934926,3.650773,0.015912
100.139756,82.164745,17.975011,102.172372,84.235913,17.936459,3.901129,0.014212
100.078434,82.098002,17.980432,102.233477,84.292706,17.940771,3.640565,0.016246
100.089573,82.157290,17.932283,102.045327,84.109464,17.935862,3.520204,0.016989
100.103151,82.129651,17.973501,102.087513,84.086224,18.001289,3.674637,0.016034
100.014467,82.079886,17.934582,101.988581,84.114702,17.873879,3.754036,0.015128
100.022347,82.082426,17.939921,102.109176,84.241894,17.867283,3.624931,0.016003
99.990300,82.083180,17.907120,102.073452,84.110619,17.962833,3.782017,0.015239
99.993589,82.082202,17.911386,101.910827,84.045801,17.865026,3.838969,0.015732
99.906174,81.949015,17.957160,102.083787,84.188442,17.895345,3.690127,0.014938
99.934197,81.963920,17.970277,101.875191,83.962963,17.912228,3.729982,0.015310
99.922854,81.988426,17.934428,101.979938,84.045493,17.934444,3.738469,0.016128
99.871994,81.902611,17.969383,101.727093,83.756506,17.970587,3.793190,0.015256
99.843049,81.873697,17.969352,101.895595,84.005695,17.889900,3.743331,0.015524
99.819281,81.871630,17.947651,101.885719,83.997828,17.887890,3.834785,0.015241
99.878673,81.952602,17.926071,101.810133,83.868727,17.941406,3.879119,0.015291
99.798179,81.845985,17.952194,101.798375,83.869181,17.929194,3.728748,0.014648
99.806393,81.868625,17.937768,101.970909,84.099974,17.870934,3.691968,0.015593
99.741479,81.789252,17.952228,102.039314,84.147228,17.892086,3.671571,0.016540
99.771536,81.800927,17.970609,101.799210,83.885149,17.914061,3.882082,0.014644
99.673313,81.641819,18.031494,101.797020,83.836481,17.960538,3.618218,0.016283
99.693608,81.728730,17.964878,101.740822,83.828446,17.912376,4.019511,0.014998
99.772531,81.794098,17.978432,101.802025,83.862079,17.939946,3.667895,0.016286
99.562443,81.591872,17.970572,101.880484,83.935772,17.944711,3.654695,0.016430
99.630155,81.642470,17.987686,101.831348,83.887656,17.943692,3.739253,0.016148
99.602099,81.612421,17.989678,101.896107,83.983559,17.912548,3.869930,0.015388
99.604317,81.619575,17.984741,101.637092,83.738159,17.898932,3.758112,0.015548
