257.606426,255.430941,2.175485,194.562998,192.205319,2.357679,4.139589,0.009306
189.397654,185.559854,3.837799,177.850042,171.486654,6.363388,3.124551,0.015737
165.890676,156.766826,9.123850,157.014237,146.233992,10.780245,3.111307,0.018698
152.900075,141.305777,11.594298,147.573698,135.069908,12.503790,3.131913,0.020711
144.920820,131.580151,13.340670,140.793530,126.665636,14.127894,3.167484,0.020755
139.354695,124.875356,14.479340,136.471407,121.522758,14.948649,3.057965,0.021919
135.791270,120.501706,15.289564,132.912453,117.238478,15.673976,3.270658,0.020146
132.759118,116.856040,15.903078,130.594281,114.385936,16.208346,3.150366,0.021383
130.356333,113.994671,16.361662,128.911084,112.292320,16.618764,2.998292,0.021965
128.517373,111.676837,16.840536,126.506124,109.384928,17.121197,3.113707,0.022161
126.734360,109.490878,17.243482,125.159723,107.655592,17.504131,3.095723,0.021717
125.173569,107.575412,17.598157,123.661420,105.809687,17.851734,3.172480,0.022375
123.869611,105.994780,17.874831,122.748683,104.661035,18.087649,3.061893,0.021852
122.744230,104.567968,18.176261,121.620525,103.306915,18.313610,3.125044,0.021853
121.546901,103.106959,18.439943,120.783173,102.238450,18.544722,3.256423,0.020933
120.698369,102.086680,18.611690,119.825478,101.146651,18.678827,3.153061,0.021210
119.853262,101.123620,18.729643,118.931954,100.098663,18.833291,3.284630,0.020186
119.089098,100.242770,18.846328,118.353380,99.398246,18.955134,3.200338,0.021518
118.424312,99.428570,18.995742,118.025911,98.948251,19.077660,3.133704,0.022291
117.794544,98.638036,19.156507,116.807741,97.565467,19.242274,3.176229,0.019932
117.094751,97.807446,19.287304,116.397146,97.081282,19.315865,3.393550,0.019196
116.536869,97.145964,19.390904,116.177077,96.709310,19.467766,3.281961,0.020068
116.021633,96.536227,19.485406,115.141038,95.683433,19.457604,3.300833,0.019609
115.429438,95.837169,19.592268,114.968150,95.339877,19.628272,3.211398,0.020823
115.043667,95.361117,19.682549,114.325988,94.534204,19.791784,3.338299,0.020223
114.573913,94.727989,19.845924,114.219413,94.336776,19.882636,3.209883,0.020771
114.202284,94.303226,19.899058,113.902111,93.925222,19.976888,3.202387,0.019973
113.720931,93.699425,20.021506,113.333780,93.354230,19.979550,3.225685,0.020308
113.392606,93.244864,20.147742,113.038788,92.844629,20.194159,3.183403,0.020184
112.875848,92.655697,20.220151,112.876573,92.677403,20.199170,3.148949,0.020707
112.582887,92.273703,20.309184,112.366588,91.934807,20.431781,3.302234,0.018616
112.260152,91.860341,20.399811,112.257641,91.891744,20.365897,3.178246,0.020239
111.958931,91.545005,20.413926,112.042645,91.585130,20.457515,3.182359,0.020443
111.652655,91.158155,20.494499,111.491050,90.936217,20.554833,3.265985,0.020041
111.380163,90.844787,20.535376,111.276185,90.663039,20.613146,3.429357,0.018550
111.039787,90.465386,20.574401,111.084341,90.451586,20.632755,3.384006,0.019297
110.842846,90.271752,20.571094,110.936863,90.276483,20.660381,3.282746,0.019238
110.555371,89.960999,20.594371,110.819831,90.285160,20.534671,3.290987,0.019370
110.346182,89.745953,20.600229,110.353674,89.704684,20.648989,3.304237,0.019040
110.100341,89.460547,20.639794,110.342773,89.686827,20.655947,3.160436,0.021450
109.918205,89.258208,20.659997,109.985265,89.258650,20.726614,3.319398,0.018968
109.657234,88.979534,20.677700,109.701113,89.042022,20.659091,3.379967,0.018013
109.451550,88.816694,20.634856,109.546787,88.957522,20.589265,3.331287,0.019686
109.179177,88.570117,20.609060,109.598164,89.018133,20.580031,3.417028,0.018050
108.989254,88.392708,20.596546,109.126195,88.534466,20.591728,3.392732,0.018191
108.840648,88.218671,20.621976,109.161295,88.548034,20.613262,3.480897,0.018076
108.676536,88.071787,20.604749,109.357860,88.732432,20.625429,3.215040,0.019964
108.467330,87.872781,20.594549,108.599188,88.081534,20.517655,3.367471,0.019532
108.306123,87.727246,20.578877,108.859645,88.261961,20.597685,3.163257,0.020143
108.148052,87.563068,20.584983,108.439465,87.921358,20.518107,3.421052,0.018284
107.980222,87.407150,20.573071,108.281831,87.767978,20.513853,3.315539,0.018391
107.771345,87.162904,20.608441,108.139000,87.511835,20.627164,3.364451,0.018694
107.621041,87.060069,20.560972,107.930288,87.377634,20.552654,3.298517,0.019227
107.447720,86.908956,20.538764,107.756773,87.209523,20.547250,3.377400,0.018867
107.253522,86.763463,20.490059,108.053994,87.637554,20.416440,3.307588,0.019697
107.185983,86.685218,20.500765,107.784983,87.251805,20.533177,3.297211,0.019434
107.040254,86.524029,20.516225,107.870276,87.386189,20.484087,3.305621,0.019046
106.920662,86.407425,20.513236,107.616359,87.115726,20.500633,3.625810,0.016562
106.753915,86.228649,20.525266,107.578993,87.112644,20.466349,3.351070,0.019506
106.645553,86.138649,20.506904,107.045279,86.518236,20.527043,3.441169,0.017870
106.446260,85.972813,20.473447,107.234866,86.691671,20.543195,3.574068,0.017158
106.440890,85.945428,20.495462,106.967828,86.506559,20.461269,3.494890,0.019140
106.234692,85.743468,20.491224,107.267366,86.745120,20.522247,3.315007,0.018710
106.183723,85.658399,20.525324,106.783542,86.265451,20.518091,3.549353,0.017572
106.009830,85.480689,20.529141,106.868909,86.291279,20.577629,3.533727,0.016528
105.910183,85.367346,20.542838,106.544286,86.037527,20.506759,3.566966,0.016887
105.831618,85.294060,20.537558,106.557490,86.077889,20.479601,3.437887,0.017870
105.699217,85.161053,20.538165,106.916059,86.347787,20.568272,3.470192,0.017480
105.559060,85.028755,20.530305,106.609775,86.124959,20.484816,3.459711,0.018425
105.504865,84.963023,20.541842,106.357338,85.792790,20.564548,3.369664,0.017801
105.444873,84.878108,20.566765,106.347592,85.841781,20.505811,3.458505,0.018596
105.384915,84.796701,20.588214,106.169406,85.616838,20.552568,3.565645,0.016813
105.310026,84.702333,20.607693,106.115018,85.579443,20.535575,3.644053,0.017204
105.185244,84.590442,20.594802,106.240300,85.587449,20.652851,3.329582,0.018893
105.094566,84.477380,20.617186,106.135162,85.561978,20.573184,3.243374,0.019163
105.024037,84.406546,20.617490,106.318005,85.774538,20.543466,3.498913,0.016991
104.935205,84.312408,20.622796,105.857477,85.198623,20.658854,3.444525,0.017432
104.839591,84.222159,20.617432,105.860702,85.260592,20.600109,3.520865,0.016950
104.766965,84.148370,20.618595,105.960819,85.448964,20.511856,3.425189,0.018412
104.682510,84.084702,20.597808,105.724815,85.158430,20.566386,3.559663,0.017472
104.606242,83.992281,20.613961,105.747548,85.161688,20.585860,3.463667,0.017096
104.527854,83.894219,20.633635,105.623100,85.040897,20.582203,3.284483,0.018156
104.472329,83.821644,20.650685,105.899147,85.266887,20.632260,3.412056,0.017263
104.432962,83.762639,20.670323,105.647708,84.908254,20.739454,3.495994,0.017372
104.304583,83.630228,20.674355,105.698717,85.062293,20.636424,3.291161,0.018310
104.248514,83.599772,20.648742,105.622898,84.999513,20.623385,3.498697,0.017331
104.222299,83.567345,20.654955,105.358696,84.814411,20.544285,3.509084,0.016820
104.137175,83.466050,20.671125,105.506359,84.845531,20.660827,3.539947,0.017285
104.080902,83.430638,20.650264,105.402875,84.742745,20.660130,3.485331,0.016811
103.991690,83.307596,20.684094,105.528007,84.831107,20.696900,3.549738,0.016110
103.934369,83.257420,20.676949,105.413208,84.746145,20.667063,3.574944,0.018003
103.892674,83.195279,20.697395,105.176004,84.495796,20.680208,3.589713,0.018122
103.758161,83.080058,20.678103,105.222396,84.561357,20.661039,3.631959,0.016369
103.816829,83.117132,20.699697,104.985367,84.378426,20.606941,3.531034,0.018666
103.696946,82.984527,20.712419,104.920727,84.264337,20.656391,3.738027,0.015938
103.642738,82.922191,20.720547,105.155589,84.529330,20.626259,3.456006,0.016743
103.641411,82.919886,20.721525,105.140883,84.461759,20.679124,3.425154,0.016879
103.515903,82.808780,20.707122,105.209903,84.546053,20.663850,3.528809,0.017238
103.487130,82.786779,20.700351,104.942125,84.263353,20.678773,3.428143,0.017698
103.453731,82.741494,20.712238,104.998031,84.386546,20.611486,3.631208,0.015841
103.340749,82.623964,20.716785,104.905710,84.272899,20.632811,3.496684,0.017544
103.276155,82.582335,20.693820,104.939062,84.291675,20.647386,3.706068,0.016583
103.294813,82.586449,20.708364,105.002022,84.351360,20.650662,3.582199,0.015898
103.187341,82.483899,20.703442,104.828824,84.151232,20.677591,3.572733,0.017345
103.140332,82.443557,20.696775,104.773639,84.103728,20.669911,3.706863,0.016915
103.079383,82.367567,20.711816,104.693952,84.011148,20.682803,3.759472,0.015790
102.993599,82.297899,20.695700,104.798999,84.210660,20.588338,3.549025,0.016874
103.052181,82.370943,20.681237,104.650357,83.977741,20.672616,3.491103,0.017587
102.919047,82.214769,20.704278,104.755848,84.080964,20.674883,3.574982,0.016260
102.907096,82.179086,20.728010,104.720314,84.060314,20.660000,3.480565,0.017238
102.871005,82.124615,20.746390,104.639586,84.015164,20.624422,3.376783,0.017169
102.768225,82.046505,20.721720,104.674423,84.025870,20.648553,3.635330,0.016653
102.776658,82.011875,20.764783,104.481470,83.740791,20.740680,3.517481,0.016974
102.664639,81.894309,20.770330,104.437863,83.756538,20.681325,3.426537,0.017619
102.688044,81.964348,20.723696,104.710733,84.002214,20.708519,3.548669,0.016435
102.600651,81.850243,20.750408,104.642010,83.886643,20.755367,3.631161,0.016761
102.573745,81.828691,20.745054,104.529292,83.883256,20.646036,3.525584,0.017459
102.527775,81.785088,20.742687,104.471781,83.794883,20.676898,3.484163,0.017554
102.518018,81.796811,20.721207,104.378086,83.670346,20.707740,3.443716,0.016856
102.473565,81.700888,20.772676,104.485143,83.726693,20.758450,3.558158,0.016034
102.390958,81.575436,20.815522,104.159790,83.427464,20.732326,3.681191,0.016647
102.375131,81.562160,20.812970,104.465778,83.797831,20.667947,3.497878,0.017302
102.370590,81.572322,20.798268,104.292351,83.494796,20.797555,3.538456,0.015115
102.335543,81.512863,20.822680,104.275775,83.556536,20.719239,3.589208,0.016980
102.256404,81.440498,20.815906,104.244024,83.466131,20.777893,3.529363,0.017185
102.250055,81.406784,20.843271,104.131354,83.390520,20.740834,3.430421,0.017593
102.136581,81.344271,20.792310,104.207142,83.475864,20.731278,3.600430,0.015912
102.179784,81.361518,20.818265,104.180766,83.439301,20.741465,3.483411,0.018417
102.075827,81.250013,20.825814,104.164956,83.417779,20.747176,3.653741,0.015443
102.100561,81.252905,20.847656,104.109240,83.354427,20.754813,3.561287,0.016153
102.072873,81.212982,20.859891,104.097448,83.305989,20.791460,3.399170,0.016813
102.027210,81.175757,20.851453,104.010467,83.253154,20.757313,3.426657,0.016948
101.947239,81.124033,20.823206,104.073816,83.364583,20.709234,3.518331,0.016807
101.886252,81.058096,20.828156,104.070471,83.249083,20.821388,3.473145,0.018710
101.870913,81.044360,20.826553,104.065264,83.381421,20.683843,3.422726,0.017628
101.862769,81.024914,20.837854,103.931051,83.173336,20.757715,3.517663,0.016718
101.868935,81.011868,20.857067,104.112711,83.293324,20.819386,3.550970,0.016550
101.756125,80.877583,20.878542,103.823448,83.030530,20.792918,3.484159,0.017398
101.783545,80.913540,20.870005,103.990704,83.166309,20.824395,3.627556,0.016544
101.727932,80.847453,20.880479,104.080748,83.300381,20.780367,3.526993,0.016475
101.760925,80.875452,20.885473,103.972231,83.104972,20.867258,3.552900,0.016476
101.670975,80.804654,20.866321,103.813742,83.055664,20.758078,3.504622,0.017647
101.655316,80.787845,20.867471,103.818968,83.041192,20.777775,3.540932,0.016717
101.648477,80.753943,20.894533,104.123367,83.307575,20.815792,3.514872,0.017290
101.633138,80.733520,20.899617,103.840041,83.072814,20.767228,3.531822,0.016761
101.546212,80.654960,20.891253,103.856229,83.092630,20.763599,3.539708,0.017286
101.533012,80.638448,20.894564,103.766525,82.918519,20.848006,3.514539,0.016238
101.547078,80.597281,20.949797,103.708731,82.848532,20.860199,3.654147,0.016260
101.445642,80.545309,20.900333,103.800900,83.001614,20.799285,3.468831,0.017992
101.425474,80.531383,20.894091,103.846776,83.099279,20.747497,3.428625,0.016732
101.418530,80.494137,20.924394,103.963776,83.136892,20.826884,3.446206,0.017411
101.354201,80.416884,20.937316,103.799071,82.972429,20.826641,3.563597,0.016028
101.297554,80.415550,20.882004,103.633751,82.870924,20.762828,3.703213,0.015751
101.302358,80.399415,20.902943,103.704454,82.831952,20.872502,3.579973,0.015162
101.285120,80.367277,20.917843,103.773504,82.943619,20.829885,3.445069,0.017535
101.266089,80.339935,20.926155,103.674815,82.884977,20.789839,3.384419,0.016617
101.223520,80.298153,20.925366,103.577735,82.770951,20.806784,3.478984,0.016007
101.247480,80.320695,20.926785,103.782090,82.930412,20.851678,3.434254,0.016355
101.257601,80.312212,20.945389,103.663272,82.796609,20.866663,3.461077,0.016231
101.186530,80.237147,20.949383,103.733410,82.913194,20.820216,3.503050,0.017421
