199.456159,193.116942,6.339217,170.060811,158.623795,11.437016,2.418235,0.024987
158.219170,143.265920,14.953249,147.980631,130.597594,17.383037,2.329535,0.033475
144.036592,125.447480,18.589112,139.341010,119.541198,19.799812,2.326105,0.039166
137.169731,116.745501,20.424230,133.812005,113.032851,20.779153,2.562416,0.038032
132.972525,111.660151,21.312374,130.916295,109.204723,21.711571,2.396385,0.041852
129.806208,107.868887,21.937322,127.831831,105.719212,22.112619,2.437805,0.043486
127.612422,105.313310,22.299112,125.728041,103.260344,22.467697,2.772569,0.038315
125.978508,103.446628,22.531880,124.879466,102.286742,22.592723,2.607486,0.038616
124.554178,101.862429,22.691749,123.358432,100.615414,22.743018,2.766207,0.039863
123.432462,100.609288,22.823174,122.343905,99.474661,22.869244,2.781385,0.041014
122.505880,99.593616,22.912264,121.478879,98.455136,23.023743,2.794500,0.041838
121.620279,98.589872,23.030406,121.013030,97.947149,23.065881,2.736006,0.040125
120.867959,97.760682,23.107276,120.247980,97.128810,23.119171,2.784069,0.042401
120.207954,97.082912,23.125042,119.699211,96.566271,23.132940,2.769210,0.042317
119.711318,96.468166,23.243153,119.070488,95.750938,23.319550,2.884882,0.040489
119.078954,95.822923,23.256031,118.748384,95.499343,23.249041,2.782149,0.039556
118.629078,95.330171,23.298907,118.435933,95.077431,23.358502,2.627233,0.046022
118.056704,94.791297,23.265407,117.900542,94.706900,23.193642,2.880109,0.039963
117.714879,94.438673,23.276206,117.300301,94.039876,23.260424,2.847293,0.040804
117.305350,93.980222,23.325128,117.109284,93.783991,23.325293,2.888154,0.039995
117.004483,93.629041,23.375443,116.940720,93.610581,23.330140,2.709567,0.041407
116.612570,93.265187,23.347384,116.522403,93.056432,23.465971,2.945731,0.038986
116.254946,92.872946,23.382000,116.301707,92.938378,23.363328,2.853583,0.040328
116.003121,92.605856,23.397265,115.954992,92.502379,23.452613,2.869985,0.038179
115.616800,92.207126,23.409674,115.844359,92.553807,23.290551,2.910618,0.042085
115.458788,92.063607,23.395181,115.503978,92.239471,23.264507,3.135830,0.035175
115.137210,91.736600,23.400610,115.342175,91.916521,23.425655,3.026348,0.041205
114.910083,91.459486,23.450596,114.932010,91.427739,23.504271,3.022472,0.037561
114.693352,91.240017,23.453336,114.942312,91.516988,23.425324,2.996505,0.040259
114.394416,90.977530,23.416885,114.833571,91.432475,23.401096,2.897855,0.042843
114.231706,90.771180,23.460526,114.808221,91.432249,23.375973,2.990687,0.040738
113.960855,90.543989,23.416866,114.165601,90.709358,23.456244,2.815038,0.039119
113.847294,90.436976,23.410319,114.305415,90.939241,23.366174,2.904431,0.040335
113.592744,90.175539,23.417204,114.182513,90.910806,23.271707,3.130756,0.036634
113.416935,90.014670,23.402265,113.984404,90.565895,23.418510,2.967389,0.038680
113.236261,89.817783,23.418479,113.951301,90.471741,23.479560,3.117936,0.039557
113.053745,89.641021,23.412724,113.506923,90.239002,23.267921,2.907912,0.038812
112.919750,89.508432,23.411318,113.716583,90.162313,23.554270,3.042608,0.038014
112.685034,89.247362,23.437672,113.341613,89.974975,23.366638,3.029988,0.039743
112.553408,89.143463,23.409946,113.212721,89.920435,23.292286,3.011553,0.038614
112.398025,88.962020,23.436005,113.184447,89.854707,23.329740,3.008967,0.040731
112.263570,88.850973,23.412597,113.108709,89.792025,23.316685,3.047840,0.040278
112.188910,88.796014,23.392896,112.674249,89.305201,23.369048,3.015142,0.037604
112.045001,88.619493,23.425507,112.737907,89.408186,23.329721,3.057323,0.037480
111.831485,88.371463,23.460022,112.724617,89.363780,23.360837,3.032723,0.044242
111.735421,88.298179,23.437242,112.633025,89.351145,23.281880,2.897419,0.039947
111.552845,88.160789,23.392055,112.504984,89.127614,23.377370,3.050006,0.037073
111.452115,88.052001,23.400113,112.182372,88.897017,23.285355,3.032078,0.043954
111.351335,87.957629,23.393706,112.194783,88.842636,23.352148,2.933425,0.040005
111.224217,87.805340,23.418877,112.239427,88.939956,23.299471,3.075704,0.040461
111.075361,87.681165,23.394196,112.118573,88.790294,23.328280,3.098294,0.040821
110.962321,87.560797,23.401524,112.036046,88.647533,23.388512,3.016108,0.040113
110.905843,87.493286,23.412557,111.885636,88.580210,23.305426,3.068343,0.036606
110.768996,87.355128,23.413869,111.621375,88.300290,23.321085,3.083485,0.041059
110.618757,87.179879,23.438878,111.734209,88.345138,23.389072,2.987770,0.041454
110.515865,87.115535,23.400330,111.452884,88.052617,23.400267,3.007469,0.041194
110.525513,87.051459,23.474055,111.379005,87.914422,23.464584,2.949773,0.038888
110.352013,86.924286,23.427728,111.404038,88.052751,23.351286,3.109681,0.039949
110.274290,86.838379,23.435912,111.391935,88.028008,23.363927,3.126349,0.036259
110.195157,86.785898,23.409260,111.473643,88.052564,23.421079,2.961095,0.042055
110.097221,86.649757,23.447464,111.286974,87.853654,23.433321,2.981979,0.039771
109.991375,86.544546,23.446829,111.116919,87.772137,23.344782,3.037913,0.040325
109.915679,86.469679,23.446000,111.200094,87.811122,23.388972,3.022831,0.039876
109.871789,86.448727,23.423063,111.231590,87.830036,23.401555,3.081288,0.039117
109.709480,86.277394,23.432086,110.847521,87.409337,23.438183,3.125204,0.038774
109.719251,86.260423,23.458828,110.827623,87.493317,23.334305,3.081230,0.040418
109.607036,86.187225,23.419811,110.878915,87.497330,23.381585,2.963861,0.040705
109.523926,86.049659,23.474268,110.643396,87.291193,23.352203,3.066223,0.039183
109.395376,85.946134,23.449242,110.573529,87.181912,23.391617,3.106061,0.035602
109.341342,85.891630,23.449712,110.580974,87.108784,23.472190,3.128846,0.039376
109.289658,85.829780,23.459878,110.613522,87.228423,23.385099,3.041021,0.037298
109.249357,85.796629,23.452728,110.350717,87.002237,23.348481,3.169649,0.038061
109.174848,85.685751,23.489097,110.341125,86.832288,23.508837,3.052446,0.039573
109.114380,85.652601,23.461780,110.506275,87.017701,23.488573,3.102361,0.037759
108.953800,85.468047,23.485752,110.240863,86.800484,23.440380,3.051198,0.039186
109.002722,85.508254,23.494468,110.429850,86.965227,23.464623,3.073502,0.038753
108.849505,85.349976,23.499529,110.272556,86.818256,23.454299,3.006763,0.040115
108.867432,85.384967,23.482465,110.095951,86.621857,23.474094,3.157897,0.037744
108.796525,85.267607,23.528918,110.100655,86.588952,23.511704,2.889821,0.042387
108.737742,85.281209,23.456533,110.026636,86.656151,23.370485,3.050741,0.041446
108.679210,85.190951,23.488259,110.063193,86.571236,23.491957,3.202781,0.037926
108.658614,85.166359,23.492255,109.958272,86.509465,23.448808,3.189138,0.035254
108.461126,85.000488,23.460638,109.871022,86.482387,23.388635,3.173359,0.039329
108.471229,85.005266,23.465962,109.988972,86.663734,23.325237,2.890802,0.042235
108.393325,84.920805,23.472521,109.857505,86.474250,23.383255,3.080284,0.038531
108.351477,84.884038,23.467438,109.712358,86.337971,23.374386,3.012472,0.036917
108.308003,84.839020,23.468983,109.709566,86.262138,23.447428,3.233485,0.038685
108.237084,84.763105,23.473979,109.885792,86.432708,23.453085,2.937327,0.039729
108.197398,84.763361,23.434037,109.411037,86.063540,23.347496,3.161118,0.042028
108.184646,84.712150,23.472497,109.525779,86.190565,23.335213,3.155151,0.038346
108.107482,84.626933,23.480549,109.951315,86.571600,23.379715,3.206435,0.038467
108.100018,84.632552,23.467466,109.550199,86.196161,23.354039,2.911380,0.042360
108.012942,84.524178,23.488763,109.432768,85.995725,23.437042,3.170492,0.039362
108.009883,84.553867,23.456016,109.599540,86.226691,23.372849,3.070642,0.039819
107.908330,84.464676,23.443654,109.781081,86.559407,23.221674,3.140159,0.036906
107.953525,84.469652,23.483873,109.685202,86.166094,23.519108,2.986535,0.039625
107.849370,84.350019,23.499352,109.422741,85.944870,23.477871,3.124540,0.040234
107.801428,84.330834,23.470594,109.261318,85.974482,23.286836,3.137803,0.039821
107.808125,84.327468,23.480657,109.200490,85.769352,23.431138,3.095580,0.037973
107.740625,84.284918,23.455707,109.557465,86.200904,23.356560,3.142444,0.038240
107.710008,84.269941,23.440067,109.212350,85.701553,23.510797,3.265611,0.036136
107.638536,84.123951,23.514585,109.319217,85.891182,23.428036,3.135134,0.039733
107.597759,84.151241,23.446518,109.316109,85.952438,23.363672,3.163018,0.036871
107.581001,84.136567,23.444434,109.247560,85.780628,23.466932,2.998253,0.039961
107.506747,84.086596,23.420150,109.550936,86.219812,23.331124,3.064878,0.039271
107.476818,84.035906,23.440911,109.091551,85.744269,23.347283,3.111461,0.040311
107.430413,83.969307,23.461107,109.319599,85.812102,23.507497,3.046993,0.037902
107.339343,83.897589,23.441755,109.233385,85.830262,23.403123,3.253996,0.036941
107.355591,83.908475,23.447116,109.170132,85.792175,23.377956,3.090718,0.042632
107.275608,83.832824,23.442784,109.033750,85.665432,23.368318,2.981775,0.041485
107.219363,83.779806,23.439557,108.824213,85.377120,23.447093,3.254292,0.037661
107.231663,83.771985,23.459679,108.850412,85.510994,23.339418,3.300430,0.038310
107.219859,83.769723,23.450136,108.848385,85.424005,23.424379,3.162917,0.037991
107.105757,83.683101,23.422656,108.996164,85.548090,23.448074,3.061905,0.040591
107.062896,83.625667,23.437230,108.783234,85.390676,23.392558,2.997168,0.042261
107.023700,83.580222,23.443478,108.799352,85.413874,23.385479,3.183510,0.035498
107.035805,83.588010,23.447795,108.940367,85.555056,23.385311,3.258605,0.037724
106.902431,83.451792,23.450639,108.719299,85.404349,23.314950,3.193450,0.039141
106.948782,83.544299,23.404482,108.645701,85.394104,23.251596,3.197501,0.037599
106.832820,83.437568,23.395253,108.759220,85.405172,23.354047,3.219246,0.037948
106.920103,83.493031,23.427072,108.683632,85.257959,23.425673,3.088805,0.041357
106.839451,83.407178,23.432273,108.664034,85.311049,23.352986,3.234370,0.038224
106.710458,83.343282,23.367177,108.638528,85.236206,23.402322,3.191868,0.038459
106.780641,83.374392,23.406249,108.758604,85.430106,23.328497,3.132986,0.041154
106.748459,83.346745,23.401714,108.679986,85.364971,23.315015,3.208253,0.037531
106.646550,83.219620,23.426930,108.506614,85.169383,23.337232,3.165470,0.036970
106.652376,83.217291,23.435085,108.481922,85.088459,23.393463,3.217587,0.036307
106.632268,83.254873,23.377396,108.439985,85.066294,23.373691,3.196242,0.037510
106.643713,83.207345,23.436368,108.416176,85.013558,23.402619,3.189077,0.036898
106.523379,83.081337,23.442042,108.556678,85.213886,23.342792,3.115106,0.039716
106.557688,83.175461,23.382227,108.540844,85.211232,23.329613,3.216673,0.040585
106.434143,83.011030,23.423113,108.353181,84.938334,23.414847,3.045673,0.040322
106.514555,83.124209,23.390346,108.535414,85.267056,23.268358,3.020376,0.040311
106.388672,82.995741,23.392931,108.336224,84.960471,23.375753,3.269341,0.038508
106.379562,82.992644,23.386919,108.112721,84.803197,23.309524,3.141349,0.037014
106.348131,82.973486,23.374645,108.396115,85.004936,23.391179,3.202088,0.034574
106.319441,82.912903,23.406539,108.524237,85.207708,23.316529,3.137251,0.041572
106.269416,82.872924,23.396492,108.264344,84.958521,23.305823,3.263270,0.037783
106.297972,82.897114,23.400857,108.400685,85.028116,23.372568,3.220140,0.036540
106.236974,82.830076,23.406898,108.291274,84.920821,23.370454,3.070851,0.037801
106.242577,82.803800,23.438777,108.342396,84.931886,23.410510,3.125069,0.038313
106.199782,82.808113,23.391669,108.133022,84.894327,23.238695,3.405351,0.035889
106.041281,82.627612,23.413668,107.988346,84.661801,23.326546,3.277467,0.036757
106.077458,82.705878,23.371579,108.196568,84.906074,23.290494,3.051247,0.043909
106.063919,82.667288,23.396630,108.089043,84.828467,23.260577,3.187347,0.037853
106.080322,82.670875,23.409447,108.306810,84.895329,23.411481,3.157442,0.037716
106.039150,82.618980,23.420170,108.166477,84.762006,23.404471,3.137044,0.040296
105.973940,82.548495,23.425445,108.380708,85.035480,23.345228,3.130239,0.040337
106.033488,82.635901,23.397587,107.936571,84.540972,23.395599,3.338479,0.036955
105.929356,82.505894,23.423462,108.000829,84.692032,23.308798,3.109792,0.040136
105.933230,82.536954,23.396277,108.279109,84.934216,23.344893,3.253462,0.038490
105.890243,82.461440,23.428803,107.795672,84.479491,23.316181,3.424284,0.037754
105.904662,82.472594,23.432068,107.889589,84.494850,23.394738,3.324052,0.036028
105.856949,82.446802,23.410147,107.858467,84.505125,23.353343,3.063202,0.040764
105.865095,82.440627,23.424468,108.173541,84.800684,23.372858,3.018436,0.038297
105.780222,82.391959,23.388263,108.090279,84.738891,23.351388,3.098070,0.034585
105.847250,82.424201,23.423049,108.046644,84.640865,23.405780,3.104750,0.038143
105.706873,82.258455,23.448418,107.882619,84.572363,23.310255,3.422910,0.036053
105.772540,82.344415,23.428124,107.888161,84.461257,23.426903,3.248054,0.036574
105.632954,82.217796,23.415158,107.881306,84.549632,23.331675,3.026264,0.040636
