250.378368,229.521864,20.856504,199.765917,177.305759,22.460157,2.375872,0.020007
170.885070,151.416791,19.468279,155.163692,134.874470,20.289222,2.315907,0.032448
149.385849,127.608338,21.777510,143.310551,120.133388,23.177162,2.224528,0.042684
140.390564,117.531045,22.859519,136.499211,113.524692,22.974520,2.424700,0.041047
135.425308,112.251153,23.174155,132.959174,109.550668,23.408506,2.515048,0.041772
131.360373,108.470344,22.890029,128.858294,105.791913,23.066381,2.495205,0.043479
128.875050,105.689551,23.185499,127.288699,103.754677,23.534023,2.669772,0.042808
127.125271,103.583718,23.541552,125.350474,101.677780,23.672694,2.748961,0.040017
125.683155,101.853301,23.829853,124.780529,100.969475,23.811054,2.663795,0.040418
124.426376,100.466430,23.959947,123.190034,99.314744,23.875290,2.599249,0.042729
123.045639,99.278374,23.767265,121.874079,98.216408,23.657671,2.725184,0.041524
121.798180,98.162209,23.635971,120.957815,97.345184,23.612631,2.650638,0.043602
120.829905,97.247731,23.582174,119.974622,96.336252,23.638370,2.791472,0.040485
119.913124,96.468884,23.444239,119.360459,95.902433,23.458026,2.571720,0.044040
119.210205,95.797384,23.412822,118.595018,95.125176,23.469842,2.774920,0.042148
118.326400,95.024261,23.302139,117.949112,94.703267,23.245846,2.722358,0.044523
117.561048,94.477468,23.083580,116.943773,93.888621,23.055151,2.868495,0.041174
117.021278,93.920726,23.100552,117.089141,93.891411,23.197730,2.918628,0.038115
116.438537,93.349615,23.088922,115.974918,93.040749,22.934169,2.802783,0.040330
115.786547,92.892473,22.894074,115.473335,92.640806,22.832530,2.883996,0.039366
115.411533,92.435862,22.975671,115.493970,92.756385,22.737585,2.793214,0.041068
114.990929,92.020720,22.970209,114.928047,92.010364,22.917683,2.813184,0.044113
114.537110,91.569210,22.967901,114.797166,91.956923,22.840244,2.824514,0.041401
114.318606,91.333880,22.984726,114.791260,91.706063,23.085197,2.671065,0.040721
113.912894,90.866391,23.046503,114.020873,91.095998,22.924875,2.986921,0.038439
113.599408,90.592446,23.006963,114.041793,91.000699,23.041094,2.905373,0.039879
113.275717,90.298314,22.977403,113.562842,90.722629,22.840213,3.017307,0.038921
113.027297,90.046214,22.981083,113.529198,90.480039,23.049159,2.888524,0.043289
112.810491,89.757175,23.053316,113.152298,90.159053,22.993245,2.724850,0.043520
112.534192,89.517042,23.017150,113.089469,90.170837,22.918633,2.747371,0.039428
112.300665,89.291792,23.008873,113.005233,90.227822,22.777411,2.892848,0.040539
112.078891,89.117789,22.961102,113.002666,90.107805,22.894862,2.806358,0.041201
111.857859,88.829202,23.028657,112.487173,89.610479,22.876694,2.883782,0.039714
111.692830,88.660050,23.032781,112.516038,89.673701,22.842337,2.853567,0.039231
111.527069,88.510534,23.016536,112.083467,89.148669,22.934798,2.810255,0.044283
111.219620,88.213934,23.005686,111.932500,88.945658,22.986842,2.989915,0.040589
111.030623,87.981984,23.048639,111.807780,88.819162,22.988618,2.941887,0.039017
110.877864,87.888772,22.989092,111.921398,88.940353,22.981045,2.812441,0.040682
110.719379,87.725198,22.994181,111.679376,88.772029,22.907348,2.718485,0.040720
110.626923,87.647187,22.979736,111.386709,88.396894,22.989815,2.893557,0.041357
110.450293,87.450857,22.999435,111.243380,88.257085,22.986296,2.928784,0.039457
110.241678,87.259851,22.981826,111.086906,88.036161,23.050745,2.974223,0.035524
110.066180,87.081579,22.984601,110.882322,87.896359,22.985963,2.883816,0.041217
109.949166,86.991588,22.957578,110.897579,88.038034,22.859545,2.840246,0.041580
109.740089,86.812851,22.927239,110.884166,88.103457,22.780709,2.949982,0.038233
109.612664,86.639632,22.973032,111.096901,88.085847,23.011054,2.755949,0.044819
109.498319,86.505710,22.992609,110.638385,87.798912,22.839473,2.972412,0.041538
109.380567,86.396670,22.983897,110.371346,87.483251,22.888096,2.972770,0.038431
109.241279,86.256719,22.984560,110.418390,87.398286,23.020104,2.997035,0.036671
109.033182,86.070265,22.962918,110.142194,87.203500,22.938695,2.732072,0.044067
108.918981,85.914781,23.004200,109.907800,87.008557,22.899243,2.877470,0.041857
108.858294,85.876103,22.982191,109.920823,87.021627,22.899195,2.821666,0.043098
108.706073,85.704464,23.001609,109.833054,86.938637,22.894417,2.961355,0.038756
108.506432,85.531744,22.974688,109.748664,86.801777,22.946887,2.833253,0.041151
108.438284,85.501133,22.937151,109.682771,86.855440,22.827331,2.976412,0.038777
108.315707,85.391570,22.924138,109.354475,86.416822,22.937653,3.051076,0.037099
108.272660,85.348982,22.923678,109.648382,86.792568,22.855814,3.040000,0.040011
108.174465,85.232866,22.941599,109.343438,86.512669,22.830769,2.989212,0.036540
107.982775,85.069899,22.912877,109.288311,86.354047,22.934264,2.878973,0.041670
107.939839,85.004154,22.935685,109.215926,86.302865,22.913061,3.040836,0.037885
107.819370,84.923051,22.896319,109.129648,86.296529,22.833119,2.948132,0.040656
107.670517,84.778621,22.891896,109.258988,86.511655,22.747334,2.930568,0.042365
107.601303,84.687611,22.913692,109.050667,86.271322,22.779344,2.983397,0.039524
107.491092,84.652464,22.838629,108.978408,86.133979,22.844429,2.998960,0.040678
107.452098,84.600734,22.851364,109.039006,86.122518,22.916488,2.827994,0.040269
107.356329,84.467818,22.888512,108.891357,86.060214,22.831144,3.048862,0.042404
107.223338,84.348239,22.875099,108.754325,85.895276,22.859049,2.839263,0.039469
107.130480,84.250065,22.880415,108.651670,85.888272,22.763398,3.008120,0.039876
107.169525,84.331371,22.838154,108.853300,85.846358,23.006942,2.762583,0.041372
107.022246,84.150032,22.872214,108.406989,85.608494,22.798495,2.888890,0.042660
106.885974,84.045812,22.840163,108.552326,85.891882,22.660443,3.163735,0.037251
106.861507,83.977377,22.884130,108.224180,85.406241,22.817939,3.085938,0.038647
106.814683,83.995959,22.818724,108.266766,85.386902,22.879865,2.966894,0.040938
106.661795,83.774457,22.887338,108.353920,85.535938,22.817982,2.932063,0.037865
106.651710,83.830085,22.821625,108.341790,85.635761,22.706029,3.084810,0.038703
106.613183,83.735612,22.877571,108.057294,85.244400,22.812893,2.849550,0.042027
106.549667,83.694072,22.855595,108.003049,85.088720,22.914329,2.762990,0.039879
106.480826,83.617857,22.862970,108.092259,85.285363,22.806897,3.100146,0.036981
106.372468,83.538953,22.833514,108.233782,85.452716,22.781066,3.045545,0.038221
106.258567,83.401730,22.856837,107.989690,85.181374,22.808316,2.888747,0.042879
106.232827,83.379964,22.852863,107.933967,85.153945,22.780023,2.949641,0.039405
106.195600,83.338001,22.857600,107.603230,84.795381,22.807849,2.984478,0.038907
106.089707,83.263890,22.825818,107.695545,84.886639,22.808906,2.940852,0.038589
105.981170,83.134288,22.846883,107.623095,84.875795,22.747300,3.152856,0.040578
105.997500,83.190855,22.806645,107.684078,85.062229,22.621849,3.104393,0.039150
105.968761,83.136884,22.831877,107.692468,84.936088,22.756380,2.919830,0.037984
105.789185,82.950040,22.839145,107.351722,84.643832,22.707890,2.872985,0.039341
105.715364,82.882925,22.832439,107.410236,84.676712,22.733525,2.989343,0.039987
105.754276,82.930935,22.823341,107.286181,84.493776,22.792405,3.009225,0.041056
105.667310,82.883309,22.784000,107.519110,84.686517,22.832594,3.082587,0.041819
105.603292,82.768617,22.834676,107.552810,84.760320,22.792490,3.226923,0.038440
105.557519,82.747144,22.810374,107.200564,84.398866,22.801697,3.110919,0.040471
105.430520,82.605671,22.824849,107.408865,84.548603,22.860261,2.913616,0.040434
105.420543,82.603567,22.816976,107.152289,84.413833,22.738457,3.151503,0.038344
105.351206,82.540673,22.810533,107.114906,84.319019,22.795888,3.160908,0.038979
105.379428,82.551281,22.828147,107.217685,84.390002,22.827683,2.981866,0.037740
105.348197,82.490788,22.857409,107.037869,84.298779,22.739090,3.160078,0.037713
105.241878,82.421410,22.820469,107.139299,84.327624,22.811675,2.910091,0.041214
105.259803,82.405928,22.853875,106.722486,83.892324,22.830162,2.974375,0.037875
105.178663,82.328960,22.849703,107.056208,84.290088,22.766120,3.034310,0.036314
105.035688,82.186629,22.849059,106.962599,84.207740,22.754860,3.067165,0.034964
105.083878,82.261571,22.822308,106.875122,84.228428,22.646694,3.106227,0.035390
104.998353,82.141478,22.856875,106.923252,84.222586,22.700666,3.179693,0.039176
104.913777,82.115717,22.798060,106.764614,84.059927,22.704688,3.107907,0.039014
104.839319,82.007384,22.831935,106.631310,83.906303,22.725007,3.042464,0.037568
104.921201,82.082098,22.839104,106.998571,84.233802,22.764769,2.873955,0.039662
104.778948,81.901893,22.877056,106.705218,83.944200,22.761018,2.843852,0.042050
104.749567,81.858805,22.890763,106.747898,83.896375,22.851523,3.010630,0.040077
104.596074,81.763725,22.832350,106.603412,83.857155,22.746257,3.117842,0.037493
104.531922,81.668470,22.863451,106.554571,83.817128,22.737443,3.117466,0.036476
104.664993,81.812049,22.852943,106.681624,83.811487,22.870137,2.899690,0.038875
104.630225,81.743859,22.886366,107.087537,84.230426,22.857111,3.050802,0.038386
104.568838,81.707318,22.861521,106.538322,83.795535,22.742787,3.132375,0.036813
104.441060,81.577110,22.863950,106.519096,83.740020,22.779076,2.928410,0.039992
104.430403,81.606332,22.824071,106.597622,83.931693,22.665929,3.017300,0.039934
104.487409,81.594847,22.892562,106.559470,83.738632,22.820838,3.013436,0.037719
104.364402,81.508631,22.855771,106.595194,83.907533,22.687660,2.845528,0.039602
104.348691,81.453625,22.895065,106.386562,83.641633,22.744929,3.032126,0.041434
104.280952,81.448418,22.832534,106.602848,83.842033,22.760815,3.119068,0.037515
104.233008,81.362987,22.870022,106.172630,83.401296,22.771334,3.003212,0.040609
104.231182,81.344540,22.886643,106.277856,83.552619,22.725238,3.195877,0.037838
104.218255,81.323373,22.894882,106.445988,83.621650,22.824339,3.142386,0.034297
104.208495,81.289158,22.919338,106.402290,83.439008,22.963282,2.818615,0.037467
104.110881,81.247987,22.862894,106.265853,83.488279,22.777574,3.089520,0.037759
104.120114,81.227065,22.893049,106.304979,83.446319,22.858659,2.845046,0.039879
104.080215,81.229859,22.850357,106.190452,83.358580,22.831871,2.823608,0.040325
103.978844,81.098145,22.880699,106.074050,83.342324,22.731727,2.954486,0.038483
103.948781,81.068328,22.880453,106.067319,83.349186,22.718133,3.054544,0.036317
103.925853,81.105541,22.820312,106.231841,83.500164,22.731677,3.009904,0.037789
103.837380,80.954016,22.883364,106.041709,83.302802,22.738907,2.968542,0.039884
103.838684,80.991326,22.847358,105.886173,83.088910,22.797263,3.000003,0.042622
103.863052,80.989385,22.873668,106.018989,83.223688,22.795302,3.077004,0.038976
103.808000,80.962870,22.845129,106.079233,83.267587,22.811647,3.093349,0.036776
103.793842,80.891708,22.902134,105.884568,83.152277,22.732290,3.070683,0.039174
103.735667,80.810192,22.925475,105.936955,83.140858,22.796097,2.885514,0.036943
103.702834,80.853846,22.848989,105.926780,83.129416,22.797365,2.964985,0.042927
103.639128,80.784678,22.854449,105.880277,83.016343,22.863934,3.041008,0.037582
103.678148,80.764379,22.913770,105.760521,82.948513,22.812008,3.140394,0.038132
103.780001,80.859423,22.920578,105.845929,83.025257,22.820671,2.807452,0.039687
103.531467,80.617475,22.913993,105.919445,82.998617,22.920828,2.875419,0.039078
103.571594,80.714683,22.856912,105.951548,83.064827,22.886720,2.999584,0.042308
103.511827,80.609658,22.902169,105.454333,82.657181,22.797152,3.329363,0.033981
103.464290,80.555012,22.909278,105.651797,82.888249,22.763548,3.046772,0.038419
103.494125,80.583293,22.910831,105.455976,82.641611,22.814365,3.068887,0.039728
103.539796,80.610179,22.929617,105.625131,82.723442,22.901689,3.049344,0.039181
103.386012,80.489894,22.896118,105.729998,82.946835,22.783163,3.158959,0.039714
103.414096,80.522178,22.891919,105.661794,82.847319,22.814475,3.134174,0.035880
103.380183,80.504203,22.875981,105.519359,82.774199,22.745160,3.085731,0.037950
103.376557,80.561081,22.815475,105.569960,82.785941,22.784019,3.192312,0.037918
103.348759,80.446663,22.902096,105.752508,82.754840,22.997667,3.101775,0.035865
103.248109,80.357672,22.890438,105.652237,82.860819,22.791418,3.271739,0.036172
103.303179,80.403836,22.899343,105.468754,82.655986,22.812768,2.999529,0.035450
103.262264,80.340608,22.921656,105.558314,82.731185,22.827130,2.997723,0.040846
103.347104,80.402029,22.945075,105.268478,82.409388,22.859090,3.193636,0.035634
103.205836,80.310503,22.895333,105.567383,82.824991,22.742391,3.203000,0.037252
103.275992,80.351980,22.924012,105.679476,82.826460,22.853015,3.103835,0.038813
103.231175,80.344842,22.886333,105.675516,82.868753,22.806763,2.943640,0.042369
103.130141,80.240613,22.889528,105.569691,82.709462,22.860230,3.144957,0.038607
103.136261,80.241516,22.894745,105.877383,82.938449,22.938934,3.084799,0.041006
103.170299,80.219085,22.951214,105.557920,82.699370,22.858550,2.974863,0.038192
