234.423472,231.238064,3.185408,190.074588,186.653718,3.420870,2.958577,0.009475
172.868754,165.681165,7.187589,156.005258,145.651461,10.353797,2.854778,0.015515
150.848259,139.856992,10.991267,145.669826,134.130371,11.539454,2.919026,0.019475
142.586832,130.438277,12.148555,138.230235,125.329992,12.900243,3.158546,0.018838
136.419393,123.227567,13.191826,133.155614,119.633534,13.522080,3.149423,0.020115
132.085225,118.366741,13.718484,129.125916,115.241896,13.884020,3.164349,0.020148
128.860695,114.922710,13.937985,127.206461,113.171940,14.034521,2.969824,0.022422
126.438679,112.357553,14.081125,124.385586,110.197115,14.188471,3.183144,0.022253
124.417573,110.211279,14.206294,122.999985,108.713507,14.286478,3.194614,0.023407
122.624165,108.348170,14.275996,121.601774,107.299437,14.302337,3.225081,0.021680
121.213685,106.802611,14.411074,120.019880,105.537282,14.482598,3.368512,0.019647
119.909558,105.457560,14.451997,118.649487,104.035449,14.614038,3.413756,0.019370
118.793729,104.269976,14.523752,118.379147,103.854697,14.524451,3.227081,0.022357
117.821041,103.250486,14.570555,117.147743,102.479309,14.668435,3.380372,0.020994
117.039516,102.470502,14.569014,116.334761,101.798343,14.536418,3.624700,0.022009
116.350333,101.762835,14.587498,115.784233,101.169729,14.614504,3.458740,0.021332
115.818662,101.206581,14.612081,115.032876,100.403254,14.629621,3.476816,0.021434
115.181084,100.576052,14.605032,114.852502,100.184372,14.668130,3.596835,0.020041
114.685528,100.026946,14.658582,114.465917,99.794216,14.671700,3.534392,0.019019
114.267339,99.606954,14.660385,113.839837,99.138892,14.700945,3.535013,0.020391
113.863395,99.220758,14.642636,113.730021,99.131210,14.598811,3.596321,0.020670
113.407113,98.723534,14.683579,113.368397,98.578288,14.790108,3.513821,0.020038
113.134733,98.399247,14.735486,112.867183,98.067472,14.799711,3.370160,0.020492
112.880710,98.166941,14.713770,112.779932,98.058459,14.721474,3.543630,0.020350
112.567298,97.859673,14.707625,112.431692,97.835137,14.596555,3.620676,0.019918
112.221085,97.517508,14.703577,112.675996,97.943019,14.732977,3.366616,0.021047
112.129687,97.455055,14.674631,112.382856,97.780140,14.602715,3.575980,0.020694
111.742318,97.057627,14.684692,111.899068,97.151653,14.747415,3.701831,0.019814
111.510892,96.820271,14.690620,112.107990,97.523782,14.584208,3.720971,0.020563
111.300677,96.623293,14.677385,111.621131,96.900079,14.721052,3.662194,0.019672
111.090224,96.389383,14.700842,111.405042,96.698096,14.706946,3.536800,0.022113
110.896652,96.231797,14.664855,111.371899,96.776892,14.595007,3.562630,0.021888
110.767119,96.094043,14.673076,111.531400,96.893931,14.637469,3.677173,0.021117
110.653885,95.978571,14.675315,110.968103,96.234211,14.733892,3.486595,0.021643
110.433535,95.728858,14.704677,110.806981,96.209308,14.597673,3.775266,0.019657
110.174554,95.468781,14.705773,111.033010,96.317251,14.715759,3.663703,0.019946
110.107072,95.415945,14.691127,110.829659,96.025589,14.804069,3.828454,0.020044
109.963595,95.277180,14.686414,110.710855,96.049419,14.661437,3.595964,0.020567
109.816431,95.170839,14.645591,110.761461,96.159355,14.602107,3.681537,0.022098
109.667357,94.956628,14.710729,110.357382,95.608442,14.748941,3.725738,0.020783
109.538483,94.863179,14.675304,110.653962,95.982091,14.671872,3.573638,0.021028
109.503391,94.831978,14.671413,109.973158,95.358167,14.614991,3.949767,0.019625
109.419376,94.760484,14.658893,109.912249,95.252994,14.659255,3.858500,0.019994
109.218716,94.520050,14.698666,110.042990,95.422245,14.620745,4.089088,0.018507
109.062521,94.384717,14.677804,109.943940,95.252334,14.691606,3.674476,0.022135
108.979113,94.281836,14.697277,109.899927,95.185335,14.714591,3.507948,0.022456
108.842800,94.150447,14.692353,110.311235,95.576900,14.734335,3.442790,0.020366
108.777677,94.040665,14.737013,110.246117,95.562273,14.683844,3.620135,0.020092
108.631035,93.936804,14.694232,109.643370,94.862680,14.780691,3.539546,0.022580
108.590900,93.887213,14.703687,109.555518,94.831616,14.723902,3.842980,0.018557
108.407778,93.669832,14.737946,109.558495,94.837749,14.720746,3.652754,0.020729
108.297116,93.572881,14.724236,109.481987,94.758761,14.723225,3.870705,0.021761
108.254345,93.503579,14.750766,109.047518,94.255388,14.792130,3.646505,0.021300
108.154406,93.388444,14.765961,109.457736,94.769122,14.688614,3.780245,0.022317
107.977217,93.225885,14.751332,109.140278,94.365243,14.775036,3.740751,0.020407
107.983775,93.199781,14.783994,109.289909,94.504610,14.785300,3.754201,0.021546
107.838077,93.080695,14.757382,109.073398,94.312167,14.761231,3.722902,0.020922
107.774146,93.006694,14.767453,108.850956,94.134249,14.716707,3.775687,0.020938
107.724779,92.947419,14.777360,109.281799,94.534344,14.747455,3.622200,0.021979
107.709675,92.921176,14.788499,108.758508,93.926826,14.831682,3.621526,0.023115
107.638467,92.810966,14.827502,108.788629,93.935817,14.852813,3.727911,0.021567
107.537010,92.725415,14.811595,109.120059,94.318630,14.801429,3.517298,0.021512
107.453864,92.607882,14.845982,108.879563,94.068338,14.811225,3.464109,0.021346
107.432047,92.615489,14.816557,108.686731,93.856423,14.830307,3.589572,0.021467
107.343182,92.533239,14.809943,108.727939,93.915270,14.812669,3.697565,0.020358
107.282712,92.478546,14.804166,108.699036,93.840905,14.858132,3.826165,0.019463
107.267638,92.417349,14.850288,108.690691,93.835159,14.855532,3.631818,0.022808
107.166907,92.341539,14.825367,108.569261,93.648953,14.920308,3.720380,0.019661
107.083264,92.219346,14.863918,108.411357,93.564240,14.847117,3.926261,0.020098
107.003295,92.169837,14.833458,108.513661,93.727508,14.786153,3.742265,0.021150
107.090837,92.280845,14.809992,108.625797,93.766743,14.859053,3.890505,0.020158
106.963503,92.110082,14.853421,108.530470,93.733351,14.797120,3.793082,0.021438
106.960084,92.148372,14.811711,108.383897,93.503105,14.880792,3.832258,0.021727
106.863734,92.010426,14.853308,108.578618,93.741256,14.837361,3.708723,0.022067
106.826651,91.987442,14.839209,108.590021,93.780846,14.809175,3.785044,0.018956
106.792367,91.919669,14.872699,108.579155,93.694355,14.884800,3.679114,0.022167
106.747988,91.881616,14.866373,108.541903,93.666865,14.875037,3.880369,0.022375
106.653571,91.802378,14.851192,108.412716,93.579583,14.833132,3.726289,0.021386
106.780518,91.855612,14.924906,108.291513,93.339982,14.951532,3.677303,0.019916
106.537181,91.659931,14.877250,108.602555,93.759669,14.842886,3.833708,0.020325
106.522543,91.643246,14.879297,108.327775,93.407346,14.920429,3.782091,0.020874
106.583953,91.713940,14.870013,108.223299,93.284857,14.938442,3.705341,0.021786
106.526630,91.668834,14.857796,108.589649,93.792313,14.797336,3.783533,0.022925
106.488699,91.629968,14.858731,108.167352,93.361213,14.806139,4.134711,0.021595
106.403695,91.505741,14.897954,108.382242,93.544734,14.837509,3.750719,0.021887
106.343111,91.421158,14.921954,107.917820,92.984195,14.933625,3.683380,0.020730
106.313005,91.435464,14.877542,108.165429,93.276550,14.888879,3.607898,0.022541
106.294507,91.410674,14.883833,108.144398,93.256371,14.888026,3.965660,0.019939
106.200431,91.299693,14.900738,108.324667,93.419886,14.904781,3.793206,0.022319
106.244166,91.362193,14.881973,108.228847,93.373539,14.855308,3.809865,0.022148
106.292502,91.375203,14.917299,108.031007,93.172445,14.858562,3.950447,0.020538
106.182250,91.263893,14.918356,108.002928,93.129556,14.873373,3.918464,0.022064
106.182727,91.284988,14.897739,107.831986,93.023587,14.808399,3.691844,0.021369
106.112293,91.172186,14.940107,108.040812,93.063101,14.977711,3.760795,0.021978
106.118057,91.182726,14.935331,108.086490,93.229286,14.857204,3.861228,0.021141
106.196093,91.293377,14.902716,108.089764,93.229226,14.860538,3.913882,0.021357
106.085884,91.157214,14.928671,108.033851,93.197328,14.836524,3.783959,0.021420
106.052890,91.162473,14.890417,108.089294,93.185995,14.903299,4.042174,0.021589
105.982311,91.087934,14.894377,107.936006,93.080221,14.855785,3.662790,0.020984
106.004509,91.087672,14.916837,107.866858,92.922130,14.944728,3.589322,0.021664
105.935172,91.006827,14.928345,108.115015,93.151571,14.963445,3.807875,0.022413
105.955700,91.022834,14.932866,107.873174,92.954523,14.918651,3.727645,0.020700
105.964391,91.060433,14.903957,107.729143,92.779305,14.949839,4.077925,0.019576
105.803972,90.882930,14.921042,107.980813,93.107756,14.873057,3.858309,0.021989
105.906397,90.983451,14.922946,107.942767,93.005129,14.937637,3.839568,0.021391
105.851458,90.931601,14.919857,107.842824,92.909973,14.932851,3.916312,0.020355
105.821177,90.921287,14.899890,108.046479,93.166950,14.879529,3.915380,0.020259
105.815484,90.899780,14.915704,107.690014,92.722115,14.967900,3.820206,0.022401
105.814977,90.912942,14.902036,107.915386,93.010282,14.905105,3.646634,0.021790
105.821439,90.901064,14.920375,107.853710,92.941496,14.912215,3.926625,0.021250
105.716789,90.801904,14.914885,108.004991,93.091935,14.913056,4.074263,0.020662
105.736596,90.790126,14.946470,107.826037,92.866581,14.959457,3.676316,0.019842
105.639450,90.695852,14.943599,107.638374,92.733914,14.904460,3.773712,0.020177
105.659007,90.718543,14.940464,107.732188,92.772720,14.959467,3.689148,0.021744
105.625916,90.712071,14.913846,107.512045,92.522515,14.989530,3.796726,0.020888
105.631944,90.707668,14.924276,107.537983,92.606573,14.931410,3.911000,0.020586
105.597286,90.664443,14.932843,107.931875,92.935255,14.996620,3.449019,0.023329
105.621761,90.698955,14.922806,107.960598,93.002828,14.957770,3.807496,0.023234
105.601334,90.699006,14.902328,107.445255,92.525357,14.919897,3.756556,0.021832
105.561902,90.637920,14.923982,107.848364,92.883130,14.965234,3.913924,0.020700
105.613307,90.675326,14.937981,107.733376,92.822038,14.911338,3.773505,0.023014
105.554239,90.646946,14.907293,107.482607,92.553434,14.929174,3.847546,0.020951
105.487357,90.539956,14.947401,107.910490,93.003653,14.906837,3.780110,0.022120
105.474292,90.541194,14.933097,107.995633,93.070555,14.925078,3.922428,0.022301
105.523398,90.587545,14.935854,107.977628,93.030389,14.947240,3.771467,0.019666
105.525908,90.571461,14.954447,107.704527,92.672503,15.032023,3.591280,0.022463
105.436667,90.500579,14.936089,107.725682,92.848682,14.876999,3.743308,0.022146
105.471092,90.519963,14.951129,107.603327,92.714300,14.889027,3.878352,0.020166
105.448938,90.505908,14.943030,107.728385,92.797233,14.931152,3.756713,0.021396
105.432189,90.479680,14.952509,107.578740,92.656763,14.921978,3.593199,0.021923
105.447017,90.485118,14.961899,108.187941,93.165912,15.022029,3.727483,0.021260
105.409352,90.454127,14.955225,107.437153,92.518111,14.919043,3.759767,0.020524
105.327039,90.382287,14.944752,107.803596,92.857848,14.945747,3.799975,0.023449
105.419976,90.476255,14.943721,107.655778,92.696593,14.959185,4.084851,0.021774
105.275383,90.335885,14.939498,107.749635,92.782042,14.967594,3.996341,0.020844
105.276258,90.315378,14.960879,107.860678,92.936863,14.923815,3.769234,0.021057
105.326762,90.388974,14.937788,107.570132,92.560359,15.009773,3.753259,0.022304
105.300167,90.320876,14.979291,107.523249,92.585064,14.938185,3.799269,0.020687
105.318103,90.383016,14.935087,107.701061,92.792425,14.908637,3.713051,0.021948
105.248567,90.319141,14.929426,107.648672,92.701082,14.947591,3.902265,0.021148
105.212040,90.263548,14.948491,107.615805,92.697468,14.918337,4.015584,0.019914
105.237699,90.262783,14.974916,107.732950,92.858120,14.874830,3.770091,0.023929
105.263521,90.354019,14.909502,107.566505,92.685573,14.880932,4.069362,0.017753
105.250221,90.281460,14.968761,107.824744,92.942133,14.882612,3.921886,0.022387
105.237242,90.310695,14.926547,107.828063,92.944164,14.883899,3.852176,0.021579
105.232205,90.280574,14.951631,107.917478,92.959317,14.958161,3.787280,0.024631
105.255772,90.304420,14.951352,107.658370,92.706380,14.951990,3.774029,0.022600
105.109030,90.146056,14.962974,107.830547,92.889700,14.940848,3.883807,0.020668
105.235855,90.290826,14.945030,107.794658,92.872202,14.922456,3.721066,0.021318
105.243796,90.292985,14.950811,107.440466,92.516494,14.923972,3.947970,0.020460
105.085869,90.141622,14.944247,107.590792,92.641616,14.949176,3.788773,0.020476
105.110109,90.148711,14.961397,107.864281,92.979810,14.884471,3.997121,0.022774
105.086375,90.120397,14.965978,107.874138,92.958115,14.916023,3.810774,0.022464
105.126701,90.130705,14.995996,107.461826,92.453953,15.007873,3.670166,0.022762
105.147346,90.179605,14.967741,107.586371,92.701552,14.884819,3.749680,0.021099
105.090663,90.122677,14.967986,107.604974,92.666658,14.938316,3.793402,0.020207
105.045383,90.110922,14.934460,107.524373,92.549614,14.974760,3.733820,0.023124
105.038366,90.090018,14.948347,107.478667,92.549504,14.929162,4.154557,0.020341
105.075989,90.108138,14.967851,107.671929,92.748389,14.923540,3.731708,0.022189
105.084915,90.117500,14.967416,107.824277,92.821963,15.002313,3.793732,0.023042
