242.485870,240.946084,1.539786,192.846086,190.241956,2.604130,4.168287,0.010126
181.671949,176.335093,5.336856,166.327579,157.583875,8.743704,3.480769,0.016429
157.748744,147.059187,10.689558,150.507574,138.190975,12.316599,3.334342,0.017624
146.898801,133.644198,13.254603,141.821555,127.409327,14.412228,3.254384,0.017246
140.230879,125.419292,14.811587,137.107186,121.680018,15.427167,3.301638,0.018348
136.279742,120.370382,15.909359,133.813484,117.455864,16.357619,3.257243,0.017194
133.346737,116.587471,16.759266,131.706219,114.626511,17.079708,3.302626,0.018799
131.251688,113.750957,17.500731,129.808868,112.059571,17.749298,3.337957,0.017454
129.264925,111.303610,17.961316,127.453039,109.336675,18.116364,3.234766,0.017756
127.686020,109.268026,18.417993,126.507929,107.886299,18.621629,3.191106,0.018202
126.436229,107.623152,18.813077,124.957088,106.145932,18.811157,3.177085,0.017793
125.193630,106.084922,19.108707,123.601768,104.416229,19.185539,3.272989,0.016598
124.266447,104.835111,19.431336,123.165250,103.473082,19.692168,3.344239,0.016853
123.502091,103.749982,19.752110,122.532202,102.731924,19.800278,3.158813,0.017055
122.565003,102.529369,20.035634,121.975891,101.641967,20.333923,3.161053,0.016163
121.779033,101.452651,20.326382,121.861032,101.256578,20.604454,3.027496,0.016057
121.416201,100.837508,20.578693,120.628968,99.973071,20.655897,3.343752,0.014396
120.682997,99.844129,20.838868,120.496186,99.606747,20.889439,3.194716,0.017570
120.104039,99.078358,21.025681,119.881648,98.743754,21.137894,3.386098,0.015782
119.742783,98.495308,21.247475,119.783033,98.428504,21.354529,3.087535,0.016215
119.205807,97.855472,21.350335,119.103721,97.647190,21.456531,3.148273,0.016051
118.839596,97.346451,21.493145,118.723505,97.124224,21.599281,3.270627,0.016012
118.267573,96.658123,21.609450,117.532337,95.834866,21.697471,3.274983,0.015072
117.922726,96.145981,21.776745,117.992233,96.028239,21.963994,3.465235,0.014490
117.600143,95.690173,21.909970,118.158541,96.135662,22.022880,3.122360,0.015715
117.194397,95.226466,21.967930,117.203609,95.258496,21.945113,3.371417,0.014768
116.979095,94.916957,22.062138,117.245254,95.109684,22.135571,3.435691,0.014448
116.739748,94.626592,22.113156,116.628402,94.561898,22.066504,3.764694,0.011874
116.695019,94.530244,22.164775,116.735567,94.489735,22.245833,3.409250,0.014567
116.405085,94.047225,22.357860,116.507532,94.178794,22.328739,3.276059,0.013236
115.970750,93.565149,22.405601,115.900916,93.530532,22.370384,3.415502,0.013609
115.731805,93.314827,22.416978,116.051048,93.647471,22.403576,3.523384,0.013107
115.716257,93.264772,22.451485,115.892654,93.420504,22.472150,3.482209,0.013433
115.313849,92.848202,22.465647,115.820452,93.394483,22.425969,3.403502,0.013023
115.272508,92.695959,22.576550,115.525504,92.998961,22.526544,3.404931,0.013742
115.150081,92.598128,22.551953,115.356160,92.721696,22.634464,3.409911,0.013911
115.144529,92.527181,22.617348,115.338533,92.589877,22.748656,3.427052,0.012711
114.757380,92.090173,22.667207,115.464382,92.781937,22.682445,3.819540,0.012369
114.907709,92.158695,22.749013,115.640676,92.916588,22.724088,3.715488,0.012265
114.523166,91.743070,22.780096,115.022128,92.191905,22.830223,3.730808,0.013029
114.566251,91.699055,22.867196,115.355826,92.479555,22.876270,3.509237,0.013594
114.225037,91.386770,22.838268,114.634027,91.866753,22.767274,3.752688,0.011470
113.959725,91.133900,22.825825,115.028155,92.040068,22.988087,3.877098,0.010827
114.106057,91.229008,22.877049,114.977053,92.004017,22.973036,3.781335,0.011347
113.977723,91.052955,22.924768,114.608079,91.634524,22.973555,3.852391,0.011951
113.803558,90.878259,22.925299,114.960075,92.061615,22.898460,3.382905,0.013917
113.730803,90.739545,22.991258,114.612125,91.585037,23.027088,3.697474,0.011985
113.567975,90.543969,23.024006,114.612925,91.667689,22.945237,3.905849,0.011106
113.594906,90.540212,23.054694,114.328688,91.260292,23.068396,4.073163,0.010505
113.705960,90.646875,23.059085,114.983608,91.835298,23.148310,3.947461,0.010857
113.462993,90.379777,23.083217,114.706688,91.560262,23.146426,3.804910,0.010586
113.180808,90.080073,23.100735,114.320867,91.212898,23.107969,4.091650,0.010058
113.296494,90.223514,23.072980,114.358622,91.277864,23.080758,3.756749,0.011015
113.121989,90.081890,23.040099,114.307028,91.202326,23.104702,3.469353,0.012498
113.058326,89.955970,23.102356,114.919530,91.785405,23.134125,3.591179,0.011343
113.111199,89.943961,23.167238,113.579416,90.542187,23.037229,4.150024,0.010140
112.847622,89.712942,23.134680,114.138039,90.968585,23.169454,3.525530,0.011930
112.725706,89.578920,23.146786,114.213421,91.077861,23.135560,4.098089,0.011260
112.732535,89.537187,23.195348,114.082379,90.875022,23.207357,3.798014,0.010229
113.070527,89.929674,23.140854,114.114201,90.950977,23.163225,3.839179,0.011403
112.582050,89.377326,23.204724,113.691715,90.494714,23.197002,3.707097,0.010925
112.649383,89.364465,23.284917,113.579738,90.313540,23.266198,3.887711,0.010214
112.669783,89.369437,23.300347,113.652536,90.380314,23.272222,4.027081,0.009944
112.640612,89.380538,23.260073,113.921273,90.608992,23.312281,3.500721,0.010803
112.592185,89.297744,23.294440,114.423795,91.155118,23.268677,3.573348,0.010153
112.446274,89.114869,23.331405,113.943485,90.677170,23.266314,4.277506,0.009581
112.605817,89.236340,23.369478,114.161817,90.790846,23.370970,3.758222,0.008794
112.508313,89.149712,23.358601,113.964836,90.575314,23.389522,3.880936,0.009879
112.427467,89.016198,23.411269,114.039780,90.703444,23.336337,3.840006,0.009964
112.493865,89.164155,23.329710,113.673970,90.246225,23.427745,3.960330,0.009749
112.173082,88.755634,23.417448,113.610386,90.143413,23.466973,3.784381,0.011099
112.286872,88.906136,23.380736,114.077177,90.699616,23.377561,3.910628,0.010380
112.189718,88.768480,23.421238,113.488082,90.037117,23.450964,3.806872,0.009667
112.194917,88.809773,23.385143,114.238950,90.746333,23.492617,3.803729,0.009590
112.100359,88.675448,23.424911,114.042126,90.589399,23.452727,3.821319,0.009416
111.837168,88.408705,23.428463,113.148315,89.727795,23.420521,3.795908,0.009589
111.917183,88.555587,23.361597,113.748150,90.370117,23.378033,4.000763,0.009152
111.856182,88.434404,23.421779,113.375402,90.034594,23.340808,4.314783,0.009918
111.915915,88.514029,23.401886,113.321761,89.827017,23.494744,3.969642,0.009462
111.715528,88.339317,23.376212,113.254672,89.901180,23.353491,4.029144,0.009822
111.622732,88.192512,23.430220,113.912368,90.509299,23.403069,3.901487,0.009887
111.531522,88.071633,23.459889,113.355516,89.931984,23.423532,3.979545,0.008896
111.559632,88.132031,23.427601,113.594615,90.159081,23.435534,4.090229,0.009164
111.680619,88.226854,23.453765,113.462082,89.959640,23.502442,3.749463,0.009346
111.651785,88.213026,23.438759,113.234745,89.834240,23.400505,3.898084,0.010233
111.629765,88.148850,23.480915,113.240572,89.756296,23.484275,4.159134,0.008860
111.466058,87.967417,23.498641,113.191639,89.696603,23.495036,3.895123,0.009063
111.316878,87.870507,23.446371,113.126512,89.658725,23.467788,4.039046,0.008627
111.295462,87.810355,23.485107,113.000741,89.574986,23.425754,3.840363,0.008981
111.524735,88.033333,23.491401,112.915904,89.517601,23.398302,4.140512,0.009205
111.364353,87.879874,23.484479,113.196021,89.657481,23.538540,4.433136,0.007274
111.483103,87.980529,23.502574,113.232983,89.705440,23.527543,4.551359,0.007452
111.522417,87.971447,23.550970,112.819855,89.322028,23.497827,4.023478,0.008558
111.278879,87.736167,23.542713,113.189308,89.618500,23.570809,4.198585,0.008370
111.047866,87.484866,23.563000,112.902626,89.389316,23.513311,3.876771,0.008980
110.894300,87.333259,23.561040,113.034094,89.407179,23.626916,4.045794,0.009092
111.072966,87.460685,23.612281,113.041771,89.461555,23.580217,4.048541,0.008659
110.918466,87.331752,23.586714,112.973100,89.433799,23.539301,3.728546,0.009680
110.930441,87.354000,23.576441,112.968796,89.442785,23.526011,4.017601,0.008848
111.046833,87.474369,23.572464,112.756976,89.190492,23.566484,4.137279,0.009046
110.804476,87.205733,23.598743,112.688020,89.134624,23.553395,3.792114,0.009600
110.748137,87.178425,23.569712,113.080614,89.464326,23.616288,4.058241,0.008112
110.924862,87.323686,23.601176,113.412714,89.846021,23.566693,4.179523,0.007619
110.765764,87.122706,23.643057,112.859083,89.291635,23.567449,3.742819,0.009349
110.920818,87.317800,23.603018,112.868864,89.381969,23.486895,3.968030,0.007772
110.945729,87.373604,23.572125,112.734269,89.137653,23.596616,3.801116,0.009638
110.683040,87.085868,23.597172,113.069536,89.400009,23.669527,4.045759,0.007744
110.745495,87.188238,23.557257,113.214411,89.702102,23.512309,3.581939,0.008395
110.718283,87.105869,23.612415,112.989477,89.297073,23.692404,3.787399,0.008217
110.543602,86.936015,23.607587,112.947968,89.205930,23.742039,3.914434,0.009212
110.521853,86.895581,23.626273,112.852727,89.258060,23.594667,4.223529,0.009117
110.578582,86.924392,23.654190,112.723885,89.060003,23.663882,3.914498,0.008515
110.641333,87.037038,23.604295,113.249267,89.748166,23.501101,3.868365,0.008426
110.903601,87.343740,23.559862,112.833702,89.089632,23.744071,3.951778,0.006552
110.663942,87.062062,23.601879,112.965544,89.417720,23.547825,3.933815,0.008783
110.556641,86.948410,23.608231,112.489937,88.879684,23.610253,3.832144,0.008048
110.455066,86.796299,23.658767,112.606084,89.019527,23.586557,3.871238,0.010033
110.598457,86.891117,23.707340,112.940897,89.155011,23.785885,3.928504,0.007319
110.458141,86.758243,23.699898,112.601456,88.928689,23.672767,4.283437,0.007199
110.453068,86.737157,23.715911,112.586130,88.797914,23.788216,4.157513,0.006625
110.636436,86.863399,23.773037,112.603587,88.855892,23.747695,4.033035,0.007199
110.685100,86.981143,23.703958,113.148050,89.407734,23.740316,4.380758,0.006835
110.452169,86.699005,23.753164,112.680390,88.996010,23.684380,3.837485,0.008234
110.457421,86.762103,23.695318,112.492038,88.836104,23.655934,3.685618,0.008687
110.452116,86.736441,23.715675,112.550813,88.814337,23.736477,3.762322,0.007164
110.386443,86.618834,23.767608,112.314402,88.602413,23.711989,3.764852,0.008279
110.342373,86.571190,23.771183,113.317610,89.519626,23.797984,3.970073,0.007770
110.429149,86.662225,23.766924,112.545225,88.847786,23.697439,3.975206,0.007897
110.430938,86.737735,23.693202,112.765932,89.089671,23.676261,3.748986,0.007934
110.244837,86.527260,23.717576,112.632323,88.970270,23.662053,3.981433,0.007335
110.245346,86.533033,23.712313,112.602534,89.012665,23.589869,3.650588,0.008110
110.215076,86.507896,23.707179,112.628175,88.944524,23.683650,3.927872,0.006406
110.314842,86.548962,23.765881,112.255821,88.505095,23.750726,3.951268,0.008399
110.116446,86.403437,23.713009,112.308815,88.605896,23.702919,4.036493,0.008033
110.278123,86.482743,23.795380,112.716852,88.941814,23.775038,4.000431,0.008828
110.267655,86.472053,23.795603,112.369479,88.591986,23.777493,3.775294,0.007393
110.348422,86.556029,23.792392,112.565639,88.864706,23.700933,3.870973,0.007585
110.125086,86.415038,23.710048,113.000013,89.325685,23.674329,3.938434,0.007605
110.086649,86.294981,23.791668,112.469871,88.652609,23.817262,4.265126,0.006980
110.100751,86.359141,23.741610,112.319900,88.633135,23.686765,3.661302,0.008547
110.092139,86.368361,23.723778,112.413290,88.809039,23.604252,3.692552,0.008408
110.076046,86.351475,23.724571,112.534926,88.927735,23.607191,3.581932,0.006910
109.937309,86.160431,23.776879,112.395120,88.641183,23.753937,3.647864,0.008216
109.970567,86.171888,23.798679,112.493705,88.822631,23.671074,3.948605,0.007473
110.029192,86.224353,23.804839,112.302985,88.519067,23.783917,3.980297,0.008218
110.150596,86.381139,23.769458,112.308671,88.544722,23.763948,4.030725,0.006580
109.962740,86.192551,23.770189,112.365363,88.525277,23.840087,4.332114,0.005713
109.917933,86.123620,23.794313,112.362901,88.653121,23.709780,3.804694,0.006833
109.949674,86.154083,23.795590,112.592771,88.764756,23.828014,3.825394,0.006952
110.113744,86.305195,23.808550,112.733204,89.023799,23.709405,4.034138,0.005995
110.360642,86.563933,23.796709,112.548227,88.754401,23.793826,3.775527,0.007194
109.983603,86.190613,23.792990,112.248191,88.533796,23.714395,3.859049,0.006665
109.923391,86.150827,23.772565,112.252145,88.496357,23.755788,4.049657,0.006571
109.965934,86.104696,23.861238,112.597526,88.815151,23.782376,3.943172,0.006794
109.899130,86.102736,23.796394,112.230363,88.519366,23.710997,3.430871,0.007781
109.989321,86.181898,23.807424,112.244581,88.560309,23.684272,3.915421,0.008127
110.076965,86.258584,23.818381,112.350492,88.518755,23.831736,4.327485,0.005819
109.930388,86.132978,23.797410,112.259871,88.526557,23.733314,3.700244,0.008092
109.821041,86.001349,23.819692,112.529177,88.621459,23.907719,3.673495,0.007516
110.015004,86.166321,23.848683,112.350556,88.483812,23.866744,3.731854,0.007392
