199.255890,192.719527,6.536363,169.729067,158.083090,11.645978,2.526195,0.018488
156.816698,141.397398,15.419300,148.577372,131.354337,17.223035,2.441103,0.027982
144.804151,126.372844,18.431307,139.398979,120.048613,19.350366,2.529073,0.030489
137.311163,116.814309,20.496854,133.878554,112.568863,21.309691,2.388248,0.035595
132.796456,111.192402,21.604054,130.244249,108.280852,21.963396,2.507804,0.034959
129.725283,107.484450,22.240833,128.020332,105.509717,22.510615,2.527718,0.037190
127.676270,105.113624,22.562646,126.099505,103.308110,22.791394,2.691143,0.034119
126.040875,103.232677,22.808198,124.554183,101.605255,22.948928,2.738583,0.037162
124.746858,101.793848,22.953011,124.074168,101.056916,23.017252,2.775693,0.036905
123.789009,100.690943,23.098066,122.890156,99.892930,22.997227,2.759174,0.037888
122.936475,99.775254,23.161221,122.304316,99.107599,23.196717,2.785709,0.040409
122.274953,99.021044,23.253909,121.610915,98.505962,23.104953,2.793494,0.041112
121.600421,98.272380,23.328042,121.164898,97.881203,23.283695,2.928817,0.039080
121.036065,97.662205,23.373860,120.653828,97.220614,23.433214,3.008338,0.034116
120.500974,97.078876,23.422098,120.171590,96.732548,23.439041,2.942501,0.038540
120.051777,96.576298,23.475479,119.985232,96.607481,23.377751,2.901838,0.039896
119.601332,96.111792,23.489540,119.352898,95.910696,23.442201,2.925838,0.036125
119.299604,95.779833,23.519771,119.304194,95.971437,23.332758,2.883452,0.036041
118.907469,95.408332,23.499137,119.363757,95.847450,23.516307,2.905857,0.038962
118.549551,95.017474,23.532077,118.820613,95.399511,23.421102,2.994853,0.036249
118.301141,94.737697,23.563444,118.490015,95.012972,23.477043,2.847339,0.039214
117.970354,94.430061,23.540293,118.112107,94.598656,23.513451,2.922729,0.036483
117.773205,94.238727,23.534479,118.186754,94.758582,23.428172,2.922699,0.035936
117.422485,93.926998,23.495488,118.052438,94.545891,23.506547,2.903091,0.041314
117.189698,93.638444,23.551254,117.601755,94.226072,23.375683,2.835289,0.042519
116.938668,93.408672,23.529996,117.720436,94.217127,23.503309,2.870753,0.041592
116.691200,93.157900,23.533300,117.555268,94.070064,23.485205,3.060317,0.035995
116.490683,92.942362,23.548321,117.549603,94.178419,23.371184,2.957776,0.039672
116.339867,92.826777,23.513090,116.952866,93.468842,23.484025,3.008040,0.037863
116.197384,92.692808,23.504576,116.923734,93.593422,23.330312,2.954283,0.036057
115.962327,92.439038,23.523289,116.932846,93.559692,23.373153,3.136658,0.036532
115.793535,92.277380,23.516155,116.835162,93.546941,23.288221,3.024489,0.036888
115.569769,92.046417,23.523353,116.646294,93.252223,23.394070,2.965057,0.038343
115.489974,91.966022,23.523952,116.334460,92.892465,23.441995,2.974272,0.039063
115.308968,91.798023,23.510945,116.466761,93.094294,23.372468,2.965811,0.039980
115.129193,91.662462,23.466731,116.221788,92.958430,23.263358,3.146239,0.039732
114.963263,91.493166,23.470098,116.174427,92.662026,23.512401,3.069152,0.036812
114.904591,91.392051,23.512541,115.769562,92.324508,23.445055,3.219399,0.037162
114.656537,91.217825,23.438712,115.861214,92.563928,23.297286,3.056791,0.037233
114.599018,91.149941,23.449077,115.399541,92.035176,23.364365,3.078045,0.038059
114.455502,91.035383,23.420119,115.481144,92.146984,23.334159,2.996330,0.040374
114.373829,90.912636,23.461193,115.443082,92.104682,23.338401,3.046590,0.034585
114.210415,90.774080,23.436335,115.368858,92.094939,23.273919,3.052138,0.036239
114.149998,90.708167,23.441831,115.274458,91.930075,23.344384,2.944582,0.038745
113.931196,90.467982,23.463215,115.155186,91.721480,23.433706,3.014214,0.039452
113.809734,90.401063,23.408671,115.218566,91.893951,23.324616,3.128904,0.036971
113.813001,90.371740,23.441261,115.028225,91.682407,23.345818,3.133070,0.037299
113.621103,90.204440,23.416663,115.030447,91.599084,23.431363,3.086984,0.039403
113.596589,90.173368,23.423221,114.849545,91.492919,23.356627,3.046548,0.037600
113.395137,89.976703,23.418434,114.692962,91.341484,23.351478,2.960729,0.040278
113.259866,89.864317,23.395548,114.668994,91.353650,23.315344,3.131447,0.037938
113.231137,89.832745,23.398392,114.527789,91.256804,23.270984,3.072847,0.039624
113.088145,89.719951,23.368195,114.658882,91.422464,23.236419,3.161306,0.039946
113.060449,89.691851,23.368597,114.575971,91.294896,23.281075,3.085153,0.036691
112.982640,89.628892,23.353749,114.447393,91.140992,23.306401,2.990178,0.039939
112.779213,89.463914,23.315298,114.243623,90.913034,23.330589,3.022588,0.037828
112.754327,89.420748,23.333580,114.322394,91.037486,23.284908,3.112625,0.036747
112.691015,89.347997,23.343019,114.162286,90.774110,23.388176,3.233523,0.035276
112.521941,89.163665,23.358276,113.893833,90.715808,23.178025,3.146721,0.043186
112.470540,89.150005,23.320534,113.900773,90.494536,23.406237,3.194313,0.035970
112.421992,89.088650,23.333342,114.258441,91.098241,23.160201,3.073957,0.037828
112.353029,89.017975,23.335054,114.399183,91.225066,23.174117,2.908321,0.041490
112.302916,88.973844,23.329072,113.556101,90.247464,23.308637,3.149039,0.036030
112.185066,88.871337,23.313729,113.799525,90.634015,23.165510,3.231978,0.039082
112.131526,88.823554,23.307972,114.161980,91.042438,23.119542,3.323315,0.033134
111.993266,88.709895,23.283371,113.874007,90.790929,23.083078,2.907878,0.040741
111.980429,88.656128,23.324301,113.649566,90.332115,23.317452,3.220999,0.035685
111.891220,88.594605,23.296615,113.471176,90.375855,23.095321,3.050588,0.038861
111.817344,88.562687,23.254657,113.628739,90.407539,23.221200,2.971750,0.037350
111.700175,88.396045,23.304130,113.462438,90.261405,23.201033,3.057473,0.040093
111.616233,88.384953,23.231280,113.455129,90.411568,23.043562,3.102907,0.039081
111.570857,88.329224,23.241633,113.170619,90.117017,23.053602,3.317499,0.035825
111.512722,88.259921,23.252801,113.209205,90.154379,23.054827,3.078583,0.038801
111.398316,88.151380,23.246937,113.186061,90.057645,23.128416,3.166980,0.038205
111.285768,88.070458,23.215311,113.074228,90.054217,23.020012,3.108136,0.035722
111.279138,88.035542,23.243597,113.256362,90.220062,23.036300,3.210325,0.037724
111.234375,88.056914,23.177461,113.058015,89.959270,23.098744,3.178753,0.037573
111.119566,87.887627,23.231939,113.040859,89.927347,23.113513,3.258711,0.040106
111.081974,87.881138,23.200836,112.814303,89.700582,23.113722,3.234980,0.035544
110.993915,87.805081,23.188834,112.948227,89.919829,23.028399,3.122056,0.038042
110.951473,87.778228,23.173246,112.846744,89.728028,23.118716,3.150562,0.042875
110.906038,87.682068,23.223970,112.793091,89.713387,23.079704,3.142118,0.035886
110.816114,87.609230,23.206884,112.935126,89.884565,23.050560,3.137897,0.035909
110.807134,87.614803,23.192331,112.797631,89.819380,22.978251,3.201091,0.031586
110.729591,87.526951,23.202639,112.632849,89.495741,23.137108,3.057310,0.041957
110.591875,87.430022,23.161854,112.672615,89.567693,23.104921,3.152948,0.035330
110.561991,87.411062,23.150929,112.629398,89.577082,23.052315,3.121393,0.039245
110.427907,87.294526,23.133381,112.760522,89.746158,23.014365,3.076252,0.038716
110.449993,87.344255,23.105738,112.354982,89.429567,22.925414,3.155723,0.035002
110.351431,87.220786,23.130645,112.205645,89.168378,23.037267,3.173201,0.035857
110.284578,87.124672,23.159906,112.280950,89.211847,23.069103,3.177132,0.036064
110.268879,87.123180,23.145699,112.395604,89.223780,23.171824,3.128783,0.033481
110.167119,87.036279,23.130840,111.988115,89.010768,22.977347,3.218758,0.035134
110.105383,87.010750,23.094633,112.073353,89.105894,22.967459,3.315383,0.038116
110.023276,86.943084,23.080192,111.808213,88.826435,22.981778,3.295530,0.035103
109.989813,86.897445,23.092368,111.816844,88.853578,22.963267,3.298799,0.035617
109.951059,86.901016,23.050043,111.655781,88.798855,22.856926,3.074806,0.039216
109.880537,86.815484,23.065053,111.989546,89.019230,22.970316,3.165515,0.036890
109.846276,86.759008,23.087268,111.843934,88.859580,22.984354,3.375022,0.033813
109.753927,86.686765,23.067162,111.970947,88.998546,22.972401,3.056245,0.036558
109.729451,86.642918,23.086533,111.793125,88.841540,22.951585,2.987113,0.038361
109.651448,86.606134,23.045314,111.558804,88.636672,22.922131,3.115446,0.039762
109.639174,86.580358,23.058817,111.419477,88.463922,22.955555,3.285550,0.036955
109.550063,86.510994,23.039069,111.706148,88.663599,23.042548,3.157441,0.035499
109.447492,86.420026,23.027466,111.407900,88.428395,22.979505,3.285983,0.033375
109.424944,86.397796,23.027147,111.362792,88.541788,22.821004,3.290763,0.035323
109.383759,86.350715,23.033044,111.568173,88.713750,22.854423,3.093860,0.038147
109.360512,86.338751,23.021761,111.085277,88.172571,22.912706,3.201203,0.034810
109.243344,86.240617,23.002727,111.362217,88.491632,22.870585,3.208594,0.035844
109.193012,86.208606,22.984405,111.383674,88.567241,22.816433,3.100766,0.040077
109.140743,86.161823,22.978920,111.270297,88.384254,22.886043,3.231564,0.035042
109.102927,86.139605,22.963322,111.094362,88.232594,22.861768,3.204459,0.035106
109.007910,86.054127,22.953783,111.164453,88.280673,22.883780,3.146419,0.035410
108.952361,86.014356,22.938006,111.024419,88.186141,22.838278,3.097583,0.039584
108.918955,85.967385,22.951569,111.062377,88.376780,22.685597,3.292499,0.037923
108.854462,85.926833,22.927630,110.908481,88.050336,22.858146,3.316087,0.033630
108.785128,85.871502,22.913626,111.223034,88.400051,22.822983,3.090858,0.042054
108.706308,85.750679,22.955629,110.853668,87.952394,22.901274,3.239212,0.035730
108.709632,85.733162,22.976469,110.868247,88.058555,22.809692,3.151027,0.040245
108.593462,85.671901,22.921561,110.845153,88.038399,22.806754,3.179357,0.037941
108.638197,85.705286,22.932911,110.751101,87.959469,22.791632,3.152287,0.039971
108.544248,85.658413,22.885835,110.704675,87.874218,22.830457,3.345187,0.038233
108.498667,85.568881,22.929785,110.812210,87.882967,22.929243,3.170756,0.036206
108.409455,85.497006,22.912449,110.741190,88.021100,22.720090,3.176553,0.036615
108.386743,85.475271,22.911472,110.472513,87.568464,22.904049,3.056545,0.036459
108.284967,85.385614,22.899353,110.645439,87.786196,22.859243,3.114404,0.037239
108.361552,85.484701,22.876852,110.447451,87.594892,22.852559,3.146312,0.032895
108.249854,85.353868,22.895985,110.540210,87.816445,22.723766,3.205782,0.036658
108.188070,85.336699,22.851371,110.490460,87.800111,22.690349,3.325229,0.032740
108.140745,85.226227,22.914519,110.460634,87.609413,22.851221,3.368765,0.033366
108.013714,85.118323,22.895391,110.133284,87.412151,22.721133,3.202518,0.033528
108.019518,85.121062,22.898456,110.027723,87.246892,22.780831,3.134046,0.035970
107.872042,84.999987,22.872055,110.182663,87.271053,22.911610,3.173824,0.035027
107.918310,85.041101,22.877210,109.970739,87.237160,22.733579,3.274868,0.037417
107.842540,85.004639,22.837901,110.008530,87.346918,22.661611,3.219414,0.035560
107.857418,85.070422,22.786995,110.363736,87.589006,22.774730,3.029042,0.041425
107.853771,85.005340,22.848432,110.004081,87.354697,22.649384,3.177652,0.038398
107.766412,84.920438,22.845975,109.874527,87.123748,22.750778,3.279393,0.034331
107.782445,84.902045,22.880400,110.081688,87.263231,22.818457,3.202131,0.034192
107.614768,84.797649,22.817119,110.021292,87.314001,22.707291,3.298501,0.035553
107.588760,84.774410,22.814350,109.874485,87.064234,22.810251,3.336276,0.034283
107.575815,84.751186,22.824628,109.728894,86.925264,22.803630,3.038930,0.037390
107.527713,84.719117,22.808596,109.925594,87.233462,22.692132,3.119234,0.037845
107.519953,84.727711,22.792241,110.076764,87.428082,22.648682,2.994330,0.038488
107.437431,84.669139,22.768292,109.612159,86.950468,22.661691,3.329912,0.035916
107.426822,84.629078,22.797743,109.602316,86.915867,22.686450,3.280032,0.034100
107.346003,84.540598,22.805406,109.665894,87.009319,22.656575,3.229960,0.035234
107.311842,84.540396,22.771445,109.601711,87.008372,22.593339,3.057032,0.036560
107.217921,84.437791,22.780130,109.648259,86.994280,22.653980,3.233377,0.038197
107.210953,84.441770,22.769183,109.534291,86.917491,22.616800,3.230521,0.034497
107.276375,84.501665,22.774709,109.660701,87.023853,22.636849,3.147586,0.034080
107.173341,84.423614,22.749727,109.394260,86.800932,22.593328,2.983069,0.036591
107.172537,84.439906,22.732630,109.675554,86.891048,22.784506,3.284138,0.029636
107.094167,84.326033,22.768135,109.413742,86.759068,22.654674,3.292156,0.034447
107.152623,84.389655,22.762969,109.569651,86.863460,22.706192,3.348567,0.033251
107.046342,84.308516,22.737826,109.401744,86.845720,22.556024,3.311454,0.036215
107.033035,84.303779,22.729256,109.261267,86.625024,22.636243,3.380512,0.032959
106.941578,84.231391,22.710186,109.228456,86.762942,22.465514,3.624019,0.035060
106.942707,84.212619,22.730088,109.362034,86.782628,22.579407,3.330278,0.033619
106.934663,84.178768,22.755895,109.112679,86.449316,22.663364,3.341558,0.037160
