273.074346,268.473341,4.601006,196.090347,193.550475,2.539871,3.809363,0.009773
189.682901,185.627678,4.055223,180.369373,174.482796,5.886577,5.911072,0.011238
173.351639,167.056241,6.295398,164.668229,157.867229,6.800999,6.311435,0.016945
159.990660,152.946273,7.044387,155.655660,148.426104,7.229556,7.877447,0.015974
153.751575,146.421044,7.330531,151.055897,143.627309,7.428588,10.066602,0.014733
150.662529,143.186522,7.476007,148.734622,141.251245,7.483377,8.177754,0.018023
148.451853,140.918133,7.533719,147.368216,139.788790,7.579426,9.880607,0.016090
147.059219,139.467360,7.591858,146.801291,139.181492,7.619799,17.045349,0.017199
145.949904,138.309407,7.640497,145.314572,137.654925,7.659647,19.723463,0.016500
145.071104,137.406607,7.664497,144.724202,137.066425,7.657777,10.572693,0.016284
144.481869,136.795393,7.686476,144.827485,137.122634,7.704850,14.665061,0.013882
143.640281,135.930565,7.709716,143.544066,135.826733,7.717334,15.321503,0.012742
143.401017,135.675893,7.725123,143.465894,135.716006,7.749889,18.174253,0.011591
142.614898,134.888334,7.726564,141.816538,134.077510,7.739027,18.925585,0.013447
141.935733,134.188832,7.746901,141.458975,133.727571,7.731405,18.175266,0.015253
141.534762,133.775668,7.759094,142.148738,134.371546,7.777191,11.269876,0.010789
141.503405,133.735908,7.767498,141.009649,133.247810,7.761838,13.778237,0.011086
141.158879,133.377268,7.781612,140.754104,132.973060,7.781044,10.748645,0.015747
140.745187,132.956652,7.788535,139.718144,131.929830,7.788314,11.117097,0.013957
140.272965,132.480408,7.792557,139.922742,132.140502,7.782240,15.794641,0.015943
140.158056,132.352819,7.805237,139.953809,132.152915,7.800895,17.654112,0.012668
140.047081,132.230406,7.816674,139.604939,131.802605,7.802334,11.784975,0.016866
139.842506,132.018914,7.823593,139.403302,131.581278,7.822024,14.754994,0.013967
139.492703,131.663984,7.828718,139.596550,131.773865,7.822685,14.057239,0.011389
139.298730,131.465707,7.833022,139.221070,131.394724,7.826347,14.746413,0.013025
139.152752,131.302527,7.850225,139.443658,131.588663,7.854995,22.113369,0.015488
138.909708,131.057388,7.852321,138.286911,130.428089,7.858823,14.124856,0.012155
138.772927,130.911024,7.861903,138.793034,130.928720,7.864314,16.435038,0.012794
138.813891,130.953112,7.860779,138.099171,130.258017,7.841155,10.891689,0.013999
138.359275,130.496478,7.862797,137.959657,130.102364,7.857293,11.945859,0.014942
138.489354,130.620985,7.868369,138.010659,130.151156,7.859503,15.842237,0.011642
138.105345,130.238208,7.867137,138.117446,130.258371,7.859075,13.176105,0.017045
138.160578,130.289154,7.871424,137.750040,129.872034,7.878005,21.334770,0.010274
137.707076,129.831951,7.875125,137.293396,129.422428,7.870968,28.335087,0.012473
137.858437,129.972353,7.886084,137.675834,129.785373,7.890461,14.812893,0.012438
137.875223,129.980111,7.895112,137.468779,129.589528,7.879251,15.240920,0.010385
137.304571,129.418272,7.886299,136.838158,128.949776,7.888382,16.532648,0.012633
137.271315,129.385971,7.885344,137.035598,129.151832,7.883767,14.747024,0.015307
137.442113,129.550287,7.891825,136.881027,128.991463,7.889563,12.233685,0.010390
137.343941,129.447572,7.896370,137.661573,129.756401,7.905172,16.934422,0.011749
137.206742,129.304405,7.902337,137.410953,129.521272,7.889681,15.359926,0.011407
137.035828,129.136751,7.899077,136.835418,128.938862,7.896556,13.928185,0.011797
136.855879,128.948340,7.907539,136.832816,128.929303,7.903512,18.876608,0.009123
136.577478,128.659943,7.917535,136.407963,128.499501,7.908462,38.923229,0.009514
137.043538,129.122926,7.920613,137.428247,129.514418,7.913829,15.084693,0.010391
136.781637,128.858194,7.923443,137.097528,129.169486,7.928042,19.612835,0.011443
136.609492,128.680317,7.929175,136.547026,128.623814,7.923212,16.493567,0.009923
136.413397,128.486132,7.927265,136.967127,129.031250,7.935878,20.384447,0.011196
136.455500,128.516347,7.939153,136.883234,128.939094,7.944141,12.307717,0.010919
136.227154,128.293069,7.934085,136.503663,128.568629,7.935034,13.545073,0.011806
136.354419,128.414596,7.939823,137.263732,129.328795,7.934936,17.981127,0.011117
136.037237,128.096132,7.941105,135.759864,127.831061,7.928803,12.120890,0.010873
136.211014,128.264994,7.946020,135.956594,128.025412,7.931182,22.996288,0.012959
136.038075,128.094073,7.944002,136.472517,128.536259,7.936258,14.380966,0.010792
135.982840,128.041536,7.941303,136.164102,128.237195,7.926907,32.029423,0.010840
136.059504,128.121581,7.937923,136.603477,128.667239,7.936237,30.445898,0.010654
135.693657,127.746084,7.947573,135.690840,127.751392,7.939449,15.454084,0.012551
135.740165,127.789035,7.951130,135.653616,127.710432,7.943184,17.606134,0.011222
135.627941,127.672689,7.955252,135.874989,127.928834,7.946155,16.178097,0.013639
135.827310,127.871017,7.956292,135.891973,127.957511,7.934461,33.740257,0.009835
135.705960,127.749900,7.956060,135.917465,127.971135,7.946329,13.138394,0.010453
135.422935,127.467546,7.955389,136.351089,128.406444,7.944644,1766.671387,0.011619
135.745448,127.791330,7.954118,136.737602,128.795935,7.941668,11.064990,0.011898
135.772762,127.818751,7.954010,136.076776,128.122407,7.954369,24.089252,0.009061
135.706900,127.735921,7.970979,135.773181,127.803849,7.969332,10.411201,0.010263
135.533550,127.569541,7.964008,135.964996,128.008523,7.956473,169.033340,0.014230
135.655999,127.690777,7.965221,135.628720,127.674824,7.953896,23.425043,0.012403
135.315715,127.350246,7.965469,135.775970,127.801775,7.974195,16.329123,0.009539
135.210862,127.240650,7.970212,135.068091,127.104232,7.963860,21.034374,0.010845
135.268352,127.296038,7.972314,135.652299,127.687283,7.965016,15.395907,0.016320
135.426208,127.451222,7.974986,135.900367,127.935582,7.964785,17.179146,0.013667
135.058985,127.083215,7.975770,135.084088,127.118192,7.965896,16.608704,0.012772
134.715693,126.742485,7.973207,135.047267,127.081807,7.965460,15.315719,0.011923
135.106798,127.137430,7.969367,135.550122,127.593168,7.956953,12.028217,0.010429
134.985707,127.010638,7.975070,134.963881,126.997887,7.965994,14.465827,0.013440
134.844087,126.863062,7.981026,135.216659,127.248656,7.968003,17.525640,0.010021
134.810325,126.832128,7.978196,135.417493,127.442429,7.975063,16.937017,0.010627
134.936247,126.952636,7.983611,135.389524,127.410323,7.979201,73.253586,0.012503
135.302384,127.319242,7.983142,135.309232,127.329145,7.980086,14.393951,0.011444
134.864855,126.878437,7.986418,135.930232,127.953773,7.976459,15.533709,0.009341
135.129758,127.138431,7.991328,134.816217,126.829697,7.986520,21.691397,0.008249
134.801725,126.810807,7.990919,135.611381,127.621543,7.989839,59.410480,0.009305
135.019437,127.027315,7.992122,135.551308,127.567574,7.983734,15.960353,0.011790
134.919760,126.928736,7.991024,135.250225,127.260237,7.989987,23.516235,0.009247
134.920876,126.926351,7.994525,135.577906,127.585389,7.992517,33.367359,0.009587
134.741216,126.747539,7.993677,135.385351,127.404626,7.980725,30.934008,0.011232
134.835372,126.845439,7.989933,135.437259,127.448055,7.989203,13.241408,0.010331
134.432606,126.441029,7.991577,135.111124,127.125539,7.985585,39.351536,0.010205
134.515212,126.525050,7.990162,135.167803,127.180515,7.987289,20.201977,0.006820
134.517273,126.525359,7.991913,135.024766,127.047316,7.977451,14.140881,0.009009
134.622761,126.631872,7.990889,135.330282,127.345370,7.984912,15.423882,0.012364
134.638196,126.646281,7.991916,135.284965,127.302282,7.982682,18.174530,0.010150
134.339325,126.342501,7.996824,135.337601,127.352634,7.984966,22.222754,0.010035
134.573380,126.578843,7.994537,134.699694,126.723050,7.976643,14.212470,0.007021
134.327638,126.332534,7.995104,135.033600,127.046614,7.986986,12.961409,0.010430
134.680638,126.681522,7.999116,135.156640,127.174363,7.982277,19.905256,0.010162
134.382265,126.383560,7.998705,134.789453,126.803344,7.986109,16.734219,0.008269
134.516402,126.512237,8.004165,134.751173,126.756426,7.994746,15.830739,0.010442
134.561711,126.558454,8.003257,135.032854,127.041043,7.991811,22.819433,0.007703
134.715904,126.710019,8.005885,134.542516,126.537321,8.005196,26.290077,0.009119
134.429054,126.416525,8.012529,134.913563,126.910714,8.002848,23.313784,0.011440
134.344024,126.330808,8.013216,135.198241,127.201611,7.996630,19.534807,0.013992
134.209168,126.193722,8.015446,134.698155,126.687590,8.010564,18.874401,0.011508
134.143923,126.130551,8.013372,135.499249,127.492110,8.007139,35.037197,0.008156
134.239740,126.225413,8.014327,135.061494,127.060237,8.001256,14.538404,0.010038
133.958912,125.943745,8.015167,133.990873,125.986795,8.004078,1627.262329,0.009714
134.109359,126.090842,8.018516,134.606443,126.604388,8.002055,12.351008,0.011899
133.995778,125.977641,8.018136,133.990577,125.985926,8.004652,18.580271,0.010499
134.098131,126.081900,8.016231,134.872880,126.874371,7.998509,14.150375,0.010720
134.106052,126.086080,8.019972,134.810052,126.809333,8.000718,18.438763,0.010180
134.048610,126.029153,8.019458,134.634008,126.627194,8.006815,18.014395,0.008970
134.285779,126.264031,8.021748,135.077070,127.074677,8.002393,11.014487,0.008703
134.100419,126.081073,8.019346,134.730029,126.721203,8.008826,23.135000,0.012853
133.901013,125.880677,8.020336,135.019583,127.020950,7.998634,33.716805,0.010005
133.792075,125.779505,8.012571,134.156948,126.158174,7.998774,108.450722,0.007578
133.613782,125.598639,8.015143,134.790500,126.782848,8.007652,12.443369,0.009488
133.782869,125.759543,8.023326,134.550651,126.541397,8.009255,14.254447,0.009858
134.000046,125.974847,8.025199,135.112458,127.102314,8.010144,20.133303,0.010974
134.059899,126.037546,8.022353,135.177872,127.170971,8.006901,16.597023,0.008922
133.829267,125.805137,8.024130,134.086556,126.084851,8.001705,14.109354,0.010156
133.903726,125.885464,8.018261,134.542548,126.529964,8.012583,15.705937,0.010976
133.879547,125.856339,8.023208,134.667425,126.656373,8.011053,23.474428,0.013388
134.084797,126.055808,8.028990,134.802692,126.785317,8.017376,18.816555,0.008093
134.275261,126.248217,8.027043,135.787655,127.770485,8.017170,45.701973,0.011011
134.131478,126.106177,8.025301,134.783154,126.766199,8.016955,19.467108,0.009823
133.915134,125.884736,8.030398,134.142641,126.125825,8.016815,13.715199,0.009449
134.027289,125.997682,8.029607,134.701368,126.681408,8.019960,15.078527,0.008555
134.263628,126.231799,8.031829,135.293119,127.279201,8.013918,22.408003,0.009987
134.449264,126.419813,8.029451,134.871293,126.854512,8.016780,21.737404,0.008230
134.207356,126.171563,8.035793,135.008445,126.984442,8.024001,577.711487,0.007177
134.245904,126.208896,8.037008,134.597397,126.572971,8.024426,13.180334,0.010877
133.844902,125.804725,8.040177,134.816137,126.792454,8.023684,27.451166,0.009842
134.254745,126.214384,8.040361,134.993319,126.964926,8.028393,15.201269,0.013174
134.154352,126.114723,8.039629,135.021680,126.997056,8.024625,17.210270,0.007086
134.174306,126.136725,8.037581,134.906749,126.885525,8.021224,28.572704,0.007581
134.039618,126.005425,8.034193,135.851685,127.837536,8.014150,13.057981,0.011848
133.886446,125.851477,8.034969,135.498624,127.483264,8.015360,17.195601,0.009811
133.910553,125.873455,8.037098,135.510003,127.484198,8.025804,11.222155,0.015082
133.838606,125.800408,8.038198,135.095229,127.064765,8.030464,13.787521,0.011300
133.814952,125.771255,8.043697,134.766371,126.738821,8.027550,12.045610,0.008472
133.750673,125.714467,8.036206,134.594921,126.580530,8.014392,16.691896,0.009420
133.655283,125.618748,8.036535,135.180286,127.161791,8.018496,12.857383,0.011057
133.961001,125.920869,8.040132,135.404450,127.384849,8.019601,16.373394,0.013090
133.736850,125.696792,8.040058,134.246907,126.218965,8.027942,18.191607,0.013940
133.277078,125.238019,8.039059,134.246053,126.225358,8.020696,13.711022,0.010424
133.678403,125.636562,8.041841,134.427729,126.401200,8.026530,42.352383,0.006233
133.640781,125.602560,8.038221,134.939836,126.914787,8.025050,21.884041,0.007991
133.585637,125.549697,8.035940,133.908983,125.892697,8.016287,13.875417,0.013773
133.252579,125.215824,8.036755,134.028914,126.006857,8.022058,18.712709,0.008040
133.214601,125.179241,8.035361,134.017934,126.000957,8.016977,16.385496,0.013840
133.078441,125.041663,8.036778,134.913026,126.887929,8.025097,42.838726,0.009620
133.095839,125.057348,8.038491,134.321287,126.298687,8.022601,23.644236,0.009770
133.146359,125.109096,8.037263,134.539861,126.521717,8.018143,15.800897,0.010505
132.968270,124.933787,8.034483,134.135729,126.114878,8.020852,24.081152,0.010757
132.735046,124.700544,8.034502,134.358480,126.343188,8.015293,14.195606,0.010844
132.739666,124.709195,8.030471,133.654426,125.636566,8.017860,17.301004,0.008410
132.613554,124.580113,8.033441,133.834154,125.813111,8.021042,20.412209,0.011452
132.932671,124.896894,8.035776,134.116864,126.100645,8.016219,32.342049,0.009841
132.874934,124.843401,8.031533,134.239653,126.216976,8.022677,11.885563,0.009917
132.783366,124.752688,8.030678,133.843011,125.834053,8.008959,13.407435,0.010158
