251.059631,236.552191,14.507441,200.003117,186.208985,13.794131,2.908591,0.012924
178.076186,169.595271,8.480915,163.662200,153.101796,10.560405,3.716541,0.014138
154.650453,141.870110,12.780343,147.143971,132.862121,14.281850,3.237279,0.020633
143.048420,127.694606,15.353814,138.082014,121.644083,16.437930,3.291914,0.022574
135.944913,118.780956,17.163957,132.388965,114.563939,17.825026,3.240250,0.024472
131.272288,113.205681,18.066606,128.533185,110.148771,18.384414,3.303889,0.025599
128.178416,109.532921,18.645495,126.130377,107.255795,18.874582,3.529176,0.023319
125.841868,106.819592,19.022276,124.486860,105.202385,19.284474,3.499827,0.025109
123.966425,104.568107,19.398318,122.565378,102.915411,19.649967,3.257038,0.027727
122.420714,102.835726,19.584988,121.312428,101.615440,19.696988,3.544684,0.026402
121.222142,101.458086,19.764055,120.097649,100.491575,19.606074,3.461724,0.026672
119.977658,100.148387,19.829271,119.096520,99.406136,19.690384,3.520269,0.027106
119.076431,99.095865,19.980566,117.956748,98.098480,19.858268,3.586838,0.025205
118.170000,98.107354,20.062646,117.343719,97.511635,19.832084,3.394571,0.028284
117.347121,97.244947,20.102174,116.766050,96.649010,20.117040,3.649062,0.024270
116.520121,96.359211,20.160910,116.131277,95.999014,20.132263,3.725976,0.024499
115.861632,95.724803,20.136829,115.225599,95.178684,20.046914,3.380755,0.027207
115.202846,95.075732,20.127115,114.603997,94.557720,20.046277,3.673420,0.023961
114.530897,94.347068,20.183830,114.134112,94.007154,20.126959,3.568875,0.025761
113.930649,93.752239,20.178410,113.610670,93.637711,19.972959,3.631001,0.025392
113.370833,93.263858,20.106975,113.201704,93.075500,20.126204,3.592814,0.025431
112.823571,92.737980,20.085591,112.860698,92.830917,20.029781,3.596168,0.025561
112.360778,92.290488,20.070290,112.551591,92.640389,19.911202,3.651299,0.024369
111.816128,91.831815,19.984313,112.007123,91.950977,20.056146,3.571929,0.025937
111.344490,91.334414,20.010076,111.448211,91.495163,19.953048,3.786381,0.025334
110.893126,90.941126,19.952000,111.002958,91.122057,19.880901,3.581117,0.025681
110.368102,90.402402,19.965700,110.496277,90.565400,19.930878,3.692940,0.024158
109.995377,90.049815,19.945562,110.123982,90.304446,19.819537,3.502708,0.025918
109.583397,89.723857,19.859540,109.691403,89.925838,19.765565,3.679825,0.022999
109.219105,89.356972,19.862133,109.435914,89.606758,19.829156,3.625180,0.022974
108.806633,89.009491,19.797141,108.865746,89.150320,19.715426,3.528400,0.025349
108.373579,88.574632,19.798947,108.722225,89.042109,19.680117,3.555027,0.025192
107.998563,88.196781,19.801782,108.458409,88.827972,19.630437,3.681220,0.022775
107.688103,87.889359,19.798745,107.939834,88.242233,19.697601,3.576569,0.023369
107.349491,87.549310,19.800181,107.502067,87.773791,19.728277,3.752276,0.023292
106.980540,87.218675,19.761865,107.471127,87.770787,19.700340,3.459442,0.024246
106.684734,86.976652,19.708082,106.964150,87.418296,19.545854,3.682636,0.024651
106.367388,86.631782,19.735606,107.185641,87.505987,19.679655,3.530446,0.022918
106.126001,86.342040,19.783961,106.678656,87.001177,19.677479,3.428215,0.024596
105.866534,86.077274,19.789260,106.384092,86.720854,19.663238,3.678981,0.022228
105.600473,85.842598,19.757875,106.175167,86.428057,19.747110,3.505394,0.023609
105.294772,85.533681,19.761090,106.051185,86.449388,19.601798,3.502056,0.024080
105.071390,85.332956,19.738434,105.418668,85.834451,19.584217,3.789127,0.021424
104.828341,85.066960,19.761381,105.601203,85.842791,19.758412,3.552356,0.023257
104.646439,84.844751,19.801688,105.426572,85.668610,19.757962,3.498052,0.023716
104.360355,84.554126,19.806229,105.119537,85.448720,19.670816,3.564666,0.022416
104.121122,84.310517,19.810605,105.040612,85.267093,19.773519,3.453547,0.021847
104.026834,84.183662,19.843172,104.686281,84.969488,19.716793,3.563572,0.022577
103.829981,84.012569,19.817412,104.575649,84.863036,19.712614,3.431677,0.023590
103.680704,83.826644,19.854061,104.742297,84.999806,19.742491,3.400728,0.022389
103.457558,83.593680,19.863878,104.490869,84.774433,19.716436,3.592679,0.022122
103.361596,83.492260,19.869336,104.300047,84.517989,19.782059,3.586764,0.021781
103.225618,83.353007,19.872611,104.066570,84.316419,19.750151,3.542985,0.023539
102.992830,83.164512,19.828318,103.938542,84.211267,19.727275,3.715076,0.020892
102.954005,83.053026,19.900979,103.917655,83.997493,19.920163,3.675637,0.021386
102.677278,82.791957,19.885321,103.903717,84.005310,19.898407,3.314198,0.023122
102.551956,82.645548,19.906407,103.770087,84.000764,19.769323,3.413535,0.021964
102.469816,82.642412,19.827403,103.494864,83.731771,19.763093,3.775916,0.019207
102.361552,82.450637,19.910914,103.403110,83.569290,19.833820,3.617434,0.021858
102.290946,82.344428,19.946518,103.525078,83.721794,19.803284,3.956873,0.018457
102.134062,82.203930,19.930133,103.240381,83.313182,19.927199,3.600791,0.022537
101.993636,81.967293,20.026343,103.281096,83.427604,19.853492,3.559743,0.022043
101.891970,81.927065,19.964906,103.215831,83.367759,19.848072,3.568452,0.021523
101.809097,81.817309,19.991789,102.990131,83.204758,19.785372,3.519838,0.022577
101.663394,81.678949,19.984445,103.035955,83.142480,19.893476,3.837292,0.020406
101.528735,81.548891,19.979844,102.927164,83.040290,19.886873,3.484853,0.021463
101.506656,81.540921,19.965735,102.900493,82.948621,19.951872,3.419692,0.022187
101.451838,81.397338,20.054500,102.822405,82.916777,19.905628,3.568059,0.021967
101.307739,81.268701,20.039038,102.970032,82.961601,20.008431,3.569871,0.021679
101.222532,81.206376,20.016156,102.870471,82.918365,19.952105,3.680160,0.019919
101.134068,81.101267,20.032801,102.437898,82.453220,19.984678,3.519726,0.021540
101.015821,80.969693,20.046128,102.435325,82.561804,19.873521,3.460912,0.020830
100.983370,80.939422,20.043949,102.649011,82.653823,19.995189,3.674382,0.021485
100.921239,80.835902,20.085337,102.393274,82.419664,19.973610,3.781749,0.019468
100.834621,80.776858,20.057763,102.431265,82.501259,19.930007,3.649415,0.022020
100.801643,80.702397,20.099246,102.484193,82.473625,20.010568,3.627543,0.020078
100.660627,80.593272,20.067355,102.089182,82.031195,20.057987,3.584844,0.020479
100.697219,80.532929,20.164290,102.326540,82.402922,19.923619,3.864567,0.020079
100.605436,80.523231,20.082205,102.206168,82.154167,20.052001,3.464157,0.020353
100.523447,80.373076,20.150371,102.300701,82.154444,20.146257,3.522877,0.020830
100.395737,80.222382,20.173356,102.016101,82.124269,19.891832,3.556480,0.021428
100.357657,80.250590,20.107066,102.066409,82.085247,19.981163,3.515704,0.020116
100.322532,80.156454,20.166078,101.777047,81.767011,20.010036,3.454556,0.021276
100.272418,80.121148,20.151270,102.015449,82.096831,19.918618,3.555336,0.021591
100.119115,79.999102,20.120013,102.004916,82.003946,20.000970,3.637074,0.022931
100.147094,80.015755,20.131339,101.867794,81.729621,20.138173,3.516350,0.019906
100.053950,79.829982,20.223968,101.761333,81.638549,20.122784,3.513197,0.023519
100.012844,79.862705,20.150139,101.826387,81.642280,20.184107,3.672198,0.020352
99.943609,79.746463,20.197147,101.742104,81.705843,20.036261,3.628584,0.019924
99.957416,79.776172,20.181244,101.861703,81.741738,20.119965,3.576214,0.019020
99.885738,79.672520,20.213218,102.049326,81.914748,20.134578,3.506738,0.019826
99.902987,79.701965,20.201022,101.774293,81.696168,20.078125,3.634509,0.020097
99.768819,79.562784,20.206036,101.773274,81.616203,20.157071,3.406108,0.020293
99.839760,79.654403,20.185357,101.690304,81.631882,20.058421,3.539455,0.020618
99.688663,79.435421,20.253242,101.668038,81.521155,20.146884,3.575239,0.020202
99.649293,79.374093,20.275199,101.959476,81.730463,20.229013,3.510294,0.021087
99.617972,79.375470,20.242501,101.733976,81.573236,20.160740,3.442742,0.023269
99.555801,79.298627,20.257175,101.476266,81.370247,20.106019,3.798633,0.020009
99.566650,79.305934,20.260716,101.532494,81.284572,20.247921,3.512569,0.020658
99.478628,79.203125,20.275503,101.631473,81.522229,20.109243,3.470031,0.021682
99.441986,79.151962,20.290024,101.451470,81.328090,20.123380,3.554551,0.020089
99.363245,79.130682,20.232563,101.543749,81.393609,20.150140,3.578022,0.021497
99.373062,79.111945,20.261116,101.707632,81.530577,20.177055,3.328476,0.022911
99.310656,79.061420,20.249236,101.543764,81.401629,20.142135,3.589944,0.019412
99.312186,79.036142,20.276044,101.517549,81.295284,20.222266,3.557101,0.021837
99.291546,79.008191,20.283355,101.397885,81.276981,20.120904,3.703138,0.021981
99.234656,78.944938,20.289718,101.528405,81.312236,20.216170,3.456233,0.020790
99.192024,78.832062,20.359963,101.332178,81.220704,20.111474,3.548637,0.020762
99.214725,78.930590,20.284134,101.518304,81.259657,20.258646,3.651613,0.020621
99.160316,78.867030,20.293286,101.404754,81.254656,20.150098,3.476355,0.020816
99.119822,78.791799,20.328023,101.392159,81.156302,20.235858,3.574331,0.020446
99.028660,78.645959,20.382701,101.284229,80.966416,20.317812,3.633820,0.019566
99.029205,78.659622,20.369583,101.401954,81.218293,20.183661,3.552469,0.019461
98.976840,78.666657,20.310183,101.223810,81.032790,20.191019,3.547352,0.021381
98.961005,78.607971,20.353034,101.327904,81.034520,20.293384,3.631608,0.020031
98.922610,78.586551,20.336060,101.120312,80.803249,20.317063,3.623376,0.019934
98.909353,78.574158,20.335195,101.086505,80.822413,20.264092,3.522342,0.020615
98.826745,78.481110,20.345634,101.296355,80.999207,20.297148,3.453046,0.020195
98.832819,78.443435,20.389385,101.287631,80.938291,20.349340,3.390595,0.019553
98.817873,78.447203,20.370669,101.217281,81.036334,20.180947,3.653404,0.018637
98.781327,78.369418,20.411909,101.082037,80.755264,20.326772,3.447111,0.019652
98.723220,78.350727,20.372493,101.211389,81.015612,20.195777,3.755702,0.019878
98.647788,78.270409,20.377379,101.268784,80.982922,20.285863,3.532050,0.020077
98.644691,78.306030,20.338662,101.102580,80.878879,20.223701,3.460987,0.021167
98.624898,78.257911,20.366987,101.137150,80.942546,20.194604,3.805294,0.018842
98.706929,78.325166,20.381763,101.050309,80.747867,20.302442,3.578451,0.018655
98.589329,78.211945,20.377384,101.163434,80.842852,20.320583,3.386376,0.020764
98.541769,78.118473,20.423296,101.182254,80.846387,20.335867,3.244459,0.022693
98.580556,78.162823,20.417733,101.049398,80.705640,20.343758,3.582200,0.019573
98.557831,78.152391,20.405440,101.118148,80.806276,20.311872,3.354397,0.022548
98.482885,78.074016,20.408869,101.101884,80.830391,20.271493,3.422276,0.020411
98.463317,78.017061,20.446257,101.097996,80.804533,20.293464,3.571640,0.020870
98.443094,77.977380,20.465715,100.999446,80.692737,20.306709,3.324244,0.021286
98.405707,77.981796,20.423912,101.006576,80.699813,20.306763,3.498111,0.020051
98.380602,77.976328,20.404274,100.958070,80.679039,20.279031,3.398660,0.020295
98.299154,77.912646,20.386508,100.934754,80.748154,20.186600,3.664582,0.019978
98.334948,77.967014,20.367935,100.981201,80.659838,20.321363,3.323550,0.021710
98.328915,77.903305,20.425610,100.948846,80.557435,20.391412,3.581725,0.020405
98.335823,77.933251,20.402572,100.953545,80.689747,20.263797,3.394528,0.020755
98.283788,77.825934,20.457854,100.987852,80.666252,20.321600,3.567448,0.021303
98.278980,77.857530,20.421450,100.822183,80.528578,20.293605,3.291928,0.023546
98.254940,77.843365,20.411574,100.770058,80.446199,20.323860,3.783345,0.018394
98.230455,77.840026,20.390429,101.122680,80.809820,20.312860,3.441181,0.021929
98.245953,77.824421,20.421532,101.082329,80.782267,20.300061,3.348147,0.025309
98.212111,77.808251,20.403859,101.237236,81.007631,20.229605,3.349839,0.021711
98.210861,77.778502,20.432359,100.914976,80.580112,20.334864,3.601815,0.021700
98.188729,77.779629,20.409100,100.832462,80.515245,20.317217,3.349999,0.021668
98.108971,77.701615,20.407355,100.694197,80.327555,20.366642,3.502497,0.019637
98.057014,77.623888,20.433126,101.107771,80.817013,20.290757,3.489636,0.022599
98.138462,77.693137,20.445325,100.985223,80.591836,20.393388,3.465374,0.020180
98.071799,77.594493,20.477306,100.890146,80.529207,20.360939,3.422340,0.021622
98.022733,77.559344,20.463389,100.817990,80.484641,20.333349,3.686845,0.021392
98.067480,77.641558,20.425922,101.016811,80.637550,20.379261,3.472946,0.019784
98.031536,77.590158,20.441377,100.862904,80.633777,20.229127,3.493640,0.019570
98.021751,77.579364,20.442386,100.743747,80.408462,20.335285,3.589538,0.021426
97.999920,77.508353,20.491567,100.837625,80.453593,20.384032,3.270037,0.022055
97.906984,77.398232,20.508753,100.886205,80.588889,20.297316,3.578751,0.020272
97.970965,77.492416,20.478549,100.978603,80.577757,20.400845,3.444541,0.020591
97.903955,77.424888,20.479067,100.813708,80.472989,20.340718,3.433970,0.019294
97.971706,77.504300,20.467406,100.875953,80.564243,20.311710,3.479842,0.019867
