201.427789,193.732650,7.695139,170.620984,159.256156,11.364829,2.544517,0.020210
158.119045,143.715620,14.403426,149.269732,132.876854,16.392877,2.475998,0.029128
145.278868,127.672795,17.606073,139.692079,120.951855,18.740224,2.620779,0.030656
137.976831,118.454289,19.522542,134.233401,114.206303,20.027097,2.715297,0.032146
133.419145,112.848413,20.570732,130.854750,109.799472,21.055278,2.682740,0.034027
130.455901,109.257159,21.198743,128.484631,106.981573,21.503059,2.740913,0.033790
128.191518,106.599340,21.592178,127.008857,105.287088,21.721770,2.733153,0.036546
126.481525,104.609516,21.872008,125.411210,103.286152,22.125058,2.813500,0.035731
125.155959,103.131382,22.024577,123.893591,101.706714,22.186877,2.923898,0.034320
123.944212,101.832235,22.111978,122.931463,100.656120,22.275343,2.871343,0.036323
122.944242,100.645444,22.298798,121.906418,99.629272,22.277146,3.066767,0.035053
122.192682,99.807232,22.385450,121.552439,99.182888,22.369551,2.829772,0.037260
121.375163,98.945894,22.429269,120.843145,98.449066,22.394080,2.981693,0.034413
120.837903,98.336135,22.501768,120.242527,97.790087,22.452441,2.909987,0.035527
120.275781,97.791360,22.484422,120.042744,97.495312,22.547432,2.815015,0.038576
119.838221,97.277435,22.560786,119.421161,96.816646,22.604515,3.168403,0.035287
119.279583,96.669996,22.609586,119.067803,96.528974,22.538830,3.008904,0.035510
118.857416,96.229407,22.628009,118.326938,95.739631,22.587308,2.944050,0.037857
118.442946,95.805858,22.637088,118.659243,95.991024,22.668219,2.858992,0.039736
118.048206,95.365436,22.682769,117.970897,95.292624,22.678273,3.020013,0.036239
117.697331,95.060873,22.636458,117.667032,95.132196,22.534836,3.052191,0.038786
117.377718,94.737186,22.640533,117.118433,94.502982,22.615451,3.117553,0.036373
117.039048,94.378851,22.660197,116.870815,94.141068,22.729746,3.045808,0.038764
116.674943,93.988075,22.686868,117.176660,94.584956,22.591704,3.069884,0.036397
116.407775,93.762775,22.645000,116.504218,93.869187,22.635031,2.990065,0.035384
116.187569,93.483746,22.703824,116.302917,93.685565,22.617353,2.982106,0.037938
115.919841,93.216760,22.703080,116.120915,93.508169,22.612746,3.284698,0.033472
115.629630,92.910015,22.719616,115.803811,93.048931,22.754879,3.108727,0.033778
115.382470,92.670012,22.712457,115.614156,92.977682,22.636474,3.306402,0.034097
115.085522,92.394108,22.691415,115.438891,92.827815,22.611076,3.132079,0.036766
114.877723,92.187046,22.690677,115.315433,92.690220,22.625213,3.245793,0.034735
114.764275,92.062170,22.702106,115.162741,92.517861,22.644880,3.118261,0.034954
114.547367,91.806153,22.741214,114.928468,92.280938,22.647529,3.230165,0.033904
114.325989,91.599916,22.726074,114.775425,92.210273,22.565152,3.099050,0.037928
114.164864,91.441186,22.723678,114.464745,91.762473,22.702272,3.115893,0.036645
114.035352,91.280961,22.754392,114.464699,91.824925,22.639773,2.964408,0.036878
113.811779,91.063414,22.748365,114.378017,91.792767,22.585250,3.116315,0.038038
113.666344,90.963144,22.703200,114.059432,91.464959,22.594472,3.182400,0.034644
113.443744,90.684648,22.759096,114.136462,91.418307,22.718155,3.234907,0.035226
113.314636,90.569307,22.745329,114.155421,91.570356,22.585065,3.169036,0.037925
113.249729,90.487419,22.762310,113.828155,91.171275,22.656881,3.109362,0.037242
112.952519,90.231060,22.721459,113.747735,91.140850,22.606885,3.230128,0.034891
112.905404,90.176137,22.729268,113.450479,90.755352,22.695126,3.124173,0.035246
112.742076,90.014530,22.727545,113.566010,91.002245,22.563765,3.153857,0.034098
112.633913,89.881037,22.752876,113.620255,91.094180,22.526075,3.220401,0.033331
112.454669,89.697506,22.757163,112.951528,90.422801,22.528727,3.172201,0.036113
112.289450,89.582404,22.707046,113.271332,90.640785,22.630548,3.261006,0.035849
112.244415,89.510914,22.733501,113.055081,90.327506,22.727575,3.082518,0.035825
112.153525,89.483702,22.669822,112.904002,90.228677,22.675325,3.091821,0.039746
111.990682,89.299292,22.691391,112.813873,90.295456,22.518417,3.326374,0.035674
111.889319,89.161206,22.728113,112.655536,89.986507,22.669028,3.250014,0.034375
111.737052,88.989714,22.747338,112.812872,90.260222,22.552650,3.127669,0.038127
111.653382,88.908586,22.744796,112.744211,90.089592,22.654619,3.305285,0.035068
111.526549,88.739593,22.786956,112.821808,90.153013,22.668794,2.973379,0.037926
111.485966,88.782498,22.703468,112.739278,90.092514,22.646765,3.112986,0.034320
111.293623,88.602876,22.690747,112.348936,89.678130,22.670806,3.287594,0.033156
111.205620,88.536905,22.668716,111.922101,89.348298,22.573802,3.290262,0.033081
111.121479,88.416099,22.705380,112.343330,89.634611,22.708720,3.276908,0.034923
111.027691,88.330469,22.697222,112.186672,89.601919,22.584753,3.155898,0.035592
110.935117,88.226800,22.708317,111.843328,89.336561,22.506768,3.124154,0.034046
110.849985,88.179326,22.670659,111.981666,89.388777,22.592888,3.192448,0.035881
110.762739,88.096518,22.666221,111.888299,89.240006,22.648293,3.227492,0.034457
110.672748,88.017649,22.655099,111.786174,89.158011,22.628163,3.288907,0.034058
110.569340,87.867332,22.702008,111.720988,89.143782,22.577207,3.035412,0.035515
110.484196,87.808336,22.675860,111.781204,89.126422,22.654782,3.250510,0.033904
110.394720,87.693593,22.701127,111.799805,89.220940,22.578865,3.298129,0.035313
110.353557,87.663580,22.689978,111.635452,89.110488,22.524964,3.166315,0.033015
110.290751,87.656846,22.633905,111.528900,88.999620,22.529280,3.119457,0.034932
110.188105,87.580062,22.608043,111.679203,89.074156,22.605047,3.197524,0.038120
110.045825,87.379125,22.666700,111.302228,88.880729,22.421499,3.062785,0.036494
109.980138,87.379658,22.600480,111.257340,88.796146,22.461194,3.259188,0.036965
109.928381,87.338180,22.590201,111.267193,88.693074,22.574118,3.176309,0.035422
109.860517,87.205547,22.654970,111.083627,88.568997,22.514631,3.166874,0.033689
109.729106,87.133521,22.595584,111.195864,88.662993,22.532872,3.259641,0.034704
109.645766,87.054729,22.591037,111.086454,88.661675,22.424779,3.122102,0.037416
109.615686,87.037358,22.578329,111.024759,88.539472,22.485287,3.192748,0.040194
109.485214,86.911400,22.573815,110.926238,88.535042,22.391196,3.368258,0.035695
109.409936,86.830889,22.579047,111.186971,88.669590,22.517381,3.154526,0.036145
109.384445,86.811979,22.572466,110.741593,88.314202,22.427390,3.345768,0.033678
109.298416,86.754119,22.544297,110.655215,88.165810,22.489404,3.379456,0.033953
109.249969,86.678471,22.571497,110.869395,88.410494,22.458901,3.227840,0.037318
109.161364,86.571464,22.589899,110.594135,88.126668,22.467467,3.225041,0.034060
109.059190,86.480637,22.578553,110.513934,87.973422,22.540512,3.147463,0.034554
109.087699,86.519304,22.568395,110.762822,88.237866,22.524956,3.471259,0.031588
108.902665,86.352387,22.550278,110.352687,87.964554,22.388133,3.377724,0.034878
108.906405,86.391098,22.515307,110.591453,88.163156,22.428296,3.164640,0.036247
108.831171,86.317768,22.513404,110.291207,87.847548,22.443660,3.160998,0.037719
108.745954,86.187486,22.558468,110.374380,87.904971,22.469410,3.298661,0.031960
108.705352,86.213412,22.491940,110.376769,88.031594,22.345175,3.252145,0.033319
108.616843,86.097447,22.519396,110.287155,87.856242,22.430913,3.183986,0.036013
108.595771,86.101296,22.494475,110.109133,87.765139,22.343994,3.180638,0.035511
108.506169,86.012555,22.493614,110.113113,87.765698,22.347416,3.210299,0.035636
108.475980,86.057306,22.418675,109.857843,87.506479,22.351364,3.152925,0.034968
108.350151,85.855178,22.494973,110.214886,87.937044,22.277841,3.240016,0.037462
108.412476,85.964999,22.447477,110.055259,87.690492,22.364766,3.279938,0.036139
108.323612,85.864969,22.458643,109.927673,87.516002,22.411671,3.265741,0.034003
108.270805,85.751457,22.519347,109.866700,87.453685,22.413015,3.234094,0.035799
108.172879,85.750191,22.422688,109.854407,87.573835,22.280573,3.316687,0.034800
108.108892,85.655863,22.453029,109.873704,87.504847,22.368856,3.159055,0.034628
108.045167,85.602186,22.442981,109.678541,87.326792,22.351750,3.240491,0.035439
108.019592,85.528412,22.491180,109.529941,87.184513,22.345429,3.237944,0.034845
107.866543,85.467917,22.398625,109.566352,87.381802,22.184551,3.373779,0.032028
107.905016,85.453466,22.451549,109.622513,87.244988,22.377526,3.084188,0.035474
107.848876,85.362941,22.485936,109.563575,87.152685,22.410890,3.225191,0.033039
107.737252,85.339280,22.397972,109.446480,87.099010,22.347469,3.529140,0.032012
107.785166,85.348250,22.436916,109.613709,87.218336,22.395374,3.254163,0.031425
107.644745,85.224115,22.420629,109.366320,87.138666,22.227654,3.420437,0.032677
107.548405,85.150275,22.398130,109.426715,87.046812,22.379904,3.351144,0.035754
107.577512,85.117723,22.459790,109.326628,86.876943,22.449685,3.166051,0.033762
107.458842,85.065428,22.393414,109.225747,86.945113,22.280634,3.251354,0.034717
107.464242,85.047974,22.416268,109.369881,86.995754,22.374127,3.223753,0.033607
107.351621,84.920056,22.431565,109.192508,86.872601,22.319907,3.386575,0.031861
107.321731,84.916008,22.405723,109.184380,86.839160,22.345219,3.310168,0.030529
107.292180,84.906184,22.385997,109.160702,86.820917,22.339785,3.208099,0.033782
107.242699,84.852007,22.390692,109.265517,86.986035,22.279483,3.390210,0.034264
107.220602,84.823952,22.396650,109.096085,86.727148,22.368938,3.383539,0.031787
107.092634,84.690505,22.402129,109.061337,86.768270,22.293068,3.309434,0.034892
107.095758,84.701864,22.393894,109.002432,86.652229,22.350203,3.163658,0.037602
107.106554,84.690468,22.416087,108.874793,86.401424,22.473369,3.069041,0.034656
107.029662,84.555858,22.473805,108.886133,86.536221,22.349912,3.301421,0.033413
106.901467,84.469617,22.431851,108.775192,86.426150,22.349042,3.220815,0.034582
106.843031,84.450317,22.392715,108.697958,86.427642,22.270316,3.165327,0.036583
106.852715,84.462729,22.389986,108.430079,86.146932,22.283147,3.367317,0.035436
106.753626,84.367221,22.386405,108.794363,86.384223,22.410140,3.054256,0.038213
106.723751,84.358170,22.365581,108.635162,86.325167,22.309995,3.146442,0.035857
106.758935,84.393711,22.365224,108.595084,86.416498,22.178586,3.196085,0.036449
106.614955,84.249704,22.365251,108.434681,86.121777,22.312904,3.305273,0.033752
106.568548,84.214776,22.353771,108.684386,86.378212,22.306174,3.284749,0.034197
106.584912,84.189905,22.395007,108.372582,86.077219,22.295363,3.067499,0.036382
106.521086,84.147795,22.373291,108.294921,85.959586,22.335335,3.275791,0.036323
106.460939,84.094401,22.366538,108.411955,86.074971,22.336984,3.037275,0.036291
106.374763,84.040425,22.334339,108.273074,85.922469,22.350605,3.315541,0.034668
106.392121,84.022795,22.369327,108.465187,86.157695,22.307492,3.177917,0.033224
106.331486,83.957736,22.373750,108.253815,85.968007,22.285808,3.287116,0.031050
106.217123,83.861919,22.355204,108.358305,86.082606,22.275698,3.140456,0.035396
106.275942,83.914336,22.361607,108.090790,85.815031,22.275759,3.147067,0.035694
106.184875,83.842405,22.342470,108.100155,85.848726,22.251429,3.201377,0.034734
106.155589,83.830518,22.325071,107.907873,85.646804,22.261068,3.041418,0.037131
106.071090,83.733605,22.337485,108.095830,85.887667,22.208163,3.319288,0.030365
106.060676,83.703195,22.357482,107.945020,85.680808,22.264212,3.245090,0.034378
105.991581,83.621509,22.370073,107.942718,85.627928,22.314789,3.278585,0.034448
105.999372,83.626910,22.372462,107.981407,85.663853,22.317554,3.253125,0.031980
105.861613,83.503165,22.358448,108.035075,85.719145,22.315929,3.189220,0.035068
105.897114,83.538065,22.359049,107.863853,85.554622,22.309231,3.315494,0.033898
105.791542,83.477380,22.314162,108.045235,85.775125,22.270110,3.167194,0.035125
105.861406,83.553320,22.308086,107.886476,85.613113,22.273362,3.193245,0.035752
105.772441,83.429631,22.342810,107.723162,85.639941,22.083221,3.344946,0.031775
105.672500,83.375034,22.297467,107.417689,85.138400,22.279290,3.276894,0.034857
105.628624,83.321742,22.306882,107.379416,85.241237,22.138179,3.356483,0.030490
105.612710,83.320618,22.292092,107.690167,85.460039,22.230128,3.087405,0.032899
105.584839,83.303143,22.281696,107.521388,85.297795,22.223592,3.181808,0.034774
105.476210,83.173864,22.302346,107.609540,85.447916,22.161624,3.153913,0.034173
105.488012,83.195536,22.292476,107.566781,85.329255,22.237526,3.231212,0.032366
105.484585,83.209817,22.274768,107.436454,85.292660,22.143794,3.317248,0.032949
105.387779,83.146648,22.241131,107.533940,85.384719,22.149221,3.196866,0.036397
105.339882,83.110755,22.229127,107.406098,85.223140,22.182958,3.184532,0.034833
105.304834,83.036814,22.268019,107.292660,85.135295,22.157365,3.339253,0.033528
105.294174,83.071106,22.223068,107.349389,85.203710,22.145679,3.295823,0.032439
105.244446,83.003495,22.240951,107.484709,85.354919,22.129790,3.254841,0.031734
105.184170,82.944461,22.239709,107.354396,85.193538,22.160858,3.257408,0.035555
