198.571507,191.190994,7.380513,177.940680,170.508982,7.431698,8.692263,0.019180
164.627931,157.331312,7.296619,153.590986,146.603271,6.987714,5.389682,0.033472
149.387272,142.387994,6.999278,145.721149,138.741840,6.979309,4.117505,0.042868
144.261787,137.270717,6.991070,142.497847,135.461824,7.036022,5.660603,0.032777
141.870397,134.843423,7.026975,140.471810,133.476827,6.994983,5.338936,0.045366
140.216213,133.171732,7.044481,139.204487,132.185655,7.018832,6.615420,0.034883
138.888560,131.844307,7.044254,138.068758,131.101320,6.967438,5.534410,0.034071
137.795768,130.747383,7.048385,136.813837,129.726730,7.087107,5.787158,0.034832
136.996262,129.936326,7.059936,135.996954,128.908644,7.088309,4.842767,0.037155
136.431233,129.388481,7.042752,135.973607,128.943253,7.030353,6.195764,0.038420
135.997447,128.920320,7.077127,135.842723,128.788650,7.054074,5.735095,0.038394
135.496688,128.428070,7.068619,134.759814,127.700066,7.059748,7.156180,0.038854
135.048452,127.991398,7.057054,134.732979,127.666027,7.066952,6.070677,0.033613
134.811703,127.745180,7.066524,134.383363,127.327396,7.055968,5.731810,0.039419
134.418028,127.346236,7.071792,134.166876,127.083009,7.083868,6.051442,0.039535
134.123874,127.039784,7.084090,133.754431,126.683837,7.070594,5.944589,0.041466
133.781635,126.696464,7.085171,133.618220,126.570509,7.047711,5.979397,0.040608
133.802266,126.713301,7.088965,133.408387,126.309703,7.098685,6.383706,0.038047
133.363030,126.280607,7.082423,133.049844,126.010842,7.039002,6.563625,0.036856
133.271720,126.193001,7.078719,133.213281,126.145341,7.067939,8.089019,0.035339
133.131950,126.040387,7.091563,132.904727,125.882740,7.021987,6.071291,0.041514
132.860701,125.789646,7.071054,133.006353,125.986966,7.019388,5.937839,0.032853
132.785990,125.697472,7.088517,132.731803,125.641951,7.089852,6.199365,0.036257
132.714407,125.624571,7.089836,132.825411,125.786509,7.038901,6.408384,0.034737
132.485772,125.386959,7.098813,132.428358,125.342023,7.086335,6.210067,0.041944
132.434666,125.322460,7.112206,132.102173,125.035787,7.066386,6.502645,0.041338
132.343250,125.231521,7.111729,132.422901,125.327519,7.095381,6.478382,0.036042
132.180502,125.076042,7.104461,132.362253,125.286216,7.076037,5.656012,0.041379
132.032640,124.945247,7.087394,132.517189,125.482559,7.034630,6.096623,0.039301
131.985051,124.897500,7.087550,132.512215,125.461615,7.050601,5.660228,0.040689
131.818565,124.720037,7.098528,131.759526,124.648239,7.111287,5.704444,0.041419
131.595090,124.488540,7.106550,132.302628,125.256309,7.046319,5.750891,0.038341
131.540891,124.437908,7.102984,131.418229,124.359718,7.058511,6.457987,0.038265
131.442037,124.334917,7.107120,132.251413,125.178237,7.073175,6.269198,0.035182
131.415002,124.298263,7.116739,131.670872,124.584952,7.085919,5.758136,0.035962
131.266333,124.145119,7.121214,131.692394,124.621090,7.071304,5.600238,0.038757
131.167054,124.040204,7.126850,131.368545,124.266605,7.101940,5.315580,0.040526
131.123153,123.993677,7.129476,131.311996,124.260746,7.051250,5.617409,0.037276
131.100531,123.983456,7.117075,131.303259,124.211203,7.092056,5.581379,0.041919
130.994451,123.879379,7.115072,131.872973,124.807585,7.065388,6.030498,0.037773
130.881871,123.760479,7.121392,131.198346,124.133302,7.065044,5.642065,0.045402
130.725663,123.611641,7.114022,132.027944,124.979521,7.048424,6.222909,0.039607
130.843517,123.700470,7.143047,131.073995,123.937535,7.136461,5.810417,0.043059
130.710749,123.559858,7.150891,131.251313,124.153170,7.098143,5.862772,0.043012
130.614061,123.469189,7.144872,130.905357,123.797525,7.107833,5.467111,0.043352
130.534698,123.385854,7.148844,131.462993,124.389710,7.073283,6.268257,0.038719
130.576875,123.456856,7.120019,130.914246,123.806624,7.107622,5.660937,0.041890
130.444621,123.318619,7.126002,130.982774,123.909263,7.073510,6.945575,0.038706
130.462101,123.317238,7.144863,131.579349,124.440395,7.138954,5.982607,0.038927
130.504472,123.354324,7.150148,130.925001,123.816320,7.108681,5.974230,0.036218
130.504302,123.363043,7.141259,131.201004,124.074523,7.126480,5.492258,0.038354
130.345990,123.195008,7.150981,130.657316,123.530217,7.127100,5.833896,0.041357
130.360727,123.234904,7.125823,131.197743,124.078608,7.119135,5.636512,0.041012
130.161275,123.020562,7.140713,130.788097,123.697774,7.090324,5.787380,0.043868
130.173147,123.020594,7.152553,130.771368,123.649443,7.121925,5.909792,0.041917
130.143081,122.992197,7.150883,130.704483,123.604399,7.100085,5.304305,0.043841
130.096945,122.952747,7.144197,130.697855,123.616140,7.081715,4.851051,0.050010
130.100119,122.961234,7.138885,130.621771,123.509804,7.111966,6.281264,0.040667
129.978771,122.816886,7.161885,130.662973,123.529865,7.133108,6.565350,0.045598
130.067248,122.893694,7.173554,131.127680,124.020081,7.107599,5.849442,0.036797
129.993430,122.828689,7.164741,130.974258,123.843256,7.131003,5.676587,0.035553
129.957010,122.779581,7.177429,130.806212,123.674932,7.131280,6.306798,0.037635
129.780222,122.577419,7.202802,130.403282,123.272037,7.131246,5.824220,0.039694
129.850045,122.680721,7.169324,130.465642,123.315864,7.149778,5.316938,0.045108
129.799229,122.623621,7.175608,130.838018,123.738991,7.099026,5.771463,0.036643
129.678627,122.492864,7.185763,130.663146,123.534095,7.129052,6.092775,0.041321
129.921494,122.759413,7.162082,130.479517,123.327506,7.152011,6.031910,0.041574
129.722705,122.528586,7.194119,130.639250,123.484133,7.155118,5.518374,0.038452
129.913932,122.729853,7.184079,130.819326,123.677880,7.141445,6.153000,0.032910
129.707348,122.517302,7.190045,130.582729,123.422618,7.160110,5.238235,0.038815
129.879236,122.690296,7.188940,130.730136,123.581717,7.148419,5.550180,0.041222
129.854863,122.668898,7.185965,130.516360,123.348911,7.167450,5.380936,0.034987
129.668647,122.454239,7.214408,130.680251,123.506707,7.173544,5.744603,0.034060
129.764699,122.553413,7.211285,131.100387,123.919768,7.180619,5.335892,0.041403
129.911064,122.703776,7.207288,130.866791,123.697896,7.168896,5.598829,0.037558
129.748598,122.550280,7.198317,130.606533,123.455931,7.150601,5.935185,0.037381
129.796277,122.617482,7.178794,130.573558,123.455107,7.118451,5.680511,0.041276
129.688480,122.496535,7.191946,130.915640,123.791029,7.124610,5.625345,0.039727
129.852452,122.652872,7.199580,130.891745,123.710387,7.181358,6.052840,0.030937
129.768281,122.563586,7.204695,130.725611,123.574173,7.151439,7.200843,0.035592
129.657666,122.449430,7.208237,130.948462,123.801937,7.146524,4.905575,0.045226
129.819422,122.603712,7.215710,130.716074,123.544283,7.171791,5.556556,0.051285
129.775660,122.576505,7.199154,131.246878,124.097320,7.149558,5.862479,0.036543
129.772621,122.550168,7.222453,130.552136,123.375587,7.176548,6.230749,0.041029
129.873193,122.647838,7.225355,131.095943,123.990142,7.105800,6.110651,0.035784
129.870379,122.653783,7.216596,130.986614,123.831524,7.155089,4.901106,0.044555
129.979664,122.777090,7.202574,131.131962,123.994060,7.137902,5.395668,0.037407
129.877310,122.644922,7.232388,131.030903,123.840399,7.190504,6.427779,0.037767
129.828789,122.589656,7.239133,130.719322,123.542625,7.176697,7.664202,0.034286
129.844956,122.630315,7.214641,131.215730,124.037350,7.178380,6.345845,0.034647
129.782326,122.557380,7.224946,131.440560,124.261942,7.178617,4.809148,0.041031
129.869424,122.643498,7.225926,130.933914,123.745671,7.188243,5.155351,0.044455
129.976717,122.739190,7.237526,131.072591,123.869242,7.203350,6.149794,0.030376
130.100016,122.882049,7.217967,130.617200,123.402812,7.214387,6.396735,0.043522
129.997696,122.745229,7.252467,131.397531,124.196558,7.200973,5.227263,0.041069
130.059350,122.843547,7.215802,131.307506,124.153789,7.153717,6.368032,0.039558
130.054555,122.832428,7.222127,131.718410,124.532171,7.186240,5.321619,0.039451
130.106753,122.873519,7.233234,131.091073,123.871757,7.219316,5.310458,0.038670
130.209094,122.967779,7.241315,131.782810,124.594559,7.188250,5.207903,0.037151
130.236994,123.001634,7.235359,131.273074,124.074497,7.198577,6.952516,0.039580
130.146947,122.923499,7.223448,131.440707,124.244960,7.195748,5.798122,0.036643
130.056221,122.812815,7.243405,131.327072,124.158494,7.168579,6.560985,0.032164
130.054467,122.803034,7.251433,131.423160,124.258010,7.165150,5.143908,0.044883
130.097432,122.877642,7.219790,132.059671,124.874492,7.185179,5.841687,0.046849
130.355379,123.121083,7.234296,131.661190,124.439058,7.222131,5.099208,0.039133
130.135029,122.881844,7.253185,131.238083,124.024551,7.213532,4.583413,0.039107
129.924232,122.663544,7.260688,131.828563,124.625594,7.202969,5.420075,0.042981
130.053069,122.795179,7.257890,131.381090,124.194447,7.186644,6.166440,0.038503
130.075606,122.823763,7.251843,131.459830,124.282619,7.177212,6.031348,0.037043
130.171227,122.921570,7.249657,131.382817,124.178319,7.204498,6.048457,0.037970
130.133856,122.877905,7.255951,131.517921,124.322731,7.195190,5.222764,0.039567
129.987559,122.753728,7.233830,131.263045,124.089110,7.173935,6.290337,0.042741
129.902256,122.654423,7.247833,131.169138,123.950833,7.218305,5.651137,0.037693
129.992563,122.738290,7.254272,131.212636,124.007193,7.205443,5.692862,0.042533
129.929157,122.676047,7.253110,131.088247,123.894427,7.193821,5.356984,0.042369
130.071066,122.809250,7.261817,131.129725,123.925053,7.204671,5.424051,0.042825
129.847603,122.579475,7.268128,131.252495,124.039857,7.212638,6.002961,0.040704
129.733332,122.464385,7.268946,131.501731,124.308714,7.193017,4.616298,0.047657
130.035226,122.782046,7.253179,131.205199,123.981815,7.223383,5.355066,0.038025
129.849169,122.598606,7.250563,131.202088,124.000746,7.201342,5.251352,0.040908
129.989453,122.713856,7.275597,131.570176,124.366923,7.203253,5.073261,0.037263
129.923249,122.654432,7.268817,131.516072,124.279121,7.236951,4.748833,0.042466
129.985232,122.718370,7.266863,131.145098,123.927637,7.217462,5.393463,0.042348
130.120673,122.851995,7.268679,131.840243,124.632340,7.207904,5.913032,0.039431
130.268925,122.997674,7.271251,131.390176,124.188022,7.202155,5.126721,0.041865
130.196119,122.931073,7.265046,131.010891,123.776898,7.233993,4.894469,0.043017
130.096754,122.826947,7.269807,131.381517,124.137641,7.243878,6.047909,0.041879
130.186626,122.903721,7.282905,132.072264,124.851880,7.220384,5.180057,0.035138
130.069900,122.788063,7.281837,131.522586,124.289911,7.232675,10.020978,0.042917
130.179674,122.900340,7.279334,132.088329,124.872149,7.216180,4.543249,0.042244
130.322071,123.032681,7.289391,132.087680,124.838787,7.248891,4.908217,0.037520
130.499637,123.214413,7.285224,132.419975,125.167442,7.252533,5.194324,0.042421
130.468401,123.186486,7.281915,131.644188,124.387073,7.257115,5.328470,0.040213
130.292938,123.004641,7.288297,132.244092,125.019189,7.224903,5.541976,0.034751
130.316242,123.038348,7.277895,132.357442,125.148898,7.208543,5.461339,0.034768
130.708445,123.417907,7.290538,132.613200,125.405116,7.208085,5.144813,0.041845
130.506799,123.224005,7.282794,132.382554,125.127304,7.255249,5.732459,0.034611
130.554381,123.260401,7.293980,132.357292,125.155577,7.201715,4.829080,0.038725
130.673995,123.373850,7.300146,132.256369,125.024331,7.232039,5.784957,0.042433
130.714150,123.416372,7.297778,132.415392,125.158859,7.256534,4.571503,0.042649
130.788793,123.490412,7.298381,132.422612,125.189691,7.232921,5.897201,0.038464
130.725930,123.439841,7.286089,132.294512,125.059470,7.235042,4.976427,0.039521
131.016922,123.733686,7.283236,133.006261,125.770779,7.235482,5.465358,0.043877
130.965034,123.667202,7.297832,132.666660,125.423565,7.243095,5.307621,0.041174
130.991294,123.697075,7.294219,132.703954,125.450088,7.253867,5.993806,0.041186
131.027402,123.715247,7.312155,132.739119,125.512730,7.226388,5.545397,0.041562
131.242716,123.937801,7.304915,133.481705,126.243485,7.238220,5.169624,0.038498
131.346197,124.045805,7.300392,133.094750,125.835505,7.259246,4.697510,0.035062
131.430161,124.131045,7.299115,133.250817,126.024699,7.226118,5.129933,0.035474
131.343460,124.019192,7.324267,133.422140,126.108233,7.313907,6.174572,0.030555
131.491667,124.157489,7.334178,132.763750,125.467325,7.296425,4.727948,0.037950
131.476849,124.169804,7.307045,133.770649,126.541155,7.229494,6.257267,0.042517
131.557438,124.250954,7.306483,132.926479,125.663777,7.262702,5.136065,0.040172
131.522651,124.203885,7.318765,133.565953,126.311443,7.254509,6.464324,0.035962
131.468027,124.155463,7.312564,133.513155,126.231921,7.281235,5.466533,0.044155
131.277644,123.957925,7.319719,133.725431,126.485617,7.239814,5.114179,0.041347
131.542079,124.225224,7.316854,133.167205,125.878847,7.288358,4.727682,0.041766
131.746670,124.420679,7.325991,132.987543,125.700249,7.287295,5.404634,0.038537
131.771715,124.452315,7.319400,133.383737,126.103262,7.280476,5.692467,0.036836
131.633641,124.318119,7.315522,133.922143,126.636552,7.285590,5.543126,0.038931
