277.305210,270.590205,6.715006,214.457016,206.139276,8.317740,1.466029,0.000013
214.675620,206.357859,8.317762,214.412259,206.094494,8.317766,1.183888,0.000000
214.632893,206.315129,8.317766,214.308304,205.990540,8.317766,nan,0.000000
214.642370,206.324605,8.317766,214.428775,206.111011,8.317766,nan,0.000000
214.625787,206.308023,8.317766,214.423972,206.106207,8.317766,nan,0.000000
214.610668,206.292904,8.317766,214.395647,206.077883,8.317766,nan,0.000000
214.581155,206.263390,8.317766,214.368863,206.051099,8.317766,nan,0.000000
214.559224,206.241459,8.317766,214.243527,205.925762,8.317766,nan,0.000000
214.552291,206.234527,8.317766,214.212742,205.894977,8.317766,nan,0.000000
214.547443,206.229679,8.317766,214.265375,205.947611,8.317766,nan,0.000000
214.528278,206.210514,8.317766,214.168095,205.850330,8.317766,nan,0.000000
214.537090,206.219326,8.317766,214.195535,205.877771,8.317766,nan,0.000000
214.509204,206.191439,8.317766,214.280616,205.962851,8.317766,nan,0.000000
214.518550,206.200786,8.317766,214.413554,206.095789,8.317766,nan,0.000000
214.498983,206.181219,8.317766,214.318390,206.000626,8.317766,nan,0.000000
214.494566,206.176802,8.317766,214.157927,205.840162,8.317766,nan,0.000000
214.509591,206.191827,8.317766,214.297400,205.979636,8.317766,nan,0.000000
214.485165,206.167401,8.317766,214.198880,205.881115,8.317766,nan,0.000000
214.497560,206.179795,8.317766,214.219349,205.901585,8.317766,nan,0.000000
214.487905,206.170140,8.317766,214.190197,205.872433,8.317766,nan,0.000000
214.473617,206.155853,8.317766,214.247738,205.929974,8.317766,nan,0.000000
214.481453,206.163689,8.317766,214.233181,205.915417,8.317766,nan,0.000000
214.472516,206.154751,8.317766,214.245984,205.928220,8.317766,nan,0.000000
214.463743,206.145978,8.317766,214.254466,205.936702,8.317766,nan,0.000000
214.457818,206.140054,8.317766,214.282738,205.964974,8.317766,nan,0.000000
214.450213,206.132449,8.317766,214.314876,205.997112,8.317766,nan,0.000000
214.453530,206.135766,8.317766,214.186882,205.869117,8.317766,nan,0.000000
214.437119,206.119355,8.317766,214.191871,205.874107,8.317766,nan,0.000000
214.450320,206.132556,8.317766,214.163453,205.845689,8.317766,nan,0.000000
214.453592,206.135828,8.317766,214.225799,205.908035,8.317766,nan,0.000000
214.440627,206.122862,8.317766,214.105560,205.787795,8.317766,nan,0.000000
214.432107,206.114343,8.317766,214.118144,205.800380,8.317766,nan,0.000000
214.435076,206.117312,8.317766,214.229602,205.911837,8.317766,nan,0.000000
214.427953,206.110188,8.317766,214.144451,205.826687,8.317766,nan,0.000000
214.437827,206.120062,8.317766,214.198946,205.881182,8.317766,nan,0.000000
214.437542,206.119778,8.317766,214.257113,205.939349,8.317766,nan,0.000000
214.436755,206.118991,8.317766,214.236383,205.918618,8.317766,nan,0.000000
214.427605,206.109840,8.317766,214.144011,205.826247,8.317766,nan,0.000000
214.421461,206.103697,8.317766,214.220083,205.902319,8.317766,nan,0.000000
214.438217,206.120453,8.317766,214.198935,205.881171,8.317766,nan,0.000000
214.422589,206.104825,8.317766,214.161995,205.844230,8.317766,nan,0.000000
214.429821,206.112057,8.317766,214.132544,205.814780,8.317766,nan,0.000000
214.416473,206.098709,8.317766,214.153587,205.835823,8.317766,nan,0.000000
214.419784,206.102020,8.317766,214.281476,205.963711,8.317766,nan,0.000000
214.422397,206.104633,8.317766,214.198115,205.880351,8.317766,nan,0.000000
214.417597,206.099833,8.317766,214.130044,205.812280,8.317766,nan,0.000000
214.425343,206.107578,8.317766,214.171006,205.853241,8.317766,nan,0.000000
214.417298,206.099533,8.317766,214.225014,205.907250,8.317766,nan,0.000000
214.416417,206.098653,8.317766,214.227399,205.909635,8.317766,nan,0.000000
214.414070,206.096306,8.317766,214.160393,205.842629,8.317766,nan,0.000000
214.420924,206.103159,8.317766,214.167900,205.850136,8.317766,nan,0.000000
214.413314,206.095550,8.317766,214.151314,205.833550,8.317766,nan,0.000000
214.415452,206.097688,8.317766,214.160202,205.842437,8.317766,nan,0.000000
214.412608,206.094843,8.317766,214.187052,205.869287,8.317766,nan,0.000000
214.416125,206.098360,8.317766,214.219070,205.901306,8.317766,nan,0.000000
214.410025,206.092260,8.317766,214.167907,205.850142,8.317766,nan,0.000000
214.414523,206.096759,8.317766,214.177969,205.860205,8.317766,nan,0.000000
214.412950,206.095186,8.317766,214.144890,205.827126,8.317766,nan,0.000000
214.406958,206.089194,8.317766,214.212544,205.894780,8.317766,nan,0.000000
214.410369,206.092605,8.317766,214.234455,205.916690,8.317766,nan,0.000000
214.404541,206.086777,8.317766,214.211975,205.894211,8.317766,nan,0.000000
214.414857,206.097093,8.317766,214.197916,205.880152,8.317766,nan,0.000000
214.411252,206.093488,8.317766,214.176809,205.859044,8.317766,nan,0.000000
214.406691,206.088927,8.317766,214.162270,205.844506,8.317766,nan,0.000000
214.407878,206.090114,8.317766,214.156835,205.839071,8.317766,nan,0.000000
214.405311,206.087547,8.317766,214.134226,205.816461,8.317766,nan,0.000000
214.405865,206.088101,8.317766,214.169499,205.851734,8.317766,nan,0.000000
214.403606,206.085841,8.317766,214.136608,205.818844,8.317766,nan,0.000000
214.410707,206.092943,8.317766,214.150452,205.832688,8.317766,nan,0.000000
214.400187,206.082423,8.317766,214.145673,205.827909,8.317766,nan,0.000000
214.397426,206.079661,8.317766,214.224986,205.907222,8.317766,nan,0.000000
214.401138,206.083374,8.317766,214.146149,205.828385,8.317766,nan,0.000000
214.403088,206.085324,8.317766,214.179973,205.862209,8.317766,nan,0.000000
214.405954,206.088190,8.317766,214.172509,205.854745,8.317766,nan,0.000000
214.407297,206.089532,8.317766,214.151861,205.834097,8.317766,nan,0.000000
214.401621,206.083856,8.317766,214.187776,205.870012,8.317766,nan,0.000000
214.400541,206.082777,8.317766,214.173000,205.855236,8.317766,nan,0.000000
214.405532,206.087768,8.317766,214.173882,205.856118,8.317766,nan,0.000000
214.397916,206.080151,8.317766,214.165308,205.847543,8.317766,nan,0.000000
214.401077,206.083313,8.317766,214.159994,205.842230,8.317766,nan,0.000000
214.402058,206.084294,8.317766,214.196670,205.878905,8.317766,nan,0.000000
214.397884,206.080120,8.317766,214.139434,205.821670,8.317766,nan,0.000000
214.396648,206.078883,8.317766,214.121978,205.804213,8.317766,nan,0.000000
214.399484,206.081719,8.317766,214.144378,205.826614,8.317766,nan,0.000000
214.402325,206.084561,8.317766,214.188601,205.870837,8.317766,nan,0.000000
214.396885,206.079121,8.317766,214.207733,205.889969,8.317766,nan,0.000000
214.399260,206.081496,8.317766,214.188088,205.870323,8.317766,nan,0.000000
214.399423,206.081659,8.317766,214.144286,205.826522,8.317766,nan,0.000000
214.394901,206.077137,8.317766,214.135362,205.817598,8.317766,nan,0.000000
214.392679,206.074915,8.317766,214.157973,205.840209,8.317766,nan,0.000000
214.402365,206.084601,8.317766,214.132520,205.814755,8.317766,nan,0.000000
214.390744,206.072980,8.317766,214.175273,205.857509,8.317766,nan,0.000000
214.395754,206.077989,8.317766,214.151838,205.834073,8.317766,nan,0.000000
214.398239,206.080475,8.317766,214.126151,205.808386,8.317766,nan,0.000000
214.393159,206.075395,8.317766,214.128208,205.810443,8.317766,nan,0.000000
214.401809,206.084044,8.317766,214.186962,205.869197,8.317766,nan,0.000000
214.396774,206.079010,8.317766,214.124366,205.806601,8.317766,nan,0.000000
214.394695,206.076930,8.317766,214.162166,205.844401,8.317766,nan,0.000000
214.397731,206.079967,8.317766,214.128919,205.811155,8.317766,nan,0.000000
214.391457,206.073692,8.317766,214.122295,205.804530,8.317766,nan,0.000000
214.395425,206.077661,8.317766,214.141772,205.824007,8.317766,nan,0.000000
214.394285,206.076521,8.317766,214.155555,205.837791,8.317766,nan,0.000000
214.392724,206.074959,8.317766,214.157727,205.839963,8.317766,nan,0.000000
214.395893,206.078128,8.317766,214.152994,205.835230,8.317766,nan,0.000000
214.387967,206.070203,8.317766,214.153518,205.835753,8.317766,nan,0.000000
214.392843,206.075079,8.317766,214.179682,205.861917,8.317766,nan,0.000000
214.392390,206.074626,8.317766,214.136042,205.818278,8.317766,nan,0.000000
214.389546,206.071782,8.317766,214.132130,205.814366,8.317766,nan,0.000000
214.389018,206.071254,8.317766,214.148048,205.830284,8.317766,nan,0.000000
214.391360,206.073595,8.317766,214.159794,205.842030,8.317766,nan,0.000000
214.388763,206.070999,8.317766,214.213075,205.895311,8.317766,nan,0.000000
214.391654,206.073890,8.317766,214.144000,205.826236,8.317766,nan,0.000000
214.387318,206.069553,8.317766,214.101120,205.783356,8.317766,nan,0.000000
214.392433,206.074669,8.317766,214.172978,205.855213,8.317766,nan,0.000000
214.391297,206.073533,8.317766,214.165555,205.847791,8.317766,nan,0.000000
214.388190,206.070425,8.317766,214.159544,205.841780,8.317766,nan,0.000000
214.386774,206.069010,8.317766,214.163039,205.845275,8.317766,nan,0.000000
214.394505,206.076740,8.317766,214.144826,205.827062,8.317766,nan,0.000000
214.387198,206.069433,8.317766,214.135009,205.817244,8.317766,nan,0.000000
214.384226,206.066462,8.317766,214.176134,205.858370,8.317766,nan,0.000000
214.392352,206.074588,8.317766,214.156136,205.838372,8.317766,nan,0.000000
214.383274,206.065510,8.317766,214.164023,205.846259,8.317766,nan,0.000000
214.386082,206.068318,8.317766,214.113444,205.795680,8.317766,nan,0.000000
214.384644,206.066879,8.317766,214.136505,205.818741,8.317766,nan,0.000000
214.387900,206.070136,8.317766,214.130307,205.812543,8.317766,nan,0.000000
214.388295,206.070530,8.317766,214.135535,205.817770,8.317766,nan,0.000000
214.393043,206.075279,8.317766,214.176757,205.858992,8.317766,nan,0.000000
214.384032,206.066268,8.317766,214.227793,205.910029,8.317766,nan,0.000000
214.388841,206.071076,8.317766,214.151582,205.833818,8.317766,nan,0.000000
214.384128,206.066363,8.317766,214.169486,205.851722,8.317766,nan,0.000000
214.389115,206.071350,8.317766,214.220480,205.902715,8.317766,nan,0.000000
214.385065,206.067301,8.317766,214.134668,205.816903,8.317766,nan,0.000000
214.390994,206.073230,8.317766,214.122278,205.804513,8.317766,nan,0.000000
214.390565,206.072800,8.317766,214.158953,205.841189,8.317766,nan,0.000000
214.385525,206.067760,8.317766,214.184175,205.866410,8.317766,nan,0.000000
214.390347,206.072582,8.317766,214.184830,205.867065,8.317766,nan,0.000000
214.388986,206.071222,8.317766,214.170396,205.852632,8.317766,nan,0.000000
214.386339,206.068574,8.317766,214.163944,205.846180,8.317766,nan,0.000000
214.390254,206.072490,8.317766,214.154951,205.837187,8.317766,nan,0.000000
214.381712,206.063947,8.317766,214.155293,205.837529,8.317766,nan,0.000000
214.386675,206.068911,8.317766,214.137981,205.820217,8.317766,nan,0.000000
214.386342,206.068578,8.317766,214.117188,205.799424,8.317766,nan,0.000000
214.392982,206.075217,8.317766,214.129873,205.812109,8.317766,nan,0.000000
214.387740,206.069976,8.317766,214.187950,205.870186,8.317766,nan,0.000000
214.389783,206.072019,8.317766,214.168908,205.851144,8.317766,nan,0.000000
214.387827,206.070063,8.317766,214.112415,205.794651,8.317766,nan,0.000000
214.382929,206.065164,8.317766,214.127349,205.809584,8.317766,nan,0.000000
214.386042,206.068277,8.317766,214.183587,205.865823,8.317766,nan,0.000000
214.383911,206.066147,8.317766,214.202215,205.884451,8.317766,nan,0.000000
214.384870,206.067106,8.317766,214.145994,205.828230,8.317766,nan,0.000000
214.385653,206.067889,8.317766,214.127094,205.809330,8.317766,nan,0.000000
214.384825,206.067061,8.317766,214.165598,205.847833,8.317766,nan,0.000000
214.384750,206.066986,8.317766,214.163875,205.846111,8.317766,nan,0.000000
214.382306,206.064542,8.317766,214.137461,205.819697,8.317766,nan,0.000000
214.380935,206.063171,8.317766,214.161467,205.843702,8.317766,nan,0.000000
214.384632,206.066868,8.317766,214.167060,205.849295,8.317766,nan,0.000000
214.386061,206.068297,8.317766,214.200040,205.882275,8.317766,nan,0.000000
214.382442,206.064678,8.317766,214.137956,205.820192,8.317766,nan,0.000000
214.380554,206.062789,8.317766,214.124470,205.806706,8.317766,nan,0.000000
214.382978,206.065214,8.317766,214.118256,205.800492,8.317766,nan,0.000000
