260.138789,238.735608,21.403181,212.161043,186.168265,25.992778,1.981826,0.018883
190.449154,161.547654,28.901500,177.000258,147.863195,29.137064,2.845957,0.029166
169.094782,141.450074,27.644707,162.120109,134.998949,27.121158,2.459671,0.034503
157.519101,130.687307,26.831794,152.059299,125.507498,26.551801,2.426200,0.042282
149.525394,122.990249,26.535144,145.738141,119.189688,26.548453,2.451116,0.042788
144.145808,117.537287,26.608522,141.432385,114.594989,26.837396,2.643174,0.043592
140.575824,113.716662,26.859162,138.516085,111.475882,27.040202,2.722434,0.042598
137.406136,110.782566,26.623570,134.831460,108.586749,26.244711,2.658910,0.045252
134.247230,108.013779,26.233451,132.342645,106.126801,26.215844,2.711343,0.044333
131.878903,105.916944,25.961959,129.430180,104.181423,25.248756,2.647339,0.044810
129.695272,104.373587,25.321685,128.681372,103.222127,25.459244,2.741225,0.045423
128.593122,103.054246,25.538877,127.622618,101.958960,25.663658,2.648266,0.044315
127.698902,101.965603,25.733299,126.662868,100.935280,25.727588,2.699878,0.045984
126.173611,100.836949,25.336662,125.344597,100.066588,25.278008,2.742400,0.045566
125.044431,99.899179,25.145251,124.572874,99.402775,25.170100,2.505971,0.047389
124.187478,98.897595,25.289883,123.590339,98.152290,25.438049,2.768243,0.046467
123.432717,98.084586,25.348132,123.320568,98.054320,25.266247,2.823413,0.044838
122.804950,97.484857,25.320093,122.412830,97.129713,25.283118,2.799730,0.043692
122.069062,96.819241,25.249821,121.640325,96.452478,25.187847,2.671948,0.044512
121.400490,96.237516,25.162973,121.181451,96.089420,25.092031,2.874223,0.046376
120.791896,95.686667,25.105229,120.503566,95.309665,25.193900,2.769449,0.043113
120.208967,95.090755,25.118211,120.269731,95.277884,24.991847,2.808549,0.041890
119.745597,94.684266,25.061331,119.903567,94.898299,25.005268,2.893806,0.044121
119.223491,94.244760,24.978731,118.858793,94.056255,24.802538,3.051757,0.039316
118.585156,93.752657,24.832500,118.392937,93.571971,24.820966,2.967233,0.038951
118.115867,93.382253,24.733614,118.271075,93.807672,24.463404,2.824697,0.042483
117.684787,93.097948,24.586839,117.958807,93.470425,24.488382,2.941633,0.041223
117.244685,92.648661,24.596024,117.522045,92.956727,24.565318,2.969626,0.040242
116.908715,92.268971,24.639745,116.984826,92.240261,24.744566,2.915192,0.037270
116.629227,91.983204,24.646023,116.701630,92.205776,24.495854,2.908222,0.041099
116.095077,91.643621,24.451456,116.425399,91.936955,24.488444,2.810589,0.045854
115.866034,91.432591,24.433443,116.235364,91.797598,24.437766,2.862825,0.043311
115.476142,91.055633,24.420509,115.996274,91.589582,24.406693,2.896766,0.040176
115.217881,90.816749,24.401132,115.665803,91.280546,24.385257,2.873467,0.042802
114.957393,90.544828,24.412566,115.090587,90.714002,24.376585,2.904085,0.042000
114.631188,90.242302,24.388886,114.930978,90.599095,24.331883,2.957721,0.037739
114.251194,89.969834,24.281360,114.545771,90.282348,24.263423,2.800215,0.043522
114.066546,89.800813,24.265733,114.582128,90.231028,24.351100,2.870625,0.040843
113.797016,89.500697,24.296319,114.405305,90.118164,24.287141,2.757455,0.044947
113.543413,89.265846,24.277567,114.111162,89.846140,24.265023,2.950242,0.041032
113.371283,89.062654,24.308629,113.861714,89.595873,24.265841,3.056362,0.036749
113.114139,88.850261,24.263878,113.626883,89.350745,24.276138,2.971371,0.039175
113.006545,88.684482,24.322062,113.537412,89.232737,24.304675,3.118669,0.035904
112.771832,88.468784,24.303048,113.544486,89.324371,24.220114,2.824132,0.041147
112.617455,88.338345,24.279110,113.282003,89.051300,24.230704,3.092958,0.038495
112.446461,88.140756,24.305705,112.962217,88.723358,24.238859,2.890841,0.044194
112.275326,87.972938,24.302388,112.860959,88.517575,24.343384,2.860988,0.042175
112.058959,87.764956,24.294003,112.947549,88.778607,24.168941,2.912426,0.041154
111.815688,87.658477,24.157211,112.459015,88.405412,24.053602,2.802037,0.044939
111.677251,87.561071,24.116180,112.505867,88.453298,24.052568,2.862510,0.039544
111.468121,87.342203,24.125919,112.361386,88.288705,24.072681,2.836244,0.042452
111.309389,87.220251,24.089138,112.220412,88.105898,24.114513,2.989568,0.042313
111.226654,87.073749,24.152905,111.908900,87.846197,24.062703,3.062759,0.036404
111.048593,86.929338,24.119255,112.009022,87.917594,24.091428,2.901303,0.039217
110.881329,86.776037,24.105292,111.709747,87.624942,24.084805,2.911118,0.039313
110.830074,86.706883,24.123191,111.887274,87.830083,24.057192,3.053893,0.037845
110.660102,86.574669,24.085433,111.799399,87.777267,24.022132,2.866288,0.041540
110.543562,86.410437,24.133126,111.442541,87.377744,24.064797,2.902082,0.041497
110.402830,86.300922,24.101908,111.523692,87.444500,24.079193,3.074544,0.039982
110.286107,86.165027,24.121080,111.557728,87.512454,24.045274,2.959604,0.039145
110.188713,86.108237,24.080476,111.114749,87.029346,24.085402,2.812210,0.043965
110.091351,85.968568,24.122783,110.935965,86.802013,24.133952,3.133141,0.036133
109.904529,85.770166,24.134363,110.742336,86.932264,23.810072,2.851927,0.043739
109.313504,85.573126,23.740378,110.082798,86.702112,23.380686,2.858070,0.040650
108.899467,85.469291,23.430176,109.780286,86.331008,23.449279,2.977963,0.039008
108.681887,85.238768,23.443119,110.218939,86.888950,23.329988,2.982378,0.041117
108.579712,85.106268,23.473444,109.875597,86.438625,23.436972,3.064042,0.040382
108.459074,84.967686,23.491388,109.688871,86.453455,23.235416,3.065602,0.037120
108.100838,84.854283,23.246555,109.228513,86.045160,23.183354,3.104202,0.039131
108.015990,84.762022,23.253969,109.344227,86.023175,23.321052,2.789147,0.038784
107.898650,84.629593,23.269057,109.272654,86.090808,23.181847,2.912263,0.038096
107.885420,84.585616,23.299804,109.198665,86.011891,23.186774,2.865682,0.040824
107.707556,84.385756,23.321799,109.070280,85.732009,23.338271,2.864670,0.037535
107.694282,84.331055,23.363227,108.936756,85.582033,23.354723,2.791355,0.041851
107.514930,84.189340,23.325590,108.833660,85.620070,23.213591,3.079124,0.037427
107.462503,84.126920,23.335584,108.931651,85.593282,23.338370,3.134676,0.033762
107.335416,83.957105,23.378311,108.979426,85.626398,23.353028,2.959391,0.039905
107.239556,83.875139,23.364418,108.597453,85.234679,23.362774,2.916886,0.040153
107.213785,83.856280,23.357505,108.714059,85.384810,23.329249,2.888749,0.041508
107.172945,83.742448,23.430498,108.552969,85.204065,23.348905,2.888450,0.038872
107.037980,83.642589,23.395391,108.507859,85.029938,23.477921,2.932579,0.038702
106.975600,83.596867,23.378733,108.443936,85.021789,23.422147,3.002317,0.038921
106.905861,83.495022,23.410838,108.473377,85.142857,23.330520,2.939478,0.037160
106.818133,83.402402,23.415731,108.175378,84.864101,23.311277,2.995466,0.039049
106.761894,83.378423,23.383471,108.317127,84.953113,23.364014,2.960381,0.037466
106.679360,83.269787,23.409573,108.278256,84.868146,23.410110,2.804401,0.038082
106.583670,83.166196,23.417474,108.213027,84.855263,23.357764,2.915055,0.039009
106.553871,83.118124,23.435747,108.005694,84.729930,23.275765,3.015262,0.039131
106.444256,83.038232,23.406024,107.928987,84.590226,23.338761,2.923736,0.040247
106.405706,82.971533,23.434173,107.916098,84.535008,23.381090,2.939018,0.034765
106.321719,82.878486,23.443233,107.617782,84.330824,23.286958,3.138269,0.037276
106.309156,82.900544,23.408612,107.947937,84.617293,23.330645,2.892933,0.038658
106.210515,82.759475,23.451040,107.716500,84.426540,23.289961,2.891479,0.040029
106.129775,82.675330,23.454444,107.986229,84.594968,23.391261,3.187756,0.036603
106.093181,82.633863,23.459318,107.856702,84.443705,23.412997,2.952056,0.041407
106.080721,82.606709,23.474011,107.644460,84.209431,23.435029,2.779681,0.042078
106.040148,82.569044,23.471103,107.927702,84.433728,23.493974,2.798446,0.037430
105.947709,82.484423,23.463286,107.503695,84.101849,23.401846,3.077282,0.036977
105.926709,82.421909,23.504800,107.516271,84.011102,23.505169,2.996750,0.035904
105.836467,82.324635,23.511831,107.513051,84.083821,23.429230,2.954117,0.036073
105.805129,82.295928,23.509201,107.501563,84.004588,23.496975,2.966119,0.038646
105.774705,82.266502,23.508202,107.423256,83.972937,23.450319,3.021249,0.039929
105.730970,82.218322,23.512648,107.490730,83.984477,23.506254,2.971796,0.036828
105.660047,82.151993,23.508054,107.468400,83.954237,23.514163,3.087726,0.035977
105.635180,82.094577,23.540603,107.257478,83.775780,23.481698,2.934013,0.040259
105.580212,82.009587,23.570625,107.364626,83.854284,23.510343,2.939332,0.038161
105.524616,81.994284,23.530332,107.245127,83.820689,23.424438,2.950583,0.035969
105.541235,82.017898,23.523338,107.344380,83.911441,23.432940,3.043752,0.037017
105.435943,81.923907,23.512035,107.183840,83.769018,23.414823,2.951221,0.038770
105.351041,81.841591,23.509450,107.226864,83.684563,23.542301,3.083267,0.035897
105.366932,81.808179,23.558753,107.441004,83.907396,23.533607,3.058250,0.038362
105.331038,81.787955,23.543084,107.189069,83.795362,23.393707,2.888240,0.039236
105.293694,81.770400,23.523294,107.392744,83.909117,23.483627,2.880080,0.038099
105.313765,81.725705,23.588059,107.211043,83.687222,23.523822,2.997446,0.038761
105.284752,81.708476,23.576276,107.038987,83.479739,23.559248,3.052522,0.038339
105.209509,81.657192,23.552317,107.109125,83.568789,23.540336,3.089413,0.037464
105.203546,81.615550,23.587996,106.985741,83.441056,23.544685,2.852759,0.041563
105.099722,81.518266,23.581456,107.032307,83.463636,23.568671,3.040030,0.036351
105.116125,81.534882,23.581242,107.118133,83.640064,23.478069,2.997361,0.037396
105.102068,81.530687,23.571381,107.111148,83.624653,23.486495,3.003704,0.039529
105.076408,81.495182,23.581226,107.103011,83.563140,23.539871,2.918687,0.039588
104.974195,81.383243,23.590952,107.035472,83.496554,23.538917,2.938133,0.038224
105.002158,81.419363,23.582794,106.990352,83.366450,23.623901,2.850392,0.039452
104.908319,81.292041,23.616278,106.912475,83.407318,23.505157,3.084891,0.037113
104.935909,81.338332,23.597577,106.843259,83.120717,23.722542,2.828380,0.039631
104.911910,81.284626,23.627284,107.075112,83.413938,23.661174,3.010852,0.036150
104.818077,81.211491,23.606586,106.830886,83.334396,23.496490,2.814449,0.038751
104.835046,81.227092,23.607954,106.718426,83.060185,23.658241,2.855787,0.037968
104.768260,81.154468,23.613792,106.963473,83.437730,23.525743,3.067539,0.034365
104.818890,81.199402,23.619487,106.711792,83.101156,23.610636,3.103719,0.033844
104.805089,81.151092,23.653998,106.709410,83.083560,23.625851,2.911493,0.037221
104.718167,81.102369,23.615797,106.719772,83.165449,23.554323,3.104445,0.034351
104.703186,81.098834,23.604352,106.874038,83.352911,23.521127,2.918925,0.039145
104.714165,81.058970,23.655195,106.721388,83.084708,23.636679,3.076706,0.035744
104.619028,80.954363,23.664665,106.525511,83.014032,23.511479,3.137504,0.038015
104.610827,80.988494,23.622333,106.755680,83.157789,23.597892,2.923107,0.038150
104.591425,80.928369,23.663056,106.876558,83.268614,23.607943,2.881278,0.040848
104.580719,80.947371,23.633348,106.702012,83.118114,23.583898,3.058704,0.036329
104.472784,80.834954,23.637830,106.730377,83.131309,23.599068,2.842138,0.038093
104.505765,80.868480,23.637285,106.708519,82.987424,23.721096,3.057611,0.034190
104.469774,80.835765,23.634009,106.836447,83.244866,23.591581,2.846704,0.041226
104.441094,80.826272,23.614822,106.866247,83.211601,23.654646,2.902832,0.038167
104.479753,80.835797,23.643956,106.412452,82.740084,23.672368,2.856141,0.037777
104.447732,80.781824,23.665908,106.752278,83.033257,23.719021,2.853477,0.038427
104.386604,80.717941,23.668663,106.422941,82.822827,23.600115,2.760624,0.039789
104.388442,80.747861,23.640581,106.436761,82.754511,23.682250,2.991217,0.036414
104.316883,80.648074,23.668809,106.609917,82.976794,23.633123,3.014697,0.042630
104.287162,80.601854,23.685308,106.632936,82.951313,23.681623,3.129950,0.033845
104.271189,80.627998,23.643191,106.615303,82.882351,23.732952,3.076951,0.034856
104.279266,80.616195,23.663071,106.408468,82.716787,23.691680,2.973727,0.037512
104.280432,80.582774,23.697659,106.634020,82.942788,23.691232,2.989623,0.035977
104.210691,80.546642,23.664050,106.482094,82.768857,23.713237,3.065968,0.035421
104.202499,80.521794,23.680705,106.583053,82.921383,23.661670,2.954720,0.038768
104.178257,80.476182,23.702075,106.331009,82.686409,23.644600,3.015062,0.039465
104.140207,80.454874,23.685334,106.596767,82.994898,23.601869,3.183584,0.035572
104.112218,80.443738,23.668480,106.323428,82.682724,23.640704,3.175309,0.034171
104.114242,80.403042,23.711200,106.365998,82.766866,23.599131,2.954218,0.039322
104.039019,80.373149,23.665870,106.445948,82.822071,23.623877,2.837368,0.036397
104.010598,80.329701,23.680897,106.589004,83.005166,23.583838,3.075106,0.037983
104.047563,80.389207,23.658356,106.025826,82.466091,23.559735,3.046113,0.038265
