198.824535,195.669122,3.155413,176.970698,170.159560,6.811138,3.675371,0.009736
163.970508,154.212469,9.758039,153.631798,142.032382,11.599417,3.553798,0.013597
148.353774,135.992817,12.360957,143.721541,131.016566,12.704974,3.710544,0.014892
141.538318,128.356347,13.181971,138.315907,124.679303,13.636605,3.642574,0.015230
136.893046,123.006988,13.886057,134.500514,119.996435,14.504080,3.850104,0.014188
133.805191,119.221194,14.583997,131.943284,117.111942,14.831342,3.971421,0.015025
131.386250,116.349551,15.036699,129.590117,114.402368,15.187749,3.975530,0.013778
129.152484,113.657947,15.494537,127.393326,111.616501,15.776825,3.962468,0.013967
127.311534,111.556844,15.754691,125.884369,110.019097,15.865272,4.024479,0.014997
125.743085,109.876229,15.866856,124.485249,108.451440,16.033809,3.797702,0.015513
124.569900,108.501726,16.068174,123.623761,107.602127,16.021634,3.757256,0.014996
123.407177,107.230714,16.176464,122.223513,105.920425,16.303089,4.091047,0.013089
122.549014,106.242056,16.306958,121.876487,105.385856,16.490631,4.049725,0.015119
121.691618,105.285667,16.405951,121.279883,104.880901,16.398982,3.862023,0.015193
120.965754,104.527714,16.438040,120.426484,103.846398,16.580086,3.898291,0.014906
120.254832,103.694950,16.559882,119.729795,103.195680,16.534115,3.953465,0.015653
119.642189,103.021213,16.620976,119.176748,102.575132,16.601615,3.963359,0.015848
119.053028,102.389377,16.663651,118.939344,102.450611,16.488734,3.883508,0.015008
118.542585,101.824096,16.718489,118.395704,101.724664,16.671040,4.088151,0.014349
117.981220,101.231341,16.749879,117.598316,100.826613,16.771703,4.075468,0.014516
117.481783,100.704846,16.776937,117.351569,100.593319,16.758251,3.971610,0.015951
117.065821,100.227125,16.838696,116.922647,100.120679,16.801968,4.071485,0.015006
116.652572,99.836061,16.816511,116.341009,99.611752,16.729257,4.129857,0.015069
116.305037,99.433430,16.871608,116.119131,99.248228,16.870903,4.048119,0.014632
115.919865,99.025953,16.893913,115.787413,98.885344,16.902069,3.917264,0.014795
115.549752,98.611433,16.938318,115.657086,98.682859,16.974227,4.122334,0.014952
115.130074,98.167815,16.962259,115.447468,98.529865,16.917602,4.097535,0.015423
114.844679,97.880384,16.964294,114.933716,97.904067,17.029649,4.183456,0.014144
114.641911,97.680906,16.961005,114.678009,97.661648,17.016361,4.209018,0.013443
114.350537,97.391140,16.959396,114.571358,97.596148,16.975210,3.942899,0.015693
114.109661,97.145203,16.964459,114.281838,97.333557,16.948281,4.069151,0.014467
113.830562,96.827103,17.003459,114.030529,97.006229,17.024300,4.097806,0.014818
113.607877,96.579976,17.027901,114.134802,97.144851,16.989951,4.094745,0.014980
113.371970,96.359159,17.012812,113.645410,96.661592,16.983818,4.279401,0.014688
113.129853,96.098376,17.031477,113.789167,96.553289,17.235878,3.985428,0.014780
112.907066,95.882743,17.024323,113.131844,95.987838,17.144006,4.148391,0.014236
112.746191,95.662323,17.083869,113.397956,96.303956,17.094000,4.220117,0.014250
112.598147,95.536275,17.061873,112.962136,95.905963,17.056173,4.106905,0.014620
112.355215,95.287813,17.067402,113.441443,96.278372,17.163071,3.975408,0.014752
112.194346,95.088419,17.105928,112.565211,95.526243,17.038969,4.013391,0.015471
112.061187,94.954292,17.106895,112.588283,95.467114,17.121170,4.269047,0.014787
111.930751,94.816239,17.114512,112.478358,95.299070,17.179287,4.039047,0.014750
111.718065,94.571720,17.146345,112.318254,95.191191,17.127063,4.145414,0.014995
111.614265,94.481938,17.132327,112.223461,95.040181,17.183279,4.236802,0.013828
111.439568,94.266802,17.172766,112.391889,95.202631,17.189258,4.110839,0.014900
111.340247,94.122980,17.217267,111.875412,94.732884,17.142528,4.306227,0.014005
111.165123,94.007898,17.157225,111.816477,94.558451,17.258026,4.120785,0.015382
110.976543,93.779392,17.197151,111.739760,94.674827,17.064932,4.332887,0.014076
110.899538,93.715004,17.184534,111.733808,94.485403,17.248405,4.207839,0.013825
110.765159,93.545152,17.220007,111.515464,94.249499,17.265964,4.242284,0.013555
110.589130,93.396424,17.192707,111.489702,94.334432,17.155270,4.024287,0.015584
110.458596,93.277435,17.181161,111.020078,93.899540,17.120538,4.424803,0.013995
110.398497,93.191240,17.207257,111.258150,94.066038,17.192112,4.117599,0.014310
110.280655,93.008449,17.272206,111.337140,94.122017,17.215122,4.369992,0.014372
110.163661,92.977989,17.185672,110.948293,93.640443,17.307851,4.247417,0.014393
110.015991,92.769489,17.246502,110.895492,93.777720,17.117772,4.381122,0.013998
110.010634,92.744882,17.265752,110.983301,93.890031,17.093270,4.219865,0.014762
109.886456,92.632636,17.253821,110.863316,93.622676,17.240640,4.081922,0.015331
109.799880,92.566773,17.233107,110.826226,93.676929,17.149297,4.296951,0.013266
109.641333,92.362858,17.278475,110.814869,93.451473,17.363395,4.105984,0.015474
109.554465,92.228160,17.326305,110.876532,93.572099,17.304433,4.235570,0.015033
109.465469,92.127614,17.337855,110.381266,93.047394,17.333871,4.412511,0.013528
109.348233,92.044275,17.303957,110.466195,93.218059,17.248136,4.209701,0.014834
109.284542,91.982468,17.302074,110.512025,93.078510,17.433515,4.275074,0.013989
109.197884,91.886230,17.311654,110.432758,93.263646,17.169112,4.375574,0.014888
109.141970,91.814960,17.327010,110.045084,92.840303,17.204781,4.405806,0.013719
109.113892,91.796148,17.317744,109.858952,92.514549,17.344402,4.541420,0.013507
109.009409,91.668651,17.340758,110.374737,93.128081,17.246656,4.291975,0.014400
109.010099,91.682436,17.327663,110.004968,92.663686,17.341282,4.222791,0.014455
108.906190,91.617310,17.288880,110.220128,92.988836,17.231291,4.398710,0.014886
108.814490,91.476800,17.337690,109.787922,92.499053,17.288869,4.346148,0.015601
108.775175,91.387179,17.387996,110.006340,92.709119,17.297221,4.621641,0.013206
108.614842,91.284758,17.330084,109.676598,92.382616,17.293982,4.278196,0.014809
108.648475,91.347323,17.301152,110.043863,92.726316,17.317547,4.555518,0.012927
108.606860,91.238540,17.368320,109.844401,92.663600,17.180802,4.461587,0.013652
108.534355,91.240910,17.293445,109.555055,92.214404,17.340652,4.404160,0.013698
108.440402,91.109877,17.330525,109.806598,92.555156,17.251442,4.382641,0.013783
108.487562,91.132749,17.354813,109.427437,92.006939,17.420498,4.285323,0.014126
108.416776,91.077370,17.339406,109.441493,92.154089,17.287404,4.507336,0.013420
108.180073,90.814868,17.365205,109.495855,92.201070,17.294784,4.451641,0.014243
108.255869,90.903837,17.352032,109.551306,92.237932,17.313374,4.256108,0.014307
108.213534,90.862407,17.351127,109.321446,92.045280,17.276167,4.225806,0.014984
108.253713,90.874139,17.379574,109.681229,92.418394,17.262835,4.325136,0.014498
108.156413,90.800991,17.355422,109.423281,92.166812,17.256469,4.247101,0.015982
108.124913,90.733450,17.391463,109.442307,92.139733,17.302574,4.354678,0.014197
108.025683,90.699074,17.326608,109.204770,91.950350,17.254421,4.175839,0.015174
107.975655,90.663651,17.312004,109.235534,91.922756,17.312777,4.426310,0.014678
108.008978,90.633466,17.375512,109.102147,91.607243,17.494905,4.316216,0.013903
107.916287,90.531582,17.384706,109.018819,91.666923,17.351896,4.395256,0.013932
107.799644,90.423725,17.375919,109.287436,92.111164,17.176271,4.310112,0.015639
107.749428,90.398829,17.350599,109.126841,91.797484,17.329357,4.430809,0.014166
107.779619,90.409414,17.370205,108.719449,91.301428,17.418022,4.365876,0.014453
107.670121,90.317598,17.352523,108.949476,91.694104,17.255372,4.308422,0.015006
107.566194,90.189570,17.376624,109.178334,91.735498,17.442836,4.034525,0.015124
107.575769,90.178003,17.397766,109.222018,91.959740,17.262278,4.503745,0.012906
107.533212,90.103642,17.429570,108.608876,91.253200,17.355677,4.376659,0.013992
107.494224,90.103296,17.390929,108.714521,91.317510,17.397011,4.414250,0.014474
107.569375,90.177846,17.391530,108.829309,91.408470,17.420839,4.331540,0.014060
107.410449,90.023456,17.386993,108.780684,91.468979,17.311705,4.254282,0.015557
107.417246,90.006849,17.410397,108.942822,91.617720,17.325102,4.251145,0.015570
107.364925,89.993436,17.371489,108.818167,91.558985,17.259181,4.319609,0.014494
107.361131,89.981408,17.379723,108.780539,91.297867,17.482672,4.228837,0.014454
107.265592,89.869543,17.396049,108.859663,91.555432,17.304231,4.627627,0.013583
107.224853,89.814944,17.409909,108.667318,91.375001,17.292317,4.407763,0.014178
107.254236,89.843519,17.410717,108.497068,91.060528,17.436540,4.358623,0.013992
107.231118,89.832383,17.398735,108.628931,91.278583,17.350348,4.378560,0.014467
107.190358,89.773500,17.416859,108.667646,91.268176,17.399469,4.218425,0.014345
107.135224,89.715029,17.420196,108.331708,90.920802,17.410906,4.492317,0.015020
107.100878,89.705744,17.395134,108.639243,91.301364,17.337879,4.260647,0.014916
106.983314,89.570436,17.412878,108.449356,91.175205,17.274150,4.427177,0.014497
107.038982,89.675071,17.363911,108.519915,91.305335,17.214581,4.611051,0.013239
107.008072,89.607195,17.400877,108.601540,91.205931,17.395609,4.261680,0.015189
106.877081,89.417203,17.459878,108.434690,91.053211,17.381479,4.323761,0.014227
106.939442,89.530796,17.408646,108.282230,90.875147,17.407082,4.410441,0.013637
106.857594,89.426968,17.430626,108.419710,91.020087,17.399623,4.354573,0.015551
106.825157,89.420147,17.405011,108.332298,90.819544,17.512753,4.560543,0.013417
106.762203,89.353721,17.408482,108.440557,91.030287,17.410270,4.283020,0.014609
106.857809,89.407757,17.450053,108.558137,91.174537,17.383601,4.269294,0.014867
106.744375,89.341355,17.403019,108.285917,90.999316,17.286601,4.398280,0.014391
106.797361,89.343474,17.453887,108.306834,90.951472,17.355362,4.404071,0.013803
106.732123,89.299559,17.432563,108.655761,91.336881,17.318880,4.064036,0.015691
106.751835,89.291008,17.460827,108.395571,90.983774,17.411797,4.374682,0.014520
106.626779,89.191970,17.434809,108.369023,91.048288,17.320735,4.738860,0.013289
106.748940,89.307882,17.441058,108.189476,90.782680,17.406795,4.407278,0.015213
106.671171,89.254047,17.417124,108.148376,90.770832,17.377545,4.239157,0.014199
106.619737,89.187909,17.431828,108.305941,90.827524,17.478417,4.341003,0.014780
106.599945,89.134131,17.465814,108.133737,90.800584,17.333153,4.375220,0.014946
106.685769,89.242352,17.443418,108.468066,91.089783,17.378284,4.349309,0.015889
106.539971,89.097778,17.442193,107.851510,90.408026,17.443484,4.235242,0.015824
106.584924,89.090392,17.494533,108.325555,90.971039,17.354517,4.427674,0.014845
106.532227,89.098261,17.433965,108.168549,90.715741,17.452808,4.541986,0.014540
106.533502,89.073686,17.459815,108.169613,90.736947,17.432666,4.131592,0.015548
106.537747,89.073189,17.464558,108.003126,90.576613,17.426512,4.455366,0.013384
106.433799,88.979737,17.454062,108.012599,90.595064,17.417535,4.783112,0.013883
106.397800,88.934478,17.463322,108.033141,90.596468,17.436673,4.355740,0.014390
106.416721,88.939872,17.476850,107.806523,90.423205,17.383318,4.609653,0.014476
106.394723,88.929818,17.464905,108.561167,91.035247,17.525919,4.074713,0.015584
106.392729,88.850210,17.542519,107.900900,90.430586,17.470313,4.471916,0.013718
106.311985,88.783805,17.528180,108.002048,90.709182,17.292866,4.436678,0.014135
106.409864,88.929014,17.480850,108.032566,90.508680,17.523886,4.366317,0.013177
106.278471,88.759722,17.518749,108.052698,90.615920,17.436778,4.536555,0.014970
106.340487,88.838995,17.501491,107.781008,90.326487,17.454521,4.571472,0.015101
106.344011,88.845459,17.498552,108.085070,90.629844,17.455226,4.379951,0.014607
106.195564,88.679047,17.516516,107.660134,90.212768,17.447366,4.358653,0.015137
106.283583,88.750873,17.532711,107.898609,90.437709,17.460900,4.437518,0.015459
106.194994,88.696636,17.498358,108.314553,90.886912,17.427641,4.426181,0.015284
106.230495,88.702445,17.528050,107.965335,90.402021,17.563313,4.178835,0.015474
106.176864,88.689909,17.486954,107.951438,90.574424,17.377015,4.414891,0.014272
106.252236,88.728826,17.523410,107.767059,90.286116,17.480943,4.185610,0.014582
106.260655,88.722579,17.538075,108.345886,90.779097,17.566790,4.550529,0.013905
106.126787,88.586306,17.540481,107.641024,90.165651,17.475374,4.828701,0.013669
106.092418,88.606581,17.485836,107.725762,90.331595,17.394167,4.592002,0.013812
106.116270,88.613345,17.502925,107.889710,90.433543,17.456167,4.510093,0.014125
106.118651,88.612775,17.505876,107.650877,90.135679,17.515198,4.549149,0.014099
106.060769,88.521804,17.538965,107.531585,90.084114,17.447470,4.656644,0.013856
106.186328,88.649493,17.536835,107.507766,89.960087,17.547679,4.446648,0.014144
106.097346,88.606803,17.490543,107.850355,90.303710,17.546645,4.526682,0.014776
106.128941,88.588308,17.540633,107.627520,90.124983,17.502538,4.865962,0.014116
106.117274,88.598372,17.518902,107.908044,90.536144,17.371899,4.614222,0.014112
106.065054,88.537718,17.527336,107.798174,90.277054,17.521119,4.337710,0.014225
