198.843184,190.336885,8.506299,167.543063,154.184435,13.358627,2.227192,0.018996
156.790803,140.208492,16.582311,148.564263,130.060051,18.504213,2.312759,0.028654
144.289062,124.444396,19.844666,139.028153,118.099926,20.928226,2.514113,0.031989
136.940295,115.385514,21.554780,133.480602,111.342831,22.137771,2.425741,0.033936
132.359073,109.786597,22.572476,129.891951,106.787018,23.104933,2.505014,0.037989
129.442919,106.332666,23.110253,127.919988,104.667575,23.252414,2.499083,0.037727
127.495538,104.058670,23.436868,126.024256,102.477940,23.546317,2.710231,0.033294
125.890678,102.303086,23.587592,124.383976,100.743632,23.640344,2.444750,0.038868
124.734127,100.958642,23.775485,123.775189,99.989579,23.785610,2.583448,0.040421
123.765220,99.890817,23.874403,122.656992,98.807019,23.849973,2.713342,0.039007
122.918748,98.996202,23.922546,121.999035,98.198701,23.800334,2.771489,0.037544
122.130167,98.154810,23.975357,121.547890,97.615616,23.932275,2.758821,0.039177
121.491140,97.483053,24.008087,121.184587,97.239972,23.944614,2.760800,0.038172
120.924025,96.863730,24.060295,120.656630,96.614905,24.041726,2.711015,0.039886
120.388996,96.329442,24.059554,120.252736,96.317231,23.935505,2.761329,0.038814
119.937328,95.882226,24.055101,119.500926,95.542314,23.958612,2.847206,0.035919
119.593513,95.529367,24.064146,119.686304,95.744298,23.942006,2.695346,0.041963
119.177945,95.101124,24.076820,119.161268,95.105408,24.055860,2.760327,0.037026
118.901394,94.795111,24.106283,119.056273,95.116330,23.939943,2.736878,0.040213
118.508309,94.380507,24.127803,118.666083,94.733158,23.932925,2.846117,0.041548
118.207903,94.128746,24.079157,118.597018,94.521839,24.075178,2.584379,0.042678
117.946615,93.870252,24.076363,118.390044,94.533146,23.856898,2.908542,0.037267
117.662241,93.623384,24.038856,117.994650,94.133552,23.861098,2.998744,0.037588
117.427611,93.390915,24.036696,117.584786,93.633078,23.951708,2.950593,0.040205
117.131551,93.067681,24.063869,117.617628,93.666258,23.951371,2.908035,0.041504
116.864050,92.832402,24.031648,117.251081,93.369263,23.881819,2.853055,0.040131
116.724934,92.668706,24.056227,117.295094,93.412625,23.882469,2.851675,0.039446
116.435683,92.459762,23.975921,116.992308,93.034610,23.957697,2.830019,0.043431
116.184803,92.182401,24.002402,116.907755,92.933964,23.973791,2.802585,0.039358
116.039388,92.018538,24.020850,116.964839,93.054205,23.910635,2.663635,0.042907
115.896511,91.918734,23.977777,116.617298,92.740404,23.876893,2.954895,0.043311
115.753081,91.747540,24.005541,116.257004,92.436226,23.820778,2.817166,0.040476
115.487441,91.529533,23.957909,116.360292,92.422879,23.937413,2.756795,0.040399
115.411646,91.431442,23.980204,116.560204,92.747337,23.812868,2.740183,0.042338
115.265508,91.306552,23.958956,116.301105,92.436531,23.864574,3.022114,0.038858
115.136379,91.142410,23.993969,115.925356,92.021289,23.904067,2.810153,0.040568
115.027130,91.051818,23.975311,115.971924,92.153739,23.818184,2.782875,0.041750
114.858678,90.887706,23.970972,115.947633,92.020696,23.926937,3.134197,0.035676
114.594007,90.603452,23.990554,115.668169,91.868905,23.799264,2.866693,0.041478
114.521179,90.576252,23.944927,115.528483,91.600074,23.928409,2.956586,0.038609
114.377261,90.434577,23.942684,115.423624,91.511471,23.912153,3.092012,0.040001
114.263381,90.314289,23.949091,115.592973,91.796180,23.796793,2.937565,0.038654
114.156699,90.220865,23.935834,115.181519,91.383965,23.797554,2.988786,0.039125
114.075443,90.179025,23.896418,115.223745,91.434278,23.789467,2.909283,0.039772
113.937026,90.004184,23.932841,115.403611,91.516713,23.886897,2.968953,0.042098
113.830368,89.884350,23.946018,115.044649,91.156368,23.888281,2.933834,0.036952
113.716107,89.792762,23.923345,114.890614,91.108321,23.782293,2.923196,0.038486
113.601961,89.720259,23.881702,114.842004,91.087180,23.754824,2.793254,0.042942
113.466008,89.545690,23.920318,114.799511,91.121654,23.677857,2.905674,0.041681
113.400030,89.521669,23.878361,114.724258,90.958201,23.766057,2.980682,0.038037
113.390972,89.512407,23.878565,114.604179,90.733590,23.870589,2.828408,0.042703
113.229869,89.340428,23.889442,114.406814,90.506920,23.899894,2.771414,0.040764
113.095058,89.219822,23.875236,114.865049,91.055213,23.809836,2.751462,0.044825
113.102315,89.211418,23.890897,114.744562,90.984857,23.759705,2.906693,0.036762
112.971590,89.102428,23.869162,114.505721,90.774962,23.730759,2.969634,0.037722
112.878861,89.040201,23.838660,114.503779,90.843431,23.660348,2.881948,0.041351
112.740973,88.915761,23.825212,114.398158,90.608320,23.789838,2.862092,0.038507
112.673893,88.835746,23.838147,114.346247,90.631897,23.714349,2.929393,0.038638
112.593713,88.772888,23.820825,114.217694,90.415759,23.801935,2.958189,0.039017
112.490407,88.702266,23.788141,114.276218,90.677115,23.599103,3.028249,0.037413
112.418841,88.635944,23.782897,113.903529,90.233185,23.670344,2.924679,0.044427
112.348990,88.565640,23.783350,114.061695,90.501201,23.560494,2.877819,0.043055
112.274482,88.523299,23.751183,113.750684,90.132634,23.618050,2.947407,0.041350
112.163080,88.391097,23.771983,114.053377,90.399322,23.654055,2.949608,0.041068
112.083743,88.321064,23.762679,114.218102,90.633114,23.584988,2.987811,0.037625
112.078785,88.346594,23.732191,113.770801,90.096569,23.674232,2.930687,0.039550
112.009170,88.282098,23.727072,113.574937,90.031626,23.543312,3.061611,0.037403
111.890443,88.151655,23.738787,113.559433,90.082514,23.476919,2.846755,0.041397
111.794647,88.082846,23.711802,113.503284,89.881048,23.622235,3.222671,0.035747
111.812065,88.093285,23.718779,113.752863,90.191283,23.561580,2.984793,0.038219
111.666188,87.970131,23.696057,113.449984,89.911344,23.538640,2.958862,0.041405
111.628302,87.904715,23.723587,113.547785,89.971728,23.576057,2.985447,0.036707
111.626731,87.924449,23.702283,113.292940,89.748640,23.544300,2.998773,0.038694
111.502679,87.833633,23.669046,113.657756,90.174976,23.482780,2.950835,0.036659
111.451742,87.767113,23.684629,113.473507,89.997282,23.476226,2.982819,0.039865
111.367081,87.684445,23.682636,113.246387,89.720299,23.526088,2.819055,0.040568
111.371448,87.718006,23.653441,113.350910,89.810697,23.540212,2.972360,0.040829
111.233438,87.566114,23.667324,113.087694,89.649645,23.438048,3.008895,0.035617
111.220927,87.560751,23.660175,113.023826,89.488611,23.535214,3.036633,0.036620
111.095911,87.501768,23.594144,113.094395,89.540183,23.554213,3.224673,0.038509
111.025669,87.394653,23.631016,112.954022,89.471367,23.482655,3.044242,0.041075
110.971403,87.370916,23.600487,112.890941,89.487665,23.403276,3.266199,0.035628
110.938249,87.333101,23.605147,112.859533,89.336583,23.522950,3.073885,0.038962
110.849355,87.246566,23.602789,112.943969,89.520585,23.423383,2.947965,0.039972
110.822865,87.215269,23.607596,112.779527,89.233033,23.546494,3.090775,0.037372
110.787775,87.178307,23.609468,112.728081,89.184416,23.543664,3.074263,0.034131
110.710629,87.105784,23.604845,112.761229,89.208363,23.552866,3.023224,0.042543
110.561000,86.942936,23.618064,112.708051,89.190363,23.517688,3.085162,0.037861
110.563496,86.985693,23.577803,112.671358,89.305417,23.365941,3.051704,0.036033
110.623165,87.029521,23.593644,112.554752,89.150540,23.404211,3.072148,0.037835
110.476072,86.920271,23.555800,112.774149,89.299976,23.474173,3.067517,0.037506
110.504649,86.917215,23.587434,112.303044,88.859697,23.443347,3.232447,0.034781
110.391698,86.804300,23.587398,112.552113,89.150416,23.401696,3.136565,0.037027
110.288548,86.761899,23.526649,112.627008,89.115009,23.512000,3.252377,0.036482
110.236844,86.713365,23.523479,112.495995,89.191780,23.304216,3.053361,0.040761
110.207211,86.674611,23.532600,112.253253,88.807391,23.445862,3.131610,0.036913
110.143706,86.624239,23.519466,112.240884,88.835173,23.405711,3.067263,0.038758
110.093815,86.564633,23.529182,112.265998,88.732157,23.533842,3.002981,0.037915
110.044032,86.532281,23.511751,112.409771,88.913286,23.496485,2.970765,0.037080
109.960359,86.446129,23.514230,112.009509,88.604859,23.404649,2.943227,0.041205
109.873358,86.389445,23.483913,112.098705,88.778700,23.320006,3.032467,0.036151
109.866336,86.358758,23.507577,111.899776,88.475900,23.423876,3.161838,0.038386
109.827747,86.357960,23.469787,112.169247,88.847577,23.321670,2.863147,0.041496
109.704490,86.222141,23.482349,112.015398,88.676503,23.338894,3.014567,0.034708
109.749415,86.232269,23.517146,112.013926,88.684905,23.329021,3.064568,0.040953
109.631851,86.186061,23.445790,111.802619,88.562181,23.240438,2.983143,0.041422
109.587452,86.140728,23.446723,111.681295,88.389126,23.292170,3.215779,0.035042
109.514027,86.073142,23.440885,112.053609,88.731384,23.322225,2.877590,0.038259
109.466123,86.062015,23.404109,111.761676,88.354401,23.407275,3.104935,0.037089
109.344261,85.900882,23.443379,111.792261,88.458816,23.333445,3.019337,0.039603
109.391177,85.999312,23.391865,111.378524,88.118954,23.259571,3.126151,0.037749
109.413813,85.992766,23.421047,111.479152,88.072746,23.406406,3.063740,0.037079
109.265457,85.851088,23.414369,111.410958,88.152517,23.258441,3.032239,0.036226
109.249839,85.864350,23.385488,111.531146,88.382547,23.148600,2.922872,0.038613
109.238030,85.857698,23.380332,111.409990,88.088200,23.321790,3.140533,0.037550
109.248878,85.853722,23.395156,111.366499,88.056934,23.309565,3.169371,0.034790
109.232143,85.824224,23.407919,111.535077,88.264889,23.270188,2.874009,0.040832
109.066759,85.656746,23.410013,111.124969,87.882941,23.242028,3.143008,0.035930
109.054616,85.697091,23.357525,111.091663,87.911453,23.180209,3.097204,0.035927
108.930785,85.606166,23.324620,111.394280,88.168011,23.226270,2.897711,0.041033
108.923296,85.579220,23.344077,111.285650,88.160497,23.125153,3.056391,0.039238
108.859894,85.538049,23.321846,111.118165,87.871996,23.246168,3.107886,0.038010
108.872500,85.538236,23.334265,111.159461,87.881322,23.278139,2.934138,0.037116
108.775205,85.470250,23.304956,111.267112,88.203057,23.064055,3.087580,0.037855
108.803435,85.537979,23.265456,111.117234,87.931742,23.185493,3.138719,0.035025
108.728365,85.464619,23.263746,111.007730,87.901261,23.106470,3.153092,0.034857
108.692236,85.414062,23.278174,111.143407,88.007773,23.135635,3.029058,0.039195
108.671215,85.417947,23.253268,111.029673,87.828647,23.201026,3.061640,0.038344
108.597509,85.324451,23.273058,111.082042,87.787936,23.294105,2.820049,0.037586
108.525780,85.256282,23.269498,110.916204,87.780730,23.135475,3.020368,0.040975
108.495926,85.250944,23.244982,110.836097,87.760106,23.075990,3.064703,0.037199
108.543753,85.322945,23.220808,110.900653,87.721533,23.179120,2.859316,0.038154
108.359864,85.126466,23.233398,110.811065,87.699759,23.111306,3.162673,0.038620
108.386079,85.152795,23.233284,110.780349,87.718521,23.061828,3.082281,0.036814
108.313978,85.121131,23.192847,110.591407,87.500783,23.090624,3.184982,0.034818
108.264689,85.027972,23.236717,110.584582,87.511239,23.073343,3.075283,0.034917
108.238139,85.053573,23.184566,110.516701,87.335968,23.180732,3.091219,0.037139
108.150856,84.944593,23.206264,110.602789,87.519967,23.082822,3.149465,0.037805
108.095057,84.926646,23.168411,110.645185,87.502879,23.142306,3.039953,0.037716
108.119916,84.981425,23.138492,110.621504,87.548706,23.072798,3.026496,0.046610
108.052079,84.868318,23.183761,110.473171,87.410417,23.062754,3.059571,0.036264
108.027602,84.851199,23.176403,110.551498,87.458976,23.092522,3.094626,0.033379
107.922019,84.738595,23.183424,110.446106,87.366036,23.080070,3.089037,0.035930
107.944518,84.793449,23.151069,110.358537,87.320896,23.037641,3.106785,0.038314
107.937937,84.757933,23.180004,110.408665,87.331553,23.077112,2.966359,0.040318
107.841066,84.690521,23.150546,110.089171,87.031080,23.058091,3.152198,0.039801
107.878649,84.731060,23.147589,110.392822,87.302389,23.090433,3.050674,0.036473
107.773037,84.622107,23.150931,110.069061,87.143745,22.925317,3.211487,0.034284
107.686418,84.589523,23.096894,110.647908,87.634762,23.013146,2.879518,0.042334
107.741074,84.616472,23.124603,110.322882,87.271465,23.051418,3.178592,0.032964
107.700765,84.623886,23.076879,110.332347,87.411918,22.920429,3.066278,0.038794
107.699294,84.581231,23.118063,110.198573,87.029749,23.168825,2.769421,0.040588
107.763102,84.643564,23.119538,110.147992,87.051206,23.096786,3.094903,0.035183
107.557605,84.487834,23.069771,109.990654,87.037047,22.953608,3.133719,0.034787
107.464135,84.365479,23.098656,110.271789,87.279205,22.992584,3.112233,0.037434
107.532210,84.421883,23.110327,110.148423,87.061547,23.086876,3.120166,0.037273
107.484284,84.404563,23.079720,109.875002,86.868579,23.006422,3.275418,0.036632
107.499031,84.430067,23.068964,109.973022,86.982276,22.990746,3.100521,0.039504
107.449274,84.379995,23.069279,109.821978,86.931396,22.890582,3.136463,0.035383
107.394131,84.319571,23.074560,109.876182,86.893395,22.982787,3.099073,0.038668
