194.263106,186.836923,7.426183,163.140106,148.457986,14.682120,2.243954,0.031514
152.583070,135.173181,17.409889,145.666208,126.335719,19.330490,2.428653,0.036525
141.210224,120.878326,20.331899,136.593199,115.077242,21.515957,2.102096,0.043354
134.208097,112.257484,21.950613,131.467134,109.094975,22.372160,2.361231,0.043978
130.217881,107.605436,22.612445,127.414009,104.492881,22.921128,2.619756,0.040333
127.537074,104.533564,23.003510,125.253860,102.151922,23.101939,2.590767,0.039399
125.426046,102.256634,23.169411,124.234531,100.936653,23.297879,2.471449,0.044082
123.979625,100.681384,23.298241,122.700636,99.377994,23.322642,2.488202,0.046421
122.801743,99.405848,23.395895,122.105878,98.657035,23.448844,2.420015,0.045055
121.714426,98.264838,23.449588,120.894037,97.465406,23.428631,2.671334,0.041884
120.827714,97.331748,23.495966,120.312777,96.809780,23.502996,2.710167,0.040554
120.154340,96.603964,23.550377,119.296348,95.762954,23.533394,2.757844,0.039362
119.410866,95.861566,23.549299,119.130584,95.552787,23.577797,2.653405,0.044872
118.940170,95.378443,23.561728,118.430766,94.833608,23.597157,2.598099,0.042309
118.410340,94.827340,23.583000,118.269307,94.674764,23.594544,2.592148,0.044218
117.991188,94.353017,23.638171,117.606637,93.893399,23.713238,2.596547,0.045451
117.476269,93.808421,23.667848,117.577964,93.863920,23.714044,2.545488,0.044316
116.955604,93.344061,23.611543,117.157759,93.733784,23.423975,2.710398,0.041621
116.714474,93.044374,23.670099,116.795289,93.129279,23.666011,2.749279,0.042624
116.390172,92.716299,23.673873,116.444054,92.733498,23.710557,2.784482,0.043084
116.031894,92.339774,23.692120,116.181000,92.485494,23.695506,2.767973,0.044940
115.722552,92.030080,23.692472,115.829634,92.234204,23.595430,2.707026,0.043348
115.433001,91.751566,23.681435,115.924144,92.314056,23.610089,2.860793,0.042249
115.061268,91.432404,23.628864,115.754311,92.253050,23.501262,2.912333,0.042024
114.914124,91.267200,23.646925,114.985446,91.354608,23.630838,2.967435,0.038384
114.669268,90.996833,23.672435,115.203254,91.466438,23.736816,2.607807,0.042031
114.454198,90.780262,23.673936,114.647206,91.072971,23.574235,2.678061,0.044306
114.192481,90.514320,23.678161,114.742482,91.129754,23.612729,2.805928,0.041584
114.030983,90.330831,23.700152,114.589027,91.029130,23.559897,2.748749,0.041717
113.788475,90.128453,23.660021,114.253790,90.585736,23.668054,2.778169,0.041726
113.638904,89.950882,23.688022,114.000939,90.385780,23.615159,2.703672,0.048026
113.376284,89.719709,23.656575,114.211722,90.590303,23.621420,2.774694,0.041661
113.385731,89.692282,23.693449,114.048745,90.439068,23.609676,2.781431,0.043312
113.128345,89.419920,23.708425,113.648634,90.046460,23.602175,2.824225,0.040979
112.993033,89.283804,23.709229,113.833201,90.229414,23.603787,2.730234,0.045682
112.718620,89.060163,23.658457,113.524074,90.000991,23.523083,2.892273,0.040584
112.661053,88.960371,23.700682,113.579279,89.971863,23.607416,2.661730,0.044328
112.526502,88.859211,23.667291,113.711266,89.922391,23.788875,2.688824,0.046415
112.399164,88.695281,23.703883,113.008807,89.350844,23.657963,2.763017,0.044640
112.271119,88.590525,23.680594,112.986140,89.309441,23.676699,3.095104,0.042265
112.131698,88.385074,23.746624,113.317438,89.540980,23.776459,2.812880,0.040769
111.987799,88.298170,23.689629,113.153276,89.454701,23.698575,2.938378,0.041933
111.929860,88.212550,23.717310,113.202812,89.634433,23.568379,2.891213,0.040583
111.753053,88.059426,23.693627,112.646592,89.067347,23.579246,2.954643,0.040615
111.734187,88.043671,23.690516,112.777717,89.249014,23.528703,2.909255,0.039244
111.546975,87.856304,23.690670,112.653235,89.103066,23.550169,2.953498,0.042858
111.508702,87.805288,23.703414,112.477541,88.796066,23.681474,2.874245,0.042911
111.294417,87.587096,23.707321,112.782889,89.166694,23.616195,2.839263,0.045646
111.249241,87.573574,23.675668,112.571810,88.850978,23.720833,2.711307,0.046478
111.171939,87.449101,23.722838,112.315460,88.664573,23.650887,2.908968,0.041739
111.099155,87.396557,23.702598,112.383088,88.732560,23.650527,3.080821,0.039223
111.005518,87.332064,23.673455,112.255427,88.659990,23.595438,2.910212,0.042824
110.941474,87.249594,23.691879,112.102128,88.422647,23.679482,2.928359,0.041126
110.879824,87.176204,23.703619,112.031871,88.526868,23.505003,2.954000,0.043229
110.810236,87.107955,23.702281,112.039025,88.311370,23.727656,2.790566,0.042706
110.714653,87.013277,23.701375,111.940991,88.239127,23.701864,2.966404,0.042634
110.584705,86.905220,23.679485,112.261587,88.601247,23.660339,2.743561,0.046322
110.486793,86.781095,23.705698,111.925135,88.357922,23.567213,2.765934,0.044639
110.474681,86.777095,23.697587,111.813459,88.073597,23.739862,2.895546,0.041250
110.391078,86.686927,23.704152,111.814914,88.173989,23.640926,2.925602,0.043126
110.392799,86.706540,23.686259,111.830873,88.193727,23.637146,2.818075,0.044080
110.233552,86.574468,23.659084,111.687645,88.121839,23.565807,3.208743,0.038941
110.254653,86.567912,23.686741,111.539372,87.936438,23.602934,2.992800,0.043823
110.131836,86.433377,23.698459,111.488373,87.824705,23.663668,3.101095,0.041653
110.005675,86.344436,23.661239,111.743102,88.072649,23.670454,3.050778,0.040498
110.011718,86.353161,23.658557,111.492953,87.937945,23.555008,2.955606,0.044338
110.008749,86.353936,23.654814,111.787889,88.192806,23.595083,3.013456,0.043701
109.918867,86.223966,23.694900,111.528772,87.966589,23.562182,3.085565,0.040849
109.829064,86.191502,23.637562,111.377552,87.751345,23.626207,2.806683,0.044298
109.760778,86.078593,23.682185,111.441079,87.727163,23.713916,3.040253,0.042764
109.710287,86.014540,23.695748,111.179841,87.547298,23.632543,2.962760,0.040951
109.788398,86.068278,23.720119,111.367771,87.730205,23.637567,2.987025,0.040897
109.656841,85.972285,23.684556,111.341457,87.785582,23.555876,3.202710,0.039211
109.578192,85.913534,23.664658,111.202049,87.610040,23.592009,2.849770,0.045265
109.519400,85.840043,23.679357,110.979958,87.490214,23.489745,2.942098,0.043576
109.489309,85.805936,23.683373,111.004233,87.358520,23.645713,2.943509,0.037319
109.455186,85.759628,23.695559,111.262908,87.687561,23.575347,2.868998,0.044919
109.400052,85.712455,23.687597,111.007557,87.493888,23.513669,3.053426,0.042035
109.312550,85.670228,23.642322,110.843116,87.243806,23.599310,2.997386,0.042198
109.240507,85.570601,23.669905,111.008036,87.311330,23.696706,2.893902,0.042324
109.293855,85.635796,23.658058,110.891110,87.442432,23.448678,3.078294,0.041198
109.186980,85.529776,23.657205,111.007381,87.431602,23.575779,2.900386,0.044399
109.243981,85.596291,23.647690,110.714070,87.106908,23.607162,2.955983,0.040926
109.092319,85.452277,23.640042,111.078228,87.607682,23.470546,2.943771,0.045721
109.043786,85.427192,23.616594,110.701651,87.242226,23.459425,3.002454,0.043062
108.999796,85.342098,23.657698,110.803479,87.218672,23.584808,3.051431,0.040059
108.991899,85.355620,23.636279,110.643974,87.111790,23.532184,3.075273,0.040320
108.995265,85.359536,23.635729,110.809706,87.288496,23.521210,2.892195,0.046914
108.902971,85.292436,23.610535,110.667849,87.189597,23.478252,3.003052,0.045731
108.864543,85.227356,23.637187,110.669720,87.098625,23.571095,2.826334,0.041820
108.737816,85.128786,23.609030,110.689717,87.190426,23.499291,2.908786,0.047438
108.791717,85.186324,23.605393,111.029962,87.341451,23.688511,2.894523,0.042556
108.700534,85.105741,23.594793,110.753936,87.077319,23.676617,2.681087,0.046152
108.747840,85.142122,23.605718,110.567184,87.071306,23.495878,3.031260,0.042872
108.677739,85.066560,23.611179,110.673905,87.172600,23.501305,2.999579,0.044952
108.586989,84.962185,23.624804,110.575305,87.222822,23.352481,3.167889,0.042507
108.552425,84.954118,23.598307,110.398245,86.915726,23.482519,3.095540,0.041436
108.516042,84.935532,23.580510,110.225379,86.715252,23.510127,3.018052,0.041504
108.424323,84.844810,23.579513,110.535852,86.910535,23.625317,2.896413,0.041919
108.478914,84.879970,23.598944,110.404750,86.823094,23.581656,3.154880,0.038850
108.451914,84.831239,23.620675,110.282538,86.796132,23.486407,3.125031,0.043756
108.401720,84.864296,23.537423,110.370030,86.897031,23.472998,3.088228,0.044614
108.299059,84.758200,23.540859,110.292628,86.730490,23.562138,2.870299,0.041350
108.324690,84.776237,23.548453,110.310745,86.855929,23.454816,3.023406,0.040923
108.194548,84.648861,23.545687,110.236005,86.792979,23.443026,2.912440,0.045347
108.155244,84.620654,23.534590,110.304844,86.992168,23.312676,2.992595,0.045159
108.168054,84.606288,23.561765,109.963985,86.552344,23.411641,3.118708,0.040853
108.097469,84.568092,23.529378,110.014882,86.592536,23.422347,3.124351,0.044894
108.020229,84.499297,23.520932,110.127706,86.756491,23.371215,3.243683,0.042428
108.019108,84.459535,23.559573,110.069093,86.578926,23.490167,2.974760,0.041557
107.971159,84.453717,23.517443,109.839796,86.342615,23.497181,2.916782,0.041110
107.900395,84.376050,23.524344,109.954834,86.675115,23.279719,3.310245,0.040978
107.916581,84.400362,23.516219,109.932906,86.544752,23.388154,3.157508,0.043239
107.924932,84.389517,23.535416,109.991459,86.557455,23.434004,3.126199,0.042228
107.844898,84.284647,23.560251,109.807942,86.354174,23.453768,3.191551,0.041108
107.825066,84.260260,23.564806,109.813091,86.298264,23.514827,3.136971,0.040649
107.753030,84.175230,23.577800,109.807974,86.398075,23.409899,3.157729,0.043109
107.806423,84.245752,23.560671,109.805322,86.421635,23.383687,3.209506,0.039113
107.691862,84.147933,23.543929,109.757929,86.193081,23.564848,2.963340,0.044560
107.735274,84.210969,23.524305,109.770600,86.315470,23.455131,2.957074,0.042256
107.684554,84.161435,23.523119,109.817112,86.281829,23.535283,2.996755,0.046881
107.607006,84.007197,23.599809,109.649127,86.049153,23.599974,3.024040,0.040055
107.604978,84.005995,23.598983,109.717677,86.235578,23.482099,2.893701,0.044077
107.558196,83.990891,23.567305,109.861131,86.422399,23.438732,2.953863,0.044784
107.584432,84.071405,23.513027,109.494515,85.932028,23.562487,2.875442,0.046561
107.598504,83.988982,23.609521,109.433844,86.007475,23.426369,3.031219,0.042106
107.509903,83.946165,23.563738,109.497897,86.050671,23.447225,2.984380,0.043690
107.429076,83.874394,23.554682,109.581287,86.094000,23.487287,3.050660,0.040989
107.414582,83.828921,23.585661,110.064837,86.498028,23.566809,3.087593,0.038582
107.396619,83.851600,23.545019,109.431057,86.013070,23.417988,3.291010,0.037913
107.439787,83.820987,23.618800,109.470675,86.049877,23.420798,3.338726,0.040993
107.273397,83.755654,23.517743,109.339896,85.956280,23.383616,3.054380,0.040861
107.329404,83.819140,23.510265,109.180497,85.800846,23.379651,3.069346,0.042527
107.358075,83.830157,23.527918,109.578646,86.113961,23.464685,2.876493,0.048087
107.297543,83.746120,23.551423,109.133928,85.659715,23.474214,3.136717,0.045245
107.236082,83.706926,23.529157,109.282817,85.745465,23.537352,3.145691,0.041275
107.261504,83.697598,23.563906,109.487748,86.098891,23.388857,3.070899,0.041373
107.263311,83.745567,23.517744,109.349592,86.041123,23.308468,3.242238,0.042145
107.235186,83.692619,23.542568,109.375068,85.909129,23.465939,3.054377,0.038947
107.202995,83.653076,23.549919,109.285104,85.840956,23.444149,3.075060,0.041429
107.158088,83.615709,23.542379,109.473954,86.066668,23.407286,3.037956,0.043854
107.105374,83.560426,23.544948,109.281789,85.834159,23.447630,3.070088,0.043573
107.062244,83.508240,23.554003,109.416882,85.967428,23.449455,2.854025,0.045552
107.089284,83.539167,23.550117,109.184474,85.758885,23.425589,2.898317,0.044779
107.061884,83.538182,23.523703,109.078249,85.615635,23.462613,3.053822,0.044931
107.133673,83.560214,23.573458,109.300693,85.843511,23.457183,3.177275,0.042252
107.022735,83.463081,23.559654,109.064167,85.680257,23.383910,3.038645,0.047122
107.018105,83.474219,23.543886,109.117728,85.635779,23.481949,3.016383,0.038215
106.965251,83.438082,23.527169,109.424114,86.041717,23.382396,3.215035,0.043007
106.928933,83.397304,23.531629,109.181867,85.806100,23.375768,3.072072,0.040072
106.909758,83.388102,23.521656,109.311238,85.898241,23.412997,2.937835,0.041271
106.978295,83.425250,23.553044,108.816932,85.326147,23.490785,3.095696,0.042403
106.907053,83.379578,23.527475,109.126163,85.711020,23.415143,3.078271,0.044226
106.946509,83.383383,23.563126,109.211652,85.844949,23.366703,2.864921,0.046051
106.860866,83.311343,23.549523,109.047912,85.609963,23.437950,3.068089,0.041377
106.848458,83.342936,23.505523,109.133527,85.721897,23.411630,3.147544,0.040198
106.752788,83.234181,23.518607,109.084124,85.582293,23.501831,3.313727,0.041307
106.864317,83.294022,23.570295,108.984146,85.496639,23.487507,2.970083,0.041635
106.823228,83.308451,23.514777,108.848604,85.571001,23.277603,3.174949,0.041764
106.862132,83.330071,23.532061,108.920110,85.488980,23.431130,3.249179,0.042510
