249.618428,247.917735,1.700693,194.813928,192.387061,2.426867,7.873614,0.005199
191.296165,187.796557,3.499608,181.841734,176.246901,5.594832,5.549626,0.009767
172.116374,164.399096,7.717278,161.656809,152.018147,9.638663,4.254190,0.014328
155.521763,144.591600,10.930163,150.160999,138.422469,11.738530,3.897041,0.017920
146.767858,134.276980,12.490878,143.147884,129.659198,13.488686,3.569471,0.017128
140.644779,126.793448,13.851331,137.289226,122.909532,14.379695,3.934865,0.018359
135.949642,120.928757,15.020885,133.140316,117.578629,15.561687,4.004027,0.018144
132.713192,116.746525,15.966667,130.718990,114.454832,16.264159,3.865204,0.017712
130.324719,113.734141,16.590578,128.823383,112.040091,16.783292,3.694799,0.020666
128.485606,111.281624,17.203983,127.301791,109.913319,17.388472,3.741270,0.019720
126.840870,109.204386,17.636484,125.616585,107.745847,17.870738,3.741251,0.018828
125.454179,107.481360,17.972819,124.970818,106.815233,18.155585,3.489840,0.020340
124.308384,106.062502,18.245882,123.430746,105.038331,18.392415,3.799839,0.019094
123.106539,104.611981,18.494557,122.251572,103.446408,18.805163,3.698157,0.017602
122.253647,103.455622,18.798025,121.235685,102.440835,18.794850,3.740286,0.018795
121.283912,102.307757,18.976155,120.543349,101.413792,19.129558,3.715244,0.018296
120.628558,101.420412,19.208146,119.727707,100.534233,19.193474,3.728193,0.018287
119.966489,100.566159,19.400330,119.091012,99.467090,19.623922,3.879441,0.016716
119.238619,99.650662,19.587957,118.664360,99.053685,19.610675,3.690916,0.018036
118.722974,98.940738,19.782236,118.401956,98.549404,19.852551,3.678355,0.017628
118.107000,98.185893,19.921108,117.935148,97.898056,20.037092,3.668377,0.017886
117.612294,97.452741,20.159553,117.859303,97.687325,20.171977,3.773977,0.018162
117.238123,96.945065,20.293057,117.073718,96.713802,20.359916,3.643018,0.018657
116.880034,96.394887,20.485147,116.764552,96.346799,20.417753,3.666787,0.017576
116.384228,95.766452,20.617776,116.179913,95.549084,20.630830,3.780730,0.017127
116.036833,95.334821,20.702012,116.012625,95.348061,20.664563,3.612759,0.017669
115.669931,94.846924,20.823008,115.638609,94.644736,20.993873,3.719088,0.017896
115.162162,94.236069,20.926093,115.113173,94.191388,20.921785,3.683695,0.017044
114.998268,93.941071,21.057197,115.037618,93.903481,21.134137,3.715312,0.016346
114.612767,93.452231,21.160537,114.885528,93.705640,21.179888,3.844648,0.017498
114.311318,92.996467,21.314851,114.337855,93.072414,21.265442,3.614111,0.017719
113.913559,92.575788,21.337772,114.066937,92.635461,21.431476,3.740445,0.015812
113.716294,92.266895,21.449399,114.424712,92.934504,21.490208,3.728432,0.016699
113.411597,91.887891,21.523706,113.708565,92.197522,21.511043,4.004077,0.015384
113.079665,91.515815,21.563850,113.405909,91.884995,21.520914,3.713453,0.015907
112.808092,91.188822,21.619270,113.139668,91.554552,21.585117,3.640258,0.016776
112.559019,90.826015,21.733004,112.933403,91.192819,21.740584,3.706504,0.015840
112.261466,90.545205,21.716260,113.220054,91.486875,21.733179,3.665145,0.015900
112.051470,90.260251,21.791219,112.830603,91.046717,21.783886,3.695872,0.016333
111.819352,89.989278,21.830073,112.881393,91.041207,21.840186,3.478030,0.018705
111.601300,89.723440,21.877860,112.374270,90.504859,21.869411,3.564507,0.017669
111.551346,89.545420,22.005926,112.123693,90.122630,22.001064,3.617295,0.015867
111.381755,89.315327,22.066428,112.104039,90.214851,21.889188,3.454227,0.016694
111.032419,88.964366,22.068053,111.639558,89.511542,22.128016,3.593819,0.016409
110.848524,88.735985,22.112539,111.430382,89.519576,21.910805,3.849470,0.015156
110.655525,88.556961,22.098565,111.740110,89.560907,22.179203,3.411039,0.016964
110.522679,88.327126,22.195553,111.465404,89.367445,22.097960,3.478674,0.016138
110.370968,88.167064,22.203904,111.347401,89.070383,22.277017,3.619155,0.016542
110.180118,87.945212,22.234907,111.120152,88.900002,22.220151,3.666617,0.014624
110.014839,87.697532,22.317307,111.257265,88.974419,22.282846,3.756154,0.015138
109.938683,87.606721,22.331963,111.322443,88.928469,22.393973,3.855258,0.015507
109.759430,87.338076,22.421354,111.139516,88.748901,22.390615,3.590378,0.016777
109.566154,87.128239,22.437915,110.751545,88.306292,22.445253,3.627491,0.015249
109.502018,87.030223,22.471794,110.641022,88.217175,22.423847,3.676002,0.014803
109.340955,86.872123,22.468833,110.700144,88.174408,22.525736,3.516724,0.017162
109.140469,86.634792,22.505677,110.314470,87.930590,22.383879,3.681947,0.015180
109.096330,86.547164,22.549167,110.522463,87.951641,22.570822,3.531671,0.015280
108.928578,86.343862,22.584716,110.188081,87.612357,22.575723,3.583483,0.015540
108.859986,86.200032,22.659954,110.276944,87.643905,22.633039,3.722201,0.016164
108.816955,86.158721,22.658234,110.149352,87.614606,22.534746,3.478119,0.017200
108.571764,85.938479,22.633285,109.945363,87.350986,22.594377,3.582080,0.015460
108.457276,85.781292,22.675985,109.798995,87.149330,22.649665,3.519777,0.016272
108.505808,85.763073,22.742734,109.904165,87.308000,22.596165,3.690655,0.014737
108.212246,85.487807,22.724439,109.534542,86.890014,22.644528,3.526782,0.016604
108.102472,85.401829,22.700643,109.764966,87.104087,22.660880,3.694869,0.014968
108.049949,85.324253,22.725696,109.581550,86.938778,22.642772,3.630783,0.014135
107.938943,85.188574,22.750369,109.371498,86.656311,22.715187,3.836988,0.015042
107.765167,85.008239,22.756928,109.460472,86.841760,22.618711,3.674391,0.015864
107.729900,84.931250,22.798650,109.321123,86.691604,22.629520,3.514930,0.016142
107.679108,84.867943,22.811165,109.618545,86.888369,22.730176,3.474136,0.016190
107.550715,84.707156,22.843559,109.402761,86.605607,22.797155,3.747549,0.015451
107.509394,84.693913,22.815481,109.157975,86.384710,22.773265,3.711465,0.016000
107.381111,84.564972,22.816140,108.950346,86.258225,22.692122,3.394925,0.016131
107.287018,84.466496,22.820523,109.139749,86.324570,22.815178,3.573893,0.015301
107.214150,84.354754,22.859397,108.928421,86.131133,22.797288,3.625215,0.015311
107.092560,84.254420,22.838140,108.996780,86.144908,22.851872,3.551723,0.015169
106.944226,84.071751,22.872475,109.073371,86.283172,22.790200,3.522760,0.015806
106.999573,84.168272,22.831302,108.880278,86.078523,22.801756,3.722185,0.014938
106.988518,84.092842,22.895676,108.894363,86.127436,22.766927,3.494646,0.015682
106.836210,83.948378,22.887832,108.735372,86.010014,22.725358,3.843239,0.014025
106.664205,83.801528,22.862678,108.400919,85.707106,22.693813,3.571456,0.015563
106.775646,83.903489,22.872157,108.789858,86.047875,22.741983,3.616633,0.014612
106.538841,83.647626,22.891215,108.427811,85.715164,22.712648,3.764019,0.014104
106.458159,83.583928,22.874231,108.372567,85.633450,22.739118,3.659584,0.015095
106.376203,83.527297,22.848905,108.307365,85.454287,22.853078,3.522046,0.014835
106.329464,83.421641,22.907822,108.346867,85.503866,22.843001,3.615184,0.014201
106.262083,83.328746,22.933337,108.277762,85.445679,22.832083,3.678987,0.014358
106.282662,83.345720,22.936942,108.434286,85.522829,22.911458,3.564387,0.014514
106.229993,83.255492,22.974501,108.207536,85.364947,22.842589,3.652034,0.015304
106.070913,83.138649,22.932264,108.225492,85.378913,22.846579,3.575226,0.014010
105.937876,82.994309,22.943567,108.205693,85.324630,22.881063,3.650693,0.015253
105.910166,82.961461,22.948705,108.151961,85.282874,22.869087,3.708272,0.014464
105.856053,82.933383,22.922670,108.058641,85.119775,22.938865,3.620827,0.014706
105.896152,82.877632,23.018521,108.139349,85.253512,22.885837,3.715669,0.014097
105.771969,82.778793,22.993177,107.846159,84.889614,22.956545,3.728827,0.013882
105.650149,82.633078,23.017071,108.312891,85.288074,23.024816,3.558279,0.015486
105.698475,82.629248,23.069227,107.974286,85.028050,22.946236,3.516711,0.013903
105.605336,82.593137,23.012200,107.858574,84.939078,22.919495,3.618182,0.014258
105.440523,82.425208,23.015315,107.947239,85.114724,22.832516,3.497290,0.015659
105.452648,82.438398,23.014250,107.850433,84.923832,22.926601,3.665381,0.014312
105.312712,82.297014,23.015697,107.879247,84.853907,23.025340,3.720562,0.013102
105.338953,82.262294,23.076659,107.645353,84.604840,23.040512,3.548404,0.014770
105.340363,82.258326,23.082038,107.686793,84.737714,22.949079,3.560219,0.013842
105.195381,82.161657,23.033724,107.856277,84.864580,22.991697,3.575873,0.013629
105.229281,82.170555,23.058726,107.481594,84.443659,23.037936,3.625280,0.014501
105.098350,82.046750,23.051600,107.591955,84.597764,22.994191,3.689171,0.014672
104.975199,81.928839,23.046359,107.554431,84.632821,22.921610,3.717848,0.014202
105.000378,81.945101,23.055277,107.516248,84.563670,22.952578,3.534781,0.015357
105.028737,81.953650,23.075087,107.509457,84.616424,22.893033,3.664674,0.013789
104.916599,81.851038,23.065561,107.252277,84.276647,22.975629,3.772771,0.013166
104.815944,81.753059,23.062886,107.499441,84.604033,22.895408,3.698835,0.014410
104.839702,81.763420,23.076282,107.360404,84.368581,22.991823,3.554436,0.014264
104.739393,81.688401,23.050992,107.577395,84.590950,22.986445,3.437673,0.015775
104.689338,81.621075,23.068263,107.501940,84.527799,22.974142,3.479560,0.014768
104.704695,81.589166,23.115529,107.305412,84.341465,22.963948,3.648929,0.014033
104.601647,81.482440,23.119208,107.279927,84.293005,22.986922,3.594336,0.014918
104.581010,81.485717,23.095294,107.085031,84.150687,22.934344,3.590481,0.015113
104.490017,81.412467,23.077550,107.093443,84.105466,22.987977,3.618489,0.013155
104.490361,81.390925,23.099436,106.983453,83.978949,23.004505,3.526217,0.014406
104.350222,81.237373,23.112850,107.233589,84.238794,22.994795,3.721433,0.014192
104.458365,81.324355,23.134010,107.332847,84.260867,23.071980,3.627380,0.014323
104.441330,81.298883,23.142447,107.337510,84.260119,23.077391,3.614835,0.014300
104.254623,81.143911,23.110712,107.001722,83.992415,23.009308,3.754532,0.012543
104.190818,81.079803,23.111016,107.113962,84.147206,22.966756,3.614354,0.013789
104.206504,81.116275,23.090229,107.184847,84.216663,22.968184,3.654311,0.013259
104.181491,81.081619,23.099871,107.050175,84.072121,22.978055,3.659437,0.013942
104.160430,81.024577,23.135854,107.146496,84.057614,23.088882,3.698611,0.014024
104.054893,80.895772,23.159121,106.931546,83.960281,22.971265,3.585868,0.014738
104.008944,80.874761,23.134183,107.053394,83.995580,23.057814,3.554592,0.013825
104.018955,80.860604,23.158351,106.870028,83.836890,23.033138,3.558712,0.012832
103.945618,80.823043,23.122576,106.603458,83.621276,22.982182,3.746213,0.014267
103.860656,80.779569,23.081086,106.862320,83.943443,22.918878,3.528294,0.013359
103.875665,80.829240,23.046425,106.859836,83.895700,22.964135,3.504938,0.015345
103.772924,80.676242,23.096682,106.855203,83.884206,22.970997,3.601389,0.014381
103.741269,80.629224,23.112045,106.483830,83.551666,22.932164,3.603041,0.015012
103.702003,80.574365,23.127638,106.659291,83.652552,23.006739,3.643320,0.013670
103.656416,80.527910,23.128506,106.767445,83.781259,22.986186,3.579770,0.014328
103.648029,80.526402,23.121627,106.577358,83.526423,23.050935,3.686746,0.013987
103.586536,80.459738,23.126798,106.730811,83.652146,23.078665,3.660699,0.013827
103.568422,80.408502,23.159920,106.652415,83.655161,22.997255,3.571516,0.013391
103.449169,80.281163,23.168007,106.581006,83.480920,23.100086,3.755092,0.012796
103.537516,80.374476,23.163040,106.780123,83.720300,23.059823,3.547107,0.014696
103.506199,80.337455,23.168745,106.810977,83.832881,22.978095,3.750221,0.013560
103.439027,80.303832,23.135194,106.458659,83.430309,23.028350,3.799124,0.014068
103.413394,80.234275,23.179119,106.764499,83.664653,23.099846,3.433908,0.015243
103.424463,80.260960,23.163504,106.791571,83.688098,23.103472,3.714752,0.012428
103.336755,80.177667,23.159088,106.645504,83.594144,23.051360,3.337887,0.014403
103.301046,80.109179,23.191867,106.483723,83.376587,23.107135,3.638241,0.013395
103.234288,79.993454,23.240834,106.572875,83.481379,23.091496,3.737102,0.012800
103.177297,79.994339,23.182958,106.581540,83.552783,23.028758,3.832232,0.012174
103.172529,79.976476,23.196053,106.447896,83.362579,23.085317,3.603470,0.013479
103.205721,80.016988,23.188734,106.443885,83.402815,23.041071,3.731871,0.014352
103.163373,79.945389,23.217984,106.583530,83.537665,23.045866,3.529178,0.014110
103.207750,79.999217,23.208533,106.519736,83.361790,23.157946,3.531676,0.013879
103.072666,79.853533,23.219133,106.482236,83.348067,23.134169,3.537861,0.014019
103.023595,79.831624,23.191971,106.521133,83.466152,23.054981,3.730107,0.012728
102.955349,79.752798,23.202551,106.447823,83.372318,23.075505,3.494267,0.014035
102.945137,79.754458,23.190679,106.402551,83.418655,22.983896,3.535810,0.013905
102.858824,79.691506,23.167318,106.519749,83.461824,23.057926,3.814460,0.012917
102.899034,79.659671,23.239363,106.545943,83.352183,23.193761,3.581817,0.013937
