201.539108,198.651810,2.887298,180.166627,174.909603,5.257024,2.560976,0.014120
164.501007,156.173847,8.327161,152.509533,142.407821,10.101712,2.796843,0.017967
147.919994,137.250948,10.669046,143.365310,132.112231,11.253079,2.972421,0.019455
140.368208,128.507473,11.860735,136.900441,124.417713,12.482728,3.091213,0.020264
135.906963,123.242715,12.664248,133.592999,120.508967,13.084033,2.968341,0.020476
132.723004,119.636367,13.086637,130.373579,117.057051,13.316527,3.128729,0.021315
130.218515,116.822006,13.396509,128.197082,114.532246,13.664836,3.280059,0.020095
127.929202,114.180083,13.749119,126.032119,111.968755,14.063364,3.337789,0.020116
126.031009,111.967456,14.063553,124.469821,110.223244,14.246577,3.433817,0.019546
124.535710,110.285135,14.250575,123.192599,108.959922,14.232678,3.167867,0.023542
123.109671,108.719181,14.390491,121.948513,107.491049,14.457465,3.288688,0.022334
122.063167,107.572515,14.490652,120.885915,106.307556,14.578359,3.322170,0.021163
121.111529,106.553961,14.557568,120.514200,105.911486,14.602715,3.114458,0.022940
120.280910,105.668877,14.612032,119.250461,104.533398,14.717063,3.526828,0.020337
119.554863,104.832984,14.721879,118.544466,103.851412,14.693054,3.212073,0.021134
118.883043,104.156308,14.726736,118.249065,103.447715,14.801349,3.356470,0.020607
118.239888,103.440631,14.799257,117.541999,102.656797,14.885202,3.491229,0.019038
117.584730,102.762539,14.822191,117.193584,102.309783,14.883802,3.292640,0.021586
117.121772,102.262168,14.859604,116.317840,101.323842,14.993998,3.536754,0.019012
116.603962,101.683859,14.920102,116.157147,101.181269,14.975878,3.318791,0.020763
116.076990,101.118116,14.958874,115.450171,100.414618,15.035553,3.507813,0.020681
115.480899,100.500360,14.980539,115.093564,100.130942,14.962622,3.353875,0.020605
115.174615,100.127932,15.046683,115.269916,100.200196,15.069720,3.301760,0.021889
114.639971,99.559844,15.080127,114.788826,99.722724,15.066103,3.312121,0.021817
114.280560,99.140175,15.140386,114.363855,99.277680,15.086175,3.432958,0.019076
113.948052,98.786830,15.161222,113.697050,98.541717,15.155333,3.472185,0.020523
113.530455,98.346098,15.184357,113.309141,98.144603,15.164539,3.427191,0.021861
113.186885,97.973332,15.213554,113.324708,98.216341,15.108367,3.475826,0.020179
112.913995,97.675429,15.238567,113.014702,97.807874,15.206828,3.408312,0.020248
112.646201,97.391486,15.254715,112.498922,97.277046,15.221876,3.433265,0.020484
112.259779,96.983600,15.276179,112.450903,97.246016,15.204887,3.581161,0.020245
112.009902,96.756735,15.253167,112.218060,96.870540,15.347520,3.409616,0.020257
111.790485,96.468832,15.321653,112.002073,96.711899,15.290174,3.489643,0.020720
111.479265,96.156577,15.322688,111.410127,96.069858,15.340269,3.647728,0.019066
111.319286,95.992683,15.326603,111.502899,96.174929,15.327970,3.445456,0.020314
111.078297,95.706909,15.371388,111.105858,95.782775,15.323083,3.663476,0.019469
110.883077,95.522065,15.361012,111.149528,95.806318,15.343210,3.534230,0.019673
110.688663,95.288262,15.400401,110.819720,95.391950,15.427770,3.374483,0.020718
110.390006,95.007079,15.382927,110.887685,95.601633,15.286053,3.639906,0.020686
110.329562,94.922027,15.407535,110.376644,94.961568,15.415077,3.666559,0.019772
110.082439,94.619948,15.462491,110.472372,95.060938,15.411434,3.625954,0.021242
109.950506,94.505514,15.444993,110.395826,94.967442,15.428383,3.656029,0.019196
109.824606,94.415615,15.408991,110.486736,95.065187,15.421549,3.502716,0.019405
109.629347,94.170650,15.458697,109.925418,94.505214,15.420204,3.588957,0.019984
109.515033,94.048526,15.466507,109.863439,94.377509,15.485930,3.476256,0.020765
109.319159,93.853898,15.465260,109.991637,94.580430,15.411207,3.600591,0.018267
109.157116,93.678978,15.478138,109.866821,94.485746,15.381075,3.645206,0.019700
109.094580,93.634063,15.460516,109.686190,94.169689,15.516502,3.672428,0.019063
108.936279,93.447055,15.489225,109.355118,93.938369,15.416749,3.723635,0.018947
108.833075,93.352563,15.480512,109.608769,94.133526,15.475243,3.538693,0.020917
108.689799,93.197238,15.492561,109.515749,94.042182,15.473566,3.605314,0.020218
108.586013,93.087690,15.498323,109.205396,93.710113,15.495283,3.537034,0.020851
108.401075,92.900333,15.500742,109.177105,93.655221,15.521885,3.585196,0.019998
108.269350,92.738264,15.531086,109.388852,93.912519,15.476333,3.408841,0.021038
108.189407,92.655082,15.534325,108.933579,93.387489,15.546090,3.731526,0.018484
108.176078,92.631020,15.545059,108.816203,93.422999,15.393203,3.784018,0.020758
108.022932,92.497817,15.525114,108.863253,93.285807,15.577446,3.560286,0.017955
107.926027,92.361171,15.564856,108.679129,93.086379,15.592750,3.539504,0.019435
107.732411,92.169429,15.562982,108.750023,93.171015,15.579009,3.559804,0.018983
107.699739,92.142177,15.557562,108.565215,92.939794,15.625421,3.614613,0.019193
107.625153,92.032257,15.592895,108.900762,93.319166,15.581596,3.364731,0.021609
107.526999,91.911280,15.615720,108.338971,92.677963,15.661007,3.657062,0.018930
107.331642,91.707867,15.623775,108.352683,92.781772,15.570911,3.521494,0.020569
107.306271,91.670969,15.635302,108.645862,93.025509,15.620352,3.650323,0.019771
107.269016,91.652964,15.616052,108.475199,92.932456,15.542743,3.669255,0.019285
107.176592,91.539556,15.637036,108.217345,92.549953,15.667392,3.656209,0.019368
107.115362,91.459935,15.655427,108.273950,92.633202,15.640748,3.651004,0.021442
106.945277,91.293255,15.652023,107.905185,92.206488,15.698696,3.664991,0.019307
106.909312,91.203991,15.705322,108.173320,92.515025,15.658294,3.463820,0.020625
106.828261,91.132489,15.695772,107.951223,92.259511,15.691712,3.737027,0.019449
106.734745,91.048587,15.686158,107.872310,92.199157,15.673154,3.753718,0.019669
106.728314,91.042493,15.685822,108.029224,92.345990,15.683234,3.638535,0.020280
106.635116,90.909548,15.725567,107.807721,92.135832,15.671889,3.636501,0.019397
106.530985,90.817310,15.713675,107.846820,92.140684,15.706135,3.552754,0.020642
106.457559,90.722477,15.735082,107.749109,92.075168,15.673940,3.828094,0.020188
106.496188,90.729979,15.766209,107.599424,91.850365,15.749060,3.697351,0.018460
106.347230,90.589040,15.758190,107.190742,91.465984,15.724758,3.709618,0.019768
106.275826,90.548274,15.727552,107.581184,91.824269,15.756915,3.757221,0.019525
106.237278,90.526135,15.711144,107.316563,91.645272,15.671291,3.728509,0.018872
106.191967,90.454521,15.737446,107.263760,91.501531,15.762230,3.892200,0.018237
106.069100,90.317033,15.752068,107.435186,91.698435,15.736752,3.700020,0.019512
106.143283,90.377042,15.766241,107.331220,91.579066,15.752154,3.679955,0.020414
105.931215,90.158371,15.772844,107.414398,91.681183,15.733214,3.536216,0.019403
106.038757,90.254818,15.783939,107.037488,91.219883,15.817605,3.696458,0.019333
105.916454,90.112250,15.804204,107.360189,91.579235,15.780954,3.828562,0.020251
105.816063,90.018905,15.797158,107.181263,91.420184,15.761079,3.745074,0.019145
105.862494,90.099005,15.763489,107.288702,91.491716,15.796987,3.714104,0.019112
105.752570,89.972208,15.780362,106.986970,91.284784,15.702187,3.712101,0.019615
105.702019,89.905920,15.796099,107.350861,91.571502,15.779358,3.594128,0.020401
105.721002,89.924081,15.796921,106.979987,91.165546,15.814442,3.776817,0.018649
105.620214,89.816200,15.804014,106.962629,91.233431,15.729197,3.926840,0.018569
105.598927,89.790690,15.808237,106.986705,91.191946,15.794759,3.673130,0.020429
105.529297,89.736082,15.793215,106.807595,91.064138,15.743457,3.634518,0.018195
105.425686,89.616797,15.808889,106.786753,90.962375,15.824378,3.606961,0.021395
105.405903,89.593440,15.812463,106.979834,91.127581,15.852254,3.714293,0.018571
105.346018,89.511245,15.834773,107.036675,91.288763,15.747912,3.594139,0.019961
105.333948,89.496879,15.837069,106.961646,91.118369,15.843278,3.397660,0.020934
105.326444,89.469306,15.857138,106.637835,90.735136,15.902700,3.848253,0.018307
105.263683,89.398121,15.865562,106.459579,90.543216,15.916364,3.727777,0.018041
105.222082,89.358645,15.863437,106.812789,90.991971,15.820818,3.826316,0.017712
105.166103,89.317398,15.848705,106.873328,91.063985,15.809343,3.625612,0.019707
105.086204,89.233617,15.852587,106.607494,90.751603,15.855890,3.571364,0.019191
105.137756,89.282212,15.855543,106.842055,91.018294,15.823762,3.799315,0.018821
105.107558,89.266087,15.841471,106.858426,91.062085,15.796341,3.741546,0.018829
105.054663,89.191875,15.862789,106.670088,90.761276,15.908812,3.948374,0.018267
104.991188,89.118180,15.873008,106.429261,90.600037,15.829224,3.742598,0.019687
105.018322,89.157022,15.861300,106.631970,90.779012,15.852958,3.707912,0.020048
104.998561,89.125576,15.872986,106.610998,90.771142,15.839856,3.557554,0.020536
104.893644,89.027614,15.866031,106.833305,90.987662,15.845643,3.720947,0.019730
104.884097,89.012728,15.871369,106.680561,90.815745,15.864816,3.778747,0.020403
104.862757,88.991312,15.871445,106.364456,90.489316,15.875139,3.886788,0.019812
104.776045,88.888685,15.887361,106.673911,90.736036,15.937874,3.751766,0.020168
104.771312,88.908100,15.863212,106.485655,90.574667,15.910988,3.779830,0.018648
104.737767,88.839486,15.898281,106.556695,90.599441,15.957254,3.621568,0.020932
104.767117,88.851428,15.915689,106.415443,90.426803,15.988641,3.681623,0.019996
104.680301,88.770618,15.909683,106.494741,90.543522,15.951219,3.744310,0.020524
104.714401,88.788412,15.925990,106.390546,90.501982,15.888564,3.680768,0.019810
104.605725,88.689621,15.916103,106.527279,90.652963,15.874316,3.687186,0.021360
104.631942,88.718956,15.912987,106.209904,90.299279,15.910625,3.601857,0.020285
104.678295,88.798616,15.879679,106.538160,90.655108,15.883052,3.532800,0.020869
104.610261,88.673128,15.937133,106.433852,90.559274,15.874579,3.801993,0.017470
104.570136,88.615802,15.954334,106.023290,90.086226,15.937064,3.762455,0.019083
104.471129,88.570149,15.900980,106.310019,90.401541,15.908478,3.671981,0.020130
104.415132,88.500780,15.914352,106.206053,90.290742,15.915311,3.688921,0.018202
104.375799,88.470915,15.904884,106.073605,90.112905,15.960701,3.500309,0.020019
104.345340,88.408146,15.937194,106.333448,90.496403,15.837045,3.685417,0.018740
104.346003,88.437205,15.908798,106.494086,90.647782,15.846304,3.528149,0.021134
104.332278,88.427510,15.904769,106.212325,90.328134,15.884191,3.596862,0.020446
104.313813,88.410434,15.903379,105.925908,90.007085,15.918823,3.330032,0.021538
104.223195,88.319557,15.903638,106.136317,90.201569,15.934748,3.730383,0.018087
104.280567,88.354259,15.926307,106.233617,90.210214,16.023404,3.667640,0.019437
104.222463,88.290727,15.931736,106.235770,90.340023,15.895747,3.589930,0.020723
104.256418,88.369576,15.886842,106.339289,90.462128,15.877161,3.546159,0.019412
104.253386,88.362074,15.891312,106.328638,90.440797,15.887841,3.685694,0.019210
104.157601,88.235649,15.921952,106.234404,90.319172,15.915232,3.697587,0.021062
104.178389,88.276212,15.902176,106.084558,90.174759,15.909799,3.582000,0.021371
104.157420,88.254106,15.903314,106.098979,90.200270,15.898709,3.702866,0.020118
104.149707,88.248398,15.901309,105.992499,90.069726,15.922773,3.686766,0.018913
104.072610,88.176370,15.896240,106.171863,90.303415,15.868448,3.661467,0.020203
104.122392,88.191815,15.930577,106.300676,90.362159,15.938518,3.628204,0.020524
104.078853,88.131897,15.946956,105.975970,89.984432,15.991539,3.709641,0.018475
103.945275,87.993536,15.951739,106.115538,90.180466,15.935072,3.485131,0.020760
104.022401,88.073362,15.949039,105.837180,89.888728,15.948453,3.731310,0.019952
103.934310,87.992135,15.942176,105.942002,90.033983,15.908020,3.811009,0.018623
103.974192,88.040625,15.933568,106.224590,90.218566,16.006024,3.637043,0.019662
103.930130,87.954890,15.975239,106.145500,90.168080,15.977420,3.632251,0.019582
103.846060,87.874179,15.971881,106.008222,90.066692,15.941530,3.456412,0.021103
103.898902,87.936540,15.962362,105.974362,90.010123,15.964240,3.689504,0.019663
103.835610,87.800161,16.035449,106.149663,90.085365,16.064298,3.741060,0.019407
103.800555,87.770421,16.030134,106.203490,90.194733,16.008758,3.722092,0.019007
103.802601,87.771582,16.031019,105.802709,89.729780,16.072929,3.737065,0.019364
103.716187,87.667070,16.049117,106.014224,89.972031,16.042192,3.730380,0.019040
103.745175,87.657947,16.087228,105.853947,89.792297,16.061650,3.837473,0.017922
103.727866,87.687331,16.040535,105.985671,89.971780,16.013892,3.826767,0.019588
103.670479,87.623557,16.046922,105.681214,89.561950,16.119265,3.700665,0.019056
103.738837,87.633985,16.104852,105.830850,89.751298,16.079552,3.542796,0.020201
103.708841,87.648295,16.060546,105.731408,89.672475,16.058934,3.691143,0.019173
103.638297,87.553528,16.084770,105.659896,89.546238,16.113658,3.612186,0.020415
103.617023,87.542440,16.074584,105.962071,89.978157,15.983914,3.770074,0.020423
103.692125,87.618596,16.073529,105.984554,89.985817,15.998738,3.603871,0.019879
