203.535136,199.149872,4.385264,181.090676,172.241585,8.849091,2.192376,0.018040
166.901878,153.197931,13.703946,155.701696,138.673767,17.027929,2.427011,0.024807
151.259004,133.005767,18.253237,146.697609,127.017789,19.679820,2.399649,0.028565
143.893170,123.337217,20.555953,140.004789,118.163307,21.841481,2.365495,0.031183
138.619300,115.848401,22.770899,135.736605,111.928975,23.807631,2.520156,0.030437
134.943173,110.775091,24.168081,132.318626,107.780778,24.537847,2.549528,0.031300
132.293194,107.237908,25.055286,130.177345,104.808049,25.369296,2.445457,0.034921
130.217619,104.426238,25.791382,128.679027,102.542870,26.136157,2.499547,0.033206
128.569495,102.228224,26.341270,127.408183,100.554617,26.853566,2.632504,0.032506
127.195831,100.412483,26.783348,125.820308,99.096832,26.723476,2.606200,0.033856
126.097521,98.959788,27.137733,125.005274,97.652653,27.352621,2.748640,0.031416
125.064037,97.726174,27.337863,123.968115,96.453976,27.514139,2.633071,0.032277
124.213719,96.649121,27.564598,123.438688,95.936612,27.502076,2.582854,0.032109
123.341770,95.642997,27.698773,122.423153,94.542441,27.880712,2.728537,0.030857
122.700493,94.796045,27.904448,121.868398,94.028250,27.840149,2.714554,0.032998
122.037167,93.961657,28.075510,121.278367,93.257591,28.020776,2.698441,0.031838
121.495816,93.356495,28.139321,120.940962,92.789894,28.151068,2.827915,0.029604
121.062543,92.756366,28.306176,120.521068,92.054253,28.466814,2.809052,0.031024
120.463976,92.097674,28.366303,120.045628,91.632447,28.413181,2.747131,0.030865
120.030271,91.551638,28.478633,119.287072,90.882053,28.405018,2.781765,0.029301
119.648423,91.138636,28.509787,119.255068,90.943889,28.311179,2.621676,0.032941
119.245910,90.717240,28.528670,119.018718,90.659075,28.359644,2.759388,0.030858
118.779126,90.232190,28.546936,118.869026,90.332896,28.536130,2.660494,0.031766
118.470248,89.889723,28.580525,118.386500,89.911443,28.475057,2.809900,0.032624
118.136921,89.563333,28.573588,118.046166,89.405658,28.640508,2.801530,0.031024
117.803226,89.222170,28.581056,117.491043,89.046161,28.444882,2.847579,0.030164
117.413628,88.886834,28.526793,117.279700,88.961408,28.318292,2.979212,0.029562
117.223434,88.624372,28.599062,117.065216,88.511110,28.554106,2.903727,0.031437
116.804597,88.253753,28.550845,116.922131,88.415085,28.507046,2.898281,0.030094
116.578548,88.044529,28.534019,116.619747,88.166454,28.453293,2.738113,0.032583
116.356348,87.814336,28.542012,116.392759,87.907525,28.485233,2.897212,0.028814
116.064710,87.544831,28.519879,115.946085,87.509123,28.436962,2.773450,0.031982
115.764918,87.316589,28.448330,115.759655,87.442066,28.317589,2.919423,0.028387
115.521221,87.056857,28.464364,115.688002,87.302210,28.385792,2.789185,0.029376
115.226914,86.784450,28.442465,115.315646,87.110337,28.205310,2.999515,0.028591
115.010178,86.616796,28.393381,115.239604,86.997333,28.242271,2.912040,0.029049
114.728851,86.399659,28.329192,115.014651,86.818786,28.195864,2.901465,0.030027
114.447284,86.193866,28.253418,114.497675,86.415701,28.081975,2.885554,0.030806
114.290091,86.043714,28.246378,114.240119,86.066189,28.173930,2.814797,0.029274
114.098274,85.862327,28.235947,114.361469,86.347753,28.013716,2.775422,0.030826
113.795594,85.647936,28.147658,114.094961,86.169757,27.925204,2.873176,0.028963
113.540256,85.540017,28.000239,113.644581,85.848694,27.795887,2.924189,0.029181
113.407767,85.353717,28.054049,113.630781,85.683055,27.947726,3.013484,0.027619
113.174599,85.224577,27.950023,113.293774,85.458703,27.835071,2.820070,0.029549
113.037684,85.065819,27.971865,113.193202,85.304009,27.889193,2.886576,0.028841
112.779047,84.902882,27.876165,113.061494,85.325880,27.735614,3.064026,0.028143
112.562488,84.675222,27.887266,113.047822,85.343115,27.704706,3.062131,0.028094
112.372415,84.565996,27.806418,112.687449,84.919382,27.768066,3.069660,0.027959
112.200484,84.407417,27.793066,112.617335,84.913194,27.704142,2.888068,0.028083
112.005195,84.281092,27.724103,112.264651,84.686269,27.578382,2.950925,0.028431
111.869436,84.194408,27.675028,112.282542,84.792495,27.490047,2.883360,0.028091
111.674124,84.043190,27.630934,112.242619,84.676459,27.566160,3.028361,0.027608
111.532111,83.950596,27.581514,111.991442,84.564083,27.427359,3.099325,0.025686
111.286623,83.761545,27.525078,111.647275,84.271341,27.375934,2.978189,0.027155
111.092572,83.654043,27.438529,111.568724,84.293342,27.275382,3.075489,0.026441
110.911505,83.579688,27.331818,111.477255,84.312978,27.164277,2.928934,0.029060
110.724608,83.424651,27.299957,111.367950,84.134053,27.233897,2.934440,0.028573
110.629481,83.278344,27.351138,111.227728,84.222511,27.005216,2.811214,0.028329
110.474230,83.229396,27.244834,111.021621,83.981408,27.040213,2.830844,0.029924
110.268467,83.069573,27.198894,110.962476,83.868106,27.094369,3.111516,0.026801
110.082563,82.924184,27.158379,110.647905,83.753952,26.893952,3.024734,0.026662
109.890087,82.784383,27.105704,110.615250,83.750586,26.864664,3.084883,0.025848
109.734838,82.695831,27.039007,110.284458,83.341470,26.942987,3.054631,0.026242
109.663870,82.597230,27.066640,110.386300,83.544300,26.841999,3.051352,0.026983
109.506412,82.482990,27.023422,110.093679,83.190434,26.903245,3.019832,0.025342
109.305916,82.370454,26.935462,110.115200,83.113817,27.001382,2.955870,0.026357
109.141180,82.223311,26.917869,110.086773,83.202841,26.883932,2.960290,0.026825
109.005440,82.154766,26.850674,109.795509,83.072878,26.722631,2.913364,0.028518
108.926221,82.116675,26.809546,109.671617,82.907490,26.764127,2.906886,0.028761
108.783921,81.989596,26.794326,109.548178,82.835047,26.713130,2.916336,0.028461
108.593587,81.854843,26.738744,109.405530,82.827205,26.578324,3.030818,0.027394
108.462211,81.755342,26.706869,109.159878,82.408921,26.750957,2.960380,0.029460
108.379862,81.678299,26.701563,109.101108,82.483630,26.617478,3.003363,0.026696
108.266473,81.627130,26.639344,108.893581,82.445887,26.447694,3.043468,0.025679
108.141772,81.590126,26.551646,108.958677,82.525263,26.433414,3.026061,0.027400
107.985201,81.442056,26.543145,108.677470,82.393867,26.283603,3.169146,0.025634
107.801469,81.332846,26.468623,108.664135,82.311177,26.352958,3.028779,0.026283
107.699145,81.287880,26.411265,108.576131,82.137616,26.438515,2.930082,0.027095
107.612079,81.160428,26.451651,108.327924,82.133230,26.194694,3.120987,0.026893
107.520730,81.141162,26.379568,108.441328,82.247277,26.194051,2.994214,0.025811
107.408406,81.030701,26.377705,107.999343,81.824690,26.174653,3.116574,0.025591
107.211479,80.918721,26.292757,108.053836,81.930005,26.123832,3.037374,0.026303
107.096753,80.894048,26.202706,108.065542,81.955634,26.109908,3.093373,0.025735
106.994493,80.818954,26.175539,107.873588,81.752764,26.120824,3.050187,0.026111
106.857975,80.663471,26.194505,107.751386,81.643494,26.107892,3.016925,0.027501
106.772466,80.636585,26.135881,107.693844,81.564015,26.129829,3.060704,0.025319
106.688104,80.599689,26.088415,107.814450,81.821479,25.992971,3.037090,0.025224
106.582831,80.516311,26.066520,107.457031,81.539828,25.917202,3.115991,0.026634
106.504810,80.441354,26.063456,107.469636,81.434352,26.035284,3.086370,0.025277
106.360948,80.306421,26.054528,107.291942,81.371775,25.920167,3.015112,0.028424
106.263795,80.247526,26.016269,107.227259,81.311898,25.915361,3.116108,0.025968
106.170124,80.205148,25.964976,107.322598,81.494751,25.827847,3.095416,0.024717
106.046500,80.138936,25.907564,107.233529,81.311073,25.922456,2.955240,0.027290
106.034327,80.130058,25.904269,106.843520,81.152446,25.691073,3.101672,0.026703
105.910695,80.021368,25.889326,106.890779,81.168578,25.722202,3.096736,0.028009
105.778170,79.922603,25.855568,106.945486,81.137494,25.807992,3.078779,0.026954
105.704381,79.869535,25.834846,106.395307,80.762405,25.632902,3.327894,0.023428
105.628766,79.809614,25.819153,106.700055,81.024857,25.675198,3.071769,0.024826
105.521486,79.755633,25.765853,106.729424,81.020917,25.708507,3.063477,0.026160
105.467788,79.682742,25.785046,106.470594,80.767042,25.703551,3.184803,0.024196
105.414197,79.662250,25.751947,106.418252,80.767101,25.651151,3.083875,0.027417
105.321080,79.588504,25.732576,106.704043,81.083142,25.620900,3.016689,0.026749
105.239230,79.522356,25.716875,106.320903,80.822275,25.498628,2.965353,0.026322
105.175672,79.464955,25.710716,106.322666,80.736314,25.586352,3.043684,0.027912
105.069397,79.371296,25.698102,106.466604,80.840641,25.625963,3.009778,0.026300
104.997392,79.343976,25.653416,106.063242,80.579840,25.483402,3.018068,0.023141
104.930951,79.312184,25.618766,106.263242,80.603428,25.659814,3.212373,0.026434
104.845455,79.227014,25.618441,106.129601,80.567012,25.562590,3.276115,0.024011
104.861289,79.257447,25.603841,105.845091,80.282273,25.562818,2.947930,0.026119
104.796062,79.178888,25.617173,105.960455,80.573191,25.387264,3.238099,0.024773
104.647482,79.087693,25.559789,105.952381,80.384962,25.567420,3.153563,0.026331
104.602792,79.035316,25.567476,105.928090,80.442411,25.485680,3.246000,0.022512
104.547284,78.966930,25.580355,105.827900,80.420001,25.407899,3.171017,0.025709
104.502569,78.920012,25.582557,105.705013,80.400309,25.304704,3.164031,0.024084
104.523442,78.950002,25.573440,105.609148,80.235108,25.374040,3.108540,0.024203
104.309323,78.747193,25.562130,105.800324,80.373880,25.426445,2.993371,0.027374
104.346855,78.770588,25.576267,105.660287,80.358564,25.301723,3.103813,0.024923
104.320923,78.736593,25.584330,105.442705,80.099843,25.342862,3.242439,0.024053
104.278903,78.735177,25.543726,105.679657,80.174850,25.504806,3.138736,0.026373
104.251276,78.688957,25.562318,105.464369,80.006271,25.458099,3.174552,0.024473
104.126045,78.597547,25.528498,105.466292,80.137383,25.328909,3.128663,0.025690
104.174952,78.636474,25.538478,105.117294,79.763663,25.353631,3.074838,0.025223
104.020638,78.538377,25.482261,105.372728,80.020115,25.352613,3.242136,0.025759
104.044269,78.520346,25.523923,105.089084,79.773155,25.315929,3.154308,0.024426
104.021738,78.480682,25.541055,105.541387,80.017750,25.523637,3.350477,0.027380
103.915123,78.414820,25.500303,105.215864,79.766967,25.448897,3.124656,0.024464
103.902040,78.404929,25.497111,104.965122,79.582866,25.382255,3.169782,0.024232
103.830903,78.350616,25.480287,105.058519,79.725805,25.332713,3.267623,0.022067
103.782396,78.274737,25.507658,104.934896,79.710189,25.224707,3.184703,0.024151
103.747840,78.308090,25.439750,105.054931,79.698034,25.356896,3.065456,0.026937
103.785243,78.280442,25.504802,105.317227,79.834464,25.482763,2.965035,0.024350
103.735529,78.260531,25.474999,105.293710,79.898567,25.395143,3.141118,0.023765
103.642834,78.139537,25.503298,104.783096,79.433395,25.349701,3.128056,0.024380
103.644152,78.165111,25.479041,104.983276,79.609070,25.374207,3.241091,0.023441
103.550007,78.067501,25.482506,104.826031,79.407227,25.418803,3.132807,0.023312
103.532795,78.052320,25.480475,104.786402,79.409221,25.377180,3.279445,0.023428
103.477749,77.995918,25.481832,104.891614,79.649631,25.241983,3.086609,0.025275
103.462123,77.992678,25.469446,104.711975,79.452687,25.259288,3.125817,0.025815
103.406458,77.930495,25.475963,104.887290,79.584492,25.302798,3.263331,0.023965
103.447042,77.990651,25.456391,104.625659,79.204060,25.421599,3.090154,0.025274
103.397826,77.898084,25.499742,104.447336,79.113561,25.333775,3.226214,0.025005
103.283434,77.847075,25.436359,104.521807,79.289571,25.232236,3.306126,0.023874
103.267578,77.832995,25.434583,104.928364,79.442599,25.485764,3.265489,0.022754
103.276223,77.783320,25.492903,104.698835,79.370425,25.328410,3.218420,0.023902
103.246735,77.776022,25.470713,104.594397,79.278675,25.315721,2.915590,0.026796
103.249764,77.803075,25.446689,104.861680,79.386778,25.474902,3.142330,0.024414
103.186749,77.724227,25.462523,104.383586,79.215890,25.167695,3.235104,0.024078
103.185771,77.758495,25.427276,104.856623,79.471396,25.385227,3.183146,0.023687
103.179704,77.722974,25.456730,104.799890,79.540438,25.259452,3.161063,0.025756
103.098626,77.650303,25.448323,104.542802,79.141624,25.401178,3.183262,0.024555
103.055590,77.625162,25.430428,104.412398,79.105116,25.307282,3.065961,0.026382
103.076800,77.591238,25.485562,104.350290,79.131176,25.219114,3.173649,0.023264
102.968146,77.510805,25.457341,104.495349,79.087226,25.408123,3.136497,0.024193
102.999204,77.572067,25.427137,104.682742,79.349211,25.333531,3.031825,0.024685
102.962981,77.506353,25.456628,104.451461,79.091412,25.360049,3.222106,0.026745
102.865157,77.437177,25.427981,104.505338,79.336108,25.169230,3.320112,0.025245
102.852617,77.447622,25.404995,104.354427,79.091897,25.262530,3.004526,0.025112
102.972532,77.522336,25.450196,104.336146,79.115160,25.220985,3.197590,0.024317
102.807587,77.327007,25.480579,104.432849,79.126381,25.306468,3.225759,0.025476
102.755915,77.331758,25.424157,104.349077,79.057370,25.291707,3.072522,0.024730
