196.507677,192.915115,3.592562,170.417532,162.653670,7.763863,3.240305,0.012785
158.482368,149.067166,9.415202,148.667689,138.041596,10.626093,3.211074,0.016772
145.024373,133.796899,11.227474,141.083900,129.272681,11.811219,3.059392,0.018945
138.613751,126.504064,12.109687,134.879095,122.487827,12.391269,3.377635,0.017678
133.666713,120.833861,12.832852,130.855011,117.852403,13.002607,3.235105,0.019610
130.137933,116.849767,13.288166,127.791789,114.313447,13.478342,3.387259,0.019493
127.207055,113.496134,13.710921,125.121801,111.215960,13.905840,3.473522,0.017675
125.093452,111.038209,14.055243,123.444030,109.203501,14.240529,3.358771,0.018995
123.394797,109.035697,14.359100,122.053788,107.693338,14.360449,3.471769,0.017923
121.849164,107.321160,14.528004,120.714942,106.041576,14.673366,3.546715,0.017827
120.538920,105.783621,14.755300,119.411228,104.595888,14.815340,3.255121,0.020552
119.188076,104.267107,14.920969,118.343142,103.286518,15.056624,3.340678,0.019756
118.127949,103.009896,15.118054,117.470702,102.315386,15.155316,3.340782,0.020618
117.102106,101.878918,15.223187,116.700820,101.451651,15.249170,3.258791,0.019832
116.261084,100.981273,15.279812,115.796859,100.362606,15.434253,3.308443,0.019270
115.362402,99.923508,15.438894,114.702691,99.222744,15.479947,3.474864,0.019020
114.543309,99.030853,15.512456,114.238330,98.728504,15.509826,3.429053,0.018061
113.848855,98.233846,15.615009,113.871087,98.218651,15.652436,3.372745,0.018434
113.203106,97.531308,15.671798,112.980231,97.293765,15.686465,3.426723,0.017485
112.628670,96.919176,15.709493,112.797271,97.046842,15.750428,3.440425,0.018228
112.185692,96.428189,15.757503,112.056683,96.242765,15.813918,3.588473,0.017048
111.766773,95.977201,15.789572,111.731372,95.819715,15.911657,3.339295,0.017240
111.302179,95.448471,15.853708,111.406780,95.468451,15.938329,3.213640,0.019128
110.905015,95.034540,15.870474,110.844309,94.969635,15.874674,3.511874,0.017451
110.541466,94.653112,15.888354,110.390057,94.535846,15.854211,3.656550,0.016312
110.226940,94.289601,15.937339,110.322888,94.372918,15.949970,3.524498,0.018735
109.943609,94.016261,15.927348,110.281638,94.314138,15.967500,3.390620,0.018668
109.718824,93.734749,15.984075,109.720401,93.631569,16.088832,3.620534,0.017064
109.336287,93.344408,15.991879,109.790620,93.767478,16.023142,3.596343,0.017391
109.111825,93.106085,16.005740,109.540321,93.496616,16.043705,3.556737,0.016814
108.959655,92.910277,16.049378,109.818766,93.686701,16.132065,3.300209,0.019611
108.681729,92.572760,16.108969,109.042034,92.921190,16.120845,3.486473,0.017419
108.439713,92.329887,16.109826,109.101061,93.016541,16.084519,3.545772,0.018084
108.234934,92.084908,16.150026,108.657650,92.529451,16.128199,3.410618,0.017901
107.965407,91.728865,16.236542,108.557653,92.287182,16.270472,3.500927,0.017707
107.811038,91.540387,16.270652,108.670362,92.510607,16.159754,3.498329,0.018656
107.620833,91.402143,16.218690,108.518585,92.308127,16.210458,3.537654,0.018162
107.620556,91.339900,16.280656,108.403493,92.208162,16.195332,3.390520,0.018820
107.407218,91.081129,16.326089,108.117781,91.804042,16.313739,3.452816,0.018726
107.117564,90.754208,16.363356,108.001656,91.682888,16.318768,3.439025,0.018218
107.027088,90.706145,16.320943,107.773836,91.418670,16.355166,3.534170,0.016672
106.915759,90.584480,16.331278,108.064033,91.706886,16.357147,3.308789,0.017882
106.803512,90.480321,16.323191,107.638495,91.261121,16.377375,3.493149,0.017435
106.619508,90.211032,16.408476,107.767707,91.371995,16.395713,3.341036,0.018504
106.546210,90.117424,16.428787,107.756622,91.414237,16.342385,3.490265,0.018336
106.428678,89.993528,16.435150,107.528189,91.108556,16.419633,3.472734,0.017522
106.337246,89.902832,16.434414,107.423070,90.942450,16.480619,3.454981,0.018997
106.200007,89.724759,16.475249,107.282887,90.817861,16.465027,3.463541,0.017911
106.061368,89.586250,16.475118,107.232511,90.778719,16.453792,3.466095,0.017751
105.958204,89.460844,16.497360,107.100070,90.646121,16.453950,3.393544,0.018867
105.860469,89.385350,16.475119,107.076282,90.608716,16.467566,3.312146,0.018713
105.794757,89.271478,16.523279,106.913608,90.450927,16.462681,3.661094,0.017271
105.640649,89.090248,16.550402,106.870827,90.309220,16.561607,3.596052,0.017267
105.677307,89.135822,16.541485,106.876046,90.232394,16.643651,3.493700,0.016909
105.566778,89.013207,16.553572,106.617561,90.068211,16.549351,3.567300,0.018219
105.400087,88.836368,16.563720,106.921640,90.427766,16.493875,3.534651,0.017234
105.351406,88.794687,16.556720,106.287758,89.702091,16.585667,3.507339,0.017127
105.214035,88.599854,16.614181,106.662476,90.190523,16.471953,3.438390,0.018974
105.186308,88.607780,16.578528,106.333689,89.686183,16.647505,3.389226,0.016722
105.080581,88.477737,16.602844,106.327673,89.781961,16.545712,3.401003,0.018510
104.991659,88.402843,16.588816,106.366010,89.808221,16.557788,3.430987,0.017528
104.951934,88.373067,16.578868,106.358971,89.769094,16.589877,3.493769,0.017281
104.786284,88.187488,16.598796,106.053843,89.457543,16.596301,3.636011,0.016804
104.765303,88.132376,16.632927,106.122853,89.544444,16.578409,3.658096,0.015749
104.754966,88.115233,16.639734,106.100806,89.483609,16.617198,3.482009,0.017847
104.656949,87.996869,16.660080,106.248854,89.561315,16.687540,3.502606,0.018450
104.577289,87.959124,16.618164,105.771071,89.189549,16.581522,3.393257,0.017692
104.586798,87.964428,16.622370,105.992847,89.433564,16.559283,3.555041,0.017233
104.508067,87.901626,16.606441,106.160427,89.573894,16.586533,3.612858,0.017114
104.456121,87.822666,16.633456,105.812099,89.125449,16.686650,3.617801,0.017171
104.345998,87.714169,16.631829,105.779117,89.176316,16.602801,3.553962,0.016327
104.290156,87.638700,16.651456,105.611060,88.923420,16.687640,3.498182,0.017471
104.176240,87.529282,16.646958,105.606404,88.871176,16.735228,3.716005,0.016481
104.211878,87.588177,16.623701,105.696171,89.145486,16.550685,3.454810,0.018025
104.112048,87.484915,16.627133,106.152579,89.492238,16.660341,3.554620,0.016457
104.072665,87.390160,16.682506,105.888458,89.219289,16.669168,3.387033,0.018106
104.040158,87.397701,16.642457,105.634564,89.044849,16.589715,3.516290,0.017451
104.051071,87.385368,16.665703,105.552651,88.889594,16.663057,3.656776,0.016274
103.872433,87.163439,16.708995,105.336637,88.609201,16.727436,3.418605,0.018419
103.847126,87.158715,16.688411,105.171728,88.441236,16.730492,3.554895,0.017447
103.875771,87.203812,16.671959,105.700724,89.018002,16.682722,3.368272,0.017777
103.760906,87.043909,16.716997,105.223311,88.545411,16.677901,3.350578,0.018223
103.695920,86.989874,16.706046,105.364775,88.671727,16.693048,3.424978,0.017988
103.677041,86.972961,16.704081,105.440110,88.773787,16.666323,3.641069,0.016228
103.597192,86.871763,16.725429,105.306074,88.609205,16.696869,3.676295,0.017605
103.511374,86.766171,16.745203,105.563418,88.903088,16.660330,3.386155,0.018520
103.546547,86.795292,16.751255,105.459597,88.724459,16.735137,3.466111,0.018554
103.484721,86.766742,16.717979,105.141542,88.426890,16.714653,3.551149,0.016475
103.397782,86.649541,16.748241,104.969700,88.145375,16.824324,3.636117,0.017517
103.364002,86.599114,16.764888,105.100510,88.335480,16.765030,3.521804,0.017623
103.233720,86.498255,16.735465,105.245094,88.563807,16.681287,3.515174,0.017207
103.238784,86.497423,16.741362,105.043759,88.310256,16.733503,3.661730,0.016373
103.280278,86.585576,16.694702,105.018701,88.281258,16.737443,3.714927,0.016668
103.222263,86.466735,16.755528,104.979863,88.251401,16.728462,3.510078,0.017218
103.170400,86.435275,16.735125,105.138684,88.473812,16.664871,3.488755,0.017290
103.156282,86.414429,16.741854,104.911002,88.147647,16.763355,3.629395,0.017503
103.190275,86.420758,16.769518,104.936338,88.193691,16.742646,3.478853,0.017358
103.068604,86.293158,16.775446,105.344605,88.613365,16.731240,3.417746,0.018282
103.087988,86.335968,16.752020,105.115214,88.355426,16.759789,3.421833,0.018128
102.998438,86.242428,16.756011,104.949386,88.248688,16.700699,3.349133,0.018183
102.936176,86.166835,16.769341,105.084056,88.400617,16.683439,3.534804,0.016129
102.988341,86.219534,16.768807,104.979375,88.205475,16.773900,3.589395,0.017928
102.933532,86.138098,16.795434,105.247047,88.525328,16.721719,3.517048,0.018169
102.952451,86.132193,16.820258,104.809356,88.042909,16.766447,3.566996,0.017093
102.934292,86.172150,16.762143,104.673379,87.955718,16.717662,3.765022,0.017915
102.874156,86.074114,16.800042,104.521825,87.662744,16.859081,3.530123,0.016979
102.821326,85.996728,16.824598,104.588081,87.797847,16.790234,3.585374,0.017251
102.811605,86.026920,16.784685,104.731161,87.964634,16.766527,3.713512,0.015997
102.798210,86.044172,16.754038,104.849683,88.158472,16.691211,3.527528,0.017048
102.723786,85.934444,16.789342,104.766094,88.076111,16.689983,3.545580,0.018507
102.769946,86.013648,16.756297,104.756832,88.022869,16.733963,3.407377,0.018449
102.710877,85.897058,16.813819,104.772136,87.925441,16.846695,3.570212,0.016068
102.687012,85.866472,16.820540,104.720983,87.919263,16.801720,3.496296,0.016429
102.568204,85.813395,16.754809,104.599686,87.853788,16.745898,3.579517,0.016894
102.652280,85.898469,16.753811,104.633907,87.974954,16.658953,3.610981,0.017551
102.568714,85.769386,16.799328,104.739310,87.945100,16.794211,3.602939,0.017647
102.596277,85.803319,16.792958,104.819249,88.031414,16.787834,3.395158,0.018340
102.497928,85.714208,16.783721,104.342873,87.578934,16.763940,3.528544,0.017168
102.558052,85.830143,16.727908,104.663093,87.881390,16.781704,3.470153,0.017967
102.546369,85.782888,16.763482,104.624126,87.844273,16.779853,3.644821,0.016074
102.506535,85.745895,16.760640,104.637889,87.921692,16.716198,3.529029,0.017722
102.494535,85.735155,16.759380,104.550157,87.812222,16.737936,3.629452,0.016904
102.471904,85.703237,16.768667,104.480658,87.755099,16.725560,3.388259,0.018507
102.487623,85.712277,16.775346,104.668402,87.943959,16.724444,3.524751,0.016212
102.415129,85.618338,16.796792,104.294351,87.520444,16.773907,3.682988,0.014738
102.355313,85.560525,16.794787,104.262632,87.438833,16.823798,3.544682,0.017116
102.351007,85.551673,16.799335,104.673225,87.839822,16.833403,3.372161,0.018539
102.276862,85.485671,16.791190,104.255958,87.528078,16.727881,3.547507,0.016728
102.302106,85.485142,16.816964,104.402273,87.621746,16.780527,3.544744,0.017394
102.275415,85.454547,16.820868,104.639889,87.873231,16.766657,3.633972,0.016517
102.175018,85.380961,16.794057,104.464461,87.698662,16.765800,3.563878,0.016822
102.261284,85.464912,16.796373,104.437219,87.623552,16.813667,3.583559,0.018541
102.251070,85.439036,16.812034,104.364283,87.607603,16.756680,3.330874,0.018466
102.153725,85.365337,16.788388,104.466438,87.739226,16.727212,3.463483,0.018155
102.131133,85.324085,16.807048,104.144009,87.381441,16.762568,3.684253,0.017248
102.083734,85.245256,16.838478,104.505834,87.729627,16.776208,3.587915,0.018104
102.215362,85.382689,16.832673,104.145948,87.285621,16.860327,3.635513,0.017298
102.032000,85.193452,16.838548,104.195371,87.432642,16.762729,3.638837,0.016684
102.015625,85.157511,16.858114,104.258115,87.469801,16.788314,3.328662,0.018644
101.966636,85.138856,16.827781,104.164681,87.376916,16.787766,3.539757,0.018239
101.966458,85.149761,16.816698,104.167420,87.311657,16.855763,3.487758,0.018196
101.903253,85.090378,16.812875,104.166808,87.354565,16.812243,3.521305,0.017238
101.965459,85.154081,16.811377,104.105798,87.283042,16.822756,3.522389,0.017991
101.865077,85.036178,16.828898,104.341961,87.469002,16.872958,3.531065,0.017257
101.852424,84.982828,16.869596,104.137753,87.265776,16.871977,3.518856,0.016570
101.904806,85.076927,16.827879,104.054964,87.218793,16.836171,3.734246,0.016533
101.840625,84.993515,16.847110,103.888616,87.046005,16.842610,3.605177,0.017043
101.744770,84.896084,16.848686,104.130162,87.348196,16.781966,3.561051,0.017435
101.810043,84.943321,16.866723,104.139670,87.248500,16.891169,3.524521,0.017463
101.707473,84.881430,16.826043,104.383446,87.537149,16.846298,3.828722,0.016424
101.715870,84.865312,16.850558,104.035202,87.150443,16.884759,3.494360,0.017879
101.690423,84.843345,16.847078,103.993876,87.244169,16.749707,3.701121,0.015754
101.665625,84.840951,16.824674,104.149236,87.320161,16.829075,3.665558,0.016661
101.677888,84.836992,16.840896,104.080033,87.218974,16.861059,3.606472,0.017700
101.674284,84.821862,16.852422,104.163031,87.291555,16.871476,3.549875,0.017481
101.655393,84.807775,16.847618,103.949549,87.096770,16.852779,3.545964,0.017844
101.654287,84.820286,16.834001,103.962774,87.306960,16.655815,3.531912,0.017294
101.641665,84.833531,16.808134,104.052098,87.232033,16.820066,3.581183,0.017730
101.599497,84.799118,16.800379,103.768299,86.937547,16.830752,3.605716,0.017347
101.559310,84.720093,16.839217,103.802393,87.009927,16.792466,3.582166,0.016595
