247.020311,240.145543,6.874768,193.836246,189.125902,4.710343,3.477711,0.008236
186.009592,178.349660,7.659932,175.988485,164.862305,11.126178,2.614411,0.015517
165.249983,150.353882,14.896101,155.819162,138.033395,17.785768,2.360487,0.023400
152.348412,133.732024,18.616388,147.022590,127.539530,19.483059,2.560618,0.026356
144.693124,123.678592,21.014532,140.956498,118.513786,22.442711,2.344677,0.030381
139.138724,115.882479,23.256244,136.280284,111.831943,24.448341,2.512819,0.029425
135.342211,110.474628,24.867584,132.836346,107.613567,25.222780,2.466352,0.032540
132.657305,106.872304,25.785001,130.601908,104.278841,26.323067,2.590730,0.031543
130.553610,104.141384,26.412226,128.948326,102.103321,26.845005,2.538627,0.032902
128.809535,101.843410,26.966125,127.543605,100.309907,27.233698,2.700460,0.031151
127.381999,100.006289,27.375711,126.154100,98.624312,27.529788,2.620669,0.032181
126.179622,98.506791,27.672831,124.997948,97.306318,27.691630,2.672374,0.031417
125.321358,97.335465,27.985893,124.346238,96.308222,28.038015,2.719501,0.031741
124.429118,96.242247,28.186871,123.408872,95.153389,28.255484,2.784127,0.030761
123.683997,95.318376,28.365620,122.692347,94.383745,28.308601,2.738745,0.032719
122.958449,94.486888,28.471561,122.327369,93.655587,28.671782,2.883521,0.031003
122.362790,93.708124,28.654666,121.900957,92.991027,28.909931,2.710717,0.030656
121.873120,93.037319,28.835801,121.180096,92.447242,28.732854,2.775831,0.032564
121.352829,92.400795,28.952034,121.097798,92.144211,28.953587,2.578509,0.036062
120.913115,91.833297,29.079818,120.676568,91.736271,28.940298,2.748868,0.032500
120.357331,91.249990,29.107342,119.808468,90.787611,29.020857,2.773900,0.034079
120.017777,90.794355,29.223422,119.446151,90.307395,29.138756,2.990687,0.028522
119.591465,90.379666,29.211798,119.586454,90.347670,29.238783,2.664843,0.033554
119.175731,89.920897,29.254833,119.101843,89.856854,29.244989,2.881729,0.031502
118.800633,89.495709,29.304924,118.651603,89.310634,29.340969,2.879041,0.030451
118.480437,89.167562,29.312875,118.694555,89.405813,29.288742,2.636503,0.035034
118.198434,88.856611,29.341823,118.238420,89.028543,29.209877,2.923675,0.031283
117.863265,88.553666,29.309598,117.841951,88.579501,29.262450,2.777623,0.031949
117.684755,88.287932,29.396823,117.317971,88.079016,29.238955,2.820439,0.033085
117.287416,87.898328,29.389088,117.267557,87.874379,29.393177,2.857691,0.030203
116.992185,87.625275,29.366910,117.017002,87.742583,29.274419,2.657969,0.033749
116.727113,87.396787,29.330325,116.834265,87.458995,29.375270,2.887306,0.029429
116.516383,87.119145,29.397238,116.570558,87.080200,29.490358,2.866477,0.031438
116.190179,86.781314,29.408866,116.410000,87.023606,29.386394,2.816243,0.030119
116.028730,86.630982,29.397748,116.256826,86.782063,29.474762,2.795818,0.029737
115.759959,86.399212,29.360747,116.046773,86.682279,29.364494,2.913921,0.030372
115.561766,86.220086,29.341680,116.004378,86.557023,29.447355,2.752922,0.033674
115.315162,85.958366,29.356796,115.798594,86.424135,29.374458,2.907949,0.029870
115.016667,85.739744,29.276923,115.159243,85.933401,29.225841,2.876573,0.030616
114.862879,85.560198,29.302681,115.361183,86.256181,29.105002,2.970086,0.031224
114.646325,85.434734,29.211591,115.065051,85.902723,29.162327,2.862476,0.030293
114.410621,85.134735,29.275886,114.777179,85.614273,29.162907,2.820154,0.031338
114.280447,85.042763,29.237684,114.869978,85.593314,29.276664,2.860163,0.028667
114.083603,84.856973,29.226630,114.508326,85.213328,29.294998,2.763198,0.031456
113.842492,84.632984,29.209508,114.234619,85.005385,29.229234,2.992058,0.028062
113.689688,84.513849,29.175840,114.075172,84.907737,29.167435,2.783863,0.028994
113.523125,84.336876,29.186249,114.082573,85.004170,29.078404,2.812246,0.031364
113.300280,84.222791,29.077489,113.842325,84.710387,29.131937,2.899954,0.028620
113.139788,84.035255,29.104533,113.605804,84.646759,28.959045,2.949788,0.027870
112.972807,83.910222,29.062585,113.668488,84.712797,28.955691,3.047750,0.028853
112.851658,83.790094,29.061565,113.566292,84.647432,28.918860,2.879817,0.030269
112.661667,83.699352,28.962315,113.354014,84.381879,28.972135,2.970708,0.028933
112.485567,83.498865,28.986702,113.059188,84.200943,28.858245,2.878580,0.030309
112.248547,83.341219,28.907329,112.995955,84.176302,28.819653,2.926188,0.030173
112.193348,83.304591,28.888757,112.994929,84.188154,28.806775,2.752003,0.033204
112.065617,83.165410,28.900207,112.605916,83.853678,28.752238,2.920792,0.028739
111.882761,83.047896,28.834865,112.680992,84.047336,28.633656,3.038210,0.028775
111.743787,82.926815,28.816971,112.609937,83.887648,28.722289,3.071935,0.026013
111.553205,82.804194,28.749011,112.224916,83.728449,28.496468,3.069224,0.028311
111.454630,82.697121,28.757509,112.104075,83.552002,28.552073,2.973943,0.029404
111.344765,82.603829,28.740936,111.977068,83.420776,28.556292,2.945584,0.026640
111.106704,82.437823,28.668881,111.798565,83.294724,28.503842,2.928522,0.027186
110.975898,82.368533,28.607365,111.796238,83.068157,28.728082,3.039890,0.029123
110.906114,82.333344,28.572770,111.730255,83.095642,28.634613,2.885421,0.026817
110.674535,82.126090,28.548445,111.469609,82.982768,28.486841,2.835466,0.028342
110.530931,82.104806,28.426125,111.446956,83.294096,28.152860,3.038119,0.027010
110.424037,81.971098,28.452939,111.337798,82.909602,28.428196,3.182112,0.026270
110.319424,81.884240,28.435185,110.954928,82.691499,28.263429,3.000084,0.027982
110.237737,81.812946,28.424791,110.942121,82.626299,28.315822,2.889347,0.027985
110.061901,81.662897,28.399003,110.940340,82.828582,28.111758,3.020718,0.026232
109.976035,81.686952,28.289083,110.853088,82.734335,28.118752,3.081805,0.028175
109.828912,81.513951,28.314962,110.853876,82.755360,28.098516,2.962628,0.027411
109.675891,81.465326,28.210565,110.562398,82.289149,28.273250,2.962650,0.028998
109.473990,81.310739,28.163250,110.748018,82.682245,28.065772,3.068028,0.027451
109.525174,81.378079,28.147095,110.466201,82.248326,28.217875,2.836514,0.030043
109.322457,81.200808,28.121649,110.272174,82.152099,28.120075,2.979750,0.028093
109.231209,81.170670,28.060539,110.304770,82.345116,27.959654,3.124919,0.024909
109.163387,81.119669,28.043718,109.962403,81.870853,28.091550,3.082984,0.027051
109.087991,81.030821,28.057170,109.836944,81.915402,27.921543,3.007852,0.026631
108.923756,80.990232,27.933524,109.775751,81.828533,27.947218,3.134848,0.027318
108.821761,80.884787,27.936975,109.706256,81.947812,27.758444,3.122946,0.025112
108.703143,80.818291,27.884852,109.633977,82.068866,27.565110,3.036567,0.028880
108.589184,80.742282,27.846903,109.726990,81.762386,27.964605,3.169619,0.026049
108.556070,80.743038,27.813032,109.379925,81.694979,27.684945,3.366343,0.026291
108.438294,80.686147,27.752147,109.466607,81.629252,27.837354,3.099066,0.027334
108.335751,80.569604,27.766147,109.258093,81.769786,27.488307,3.024459,0.028335
108.189687,80.478635,27.711052,109.431096,81.865049,27.566047,3.005997,0.025933
108.093292,80.444979,27.648313,109.206388,81.544570,27.661818,3.327815,0.025762
108.013325,80.363522,27.649802,109.047897,81.600098,27.447799,3.061482,0.027658
107.919508,80.286668,27.632841,108.837581,81.353543,27.484038,3.165207,0.024903
107.818455,80.231713,27.586742,108.903533,81.416243,27.487290,3.139763,0.024117
107.724668,80.193580,27.531087,108.962291,81.397802,27.564489,3.078305,0.027136
107.662539,80.165413,27.497126,108.939490,81.545519,27.393971,3.024003,0.026353
107.472274,80.060459,27.411815,108.718323,81.321330,27.396993,3.115841,0.025932
107.513819,80.071783,27.442036,108.482648,81.112589,27.370060,3.196700,0.025981
107.362341,79.956310,27.406031,108.705958,81.309406,27.396552,3.282441,0.024935
107.369447,79.931659,27.437788,108.459288,81.197940,27.261348,3.204390,0.026350
107.216226,79.858677,27.357548,108.564392,81.340547,27.223845,3.064044,0.025729
107.145306,79.804120,27.341186,108.382474,81.119687,27.262787,3.130352,0.026224
106.947121,79.709217,27.237904,108.129222,80.929870,27.199352,3.227109,0.028879
106.918641,79.658811,27.259831,108.219959,81.025957,27.194002,2.986505,0.026296
106.880375,79.650392,27.229984,107.924834,80.894918,27.029916,3.072073,0.027432
106.698693,79.534529,27.164164,108.037663,81.000739,27.036923,3.117730,0.025703
106.677085,79.551151,27.125934,107.876741,80.884197,26.992544,3.019263,0.027535
106.662414,79.496366,27.166048,107.941481,80.818481,27.123000,3.242556,0.025179
106.586261,79.447815,27.138446,107.787117,80.731379,27.055738,3.237590,0.025949
106.466881,79.355792,27.111089,107.662829,80.665025,26.997803,3.293843,0.026334
106.512969,79.430461,27.082508,107.919774,80.862965,27.056809,3.335706,0.025221
106.378870,79.344651,27.034219,107.660132,80.844036,26.816096,3.141270,0.028749
106.200673,79.216561,26.984112,107.531803,80.771074,26.760729,3.091994,0.025871
106.200915,79.187312,27.013603,107.311911,80.483857,26.828054,3.384567,0.023838
106.119858,79.132504,26.987355,107.469433,80.469248,27.000185,3.255266,0.025384
106.021264,79.016774,27.004490,107.350757,80.438912,26.911845,3.151609,0.027558
105.957472,79.008592,26.948880,107.404072,80.371184,27.032887,3.055923,0.027272
105.933233,78.997226,26.936007,107.275752,80.245569,27.030183,3.090853,0.024478
105.769355,78.849124,26.920232,106.919666,80.218043,26.701624,3.327310,0.026243
105.729534,78.906321,26.823212,106.967791,80.396407,26.571384,3.385045,0.025352
105.647903,78.853298,26.794605,107.098100,80.260774,26.837327,3.060730,0.026629
105.579233,78.784755,26.794478,106.946007,80.058764,26.887243,3.203393,0.024630
105.509493,78.718291,26.791202,106.826607,80.266411,26.560196,3.126477,0.024004
105.467941,78.731808,26.736133,106.878450,80.104996,26.773454,3.027330,0.028338
105.366883,78.655936,26.710948,106.586607,79.988796,26.597811,3.055068,0.025691
105.302822,78.562281,26.740542,106.568694,80.008844,26.559851,3.282588,0.026990
105.271486,78.590506,26.680980,106.499995,80.088444,26.411551,3.069614,0.025302
105.106165,78.439368,26.666797,106.584975,80.047126,26.537848,3.313792,0.024661
105.116160,78.431154,26.685007,106.326202,79.659897,26.666306,3.162210,0.024642
105.041422,78.370041,26.671381,106.166816,79.626094,26.540722,3.144361,0.026161
104.945758,78.323185,26.622573,106.352089,79.826708,26.525381,3.215972,0.026123
104.868676,78.276300,26.592376,106.334717,79.870813,26.463904,3.378882,0.023257
104.794487,78.231385,26.563102,106.104831,79.730010,26.374821,3.216748,0.025676
104.765629,78.186671,26.578958,106.330875,79.734522,26.596353,3.280312,0.023595
104.743785,78.203484,26.540302,106.180137,79.755354,26.424783,3.099799,0.025658
104.658557,78.145662,26.512895,105.905010,79.515794,26.389217,3.300197,0.023123
104.572660,78.072766,26.499895,105.832550,79.573918,26.258632,3.273762,0.024472
104.546045,78.068636,26.477408,106.051441,79.765393,26.286048,3.243110,0.025211
104.540460,78.020206,26.520253,105.754193,79.521992,26.232200,3.226832,0.025666
104.366585,77.885425,26.481160,105.886783,79.457761,26.429023,3.080213,0.027192
104.296839,77.845327,26.451511,105.934730,79.461785,26.472944,3.132598,0.023989
104.264883,77.807236,26.457647,105.922579,79.588423,26.334155,3.097116,0.027058
104.175430,77.743983,26.431447,105.657082,79.509104,26.147978,3.371943,0.024629
104.130633,77.730142,26.400491,105.623344,79.204451,26.418893,3.385057,0.022589
104.059815,77.671063,26.388752,105.568900,79.301204,26.267696,3.365586,0.022643
104.025810,77.657572,26.368237,105.592648,79.346827,26.245820,3.516290,0.023475
104.001087,77.642775,26.358312,105.233972,79.104746,26.129226,3.173075,0.026355
103.960159,77.596425,26.363734,105.514032,79.172531,26.341501,3.310637,0.027556
103.902159,77.535234,26.366925,105.281235,79.155562,26.125673,3.185209,0.025566
103.843808,77.506298,26.337510,105.129263,79.138252,25.991011,3.303943,0.024542
103.910822,77.534718,26.376105,105.268277,78.951715,26.316562,3.203335,0.026383
103.753910,77.416225,26.337685,105.526413,79.125229,26.401183,3.035813,0.025977
103.765813,77.390220,26.375593,104.888194,78.704204,26.183990,3.136119,0.027065
103.672681,77.311473,26.361208,105.057237,78.901276,26.155961,3.362650,0.023908
103.617862,77.256182,26.361680,104.975341,78.813606,26.161735,3.321506,0.024431
103.515982,77.228286,26.287695,105.170573,78.969053,26.201520,3.328209,0.026539
103.594641,77.297921,26.296720,105.073171,78.792766,26.280405,3.140830,0.024298
103.440376,77.191338,26.249038,105.047767,79.021879,26.025889,3.354216,0.025291
103.499182,77.202919,26.296263,105.310984,79.000270,26.310715,3.156844,0.025928
103.432482,77.176151,26.256331,105.116424,78.753561,26.362863,3.133756,0.025561
103.388885,77.107546,26.281338,104.927089,78.803558,26.123530,3.467680,0.024711
103.445421,77.123721,26.321700,104.972168,78.857084,26.115084,3.295274,0.024239
103.330326,77.079849,26.250477,104.960717,78.814385,26.146332,3.417548,0.022743
