244.534321,242.900349,1.633972,194.981219,192.457328,2.523890,5.416964,0.004522
191.547471,188.135070,3.412401,184.321738,179.603188,4.718550,4.097703,0.007239
173.821845,166.627678,7.194166,164.361848,155.542721,8.819127,3.623652,0.010098
158.055129,148.279017,9.776112,151.399694,140.887964,10.511729,4.441605,0.009168
148.973829,138.203513,10.770315,144.916629,133.915595,11.001034,3.915247,0.011949
143.001262,131.570671,11.430591,139.831593,128.079198,11.752396,4.057120,0.012779
138.944761,126.960352,11.984409,136.320177,124.052941,12.267236,3.946438,0.013513
135.709774,123.229117,12.480656,133.364179,120.502027,12.862153,3.734291,0.014319
132.829265,119.805702,13.023563,130.825609,117.536720,13.288889,4.173647,0.013485
130.606678,117.216148,13.390530,129.131417,115.576961,13.554456,4.013465,0.014568
128.713618,115.008445,13.705174,127.218298,113.308913,13.909385,4.074808,0.013958
127.113656,113.192697,13.920959,125.536951,111.590242,13.946709,4.367894,0.013323
125.732090,111.671009,14.061081,124.555694,110.480462,14.075232,4.020993,0.014790
124.552318,110.353053,14.199265,123.274871,108.977069,14.297802,4.182349,0.013896
123.316074,108.995427,14.320646,122.031268,107.612725,14.418543,4.247489,0.014294
122.375780,107.933240,14.442540,121.326870,106.890122,14.436748,4.269675,0.014132
121.436664,106.845607,14.591057,120.178512,105.421468,14.757044,4.322440,0.013344
120.477448,105.738659,14.738789,119.730987,104.842367,14.888621,4.093272,0.014162
119.686951,104.772006,14.914945,118.728513,103.726970,15.001542,4.302886,0.013716
118.956263,103.893509,15.062753,118.189244,103.135519,15.053726,4.231844,0.013204
118.261947,103.064391,15.197556,117.419152,102.134353,15.284799,4.210371,0.013739
117.565096,102.282342,15.282755,117.005363,101.648973,15.356389,4.216904,0.014134
117.018478,101.624816,15.393662,116.386929,101.025641,15.361288,4.260761,0.013924
116.504046,101.085233,15.418813,115.957061,100.547869,15.409193,4.389405,0.013689
115.933852,100.462304,15.471549,115.621957,100.123339,15.498618,4.191256,0.013783
115.468210,99.934801,15.533409,115.273210,99.710593,15.562618,4.269420,0.013770
115.140720,99.618734,15.521986,114.807240,99.208276,15.598965,4.202331,0.013322
114.713981,99.088132,15.625849,114.606671,98.884476,15.722195,4.225427,0.014866
114.238431,98.544074,15.694357,113.989675,98.211847,15.777828,4.096497,0.014277
113.757699,98.034652,15.723048,113.778757,98.065623,15.713135,4.198005,0.014566
113.469369,97.714275,15.755093,113.206653,97.396179,15.810473,4.234921,0.014074
113.025612,97.181524,15.844089,112.872439,97.015324,15.857115,4.289397,0.013576
112.647310,96.823204,15.824106,112.580539,96.802585,15.777953,4.245323,0.014052
112.386213,96.534980,15.851233,112.417942,96.611397,15.806544,4.117219,0.013863
112.048697,96.146986,15.901711,111.802489,96.010852,15.791637,4.337342,0.013950
111.755030,95.873150,15.881880,111.798554,95.841946,15.956608,4.199036,0.014653
111.423198,95.517351,15.905846,111.467155,95.597606,15.869550,4.413598,0.013398
111.114892,95.217889,15.897003,111.493883,95.579935,15.913948,4.392056,0.013981
110.911393,94.984721,15.926672,111.274149,95.231633,16.042515,4.117482,0.014035
110.646520,94.675061,15.971459,110.685544,94.769485,15.916059,4.390027,0.013686
110.343222,94.361567,15.981655,110.280396,94.263336,16.017060,4.585997,0.012294
110.035117,94.020086,16.015031,110.187421,94.145004,16.042418,4.330065,0.014261
109.821795,93.805903,16.015892,110.260232,94.241009,16.019223,4.312089,0.013633
109.659998,93.609286,16.050712,109.864931,93.900437,15.964494,4.229789,0.014596
109.497940,93.481606,16.016334,110.039207,94.044618,15.994588,4.397209,0.012935
109.280078,93.236871,16.043207,109.469818,93.551372,15.918446,4.345746,0.013659
109.085332,93.095635,15.989696,109.378639,93.491689,15.886950,4.477730,0.013555
108.838171,92.793616,16.044555,109.208417,93.155980,16.052437,4.335753,0.013822
108.648270,92.591212,16.057057,109.183808,93.172520,16.011288,4.395664,0.013980
108.471199,92.429480,16.041719,108.967880,92.893506,16.074375,4.178147,0.014150
108.348556,92.280477,16.068079,109.065685,92.975756,16.089929,4.246757,0.013559
108.242456,92.156170,16.086286,108.711569,92.595477,16.116092,4.348312,0.014205
108.097039,92.005165,16.091874,108.521307,92.493509,16.027798,4.369144,0.013449
107.903452,91.800479,16.102974,108.316171,92.278656,16.037516,4.555757,0.012764
107.805886,91.712925,16.092961,108.285799,92.214268,16.071532,4.460258,0.013023
107.684364,91.591919,16.092445,108.290802,92.191991,16.098811,4.252755,0.014082
107.517608,91.380739,16.136869,108.233954,92.221426,16.012527,4.479731,0.013689
107.406474,91.236280,16.170194,108.137295,91.995998,16.141296,4.334402,0.013351
107.339299,91.158350,16.180948,107.892778,91.653241,16.239537,4.464001,0.013372
107.081176,90.882867,16.198309,107.903871,91.706466,16.197405,4.317326,0.012578
107.017023,90.812553,16.204470,107.476398,91.230585,16.245812,4.364087,0.012721
106.950912,90.734671,16.216241,107.513024,91.300496,16.212528,4.409429,0.013382
106.838774,90.625531,16.213244,107.649563,91.425422,16.224140,4.374332,0.013211
106.722560,90.497316,16.225244,107.393574,91.194903,16.198671,4.454409,0.013639
106.585329,90.390452,16.194878,107.520035,91.313931,16.206104,4.373315,0.013415
106.533000,90.291877,16.241123,107.442605,91.275576,16.167029,4.553340,0.013303
106.450290,90.178962,16.271327,107.186302,90.966043,16.220259,4.662831,0.013466
106.288932,89.992558,16.296374,107.021841,90.793017,16.228824,4.464931,0.012689
106.196839,89.896544,16.300295,107.008499,90.789570,16.218929,4.331690,0.014816
106.149846,89.824498,16.325348,106.811567,90.518324,16.293243,4.390006,0.013447
106.046783,89.721811,16.324973,107.080576,90.804013,16.276563,4.593349,0.013848
105.946628,89.605538,16.341090,106.661141,90.233439,16.427702,4.436062,0.012525
105.855038,89.493913,16.361125,106.673708,90.396939,16.276769,4.404364,0.013100
105.779847,89.466154,16.313693,106.585602,90.283715,16.301887,4.450911,0.012994
105.724087,89.354608,16.369479,106.776905,90.379285,16.397620,4.328221,0.013578
105.550051,89.159967,16.390084,106.530587,90.201628,16.328958,4.358813,0.013388
105.507038,89.086729,16.420309,106.317763,89.890361,16.427402,4.348607,0.013094
105.520795,89.106058,16.414737,106.358455,89.960654,16.397801,4.205077,0.014397
105.394173,88.966683,16.427490,106.435519,90.010690,16.424829,4.441363,0.013594
105.301937,88.851658,16.450278,106.328072,89.871677,16.456394,4.262927,0.012742
105.282183,88.855444,16.426740,106.245873,89.866352,16.379521,4.267429,0.014270
105.202990,88.760022,16.442968,106.420116,89.976478,16.443638,4.323057,0.013715
105.137960,88.661332,16.476629,106.246144,89.814279,16.431865,4.457229,0.012753
105.085880,88.609469,16.476411,106.168071,89.653644,16.514427,4.283770,0.013512
104.975146,88.518165,16.456981,106.059932,89.706417,16.353514,4.716886,0.013067
104.985511,88.524207,16.461304,106.183304,89.847260,16.336044,4.527978,0.013099
104.984869,88.514213,16.470656,105.965025,89.479145,16.485880,4.432330,0.013607
104.907781,88.434498,16.473283,106.014875,89.605381,16.409494,4.166365,0.015221
104.783850,88.283690,16.500159,106.025947,89.606791,16.419156,4.666553,0.013082
104.721936,88.254623,16.467313,106.214330,89.764053,16.450277,4.267479,0.013848
104.734683,88.261928,16.472755,106.004519,89.555384,16.449134,4.403115,0.013496
104.660179,88.148519,16.511660,105.776524,89.326245,16.450279,4.792850,0.014035
104.621733,88.120481,16.501253,105.912485,89.431668,16.480816,4.078997,0.015033
104.545446,88.040631,16.504815,105.986725,89.463034,16.523691,4.763411,0.013149
104.569183,88.076776,16.492407,106.056065,89.571007,16.485058,4.501677,0.013517
104.494012,87.988354,16.505658,105.871573,89.415394,16.456178,4.406778,0.014327
104.518331,88.003995,16.514337,105.997321,89.519463,16.477858,4.444987,0.014633
104.356761,87.837409,16.519352,105.667641,89.172453,16.495188,4.503991,0.012885
104.361308,87.822981,16.538328,105.774789,89.244403,16.530385,4.278766,0.013531
104.378924,87.853389,16.525535,105.500033,89.035774,16.464260,4.602021,0.012952
104.340177,87.837559,16.502619,105.700265,89.235982,16.464284,4.812030,0.012520
104.291999,87.776165,16.515833,105.725250,89.263555,16.461695,4.332547,0.014189
104.310985,87.774930,16.536055,105.505798,88.932073,16.573724,4.533954,0.012495
104.228881,87.722409,16.506472,105.653890,89.236563,16.417327,4.477387,0.013888
104.199967,87.711282,16.488685,105.726908,89.248160,16.478748,4.815422,0.012912
104.204533,87.653294,16.551239,105.651633,89.137494,16.514139,4.500840,0.013421
104.153120,87.617141,16.535979,105.858368,89.291720,16.566648,4.595267,0.013030
104.119275,87.591861,16.527414,105.691114,89.215053,16.476061,4.364539,0.013626
104.104587,87.583128,16.521459,105.807301,89.236825,16.570476,4.266060,0.013850
104.058222,87.534750,16.523473,105.558848,89.047586,16.511261,4.506329,0.012962
104.060319,87.522721,16.537598,105.644937,89.098733,16.546204,4.352034,0.013067
103.987361,87.438326,16.549035,105.530140,89.055566,16.474574,4.384259,0.014055
103.919044,87.402899,16.516145,105.618442,89.114071,16.504371,4.561495,0.013782
103.946936,87.441664,16.505272,105.591353,89.087842,16.503511,4.586611,0.012462
103.990646,87.442292,16.548354,105.605814,89.097879,16.507935,4.722578,0.012872
103.948157,87.415838,16.532320,105.359651,88.760254,16.599397,4.545239,0.013438
103.847892,87.316124,16.531767,105.516520,89.058574,16.457946,4.814929,0.012757
103.827065,87.314836,16.512229,105.475575,88.970245,16.505330,4.605795,0.014385
103.841228,87.286724,16.554504,105.537282,89.029810,16.507472,4.656554,0.012740
103.784827,87.249419,16.535408,105.291364,88.842286,16.449078,4.493311,0.012754
103.805784,87.293944,16.511840,105.563520,89.036928,16.526592,4.703610,0.012458
103.751463,87.214196,16.537266,105.659505,89.191447,16.468058,4.439260,0.013843
103.747139,87.214710,16.532428,105.511300,88.943501,16.567799,4.293193,0.013231
103.727682,87.179135,16.548547,105.443435,88.993929,16.449506,4.513184,0.014708
103.716898,87.138153,16.578746,105.422403,88.894856,16.527547,4.672673,0.013560
103.710447,87.173300,16.537148,105.309425,88.803489,16.505936,4.332281,0.014317
103.664056,87.122759,16.541296,105.601213,88.981503,16.619710,4.665185,0.012242
103.707025,87.128275,16.578750,105.403192,88.771614,16.631578,4.583682,0.013326
103.635524,87.062986,16.572538,105.466027,88.950592,16.515435,4.613651,0.013254
103.679871,87.107392,16.572480,105.463747,88.916846,16.546901,4.704400,0.013229
103.627884,87.032222,16.595661,105.131040,88.616407,16.514633,4.716590,0.013205
103.610795,87.049910,16.560885,105.207785,88.614083,16.593702,4.672988,0.012420
103.594202,87.013891,16.580310,105.322019,88.809204,16.512815,4.634798,0.013610
103.639798,87.050722,16.589076,105.467954,89.025217,16.442737,4.752625,0.012442
103.550852,87.012267,16.538585,105.148587,88.605987,16.542600,4.535669,0.013074
103.558425,86.971216,16.587209,105.423873,88.817158,16.606715,4.509544,0.013823
103.506230,86.921979,16.584251,105.236574,88.711876,16.524698,4.501097,0.013137
103.439856,86.835175,16.604681,105.083545,88.575119,16.508426,4.566792,0.013439
103.424897,86.821510,16.603387,105.252879,88.610569,16.642310,4.527214,0.013582
103.407414,86.807567,16.599847,105.240891,88.681353,16.559538,4.793848,0.012611
103.426484,86.837955,16.588529,105.213117,88.672249,16.540868,4.889182,0.013328
103.390537,86.815800,16.574737,105.403112,88.889064,16.514048,4.637086,0.013580
103.392440,86.824875,16.567566,105.140268,88.631631,16.508637,4.647141,0.012994
103.301988,86.707396,16.594592,105.406011,88.923232,16.482779,4.611884,0.013753
103.375178,86.763826,16.611352,105.209651,88.668741,16.540911,4.664628,0.013181
103.348199,86.740060,16.608140,104.996684,88.324086,16.672598,4.492691,0.013485
103.291700,86.680001,16.611699,104.963329,88.418062,16.545267,4.538168,0.014546
103.318357,86.732071,16.586287,105.151965,88.620077,16.531889,4.723944,0.013968
103.288223,86.724510,16.563713,105.082113,88.519761,16.562353,4.460358,0.013390
103.163484,86.553169,16.610315,104.943244,88.360893,16.582350,4.543264,0.014256
103.257631,86.647380,16.610251,105.073911,88.479635,16.594276,4.663157,0.013318
103.256762,86.632428,16.624334,105.302326,88.747430,16.554895,4.800778,0.013422
103.183292,86.614335,16.568957,105.228339,88.640527,16.587812,4.698272,0.015834
103.195659,86.611680,16.583979,105.069879,88.561482,16.508397,4.669248,0.014316
103.140518,86.570597,16.569922,105.126329,88.597257,16.529072,4.574474,0.013800
103.195691,86.597905,16.597786,104.909705,88.392824,16.516881,4.669816,0.013805
103.130179,86.548649,16.581531,105.166706,88.713706,16.453001,4.470740,0.013407
103.200348,86.643388,16.556960,104.958667,88.323087,16.635580,4.590952,0.013144
103.137832,86.557965,16.579867,105.242460,88.685815,16.556645,4.476568,0.013748
103.148620,86.553128,16.595492,104.883209,88.407128,16.476082,4.807392,0.013297
