198.600544,192.042242,6.558302,170.388412,158.852569,11.535843,2.512115,0.024706
155.651291,140.541164,15.110127,147.394804,130.540614,16.854190,2.456989,0.034638
143.481492,125.461508,18.019983,139.424678,120.337549,19.087130,2.376672,0.040155
137.220705,117.663589,19.557117,134.321402,114.131775,20.189627,2.464721,0.041071
132.962715,112.447032,20.515684,130.422109,109.503748,20.918361,2.586625,0.042087
129.774758,108.635857,21.138901,127.772391,106.367041,21.405351,2.663546,0.037184
127.559256,106.031486,21.527770,125.716494,103.963600,21.752894,2.779169,0.037965
125.831550,104.007155,21.824396,124.889462,102.965901,21.923561,2.423024,0.041688
124.348675,102.285417,22.063258,123.127409,100.919916,22.207493,2.772142,0.038334
123.213028,101.064624,22.148404,122.422577,100.055562,22.367015,2.697446,0.040691
122.182545,99.891723,22.290823,121.416985,99.130551,22.286434,2.831568,0.041682
121.285944,98.910414,22.375530,120.224743,97.799305,22.425438,2.758998,0.041708
120.533741,98.089443,22.444298,119.829473,97.392165,22.437308,2.696615,0.043285
119.849186,97.350072,22.499115,119.229686,96.765564,22.464121,2.805552,0.041792
119.187388,96.652224,22.535164,118.418033,95.883188,22.534845,2.942077,0.038861
118.614522,96.013321,22.601201,118.443427,95.924261,22.519167,2.799299,0.039173
118.081534,95.499270,22.582264,117.874344,95.324685,22.549659,2.943730,0.039172
117.616819,95.014753,22.602066,117.215441,94.626338,22.589104,2.982465,0.039691
117.146825,94.547221,22.599604,116.878441,94.273831,22.604610,3.003099,0.039909
116.742978,94.115055,22.627923,116.740299,94.102467,22.637833,2.864725,0.038212
116.460769,93.768321,22.692448,116.266494,93.528484,22.738011,2.958076,0.037900
116.043996,93.315924,22.728073,115.723753,93.035967,22.687786,2.909301,0.038582
115.779975,93.051908,22.728067,115.843060,93.002441,22.840618,2.775517,0.038751
115.458148,92.691165,22.766983,115.530879,92.733937,22.796943,2.958187,0.036834
115.135707,92.352147,22.783560,114.864020,92.107471,22.756550,2.995969,0.038846
114.809599,92.056879,22.752720,115.074610,92.356735,22.717876,3.115489,0.035691
114.599497,91.811694,22.787804,114.602765,91.823275,22.779491,2.927400,0.037104
114.342571,91.574068,22.768502,114.634846,91.786902,22.847945,3.026256,0.039146
114.101666,91.336702,22.764965,114.373917,91.577000,22.796917,2.983997,0.037934
113.821062,91.029493,22.791570,113.961550,91.154826,22.806724,3.084561,0.038646
113.657299,90.847991,22.809308,113.871931,91.017392,22.854539,3.024792,0.038865
113.390548,90.600590,22.789957,113.609065,90.814612,22.794454,3.215332,0.036496
113.218625,90.440679,22.777946,113.572627,90.972999,22.599628,3.013207,0.042271
113.047883,90.245967,22.801916,113.471348,90.760805,22.710542,3.230821,0.037831
112.816482,89.973577,22.842905,113.399166,90.634807,22.764359,2.974183,0.038072
112.602851,89.817585,22.785267,113.172804,90.468322,22.704482,2.964864,0.040286
112.489012,89.640925,22.848087,112.955006,90.242887,22.712119,3.284992,0.034608
112.251309,89.432579,22.818730,113.036550,90.237138,22.799412,3.104531,0.035961
112.138948,89.309444,22.829503,112.697221,89.945461,22.751760,3.253743,0.035787
111.833270,89.016836,22.816435,112.592672,89.874008,22.718664,3.134322,0.035283
111.786043,88.958288,22.827755,112.278622,89.494235,22.784387,3.207366,0.032708
111.605370,88.730784,22.874586,112.271963,89.345985,22.925978,3.033197,0.038868
111.359821,88.552340,22.807481,112.017433,89.282548,22.734885,3.039461,0.038457
111.189958,88.382568,22.807390,112.044077,89.304699,22.739379,3.046425,0.037841
111.087996,88.285073,22.802922,111.938316,89.204775,22.733541,3.158568,0.035713
110.964372,88.129260,22.835112,111.856391,89.089777,22.766615,3.153117,0.036751
110.766162,87.962386,22.803777,111.759455,88.967773,22.791682,3.110000,0.038681
110.616260,87.807840,22.808420,111.520904,88.679964,22.840940,3.034731,0.036986
110.522253,87.725287,22.796967,111.526752,88.735662,22.791090,3.080958,0.036479
110.347331,87.530943,22.816388,111.122150,88.310236,22.811914,3.065098,0.037945
110.249030,87.474021,22.775010,111.024417,88.271472,22.752944,3.169414,0.035495
110.084649,87.322021,22.762628,111.066020,88.337185,22.728836,3.109015,0.037453
109.953446,87.176583,22.776863,110.775333,88.094589,22.680743,3.307800,0.035197
109.914693,87.127926,22.786767,111.006459,88.282341,22.724119,3.173805,0.037389
109.733856,86.962264,22.771592,110.613431,87.815734,22.797697,3.127607,0.037245
109.693095,86.877754,22.815341,110.509146,87.892638,22.616508,3.112345,0.037588
109.561707,86.798386,22.763321,110.745448,88.091915,22.653533,3.110344,0.039572
109.446603,86.659160,22.787444,110.356497,87.647291,22.709206,3.316635,0.033320
109.369697,86.619560,22.750137,110.456499,87.741786,22.714712,3.102304,0.035063
109.324420,86.516057,22.808363,110.458988,87.683740,22.775249,3.034138,0.037417
109.262500,86.499448,22.763053,110.467522,87.699815,22.767706,3.104814,0.037278
109.115393,86.340998,22.774396,110.061767,87.291932,22.769835,3.152658,0.038452
109.056830,86.242705,22.814125,110.253766,87.390123,22.863642,2.998598,0.037887
108.891037,86.072978,22.818059,110.281264,87.411227,22.870037,3.081547,0.035655
108.829935,86.030907,22.799028,109.879802,87.151725,22.728077,2.983137,0.037195
108.754007,85.977807,22.776200,109.724753,87.104773,22.619979,2.983477,0.040662
108.709850,85.934568,22.775282,109.837836,87.060492,22.777345,3.074940,0.037745
108.599998,85.798403,22.801595,109.964569,87.256978,22.707590,3.082483,0.040320
108.563502,85.786367,22.777135,109.882868,87.170372,22.712496,3.154713,0.038275
108.456833,85.685963,22.770870,109.649659,86.918963,22.730696,3.013214,0.042616
108.351299,85.549878,22.801421,109.662491,87.007497,22.654994,3.313750,0.033093
108.306300,85.518137,22.788164,109.511631,86.756526,22.755105,2.990095,0.040635
108.240686,85.465382,22.775304,109.447182,86.669614,22.777569,3.037777,0.037336
108.160344,85.370327,22.790016,109.482750,86.680326,22.802423,3.053646,0.038262
108.075284,85.290952,22.784332,109.308190,86.697672,22.610518,3.114712,0.036679
108.024476,85.287959,22.736518,109.251748,86.597702,22.654046,3.216226,0.036458
107.971873,85.228324,22.743550,109.140763,86.487809,22.652955,3.416167,0.035527
107.917370,85.126831,22.790539,109.014772,86.245190,22.769582,3.055064,0.036784
107.751961,84.966282,22.785679,109.403769,86.629780,22.773989,3.055248,0.035308
107.785464,84.999671,22.785793,109.102768,86.431783,22.670985,3.223938,0.034663
107.695260,84.949114,22.746146,108.930908,86.299582,22.631326,3.097781,0.035017
107.690735,84.947281,22.743453,108.943882,86.219743,22.724139,3.225915,0.036345
107.604797,84.778852,22.825946,108.920771,86.104884,22.815886,3.066020,0.041049
107.504141,84.723936,22.780205,109.047897,86.336947,22.710951,3.260643,0.034542
107.424342,84.643295,22.781047,108.799772,86.133923,22.665849,3.113813,0.037150
107.360259,84.546443,22.813816,108.765438,85.961023,22.804415,3.180507,0.034572
107.226396,84.469573,22.756823,108.853112,86.253625,22.599487,3.316837,0.035779
107.220585,84.445227,22.775358,108.658849,85.945551,22.713297,3.184285,0.035502
107.257231,84.482329,22.774902,108.644504,85.868241,22.776264,3.155658,0.033529
107.202644,84.384976,22.817668,108.662756,85.925939,22.736817,3.308400,0.035511
107.058460,84.307388,22.751073,108.626204,85.892114,22.734090,3.123764,0.037887
107.010954,84.213863,22.797091,108.616830,85.928196,22.688635,3.140086,0.036261
107.005862,84.248217,22.757645,108.864270,86.133566,22.730704,3.089165,0.038571
106.930248,84.106580,22.823668,108.428482,85.737651,22.690831,3.178800,0.035788
106.902523,84.088804,22.813719,108.622525,85.998674,22.623851,3.155738,0.034234
106.798896,84.041340,22.757556,108.321515,85.594693,22.726822,3.154800,0.038523
106.768996,83.944821,22.824175,108.206517,85.459344,22.747174,3.178018,0.035715
106.658623,83.875098,22.783526,108.229019,85.588482,22.640538,3.107409,0.035272
106.566929,83.807013,22.759917,108.112183,85.349852,22.762331,3.186578,0.038523
106.601147,83.842401,22.758746,108.001378,85.254211,22.747167,3.111816,0.035112
106.472545,83.689612,22.782933,108.377052,85.736831,22.640221,3.133960,0.035610
106.482641,83.757984,22.724657,108.178331,85.603089,22.575242,3.381783,0.035974
106.402664,83.674919,22.727745,108.288644,85.547692,22.740952,2.967927,0.038862
106.383643,83.604722,22.778921,108.072898,85.325215,22.747683,3.263924,0.037274
106.288355,83.467535,22.820820,108.050650,85.299389,22.751262,3.155691,0.036329
106.293592,83.501161,22.792432,107.993424,85.394843,22.598580,3.281978,0.036285
106.237264,83.487718,22.749547,108.072807,85.215885,22.856923,3.221461,0.035561
106.155376,83.360915,22.794461,107.836872,85.042141,22.794731,3.317084,0.033742
106.157585,83.362168,22.795417,107.775060,85.134985,22.640075,3.248487,0.035700
106.087704,83.335179,22.752525,107.963008,85.321413,22.641595,3.112319,0.035944
106.128127,83.308250,22.819877,107.825231,85.053103,22.772127,3.237656,0.035525
105.998784,83.224109,22.774675,107.826225,85.064347,22.761878,3.207270,0.035974
105.960577,83.140621,22.819955,107.620117,84.839650,22.780467,3.435629,0.034024
105.934556,83.149764,22.784792,107.866659,85.156139,22.710521,3.123585,0.036158
105.902018,83.112851,22.789167,107.491326,84.703341,22.787985,3.111298,0.036181
105.875663,83.119806,22.755856,107.623572,84.875295,22.748277,3.201968,0.035078
105.757561,82.982453,22.775108,107.657641,84.998081,22.659559,3.313970,0.035270
105.773961,83.006054,22.767907,107.504585,84.806052,22.698534,3.233237,0.031998
105.728239,82.957080,22.771159,107.429979,84.709391,22.720588,3.215493,0.035890
105.706740,82.932093,22.774647,107.525658,84.847500,22.678157,3.219752,0.033277
105.666284,82.866265,22.800019,107.514063,84.938535,22.575528,3.261434,0.034849
105.608375,82.841275,22.767100,107.508395,84.798681,22.709714,3.010488,0.036648
105.572312,82.804412,22.767900,107.759655,85.046760,22.712895,3.197319,0.035394
105.517874,82.725766,22.792108,107.289400,84.556578,22.732822,3.328784,0.032889
105.457174,82.667292,22.789882,107.344109,84.580415,22.763694,3.065237,0.038910
105.414944,82.659319,22.755625,107.276574,84.554898,22.721676,3.154368,0.034311
105.360091,82.593528,22.766563,107.356306,84.702821,22.653485,3.193570,0.036146
105.335645,82.560815,22.774830,107.193572,84.502118,22.691454,3.142444,0.036651
105.309810,82.508440,22.801370,107.181010,84.498531,22.682479,3.188110,0.035813
105.158984,82.394429,22.764555,107.188623,84.661612,22.527012,3.060908,0.038331
105.256823,82.494008,22.762814,107.221389,84.487742,22.733646,3.287732,0.032879
105.189806,82.383219,22.806586,106.946024,84.315876,22.630148,3.172075,0.035061
105.155075,82.419219,22.735856,106.873717,84.312903,22.560814,3.131072,0.038905
105.063936,82.304587,22.759349,107.096835,84.421980,22.674855,3.161869,0.036595
104.994210,82.258283,22.735928,107.031323,84.337185,22.694138,3.302758,0.032694
105.070896,82.322405,22.748491,107.313013,84.632391,22.680622,3.078242,0.036488
104.946965,82.204676,22.742289,107.176687,84.559079,22.617608,3.391071,0.032844
104.940192,82.200424,22.739768,107.000565,84.264518,22.736046,3.338572,0.036696
104.896899,82.158174,22.738725,106.833947,84.149651,22.684296,3.354979,0.034409
104.875808,82.172380,22.703428,107.109056,84.454363,22.654693,3.260929,0.037170
104.819356,82.087030,22.732326,106.888037,84.133350,22.754687,3.245170,0.034523
104.827968,82.107350,22.720618,106.763861,84.094757,22.669104,3.131448,0.037317
104.732681,81.990527,22.742154,107.149511,84.500159,22.649353,3.049297,0.037823
104.723970,81.991365,22.732605,106.823945,84.150834,22.673111,3.169544,0.036725
104.629657,81.907915,22.721743,106.870461,84.234026,22.636434,3.128043,0.036508
104.602239,81.839618,22.762621,106.712949,83.999026,22.713922,3.323035,0.034618
104.594244,81.853998,22.740247,106.870226,84.228152,22.642074,3.320388,0.036698
104.567191,81.846027,22.721165,106.584355,83.960446,22.623910,3.323432,0.034840
104.549887,81.781532,22.768355,106.621247,83.819075,22.802173,3.355927,0.035083
104.591240,81.817859,22.773381,106.617730,83.982988,22.634742,3.092942,0.037216
104.544877,81.800974,22.743903,106.707031,84.083198,22.623833,3.284028,0.035273
104.461635,81.669088,22.792547,106.446748,83.769858,22.676889,3.316109,0.035838
104.477681,81.706885,22.770795,106.489150,83.831847,22.657303,3.062110,0.038975
104.340229,81.604403,22.735826,106.780232,83.994664,22.785568,3.251525,0.036583
104.478229,81.692290,22.785939,106.563115,83.844759,22.718356,3.102898,0.038067
104.358393,81.629365,22.729028,106.773845,84.127922,22.645923,3.220505,0.036586
104.343230,81.588075,22.755155,106.446634,83.795349,22.651285,3.262350,0.036405
104.348688,81.580376,22.768312,106.630406,83.862938,22.767467,3.274284,0.034024
104.327283,81.548565,22.778719,106.275111,83.605796,22.669315,3.150800,0.038255
104.265168,81.491817,22.773352,106.291855,83.547407,22.744448,3.273068,0.036076
