268.146281,267.155254,0.991027,200.178653,198.562889,1.615764,6.889465,0.004250
195.041346,192.715672,2.325674,192.560910,189.755397,2.805513,9.020181,0.004763
189.738873,186.233446,3.505427,183.751909,178.609315,5.142595,5.616982,0.009220
175.589501,169.053555,6.535947,167.951067,160.176923,7.774144,4.729950,0.013162
162.826215,153.837689,8.988526,156.016441,146.064854,9.951588,4.645275,0.014386
153.783437,143.332922,10.450515,150.235644,139.253374,10.982269,4.291477,0.015264
148.587515,137.166139,11.421376,146.174445,134.407567,11.766878,4.299750,0.015244
144.800156,132.557253,12.242903,142.543960,129.937939,12.606020,4.033155,0.016801
141.782819,128.807775,12.975043,139.750648,126.322167,13.428481,3.999449,0.015981
138.702500,124.886250,13.816250,136.660081,122.477173,14.182907,4.044542,0.018197
136.211437,121.761079,14.450358,135.277669,120.652258,14.625410,4.016714,0.016893
134.217272,119.250088,14.967184,132.845474,117.330431,15.515043,4.156420,0.016925
132.540212,117.068704,15.471508,131.143977,115.387019,15.756957,4.021218,0.016763
131.127224,115.181798,15.945427,129.820985,113.662050,16.158935,3.976520,0.016414
129.807841,113.487152,16.320689,128.582992,111.966460,16.616532,4.045775,0.016323
128.825533,112.099029,16.726504,127.522731,110.693001,16.829731,4.135123,0.015721
127.895204,110.980187,16.915016,127.447571,110.315022,17.132549,4.076012,0.017205
127.241393,109.982362,17.259031,126.202160,108.730494,17.471667,3.886307,0.016297
126.372911,108.995651,17.377260,125.857867,108.355364,17.502503,4.176651,0.015663
125.801101,108.115112,17.685988,124.865249,107.044137,17.821112,3.929427,0.016135
125.105312,107.263032,17.842280,124.265410,106.230855,18.034554,4.014593,0.016404
124.488132,106.460722,18.027411,124.025794,105.886762,18.139033,4.042910,0.016413
123.967178,105.730534,18.236645,123.716640,105.280889,18.435751,3.936156,0.017512
123.325498,104.916088,18.409410,123.015192,104.611051,18.404141,3.833088,0.017788
122.979140,104.408944,18.570196,122.403644,103.629587,18.774057,3.958450,0.016022
122.546402,103.770096,18.776306,121.951625,103.076688,18.874938,4.051868,0.016468
122.037541,103.078710,18.958831,122.130732,103.064141,19.066590,4.005953,0.015164
121.763221,102.690284,19.072937,120.855890,101.719837,19.136054,4.035311,0.015743
121.192220,102.002131,19.190089,120.690069,101.451838,19.238231,4.163106,0.016019
120.762787,101.451386,19.311401,120.236548,100.879935,19.356612,4.123127,0.015343
120.518001,101.081314,19.436687,120.045349,100.566606,19.478743,3.849221,0.015705
120.247630,100.685708,19.561922,119.891388,100.209348,19.682039,4.087502,0.015586
119.903816,100.292199,19.611617,119.574751,99.928482,19.646270,3.906612,0.015819
119.617482,99.932997,19.684484,119.417191,99.603399,19.813792,3.882972,0.015923
119.341364,99.493018,19.848346,119.345350,99.462502,19.882848,3.838414,0.017020
119.068652,99.134904,19.933748,119.086823,99.031629,20.055193,3.953594,0.015351
118.807140,98.747775,20.059365,118.543263,98.503593,20.039671,3.940168,0.016147
118.533018,98.441376,20.091643,118.640654,98.539117,20.101537,3.807490,0.015717
118.359367,98.209205,20.150162,118.538652,98.500398,20.038254,3.950109,0.015477
118.121885,97.899012,20.222873,118.375515,98.122777,20.252738,4.022940,0.015218
117.980525,97.674929,20.305596,117.947832,97.714004,20.233828,3.821302,0.015577
117.563050,97.233275,20.329775,117.557145,97.200912,20.356233,3.983176,0.014635
117.351240,96.971061,20.380179,117.725592,97.314985,20.410607,3.800268,0.016974
117.238188,96.751042,20.487146,117.549684,97.033595,20.516089,3.747856,0.016184
116.979384,96.398329,20.581056,117.558661,96.939606,20.619054,3.838297,0.016485
116.915803,96.344862,20.570941,117.394887,96.665236,20.729651,3.870417,0.014591
116.466586,95.813091,20.653495,116.975075,96.199223,20.775852,3.932170,0.015561
116.370617,95.617142,20.753475,116.962831,96.087862,20.874969,3.961323,0.013118
116.169946,95.401228,20.768718,116.336736,95.608856,20.727880,4.026712,0.014348
116.056777,95.241241,20.815536,116.389479,95.661342,20.728137,3.889674,0.014324
115.998161,95.144437,20.853724,116.662522,95.753965,20.908557,3.817832,0.014164
115.680518,94.783238,20.897281,116.503465,95.549196,20.954268,3.848295,0.014598
115.528741,94.608163,20.920578,115.627424,94.746512,20.880912,3.972994,0.014057
115.415476,94.453404,20.962072,116.145087,95.149732,20.995355,3.991278,0.013738
115.477474,94.448619,21.028855,115.960818,94.899140,21.061678,3.753173,0.015626
115.236411,94.207369,21.029042,115.731107,94.769291,20.961815,3.847510,0.015039
114.980799,93.901217,21.079582,115.411277,94.356349,21.054928,3.848631,0.014454
114.930157,93.761408,21.168749,115.835898,94.673537,21.162361,3.765742,0.014170
114.852105,93.659952,21.192154,115.509545,94.281508,21.228037,3.971079,0.012872
114.722830,93.482780,21.240050,115.848620,94.615122,21.233499,3.867937,0.014445
114.603445,93.368816,21.234629,115.554003,94.358453,21.195549,3.895613,0.014401
114.477904,93.152542,21.325361,115.138558,93.769903,21.368656,3.777274,0.013820
114.302764,92.973303,21.329461,114.894456,93.521069,21.373387,4.075793,0.012778
114.107718,92.726394,21.381324,115.108411,93.706349,21.402063,3.996647,0.013048
114.076160,92.666671,21.409489,114.914096,93.383207,21.530888,4.355220,0.011981
114.062325,92.608924,21.453401,114.988987,93.644024,21.344963,3.992936,0.013613
113.968035,92.559073,21.408962,114.595916,93.143314,21.452602,3.889197,0.013960
113.560262,92.153873,21.406389,114.708986,93.362003,21.346982,4.075233,0.013726
113.801595,92.306753,21.494843,115.000508,93.552707,21.447801,4.082110,0.013421
113.772210,92.260792,21.511418,114.444167,92.964704,21.479463,3.927921,0.012911
113.495732,91.961185,21.534547,114.519845,92.982195,21.537649,3.868791,0.013615
113.481062,91.897412,21.583650,114.492601,92.906850,21.585752,3.854733,0.014585
113.218765,91.622329,21.596436,114.383269,92.792036,21.591234,3.879436,0.013290
113.303537,91.681086,21.622451,114.240262,92.702626,21.537637,3.897285,0.013451
113.095065,91.437895,21.657169,114.150247,92.544402,21.605845,3.905460,0.013735
113.083661,91.429254,21.654407,113.918191,92.336698,21.581494,3.855317,0.013936
112.957364,91.295974,21.661390,113.979964,92.358924,21.621040,4.151852,0.011713
112.823789,91.082191,21.741598,113.755765,92.065043,21.690721,3.983378,0.012988
112.810687,91.073922,21.736765,113.936052,92.171431,21.764620,3.918339,0.013864
112.713987,91.013079,21.700908,113.926930,92.122808,21.804123,4.048309,0.013474
112.485250,90.735999,21.749251,113.821964,92.074151,21.747813,3.830696,0.014218
112.398214,90.641793,21.756422,113.578417,91.776386,21.802031,4.386736,0.013179
112.414415,90.600686,21.813729,113.949547,92.124832,21.824715,4.025811,0.011840
112.502031,90.692944,21.809087,113.950501,92.132333,21.818168,4.137544,0.012437
112.202094,90.383063,21.819031,113.338207,91.510910,21.827297,3.979991,0.013212
112.169767,90.329190,21.840577,113.677416,91.857588,21.819828,3.966938,0.011830
112.030917,90.143108,21.887809,113.884186,92.029497,21.854689,3.777099,0.013952
112.010543,90.098861,21.911683,113.524408,91.569002,21.955407,3.847764,0.014197
111.969725,90.041609,21.928116,113.329253,91.444472,21.884781,3.763802,0.013571
112.111671,90.106671,22.005000,113.312455,91.385918,21.926537,4.106671,0.012430
111.838077,89.871202,21.966875,113.519988,91.627439,21.892549,4.077307,0.012209
111.737350,89.775958,21.961392,113.223482,91.232632,21.990851,4.007004,0.013847
111.578310,89.576707,22.001603,112.881072,90.982866,21.898205,3.975181,0.012860
111.594567,89.607652,21.986915,113.044276,91.086150,21.958127,3.874899,0.012868
111.472594,89.456117,22.016477,113.169004,91.176886,21.992118,3.923198,0.012952
111.406145,89.371697,22.034447,113.198686,91.183620,22.015066,3.800909,0.013936
111.485267,89.462901,22.022366,113.557834,91.526634,22.031200,4.132586,0.011947
111.493832,89.441583,22.052249,113.095803,91.007429,22.088374,4.062925,0.012000
111.458200,89.387526,22.070674,113.002994,90.981058,22.021936,4.171298,0.013558
111.309636,89.247593,22.062043,112.887377,90.887004,22.000372,3.958668,0.012985
111.066758,88.990381,22.076377,112.785385,90.722239,22.063147,3.922512,0.012606
111.153373,88.999067,22.154306,113.256123,91.079083,22.177040,4.163267,0.011948
111.076082,88.920138,22.155944,112.825203,90.759495,22.065708,3.816301,0.013657
110.968509,88.835158,22.133351,112.879965,90.803152,22.076812,4.055680,0.012467
111.025963,88.875128,22.150835,112.794718,90.713903,22.080815,3.725149,0.013316
110.952385,88.740126,22.212259,113.018832,90.897232,22.121600,3.961516,0.013520
110.971036,88.821554,22.149482,112.841966,90.767302,22.074663,4.084003,0.012143
110.883835,88.658384,22.225451,112.727677,90.580554,22.147123,3.893432,0.013804
110.831401,88.644504,22.186896,112.377278,90.265080,22.112197,3.956488,0.012475
110.838379,88.588473,22.249906,112.699306,90.455641,22.243666,4.108377,0.011117
110.776697,88.533381,22.243315,112.535777,90.412715,22.123062,4.253772,0.012136
110.518918,88.286600,22.232318,112.496883,90.257852,22.239031,4.338199,0.012802
110.424914,88.177416,22.247498,112.409407,90.132594,22.276813,4.069664,0.012492
110.459312,88.192857,22.266455,112.289303,90.042947,22.246357,4.010771,0.011647
110.485529,88.255731,22.229798,112.636908,90.463026,22.173882,3.948778,0.013035
110.522835,88.270569,22.252267,112.298542,90.047734,22.250809,4.090329,0.012411
110.525186,88.239869,22.285317,112.595632,90.290862,22.304769,3.994860,0.012101
110.430442,88.074928,22.355514,112.600765,90.248890,22.351874,4.166797,0.011551
110.359940,88.042233,22.317707,112.206536,89.982597,22.223938,4.034354,0.012437
110.319145,88.000524,22.318622,112.216598,89.951824,22.264775,3.944776,0.012482
110.232849,87.889690,22.343159,112.132100,89.855156,22.276945,4.154938,0.012590
110.206910,87.872725,22.334185,112.385802,89.997620,22.388182,3.859226,0.012161
110.017210,87.673062,22.344147,112.019707,89.699024,22.320684,4.157437,0.012314
110.191913,87.799325,22.392587,112.206241,89.885481,22.320760,4.020018,0.012583
110.256160,87.867431,22.388729,112.309212,89.949274,22.359938,3.812154,0.012749
110.084661,87.683957,22.400705,112.101383,89.788675,22.312708,4.128930,0.012378
110.098566,87.710438,22.388128,112.032134,89.644671,22.387464,4.269249,0.011927
109.855098,87.464090,22.391009,112.332876,89.958824,22.374053,3.853664,0.011832
109.927361,87.516954,22.410407,111.988154,89.571338,22.416816,4.066027,0.011424
109.742004,87.318752,22.423251,112.009744,89.577646,22.432098,3.976038,0.012886
109.881676,87.440216,22.441461,112.056948,89.605316,22.451633,4.387217,0.010668
109.721346,87.279327,22.442020,111.910930,89.508436,22.402494,4.195069,0.011491
109.658079,87.170412,22.487667,112.109801,89.650425,22.459376,3.912358,0.012775
109.734012,87.279703,22.454309,111.939014,89.530327,22.408687,3.959472,0.011706
109.784070,87.295047,22.489023,111.866460,89.470704,22.395756,4.042100,0.011754
109.579231,87.150352,22.428879,111.690430,89.361915,22.328515,4.121650,0.012928
109.428015,87.033318,22.394697,111.664116,89.329809,22.334307,4.318049,0.010982
109.374102,86.940880,22.433221,111.776745,89.361124,22.415620,3.968613,0.011788
109.513001,87.086681,22.426320,112.033674,89.614743,22.418931,4.475377,0.011066
109.324288,86.820021,22.504267,111.826584,89.304071,22.522512,4.209707,0.011754
109.488842,86.990269,22.498573,111.546014,89.081610,22.464404,4.150810,0.011526
109.182753,86.685665,22.497088,111.806789,89.319583,22.487206,3.989889,0.011766
109.275487,86.787590,22.487897,111.733850,89.314288,22.419562,4.185488,0.011107
109.219220,86.727325,22.491895,111.619936,89.210736,22.409201,4.012388,0.011955
109.194972,86.690348,22.504625,111.655780,89.175203,22.480578,4.125896,0.013234
109.080022,86.572506,22.507517,111.794874,89.231999,22.562875,4.134863,0.011453
109.042126,86.507941,22.534185,111.540059,89.076197,22.463862,4.329498,0.010652
109.050004,86.539994,22.510010,111.469952,89.012408,22.457544,4.085536,0.011323
109.136844,86.586078,22.550765,111.660421,89.189776,22.470645,4.114879,0.011366
109.171041,86.639800,22.531241,111.860859,89.358456,22.502403,3.999933,0.012725
109.136266,86.564665,22.571601,111.616412,89.088346,22.528066,4.141896,0.011162
109.101267,86.532644,22.568624,111.406302,88.901189,22.505113,3.913050,0.011230
108.967178,86.381641,22.585537,111.823568,89.294898,22.528671,3.905992,0.012487
108.882639,86.320366,22.562273,111.580172,89.096942,22.483230,4.063456,0.010782
108.824448,86.252236,22.572212,111.521458,88.958095,22.563362,4.169553,0.011453
108.905458,86.282306,22.623153,111.658600,89.100254,22.558346,4.716815,0.010295
108.796224,86.179673,22.616552,111.727724,89.176538,22.551185,4.209094,0.010889
108.849365,86.226882,22.622484,111.591553,88.985537,22.606016,3.981163,0.012598
108.892288,86.227310,22.664979,111.655758,89.014077,22.641682,4.054875,0.011708
108.765796,86.122071,22.643725,111.228680,88.641333,22.587348,4.210108,0.010867
