276.988992,270.072874,6.916118,214.430374,206.112850,8.317524,3.191199,0.000071
214.659985,206.342264,8.317721,214.567713,206.249951,8.317763,4.772400,0.000001
214.647199,206.329435,8.317765,214.364812,206.047048,8.317766,3.863416,0.000000
214.654365,206.336601,8.317766,214.445942,206.128178,8.317766,nan,0.000000
214.635243,206.317479,8.317766,214.310820,205.993056,8.317766,nan,0.000000
214.604713,206.286949,8.317766,214.587774,206.270010,8.317766,nan,0.000000
214.579093,206.261329,8.317766,214.390255,206.072491,8.317766,nan,0.000000
214.567189,206.249425,8.317766,214.306176,205.988412,8.317766,nan,0.000000
214.570987,206.253222,8.317766,214.361222,206.043457,8.317766,nan,0.000000
214.547036,206.229271,8.317766,214.319572,206.001808,8.317766,nan,0.000000
214.529165,206.211401,8.317766,214.322922,206.005158,8.317766,nan,0.000000
214.519280,206.201516,8.317766,214.272245,205.954481,8.317766,nan,0.000000
214.506751,206.188987,8.317766,214.256636,205.938872,8.317766,nan,0.000000
214.515020,206.197255,8.317766,214.274348,205.956584,8.317766,nan,0.000000
214.509063,206.191298,8.317766,214.376705,206.058940,8.317766,nan,0.000000
214.489268,206.171504,8.317766,214.227155,205.909391,8.317766,nan,0.000000
214.489409,206.171645,8.317766,214.233531,205.915767,8.317766,nan,0.000000
214.479787,206.162022,8.317766,214.228482,205.910718,8.317766,nan,0.000000
214.484580,206.166816,8.317766,214.270653,205.952889,8.317766,nan,0.000000
214.482380,206.164616,8.317766,214.220813,205.903049,8.317766,nan,0.000000
214.464148,206.146384,8.317766,214.448260,206.130495,8.317766,nan,0.000000
214.464605,206.146841,8.317766,214.210507,205.892743,8.317766,nan,0.000000
214.467553,206.149789,8.317766,214.283537,205.965773,8.317766,nan,0.000000
214.456850,206.139085,8.317766,214.262575,205.944811,8.317766,nan,0.000000
214.453543,206.135778,8.317766,214.142003,205.824239,8.317766,nan,0.000000
214.457027,206.139262,8.317766,214.176241,205.858477,8.317766,nan,0.000000
214.451374,206.133609,8.317766,214.220952,205.903188,8.317766,nan,0.000000
214.444159,206.126395,8.317766,214.251148,205.933384,8.317766,nan,0.000000
214.450197,206.132433,8.317766,214.225925,205.908161,8.317766,nan,0.000000
214.432185,206.114421,8.317766,214.259435,205.941671,8.317766,nan,0.000000
214.445284,206.127520,8.317766,214.175833,205.858069,8.317766,nan,0.000000
214.454417,206.136653,8.317766,214.179487,205.861723,8.317766,nan,0.000000
214.440510,206.122746,8.317766,214.208774,205.891010,8.317766,nan,0.000000
214.439183,206.121419,8.317766,214.136547,205.818782,8.317766,nan,0.000000
214.428922,206.111157,8.317766,214.185314,205.867549,8.317766,nan,0.000000
214.433623,206.115859,8.317766,214.245893,205.928129,8.317766,nan,0.000000
214.436032,206.118267,8.317766,214.250064,205.932299,8.317766,nan,0.000000
214.427114,206.109350,8.317766,214.187846,205.870082,8.317766,nan,0.000000
214.425347,206.107583,8.317766,214.172882,205.855117,8.317766,nan,0.000000
214.435110,206.117345,8.317766,214.167400,205.849636,8.317766,nan,0.000000
214.422512,206.104748,8.317766,214.185567,205.867803,8.317766,nan,0.000000
214.422606,206.104842,8.317766,214.215437,205.897672,8.317766,nan,0.000000
214.422023,206.104259,8.317766,214.217629,205.899864,8.317766,nan,0.000000
214.425891,206.108127,8.317766,214.243622,205.925858,8.317766,nan,0.000000
214.426877,206.109112,8.317766,214.210308,205.892543,8.317766,nan,0.000000
214.430173,206.112408,8.317766,214.183765,205.866001,8.317766,nan,0.000000
214.428396,206.110632,8.317766,214.243371,205.925607,8.317766,nan,0.000000
214.423153,206.105389,8.317766,214.201024,205.883260,8.317766,nan,0.000000
214.407881,206.090116,8.317766,214.195519,205.877755,8.317766,nan,0.000000
214.421807,206.104043,8.317766,214.208295,205.890530,8.317766,nan,0.000000
214.415969,206.098205,8.317766,214.158388,205.840623,8.317766,nan,0.000000
214.409725,206.091961,8.317766,214.245106,205.927342,8.317766,nan,0.000000
214.421940,206.104176,8.317766,214.175072,205.857308,8.317766,nan,0.000000
214.416899,206.099134,8.317766,214.141505,205.823741,8.317766,nan,0.000000
214.412573,206.094809,8.317766,214.192172,205.874408,8.317766,nan,0.000000
214.411314,206.093550,8.317766,214.273377,205.955613,8.317766,nan,0.000000
214.423052,206.105287,8.317766,214.180814,205.863050,8.317766,nan,0.000000
214.418171,206.100407,8.317766,214.167169,205.849405,8.317766,nan,0.000000
214.411238,206.093474,8.317766,214.307190,205.989425,8.317766,nan,0.000000
214.416618,206.098854,8.317766,214.175757,205.857993,8.317766,nan,0.000000
214.409585,206.091821,8.317766,214.206180,205.888416,8.317766,nan,0.000000
214.409988,206.092224,8.317766,214.135643,205.817878,8.317766,nan,0.000000
214.409195,206.091430,8.317766,214.198112,205.880348,8.317766,nan,0.000000
214.405247,206.087483,8.317766,214.136772,205.819008,8.317766,nan,0.000000
214.408137,206.090373,8.317766,214.123908,205.806144,8.317766,nan,0.000000
214.404601,206.086836,8.317766,214.191777,205.874013,8.317766,nan,0.000000
214.406850,206.089086,8.317766,214.164247,205.846482,8.317766,nan,0.000000
214.401073,206.083309,8.317766,214.176560,205.858796,8.317766,nan,0.000000
214.399853,206.082089,8.317766,214.168726,205.850962,8.317766,nan,0.000000
214.404418,206.086654,8.317766,214.149539,205.831775,8.317766,nan,0.000000
214.404064,206.086300,8.317766,214.126028,205.808264,8.317766,nan,0.000000
214.401578,206.083814,8.317766,214.144898,205.827134,8.317766,nan,0.000000
214.411902,206.094138,8.317766,214.147587,205.829823,8.317766,nan,0.000000
214.404321,206.086557,8.317766,214.178211,205.860446,8.317766,nan,0.000000
214.400377,206.082613,8.317766,214.176734,205.858969,8.317766,nan,0.000000
214.406721,206.088957,8.317766,214.205448,205.887684,8.317766,nan,0.000000
214.400750,206.082986,8.317766,214.122582,205.804818,8.317766,nan,0.000000
214.399479,206.081714,8.317766,214.207493,205.889728,8.317766,nan,0.000000
214.401207,206.083442,8.317766,214.210082,205.892317,8.317766,nan,0.000000
214.403647,206.085883,8.317766,214.189961,205.872197,8.317766,nan,0.000000
214.398974,206.081210,8.317766,214.162262,205.844497,8.317766,nan,0.000000
214.398079,206.080315,8.317766,214.140038,205.822274,8.317766,nan,0.000000
214.399210,206.081446,8.317766,214.139653,205.821889,8.317766,nan,0.000000
214.409630,206.091866,8.317766,214.200567,205.882802,8.317766,nan,0.000000
214.400265,206.082500,8.317766,214.160404,205.842640,8.317766,nan,0.000000
214.397352,206.079588,8.317766,214.145488,205.827723,8.317766,nan,0.000000
214.395230,206.077466,8.317766,214.123247,205.805483,8.317766,nan,0.000000
214.400388,206.082624,8.317766,214.186567,205.868803,8.317766,nan,0.000000
214.391735,206.073970,8.317766,214.151994,205.834229,8.317766,nan,0.000000
214.398497,206.080733,8.317766,214.142609,205.824845,8.317766,nan,0.000000
214.392668,206.076116,8.316554,214.182665,205.864901,8.317766,nan,0.000000
210.732132,202.430092,8.302040,208.325078,200.030633,8.294444,6.114058,0.001304
208.760558,200.475687,8.284871,207.765008,199.476328,8.288680,3.171607,0.001057
207.772046,199.486706,8.285340,207.082226,198.796818,8.285408,3.812708,0.001017
208.021938,199.738131,8.283808,207.876163,199.596590,8.279573,4.437887,0.000322
207.992809,199.715280,8.277529,208.475664,200.192914,8.282749,2.995817,0.000743
208.775370,200.497558,8.277811,209.194228,200.919763,8.274465,2.650939,0.000924
209.338902,201.062430,8.276472,209.884260,201.606020,8.278240,2.683162,0.000492
209.887854,201.604935,8.282919,209.634168,201.353205,8.280963,3.019669,0.000643
210.690308,202.402012,8.288297,210.612189,202.320115,8.292074,2.942749,0.000317
211.582846,203.286697,8.296149,211.197329,202.904292,8.293038,3.849808,0.000341
211.877277,203.578609,8.298668,210.765185,202.469693,8.295491,6.412428,0.001119
212.234385,203.933163,8.301223,212.749915,204.444843,8.305073,5.515275,0.000060
212.974371,204.666524,8.307847,213.237595,204.928627,8.308968,3.428597,0.000069
213.080564,204.771884,8.308680,213.228335,204.918300,8.310035,5.651941,0.000060
213.300365,204.990065,8.310300,213.179296,204.868793,8.310503,5.920852,0.000075
213.218971,204.909789,8.309181,213.231601,204.921792,8.309809,3.070529,0.000042
213.247064,204.936931,8.310134,212.865536,204.556803,8.308733,2.990654,0.000255
213.274240,204.964618,8.309622,212.922565,204.615205,8.307360,3.820232,0.000120
213.227789,204.918193,8.309596,213.459223,205.145094,8.314129,3.659267,0.000049
213.347494,205.037474,8.310020,212.806840,204.499495,8.307344,3.356688,0.000394
213.334920,205.024402,8.310518,213.478315,205.165402,8.312913,3.076683,0.000267
213.447526,205.135596,8.311930,213.274688,204.963608,8.311081,nan,0.000043
213.527825,205.216087,8.311739,213.332053,205.019598,8.312454,inf,0.000127
213.706863,205.393328,8.313535,213.694745,205.380402,8.314343,nan,0.000007
212.553162,204.246915,8.306247,211.986811,203.682996,8.303815,3.370698,0.000113
212.653293,204.348525,8.304768,212.434924,204.126561,8.308364,3.468036,0.000008
213.749156,205.440762,8.308394,214.135232,205.818274,8.316959,3.074855,0.000925
212.028784,203.758591,8.270193,213.250602,204.940378,8.310224,1.552919,0.012193
210.095161,201.787764,8.307397,209.782127,201.475265,8.306862,2.838631,0.009545
209.877648,201.572563,8.305085,210.132114,201.831595,8.300519,2.740609,0.013441
209.684384,201.386767,8.297617,209.818725,201.530743,8.287982,3.771163,0.007281
208.283568,200.017385,8.266183,207.573100,199.306249,8.266851,6.860897,0.008447
208.544728,200.265513,8.279216,209.421326,201.150939,8.270388,7.500741,0.027901
209.285126,200.997815,8.287310,209.436869,201.150233,8.286635,7.632762,0.010858
209.752850,201.459743,8.293107,209.191413,200.892384,8.299029,6.435365,0.004694
210.257513,201.960716,8.296796,209.486159,201.185729,8.300430,3.881852,0.001004
210.731806,202.434214,8.297592,210.814749,202.514980,8.299768,2.937030,0.001571
211.498100,203.196255,8.301846,211.460979,203.159649,8.301331,2.626731,0.000365
212.282120,203.978045,8.304075,212.402257,204.096179,8.306077,3.937996,0.000095
212.745881,204.436985,8.308896,212.486090,204.175758,8.310332,3.358066,0.000167
213.058916,204.747298,8.311619,212.764865,204.454430,8.310434,2.255829,0.000330
213.094721,204.783973,8.310748,212.703044,204.392010,8.311035,3.117505,0.000003
213.232041,204.920317,8.311725,213.499096,205.185164,8.313932,3.733306,0.000392
213.224074,204.912497,8.311578,212.974454,204.663900,8.310554,4.124909,0.000130
213.224161,204.912959,8.311202,212.884796,204.574098,8.310698,3.344848,0.000586
213.335230,205.022759,8.312470,213.444171,205.130722,8.313450,4.106771,0.000029
213.578885,205.266095,8.312790,213.970903,205.655017,8.315887,3.150912,0.000022
214.006209,205.691169,8.315040,213.892053,205.576566,8.315487,3.238281,0.000005
214.053562,205.738659,8.314903,213.878126,205.562103,8.316023,3.848255,0.000019
214.037232,205.721763,8.315470,214.103348,205.786397,8.316951,3.669327,0.000002
214.159026,205.842913,8.316113,214.135091,205.817582,8.317510,2.838146,0.000000
214.392390,206.074630,8.317761,214.196913,205.879151,8.317763,2.704675,0.000000
214.384495,206.066735,8.317761,214.175164,205.857403,8.317762,3.404011,0.000000
214.396172,206.078961,8.317212,214.131710,205.813952,8.317758,1.498024,0.000000
214.145139,205.828696,8.316442,209.037478,200.739297,8.298183,2.621872,0.000511
209.402914,201.106195,8.296719,208.583344,200.286536,8.296807,3.362730,0.000487
209.255109,200.962427,8.292682,207.471786,199.185604,8.286183,3.223689,0.001538
209.433730,201.144190,8.289540,209.400668,201.111948,8.288720,3.398699,0.000611
210.197207,201.906091,8.291117,209.858627,201.565992,8.292635,3.540138,0.000753
210.475607,202.183484,8.292123,210.275266,201.982086,8.293180,5.301566,0.001515
211.182754,202.888200,8.294555,211.061001,202.766615,8.294386,4.968297,0.000664
211.804875,203.508905,8.295970,211.622863,203.324015,8.298848,3.072097,0.000174
211.936728,203.638679,8.298049,211.895070,203.595414,8.299656,3.379243,0.000240
211.842600,203.544320,8.298280,211.937313,203.638068,8.299245,2.758281,0.000639
212.011919,203.712953,8.298966,211.857295,203.559144,8.298150,3.546655,0.000357
212.169903,203.870619,8.299284,212.281313,203.978925,8.302388,4.256764,0.000470
212.117402,203.817748,8.299653,212.045328,203.743103,8.302226,3.013930,0.000127
211.934145,203.637824,8.296320,212.195444,203.895386,8.300059,3.640964,0.000172
212.326602,204.030062,8.296539,211.915758,203.620921,8.294837,3.385373,0.000084
