200.748798,194.283575,6.465223,171.995228,164.976171,7.019057,5.816261,0.011561
162.695073,155.521568,7.173505,155.974231,148.706989,7.267243,5.742683,0.016761
152.301628,145.079579,7.222049,149.054418,141.799294,7.255124,6.265405,0.018406
146.916503,139.658215,7.258288,144.557200,137.296362,7.260838,7.189102,0.016166
143.668476,136.447367,7.221109,142.279691,135.075719,7.203972,11.665358,0.017232
141.511387,134.314894,7.196493,139.896498,132.698976,7.197521,6.042026,0.018270
139.931099,132.705755,7.225344,138.817171,131.570679,7.246492,7.228086,0.017688
138.607459,131.371354,7.236106,138.176554,130.933853,7.242701,6.720352,0.018483
137.536116,130.285792,7.250324,137.460950,130.233012,7.227937,6.688427,0.019303
136.846578,129.560800,7.285778,135.679005,128.445011,7.233993,7.474529,0.016469
135.957462,128.691158,7.266304,135.368754,128.120769,7.247985,7.373028,0.018324
135.209903,127.953821,7.256082,134.560681,127.260980,7.299701,8.504969,0.016228
134.746522,127.437883,7.308639,134.261920,126.932125,7.329797,7.280051,0.016951
134.219172,126.895367,7.323805,134.251310,126.959377,7.291934,7.112728,0.017679
133.969640,126.659016,7.310624,134.026255,126.731877,7.294379,7.137408,0.018953
133.460352,126.142810,7.317542,133.704504,126.389402,7.315103,9.038878,0.017360
133.217811,125.865069,7.352743,132.935810,125.620699,7.315111,9.795736,0.015541
132.841470,125.500395,7.341075,132.868170,125.570176,7.297993,8.341972,0.017173
132.741903,125.393142,7.348761,132.357654,125.005536,7.352118,8.021003,0.014829
132.306052,124.937353,7.368699,131.959216,124.617298,7.341918,8.224092,0.017537
132.065777,124.700874,7.364903,132.273381,124.933769,7.339613,10.438176,0.016062
131.767056,124.401515,7.365540,131.814399,124.471802,7.342598,10.863127,0.016675
131.717664,124.342480,7.375184,131.820912,124.440938,7.379973,9.347702,0.016513
131.442055,124.060994,7.381061,131.610497,124.250612,7.359885,8.602931,0.018789
131.247149,123.839060,7.408089,131.351829,123.975037,7.376793,8.603543,0.016995
131.055394,123.650984,7.404409,131.247527,123.910858,7.336670,7.778557,0.017890
130.998057,123.611095,7.386962,131.872002,124.531290,7.340713,9.408210,0.017921
130.834916,123.445728,7.389188,131.336786,123.919561,7.417225,9.274271,0.017681
130.630355,123.204663,7.425692,130.701158,123.315959,7.385199,11.724287,0.015274
130.596652,123.178648,7.418005,131.490577,124.096599,7.393978,8.225698,0.016124
130.531926,123.111530,7.420396,130.631733,123.223178,7.408555,8.178638,0.017660
130.312224,122.878636,7.433588,131.301385,123.887057,7.414327,9.205886,0.017648
130.394466,122.970963,7.423503,130.527618,123.134319,7.393299,10.034085,0.015589
130.206268,122.783182,7.423086,131.175732,123.775950,7.399782,9.961268,0.016334
130.185127,122.742217,7.442910,130.323678,122.915437,7.408241,14.441884,0.016408
129.952447,122.517413,7.435034,131.419755,124.041403,7.378352,9.572270,0.016915
130.210334,122.767702,7.442632,131.149115,123.729782,7.419332,7.648602,0.017575
130.114048,122.665673,7.448375,130.967424,123.535732,7.431692,29.236929,0.014089
129.903627,122.450151,7.453477,130.279073,122.868922,7.410152,10.575200,0.016121
129.775530,122.324344,7.451185,130.449552,123.047326,7.402226,9.905364,0.016581
129.668486,122.231473,7.437013,130.471534,123.081511,7.390023,9.526871,0.015800
129.762635,122.329795,7.432840,130.500957,123.103464,7.397494,8.816449,0.016244
129.650570,122.203697,7.446873,130.281645,122.861271,7.420373,9.343845,0.017157
129.394187,121.951607,7.442580,130.716383,123.316280,7.400102,8.873245,0.017381
129.475494,122.032191,7.443303,130.622482,123.210502,7.411979,8.871987,0.017011
129.461343,121.999325,7.462017,130.666304,123.243810,7.422493,9.313399,0.018451
129.200856,121.745405,7.455451,130.365990,122.939680,7.426310,8.613959,0.016401
129.290625,121.822706,7.467920,129.929510,122.474385,7.455125,9.868402,0.014340
129.144964,121.667710,7.477254,130.089531,122.648522,7.441009,8.984594,0.013263
129.024190,121.540156,7.484034,129.772792,122.343494,7.429298,10.315547,0.019305
128.997630,121.513043,7.484587,130.399583,122.956852,7.442730,12.429331,0.013214
128.881426,121.411085,7.470341,129.505779,122.070003,7.435776,8.137309,0.018328
128.984585,121.517103,7.467482,130.086720,122.662585,7.424135,8.120148,0.017125
128.879390,121.411642,7.467748,130.185771,122.770100,7.415671,10.492798,0.018700
128.899824,121.432708,7.467116,130.042419,122.611050,7.431369,10.669774,0.016593
128.896699,121.419039,7.477659,130.108775,122.655608,7.453167,9.800429,0.018171
128.917789,121.427949,7.489839,130.589016,123.131728,7.457289,8.414856,0.018292
128.863232,121.359187,7.504045,130.022574,122.580898,7.441676,7.701868,0.016859
128.931837,121.440793,7.491044,130.386744,122.936748,7.449997,9.380273,0.016971
129.045496,121.545367,7.500128,129.964278,122.485565,7.478713,9.112143,0.016580
128.933627,121.436277,7.497350,129.755706,122.270602,7.485103,9.819641,0.015748
128.944291,121.454089,7.490203,130.106970,122.670754,7.436216,10.527346,0.018927
128.798139,121.290223,7.507915,129.669508,122.192519,7.476989,9.475189,0.015550
128.808030,121.308363,7.499667,129.531738,122.079681,7.452058,9.553912,0.016893
128.785963,121.296501,7.489461,130.061365,122.625363,7.436003,7.948768,0.016760
128.742734,121.259409,7.483325,130.281467,122.844727,7.436741,9.232824,0.016787
128.780493,121.296094,7.484398,129.938598,122.474431,7.464166,9.930584,0.014142
128.768609,121.273905,7.494703,130.322765,122.886674,7.436090,6.898905,0.019987
128.778223,121.273963,7.504260,129.479917,122.008490,7.471427,11.232497,0.014357
128.485551,120.970903,7.514648,129.889850,122.431501,7.458349,8.140473,0.020202
128.479016,120.971777,7.507240,129.981228,122.507381,7.473848,9.867047,0.014188
128.462184,120.941462,7.520722,129.329782,121.840676,7.489106,13.833227,0.013508
128.510350,120.982265,7.528085,129.583936,122.109794,7.474142,11.213013,0.017222
128.467032,120.940159,7.526874,129.479872,122.013056,7.466815,9.389474,0.015622
128.592619,121.087710,7.504909,129.901465,122.442079,7.459385,10.529742,0.017601
128.377549,120.854351,7.523197,129.656543,122.169448,7.487095,12.690735,0.014834
128.321021,120.808409,7.512613,130.040132,122.582013,7.458119,10.382463,0.017881
128.275991,120.759182,7.516809,129.559494,122.077139,7.482355,9.073126,0.017786
128.380355,120.848515,7.531840,129.890846,122.408979,7.481868,12.773983,0.012327
128.535390,121.006520,7.528870,129.418474,121.927146,7.491328,11.459802,0.012505
128.444746,120.911056,7.533690,129.864432,122.392477,7.471955,8.795443,0.017374
128.469285,120.947266,7.522019,129.913038,122.421282,7.491755,9.824980,0.018579
128.668778,121.142824,7.525954,129.899585,122.445472,7.454113,12.278342,0.014656
128.499638,120.980417,7.519221,129.350549,121.862698,7.487850,7.751212,0.017371
128.493554,120.944479,7.549075,129.583778,122.071904,7.511873,11.162440,0.017374
128.398692,120.846944,7.551748,129.996880,122.487659,7.509222,11.956887,0.017919
128.544049,121.009865,7.534183,130.322037,122.854011,7.468028,11.265629,0.015514
128.663195,121.120646,7.542548,130.376087,122.865683,7.510404,7.369787,0.019431
128.550506,120.999834,7.550671,129.418234,121.908044,7.510190,11.052957,0.013991
128.225152,120.673811,7.551341,129.780019,122.282299,7.497720,11.071140,0.018737
128.632639,121.082595,7.550044,129.502556,121.996720,7.505836,9.112214,0.016930
128.459670,120.922141,7.537529,130.227421,122.733162,7.494259,7.734143,0.017281
128.435651,120.912861,7.522790,129.787980,122.331414,7.456566,10.081467,0.014649
128.584686,121.065272,7.519414,130.478422,123.010051,7.468370,15.655384,0.015971
128.655055,121.133501,7.521554,130.467021,122.973594,7.493428,7.521765,0.020520
128.773318,121.236545,7.536773,130.206017,122.720777,7.485239,8.389999,0.013902
128.709819,121.174557,7.535262,130.200488,122.687331,7.513158,9.721669,0.016025
128.658784,121.109944,7.548840,130.066275,122.556753,7.509523,8.909955,0.015159
128.698175,121.132130,7.566045,130.069958,122.540863,7.529095,11.560378,0.015970
128.699015,121.137229,7.561786,130.319901,122.803135,7.516766,9.161455,0.020154
128.775885,121.218329,7.557556,130.731105,123.209602,7.521504,10.364770,0.015224
128.828674,121.254564,7.574109,130.556119,123.026012,7.530108,9.807668,0.013952
128.952168,121.381804,7.570364,130.380036,122.868987,7.511049,9.951921,0.014412
128.792807,121.223913,7.568894,130.555751,123.028287,7.527463,9.277023,0.014479
128.713729,121.135911,7.577818,130.294997,122.762918,7.532079,9.433781,0.017995
129.000511,121.431243,7.569268,130.682836,123.165506,7.517330,8.040277,0.015085
128.842531,121.256871,7.585660,130.182487,122.634469,7.548018,8.759021,0.012842
128.707593,121.135115,7.572478,130.524918,123.002063,7.522856,8.014567,0.015555
128.932182,121.358810,7.573372,130.798270,123.250781,7.547489,114.114517,0.017359
128.964481,121.382062,7.582418,130.515365,122.998009,7.517357,9.013741,0.017636
128.897073,121.336360,7.560714,130.407562,122.888730,7.518832,12.382424,0.015419
128.830912,121.254905,7.576007,130.196187,122.652623,7.543565,11.636080,0.015569
128.948768,121.361165,7.587603,130.332803,122.773838,7.558964,9.839884,0.014845
128.946765,121.359620,7.587145,130.931469,123.411177,7.520292,9.591688,0.014431
128.931105,121.366255,7.564849,130.418183,122.890270,7.527912,9.250821,0.016737
128.934071,121.353034,7.581037,130.117822,122.575504,7.542319,8.531310,0.015462
128.939667,121.343948,7.595719,130.595482,123.036961,7.558521,8.859340,0.017654
129.146633,121.543423,7.603211,131.188207,123.646274,7.541932,9.254889,0.017078
129.184622,121.592658,7.591964,131.028455,123.471659,7.556796,12.553423,0.014909
129.364639,121.763653,7.600987,130.854241,123.307164,7.547077,8.475321,0.013987
129.249544,121.643306,7.606238,130.697695,123.130941,7.566755,8.718328,0.014831
129.288186,121.686608,7.601579,130.359529,122.810360,7.549169,15.260036,0.018975
129.347825,121.753363,7.594462,131.598003,124.050142,7.547861,8.386937,0.015843
129.531588,121.951494,7.580094,130.973006,123.432374,7.540633,9.220335,0.018200
129.337818,121.747643,7.590174,130.747606,123.211789,7.535818,8.722997,0.016559
128.881340,121.280318,7.601022,130.461276,122.906752,7.554524,8.672485,0.016568
129.028102,121.428394,7.599708,130.358560,122.809134,7.549427,9.288103,0.018017
129.050324,121.451099,7.599226,131.501409,123.940024,7.561385,8.469827,0.016169
129.450310,121.847600,7.602710,130.851129,123.303363,7.547767,9.430574,0.015498
129.154788,121.554097,7.600691,131.175392,123.623268,7.552124,20.322439,0.017538
129.328863,121.718983,7.609880,130.790309,123.229253,7.561058,11.835273,0.015969
129.192837,121.587159,7.605678,131.202923,123.651980,7.550944,8.735899,0.017518
129.314868,121.705111,7.609756,131.389642,123.836875,7.552767,14.808249,0.015423
129.495317,121.884717,7.610600,130.953255,123.378242,7.575013,9.353591,0.016659
129.119474,121.496657,7.622818,131.426276,123.855697,7.570579,8.919942,0.017462
129.461525,121.836500,7.625025,131.290410,123.716202,7.574209,8.767105,0.016278
129.515349,121.901389,7.613960,131.152877,123.595843,7.557034,12.088745,0.017211
129.376905,121.765109,7.611796,131.563395,123.983574,7.579821,11.421218,0.016028
129.615553,121.995754,7.619800,131.431529,123.846586,7.584943,12.384752,0.017868
129.440140,121.814013,7.626127,131.626906,124.068776,7.558130,8.973840,0.014490
129.680525,122.076088,7.604437,131.049025,123.492375,7.556650,9.053118,0.013478
129.346250,121.719934,7.626316,131.192949,123.590816,7.602132,11.696168,0.014146
129.494256,121.857860,7.636396,131.639789,124.062455,7.577334,9.876100,0.014427
129.313797,121.682854,7.630943,131.677217,124.095006,7.582211,8.616260,0.013407
129.250464,121.621586,7.628878,131.121076,123.539553,7.581522,10.164014,0.015684
129.676020,122.050879,7.625140,131.257826,123.668485,7.589341,9.626955,0.017190
129.583668,121.949374,7.634294,131.113641,123.531678,7.581963,11.919030,0.016015
129.211889,121.585337,7.626552,130.835156,123.259207,7.575949,9.068532,0.016154
129.380574,121.752133,7.628441,131.459550,123.882587,7.576962,10.780784,0.017378
129.223152,121.590502,7.632651,131.764832,124.178142,7.586690,8.960179,0.015990
129.518346,121.885381,7.632965,131.318811,123.722624,7.596188,10.068226,0.016378
129.550932,121.914476,7.636456,131.432748,123.832607,7.600141,9.794045,0.014912
129.478573,121.836869,7.641705,131.374989,123.778929,7.596061,9.090059,0.014831
129.460481,121.816495,7.643986,132.145044,124.566133,7.578911,8.622077,0.014867
129.596926,121.964123,7.632803,131.524903,123.948272,7.576632,9.813643,0.014235
129.505582,121.869552,7.636031,131.525240,123.920813,7.604426,9.014211,0.016447
129.360731,121.712819,7.647912,131.442127,123.831700,7.610427,9.873612,0.014748
129.473191,121.823550,7.649641,131.792169,124.219876,7.572293,12.986025,0.015971
129.792685,122.156050,7.636635,132.286232,124.691839,7.594393,16.831425,0.014480
129.842076,122.197354,7.644723,131.391512,123.804182,7.587330,10.555059,0.014219
