254.110101,244.318017,9.792084,196.414789,192.718011,3.696778
188.858337,184.801120,4.057217,180.096671,174.270256,5.826415
172.203154,164.672433,7.530722,162.344679,153.085356,9.259321
156.545995,146.092290,10.453705,150.639012,139.139821,11.499191
148.044966,136.169007,11.875959,144.241456,131.799771,12.441685
142.666769,129.969110,12.697659,139.372721,126.282944,13.089778
138.442721,125.025216,13.417504,136.024079,122.187443,13.836637
134.982109,120.988936,13.993173,132.540122,118.220900,14.319222
132.443390,117.951275,14.492115,130.593315,116.006264,14.587052
130.305652,115.503764,14.801888,128.551388,113.607675,14.943713
128.532195,113.457658,15.074538,126.748769,111.557516,15.191253
126.974710,111.717053,15.257657,125.700041,110.289339,15.410701
125.716900,110.309217,15.407683,124.589961,109.234882,15.355079
124.692375,109.137791,15.554584,123.474109,107.954757,15.519352
123.646280,108.024304,15.621976,123.064496,107.423636,15.640860
122.624321,106.877491,15.746829,121.670368,105.915803,15.754566
121.853665,105.995621,15.858044,121.145973,105.376229,15.769744
121.165897,105.253350,15.912547,120.506372,104.631535,15.874837
120.461308,104.476820,15.984488,119.712786,103.785306,15.927481
119.871817,103.860964,16.010853,119.254226,103.202673,16.051554
119.308221,103.306405,16.001816,118.716114,102.728086,15.988028
118.763902,102.659492,16.104409,118.254943,102.159580,16.095363
118.243935,102.151777,16.092158,117.857146,101.705683,16.151463
117.736667,101.668735,16.067932,117.430539,101.440303,15.990236
117.297352,101.147652,16.149700,116.746780,100.579182,16.167599
116.837070,100.648910,16.188161,116.570984,100.516469,16.054515
116.474200,100.312255,16.161946,116.159186,100.073307,16.085879
115.904530,99.722504,16.182026,115.830530,99.631333,16.199197
115.573499,99.392208,16.181292,115.370684,99.374376,15.996307
115.244928,99.093193,16.151735,115.264302,99.219935,16.044367
114.841135,98.662418,16.178717,114.815351,98.659172,16.156179
114.530227,98.380323,16.149904,114.812083,98.697654,16.114429
114.147362,97.910732,16.236630,114.216092,98.123346,16.092745
113.772995,97.579544,16.193451,113.766656,97.556960,16.209696
113.451252,97.291297,16.159954,113.388796,97.371941,16.016855
113.105798,96.933283,16.172516,113.238166,97.111524,16.126641
112.841245,96.645692,16.195553,112.802293,96.711030,16.091263
112.529525,96.388505,16.141020,112.632073,96.573036,16.059037
112.288588,96.148249,16.140339,112.282209,96.149516,16.132693
111.971867,95.832569,16.139297,112.156808,96.053784,16.103023
111.629119,95.513380,16.115739,112.125824,96.215867,15.909956
111.375337,95.324547,16.050790,111.950884,96.045460,15.905424
111.165864,95.076503,16.089361,111.730068,95.673762,16.056306
110.862789,94.725412,16.137377,111.052812,94.998375,16.054437
110.655143,94.592931,16.062212,110.730373,94.646874,16.083498
110.406304,94.309877,16.096427,110.790286,94.776882,16.013404
110.128720,94.060064,16.068656,110.496326,94.600507,15.895818
109.996583,93.961258,16.035325,110.240610,94.220293,16.020316
109.640060,93.576321,16.063739,110.024598,94.014116,16.010482
109.513156,93.537301,15.975855,109.949922,93.886904,16.063019
109.294263,93.200971,16.093293,109.864138,93.860840,16.003298
109.156922,93.137035,16.019887,109.315101,93.200445,16.114656
108.861477,92.805937,16.055540,109.486603,93.439288,16.047315
108.673655,92.647201,16.026454,109.196796,93.328428,15.868368
108.465958,92.414805,16.051153,109.105722,93.096585,16.009137
108.278248,92.260321,16.017927,108.806704,92.919543,15.887161
108.156138,92.085475,16.070663,108.715989,92.630900,16.085089
107.942979,91.921059,16.021920,108.515816,92.582308,15.933508
107.735935,91.708925,16.027011,108.422931,92.461772,15.961158
107.656613,91.583794,16.072818,108.376321,92.389106,15.987215
107.488940,91.430307,16.058633,108.201094,92.287866,15.913228
107.284431,91.251044,16.033387,108.015812,92.136592,15.879220
107.274695,91.244502,16.030193,108.119000,92.151896,15.967104
107.077323,91.053440,16.023883,107.936739,92.002196,15.934543
106.892796,90.847282,16.045514,107.738464,91.717411,16.021054
106.829120,90.763850,16.065270,107.800949,91.765693,16.035256
106.732590,90.661766,16.070824,107.502824,91.530631,15.972193
106.564297,90.524030,16.040267,107.350957,91.366564,15.984393
106.414700,90.348255,16.066445,107.439743,91.483266,15.956478
106.361124,90.364491,15.996634,107.465091,91.467497,15.997595
106.177596,90.132555,16.045041,107.288581,91.450382,15.838199
106.076657,90.041711,16.034945,106.954715,90.838926,16.115789
106.036981,89.950379,16.086603,107.104852,91.060619,16.044232
105.805912,89.708651,16.097261,107.075770,91.061648,16.014122
105.741863,89.687186,16.054677,106.711985,90.675735,16.036249
105.672776,89.576057,16.096719,106.872861,90.851051,16.021810
105.483546,89.423896,16.059651,106.527419,90.544447,15.982972
105.500365,89.374392,16.125972,106.684617,90.576049,16.108569
105.344418,89.267284,16.077134,106.569449,90.601680,15.967769
105.312678,89.269618,16.043061,106.299656,90.341628,15.958028
105.196403,89.119392,16.077011,106.297800,90.182279,16.115520
105.085268,88.943697,16.141572,105.997222,89.890649,16.106573
104.949356,88.822103,16.127253,106.082514,90.045005,16.037509
104.889390,88.741206,16.148185,106.050441,90.001249,16.049192
104.840982,88.723510,16.117473,106.057616,90.072150,15.985465
104.635527,88.572170,16.063358,105.944217,89.968519,15.975699
104.680673,88.566707,16.113966,106.002222,89.972089,16.030134
104.583734,88.424512,16.159222,105.774571,89.795848,15.978723
104.532057,88.381909,16.150149,105.769044,89.745551,16.023492
104.357520,88.230670,16.126850,105.550977,89.449445,16.101532
104.357893,88.221129,16.136764,105.881137,89.797593,16.083544
104.331294,88.155354,16.175941,105.680271,89.374321,16.305951
104.188355,87.947463,16.240892,105.342716,89.217368,16.125348
104.152221,88.026557,16.125664,105.590494,89.629402,15.961092
104.059695,87.951757,16.107938,105.220758,89.151231,16.069526
103.957308,87.803195,16.154113,105.359091,89.230750,16.128341
103.914231,87.763426,16.150804,105.543421,89.529431,16.013990
103.811312,87.665715,16.145597,105.353394,89.120672,16.232721
103.827818,87.662264,16.165555,105.161635,89.029368,16.132267
103.807662,87.655547,16.152115,105.272038,89.143651,16.128387
103.717037,87.501518,16.215519,105.017480,88.760853,16.256627
103.604917,87.381155,16.223763,105.124984,89.033374,16.091610
103.487508,87.263638,16.223869,105.039723,88.923753,16.115970
103.557725,87.347240,16.210486,105.110716,88.925247,16.185469
103.449966,87.225523,16.224443,104.868897,88.738333,16.130564
103.379739,87.145250,16.234489,104.763571,88.527354,16.236216
103.174779,86.975673,16.199106,105.044318,89.010452,16.033866
103.238453,86.985016,16.253438,104.935910,88.716917,16.218994
103.213169,86.996576,16.216592,104.951533,88.823367,16.128166
103.148978,86.969191,16.179787,104.662290,88.497989,16.164302
103.045868,86.830780,16.215088,104.675479,88.526358,16.149120
103.102577,86.922332,16.180245,104.577869,88.417542,16.160328
103.087278,86.811076,16.276202,104.777557,88.631247,16.146310
102.953737,86.728347,16.225390,104.685244,88.585596,16.099648
102.950079,86.724564,16.225515,104.413770,88.287119,16.126651
102.896171,86.667861,16.228310,104.636028,88.397509,16.238519
102.851984,86.547292,16.304692,104.363464,88.159560,16.203904
102.758246,86.470917,16.287329,104.380463,88.115912,16.264551
102.691164,86.448390,16.242773,104.544056,88.388127,16.155929
102.728506,86.478980,16.249525,104.260390,88.053877,16.206513
102.603599,86.356530,16.247070,104.464774,88.337216,16.127559
102.723141,86.442705,16.280437,104.441189,88.200443,16.240746
102.558151,86.250127,16.308024,104.417098,88.222148,16.194950
102.490752,86.187025,16.303727,104.463298,88.331764,16.131534
102.464861,86.213422,16.251439,104.335076,88.114244,16.220831
102.399534,86.135091,16.264442,104.293368,88.135351,16.158017
102.399890,86.156790,16.243100,104.428672,88.245468,16.183204
102.368367,86.106221,16.262146,104.004134,87.781912,16.222221
102.302171,85.989096,16.313075,104.036522,87.850980,16.185542
102.284762,86.017296,16.267466,104.068725,87.881835,16.186890
102.262522,85.965430,16.297092,104.103706,87.904376,16.199330
102.171316,85.909156,16.262160,104.033331,87.850511,16.182819
102.158679,85.878147,16.280532,103.897754,87.674631,16.223123
102.037471,85.745103,16.292368,103.862038,87.676582,16.185457
102.059832,85.769479,16.290353,104.193148,88.053359,16.139789
102.016659,85.734564,16.282095,104.113105,87.984615,16.128490
101.986115,85.743475,16.242640,104.107354,87.949220,16.158134
102.045881,85.753536,16.292344,104.005889,87.812655,16.193234
101.981285,85.642680,16.338605,103.811649,87.582822,16.228827
101.884812,85.557483,16.327329,103.725674,87.522266,16.203408
101.815693,85.508300,16.307393,103.886081,87.639772,16.246309
101.831055,85.523555,16.307499,103.976381,87.768205,16.208176
101.792625,85.502254,16.290370,103.725007,87.535709,16.189299
101.800703,85.460247,16.340457,103.638147,87.342105,16.296042
101.702903,85.342969,16.359934,103.527415,87.185963,16.341452
101.742587,85.347684,16.394903,103.806923,87.589055,16.217867
101.605390,85.245994,16.359397,103.694944,87.497936,16.197007
101.668873,85.324963,16.343910,103.406860,87.028673,16.378187
101.540984,85.182480,16.358504,103.640058,87.460547,16.179512
101.626586,85.336588,16.289998,103.654680,87.476238,16.178442
101.585043,85.235908,16.349134,103.582232,87.279507,16.302726
101.477516,85.117233,16.360284,103.674561,87.533689,16.140872
101.505697,85.198741,16.306956,103.674723,87.529291,16.145432
101.557675,85.227895,16.329780,103.651391,87.421235,16.230157
101.444914,85.130937,16.313977,103.423418,87.288777,16.134641
101.440666,85.092738,16.347929,103.752414,87.471590,16.280824
101.360746,85.012987,16.347760,103.600926,87.358162,16.242764
101.272269,84.925410,16.346859,103.670532,87.467200,16.203332
101.339662,85.022089,16.317572,103.603844,87.336044,16.267800
101.335021,85.009221,16.325800,103.553273,87.342099,16.211174
