203.708867,199.233971,4.474895,188.111874,181.580412,6.531462,9.291648,0.007623
184.353282,177.014017,7.339265,178.914643,171.193519,7.721124,nan,0.005449
176.889945,169.191888,7.698057,174.993847,167.207417,7.786429,20.013689,0.003749
172.597293,164.770158,7.827135,172.702895,164.791180,7.911714,nan,0.005166
171.019649,163.088494,7.931156,172.792595,164.803883,7.988712,nan,0.005384
172.228341,164.212876,8.015465,170.694086,162.663106,8.030980,nan,0.003675
171.960375,163.894802,8.065573,173.192751,165.099060,8.093691,nan,0.002823
173.249507,165.151258,8.098249,170.739019,162.644086,8.094934,nan,0.003202
171.677049,163.565194,8.111854,174.468279,166.340811,8.127468,nan,0.002273
174.803307,166.668526,8.134780,176.459400,168.326460,8.132942,nan,0.002983
177.539495,169.390656,8.148839,178.994046,170.845911,8.148135,nan,0.001400
178.763131,170.599982,8.163149,177.820610,169.650992,8.169618,nan,0.002413
178.379954,170.213608,8.166346,178.389954,170.221768,8.168185,nan,0.001316
179.075754,170.899748,8.176006,177.819307,169.633777,8.185530,nan,0.002555
180.952563,172.762602,8.189962,179.291104,171.101866,8.189239,nan,0.001112
180.390121,172.192839,8.197282,180.492454,172.297591,8.194863,nan,0.002136
181.191058,172.984148,8.206910,183.209450,175.000613,8.208836,nan,0.001271
185.085827,176.874841,8.210987,184.268459,176.055861,8.212598,nan,0.001771
183.761537,175.546757,8.214780,182.599977,174.389793,8.210184,nan,0.002656
184.707792,176.491826,8.215965,187.551101,179.326433,8.224668,nan,0.001331
187.425511,179.202763,8.222748,186.780293,178.559691,8.220603,nan,0.001346
188.234405,180.006204,8.228201,187.226245,178.992047,8.234198,nan,0.000811
189.013260,180.776017,8.237242,187.830770,179.610905,8.219866,nan,0.002124
190.188747,181.956203,8.232544,188.907682,180.675813,8.231870,nan,0.000706
193.822367,185.583979,8.238388,194.483289,186.255684,8.227605,nan,0.001193
192.279226,184.040897,8.238329,188.695218,180.465460,8.229756,nan,0.002279
193.276253,185.032052,8.244201,195.229544,186.986772,8.242771,nan,0.001217
196.820785,188.574759,8.246026,187.518574,179.293450,8.225124,nan,0.001196
192.462245,184.221641,8.240604,196.149423,187.901355,8.248069,nan,0.000888
196.094607,187.842893,8.251714,199.036373,190.776170,8.260204,nan,0.000097
201.903607,193.634876,8.268731,201.041293,192.774891,8.266402,nan,0.000295
200.193148,191.923814,8.269334,200.438391,192.166010,8.272381,nan,0.000600
197.554894,189.287846,8.267047,195.685174,187.412424,8.272750,nan,0.000948
200.618696,192.339018,8.279678,198.658586,190.390607,8.267979,nan,0.000285
199.727401,191.450663,8.276737,199.044858,190.769297,8.275561,nan,0.000258
199.291735,191.015820,8.275915,198.780824,190.511507,8.269317,nan,0.000645
200.203749,191.929802,8.273947,201.282486,193.008139,8.274347,nan,0.000121
202.278880,194.002315,8.276565,206.685771,198.404814,8.280958,nan,0.000189
208.885893,200.595724,8.290170,207.929378,199.646154,8.283223,nan,0.000253
208.835452,200.547240,8.288212,204.066038,195.790912,8.275127,nan,0.000133
207.088174,198.799776,8.288398,208.633826,200.340258,8.293569,nan,0.000054
209.368774,201.071629,8.297145,206.902673,198.611918,8.290756,nan,0.000079
207.041032,198.750575,8.290457,204.701472,196.415176,8.286296,nan,0.000328
205.958998,197.670527,8.288471,206.485894,198.199944,8.285951,nan,0.000125
207.173475,198.882503,8.290972,205.395721,197.109164,8.286557,nan,0.000440
207.284868,198.990170,8.294698,206.232774,197.940075,8.292699,nan,0.000063
206.193973,197.897314,8.296659,204.589308,196.293871,8.295438,nan,0.000097
205.581486,197.284588,8.296898,206.123588,197.827846,8.295741,nan,0.000105
205.759208,197.464772,8.294437,204.763535,196.469807,8.293728,nan,0.000425
206.915739,198.616716,8.299023,207.205339,198.905973,8.299366,nan,0.000179
208.559598,200.256024,8.303574,207.422132,199.124841,8.297290,nan,0.000001
210.426749,202.123177,8.303572,209.615144,201.313205,8.301938,nan,0.000099
212.403805,204.092118,8.311687,212.406438,204.095386,8.311052,nan,0.000000
210.773820,202.470614,8.303206,210.159549,201.861676,8.297873,nan,0.000026
211.557069,203.256014,8.301054,211.455175,203.156672,8.298503,nan,0.000000
211.693906,203.393203,8.300703,211.387318,203.084700,8.302619,nan,0.000001
212.046890,203.745584,8.301307,211.345693,203.047741,8.297952,nan,0.000003
211.986134,203.686236,8.299897,211.931375,203.630106,8.301269,nan,0.000121
212.518355,204.212547,8.305809,212.594599,204.288308,8.306290,nan,0.000006
212.591819,204.288458,8.303362,210.996926,202.703797,8.293128,nan,0.000284
211.442761,203.145957,8.296804,209.263736,200.978744,8.284993,nan,0.000445
208.468855,200.178814,8.290041,207.747702,199.461057,8.286645,nan,0.000085
208.087878,199.799004,8.288874,206.770973,198.485662,8.285311,nan,0.000065
208.146347,199.856193,8.290153,207.257202,198.965958,8.291244,nan,0.000063
208.522445,200.227577,8.294868,208.317561,200.022260,8.295301,nan,0.000115
207.884254,199.593933,8.290321,206.151288,197.866583,8.284705,nan,0.000325
208.383319,200.090862,8.292457,208.488024,200.194890,8.293135,nan,0.000270
209.641285,201.343673,8.297612,208.134330,199.840154,8.294176,nan,0.000270
208.874475,200.580698,8.293777,208.242516,199.949973,8.292543,nan,0.000108
208.227567,199.934735,8.292833,205.940363,197.654701,8.285662,nan,0.000288
207.658341,199.367708,8.290633,207.696562,199.408088,8.288473,nan,0.000637
209.106637,200.813413,8.293224,207.738348,199.448744,8.289603,nan,0.000357
208.642315,200.349092,8.293223,206.179558,197.890086,8.289471,nan,0.000406
206.477037,198.186959,8.290078,205.705396,197.418262,8.287135,nan,0.000237
206.263875,197.973975,8.289899,205.170483,196.882876,8.287607,nan,0.000118
205.723786,197.434560,8.289227,204.692505,196.405074,8.287431,nan,0.000329
205.396607,197.107109,8.289497,206.792342,198.501714,8.290627,nan,0.000169
207.849771,199.557358,8.292412,206.841705,198.554206,8.287498,nan,0.000377
206.277353,197.987470,8.289883,204.686811,196.395608,8.291202,nan,0.000230
206.663187,198.370227,8.292960,205.801725,197.512481,8.289244,nan,0.000306
206.803237,198.510855,8.292382,204.264157,195.974077,8.290080,nan,0.000266
205.750187,197.457945,8.292242,205.879617,197.590051,8.289565,nan,0.000082
207.197579,198.904661,8.292918,205.926369,197.635402,8.290966,nan,0.000116
207.318457,199.025012,8.293446,207.273723,198.979610,8.294113,nan,0.000364
208.277449,199.980364,8.297085,207.185447,198.891030,8.294416,nan,0.000211
207.916103,199.619830,8.296274,207.850294,199.556007,8.294287,nan,0.000226
208.827585,200.529826,8.297759,207.604200,199.309928,8.294272,nan,0.000317
208.162939,199.865214,8.297724,207.296816,198.999051,8.297764,nan,0.000228
208.309623,200.010935,8.298688,206.720956,198.423996,8.296959,nan,0.000059
209.209070,200.908992,8.300078,208.957844,200.658204,8.299641,nan,0.000000
209.498497,201.197667,8.300830,208.479897,200.181408,8.298489,nan,0.000000
209.959912,201.657323,8.302589,210.334671,202.030350,8.304321,nan,0.000095
211.124354,202.819446,8.304908,211.727745,203.419151,8.308594,nan,0.000015
209.979861,201.677376,8.302486,207.979926,199.681177,8.298750,nan,0.000208
208.418665,200.120138,8.298527,208.059099,199.761129,8.297971,nan,0.000198
208.463296,200.165040,8.298256,208.457807,200.160735,8.297072,nan,0.000169
210.515863,202.213487,8.302376,210.184146,201.881866,8.302279,nan,0.000120
208.942291,200.642586,8.299705,207.117673,198.821204,8.296469,nan,0.000128
207.859632,199.562816,8.296816,207.930628,199.633411,8.297217,nan,0.000278
209.325736,201.026473,8.299263,208.598580,200.301027,8.297553,nan,0.000031
209.425282,201.125516,8.299766,208.474433,200.175404,8.299029,nan,0.000086
209.131672,200.833860,8.297812,207.888640,199.592329,8.296312,nan,0.000107
208.680330,200.381782,8.298548,208.517546,200.218407,8.299139,nan,0.000064
210.734457,202.430928,8.303529,210.163347,201.860505,8.302843,nan,0.000377
210.190636,201.889467,8.301169,210.337010,202.035890,8.301120,nan,0.000481
211.349146,203.045588,8.303559,210.538647,202.236774,8.301873,nan,0.000070
210.833342,202.531147,8.302195,209.682370,201.383152,8.299219,nan,0.000067
210.906086,202.603282,8.302804,209.509976,201.211448,8.298529,nan,0.000156
211.294863,202.991328,8.303536,211.701410,203.396182,8.305228,nan,0.000110
211.450132,203.145779,8.304353,210.002629,201.702746,8.299884,nan,0.000185
210.589961,202.289487,8.300474,208.749221,200.454197,8.295025,nan,0.000073
210.004512,201.705006,8.299506,208.610520,200.315232,8.295289,nan,0.000265
208.733603,200.436431,8.297172,208.124222,199.826292,8.297930,nan,0.000420
209.080611,200.781802,8.298809,209.435486,201.135550,8.299936,nan,0.000000
210.028897,201.728088,8.300810,209.874859,201.575101,8.299759,nan,0.000026
210.484184,202.183334,8.300850,209.529563,201.232792,8.296771,nan,0.000079
210.612826,202.310612,8.302214,210.521731,202.220415,8.301316,nan,0.000000
210.849126,202.546630,8.302497,210.137900,201.837303,8.300598,nan,0.000113
209.958148,201.656911,8.301238,207.942454,199.647465,8.294989,nan,0.000301
208.399528,200.101545,8.297984,207.892315,199.592005,8.300310,nan,0.000000
208.420653,200.121274,8.299379,206.906444,198.610421,8.296023,nan,0.000005
207.331006,199.033647,8.297358,206.125451,197.828164,8.297286,nan,0.000095
205.496596,197.200634,8.295962,204.651842,196.357790,8.294052,nan,0.000377
205.297225,197.000229,8.296997,204.206787,195.909973,8.296815,nan,0.000062
205.480359,197.183195,8.297164,205.562304,197.263736,8.298568,nan,0.000171
207.120376,198.819895,8.300481,206.434140,198.134705,8.299434,nan,0.000125
206.909504,198.609591,8.299914,206.435708,198.137260,8.298448,nan,0.000250
207.080339,198.779381,8.300958,206.444096,198.145038,8.299058,nan,0.000118
207.576824,199.275868,8.300955,207.283986,198.985481,8.298505,nan,0.000151
208.191620,199.889035,8.302585,207.266455,198.966545,8.299911,nan,0.000226
207.845688,199.544128,8.301560,207.037315,198.736320,8.300995,nan,0.000005
208.383646,200.081597,8.302049,208.208533,199.907885,8.300648,nan,0.000119
209.330886,201.027582,8.303304,208.577333,200.274906,8.302428,nan,0.000148
209.015916,200.712428,8.303488,206.750016,198.447852,8.302163,nan,0.000012
207.817365,199.515985,8.301381,208.180986,199.879341,8.301645,nan,0.000391
209.663809,201.359562,8.304247,208.090753,199.789501,8.301252,nan,0.000076
209.275977,200.972495,8.303481,208.065043,199.762011,8.303032,nan,0.000027
208.668821,200.365108,8.303714,207.276736,198.974355,8.302381,nan,0.000149
208.577045,200.273844,8.303202,207.765793,199.463245,8.302548,nan,0.000067
208.898469,200.593740,8.304729,208.452749,200.148730,8.304019,nan,0.000231
208.527521,200.223888,8.303633,207.942167,199.641109,8.301058,nan,0.000000
209.841663,201.535943,8.305720,210.509500,202.202976,8.306523,nan,0.000085
210.092476,201.786268,8.306208,208.798689,200.495284,8.303405,nan,0.000007
210.008901,201.703073,8.305828,209.252261,200.947299,8.304962,nan,0.000060
209.507593,201.202375,8.305218,208.726029,200.422365,8.303663,nan,0.000207
209.187380,200.882113,8.305267,208.799475,200.497269,8.302206,nan,0.000180
208.795519,200.490898,8.304622,208.133848,199.830256,8.303592,nan,0.000138
208.704704,200.399555,8.305149,207.991759,199.687290,8.304470,nan,0.000062
209.532796,201.226111,8.306686,208.671508,200.365787,8.305722,nan,0.000077
209.374236,201.068790,8.305446,209.052910,200.747746,8.305164,nan,0.000086
209.456457,201.151464,8.304994,208.590733,200.286937,8.303796,nan,0.000152
209.474499,201.168283,8.306216,209.808647,201.503203,8.305444,nan,0.000099
211.270718,202.962446,8.308272,210.211199,201.905852,8.305347,nan,0.000093
210.496901,202.189677,8.307224,210.111469,201.804702,8.306767,nan,0.000057
210.128057,201.821227,8.306830,208.944133,200.638680,8.305453,nan,0.000004
209.872140,201.565919,8.306221,208.728911,200.425358,8.303552,nan,0.000106
209.437876,201.131021,8.306856,208.961073,200.654875,8.306198,nan,0.000000
210.030411,201.723260,8.307151,208.764695,200.460249,8.304446,nan,0.002239
209.772139,201.465242,8.306896,208.906794,200.601838,8.304956,nan,0.000040
209.364413,201.057975,8.306438,209.503483,201.196520,8.306963,nan,0.000008
