202.485173,198.246477,4.238696,182.746571,176.461364,6.285207,8.260644,0.010269
175.859381,168.705824,7.153557,166.450415,158.996274,7.454141,10.588039,0.010202
163.506547,155.842307,7.664241,160.256303,152.456314,7.799987,22.064243,0.007692
158.922929,151.097397,7.825532,158.234534,150.350650,7.883884,10.484682,0.007632
156.390341,148.478622,7.911719,156.974615,149.043383,7.931232,10.208663,0.008774
154.851709,146.902061,7.949647,154.716159,146.732421,7.983737,nan,0.006007
155.158394,147.168414,7.989981,154.219690,146.219280,8.000411,11.396240,0.006312
153.788208,145.772420,8.015788,154.707488,146.698928,8.008559,nan,0.005692
153.209417,145.189610,8.019807,155.302465,147.259834,8.042631,nan,0.006032
153.029243,144.983013,8.046230,151.879186,143.847339,8.031847,nan,0.005012
152.700269,144.634058,8.066211,153.733879,145.646812,8.087067,nan,0.003865
153.448695,145.372941,8.075754,151.975568,143.892575,8.082992,nan,0.004578
152.937256,144.850839,8.086417,151.201353,143.127431,8.073922,nan,0.004672
152.237592,144.146051,8.091541,152.183983,144.090705,8.093277,nan,0.006198
152.512721,144.402404,8.110316,153.289188,145.172059,8.117129,nan,0.005227
152.475720,144.365110,8.110611,151.564727,143.452861,8.111866,nan,0.003266
151.966778,143.843483,8.123295,153.469749,145.333451,8.136298,nan,0.003988
152.261162,144.126833,8.134330,153.305613,145.172672,8.132942,nan,0.002629
151.843794,143.703068,8.140725,151.997562,143.852876,8.144686,nan,0.003797
152.276753,144.127825,8.148929,151.273373,143.126790,8.146583,nan,0.003790
152.397393,144.242694,8.154698,154.824530,146.661727,8.162804,nan,0.002063
152.444874,144.278975,8.165899,152.695621,144.527235,8.168387,nan,0.003194
152.211297,144.043583,8.167713,152.336458,144.162749,8.173709,nan,0.004122
152.000005,143.824963,8.175042,152.319797,144.144700,8.175096,nan,0.003315
152.707619,144.527153,8.180466,152.928247,144.751802,8.176445,nan,0.004062
154.633950,146.446741,8.187209,153.878885,145.687116,8.191769,nan,0.003660
154.609235,146.418157,8.191077,153.912600,145.722521,8.190079,nan,0.003068
154.075187,145.880592,8.194596,156.063822,147.858134,8.205688,nan,0.002317
154.828761,146.628712,8.200049,152.131073,143.933908,8.197165,nan,0.002448
153.136916,144.937954,8.198961,155.225612,147.021071,8.204541,nan,0.001783
155.184749,146.976861,8.207888,154.509283,146.300098,8.209184,nan,0.002490
155.559543,147.353370,8.206173,158.140631,149.932579,8.208051,nan,0.001988
156.953243,148.739751,8.213492,157.557436,149.346439,8.210997,nan,0.001913
157.365567,149.153555,8.212011,159.124882,150.918961,8.205921,nan,0.003608
159.948749,151.737442,8.211306,157.462168,149.257847,8.204322,nan,0.002394
157.301202,149.090750,8.210452,156.281311,148.072566,8.208745,nan,0.001677
156.960693,148.746214,8.214479,157.796375,149.580916,8.215459,nan,0.001354
159.151718,150.936808,8.214910,160.352840,152.133341,8.219499,nan,0.002653
162.374078,154.156964,8.217114,164.555220,156.335591,8.219628,nan,0.000782
162.206291,153.988068,8.218222,161.834465,153.614744,8.219721,nan,0.001089
164.796638,156.575557,8.221081,165.511898,157.290291,8.221606,nan,0.002077
161.398673,153.176255,8.222418,161.476067,153.255060,8.221006,nan,0.001492
162.070911,153.846346,8.224564,163.996848,155.771876,8.224972,nan,0.001485
164.270802,156.043664,8.227138,164.346787,156.124389,8.222398,nan,0.000986
162.665597,154.439226,8.226370,165.741333,157.512703,8.228630,nan,0.001815
162.270104,154.038774,8.231330,161.672297,153.439734,8.232563,nan,0.001425
163.768897,155.534336,8.234561,162.848093,154.621581,8.226512,nan,0.001249
164.042658,155.809922,8.232736,165.727815,157.498365,8.229451,nan,0.001356
165.773448,157.540368,8.233081,168.459281,160.225333,8.233947,nan,0.001484
165.325501,157.089407,8.236093,165.412350,157.179175,8.233175,nan,0.001168
166.171061,157.934665,8.236396,170.785544,162.548275,8.237270,nan,0.001899
170.134355,161.896382,8.237973,173.330954,165.095363,8.235591,nan,0.000606
172.054797,163.812845,8.241952,175.358212,167.115657,8.242555,nan,0.001511
173.954007,165.711804,8.242203,173.764878,165.522875,8.242003,nan,0.000873
176.933580,168.688302,8.245279,177.202406,168.955814,8.246593,nan,0.000555
178.402521,170.155164,8.247357,181.622992,173.374371,8.248621,nan,0.001486
179.292240,171.045833,8.246407,181.195258,172.947443,8.247816,nan,0.000696
179.045932,170.794127,8.251805,181.124278,172.867878,8.256400,nan,0.000660
180.501104,172.245809,8.255295,179.214439,170.962576,8.251863,nan,0.001165
179.057730,170.804383,8.253347,177.777211,169.524287,8.252925,nan,0.000664
179.272091,171.015902,8.256189,182.733547,174.474657,8.258891,nan,0.000644
180.276674,172.018568,8.258107,179.037981,170.779457,8.258525,nan,0.001767
178.728507,170.471706,8.256801,177.458346,169.203655,8.254691,nan,0.000466
178.083953,169.827834,8.256119,179.563027,171.306541,8.256487,nan,0.000788
178.909551,170.651871,8.257680,180.911326,172.656224,8.255102,nan,0.000811
184.168753,175.907666,8.261087,184.326977,176.063304,8.263673,nan,0.000193
185.069357,176.805122,8.264235,182.520868,174.259821,8.261047,nan,0.001483
185.978847,177.710899,8.267948,184.544963,176.282589,8.262373,nan,0.001897
187.778564,179.510433,8.268131,189.451149,181.184178,8.266971,nan,0.000294
189.260152,180.991903,8.268249,187.321068,179.054697,8.266371,nan,0.000484
189.196429,180.926120,8.270308,188.225037,179.955211,8.269826,nan,0.001195
191.818452,183.546415,8.272037,192.006522,183.730800,8.275723,nan,0.000931
194.397967,186.122023,8.275943,197.687708,189.408216,8.279491,nan,0.000152
194.705426,186.428167,8.277259,192.602605,184.327975,8.274630,nan,0.000561
194.810426,186.533014,8.277411,193.221713,184.952620,8.269092,nan,0.000532
195.226535,186.952807,8.273728,194.679117,186.406695,8.272422,nan,0.000034
196.862665,188.585712,8.276953,197.810300,189.531663,8.278638,nan,0.000298
199.241698,190.960627,8.281070,200.553672,192.270433,8.283240,nan,0.000528
201.745246,193.461176,8.284070,201.193212,192.911698,8.281514,nan,0.000432
201.800396,193.515478,8.284918,201.216251,192.933167,8.283085,nan,0.000133
202.059133,193.771910,8.287224,201.299626,193.017005,8.282620,nan,0.000196
202.530043,194.244751,8.285292,203.442418,195.159750,8.282669,nan,0.000341
204.379027,196.091147,8.287880,200.475763,192.193867,8.281896,nan,0.000110
203.650468,195.359951,8.290517,203.455656,195.163134,8.292522,nan,0.000173
205.686237,197.386440,8.299796,207.007607,198.698346,8.309261,nan,0.000043
207.264797,198.955124,8.309674,207.119922,198.807924,8.311998,nan,0.000000
206.095735,197.793010,8.302725,203.990399,195.695413,8.294986,nan,0.000374
205.738384,197.439992,8.298393,206.231765,197.927431,8.304335,nan,0.000287
207.459484,199.150742,8.308742,205.919704,197.613595,8.306110,nan,0.000344
205.518957,197.214545,8.304412,203.767672,195.467145,8.300527,nan,0.000057
204.512133,196.210442,8.301690,203.081970,194.780109,8.301860,nan,0.000217
203.855377,195.552386,8.302991,201.758932,193.458990,8.299943,nan,0.000028
203.310784,195.009070,8.301713,202.808149,194.505102,8.303047,nan,0.000471
203.547029,195.242579,8.304450,202.687953,194.382298,8.305655,nan,0.000075
203.760826,195.456167,8.304659,202.062186,193.756464,8.305722,nan,0.000077
203.922037,195.616229,8.305808,201.818577,193.519434,8.299143,nan,0.000000
203.395670,195.093759,8.301911,202.934684,194.633087,8.301596,nan,0.000106
204.009961,195.706839,8.303122,202.953497,194.649451,8.304047,nan,0.000004
204.280257,195.975586,8.304671,203.539842,195.234769,8.305072,nan,0.000227
204.737163,196.429582,8.307581,203.943622,195.636337,8.307285,nan,0.000029
204.814551,196.505834,8.308718,202.849869,194.542343,8.307527,nan,0.000085
204.830223,196.520900,8.309324,204.685819,196.374832,8.310987,nan,0.000006
205.256636,196.945018,8.311619,204.764021,196.449993,8.314028,nan,0.000020
205.252633,196.939373,8.313260,204.017922,195.705967,8.311955,nan,0.000009
203.094844,194.785976,8.308868,203.723055,195.411676,8.311380,nan,0.000130
204.626332,196.314206,8.312127,203.033738,194.723410,8.310327,nan,0.000070
204.396752,196.084592,8.312161,204.542478,196.228714,8.313765,nan,0.000000
205.203901,196.891032,8.312869,204.731441,196.418784,8.312657,nan,0.000000
204.794424,196.482530,8.311894,204.198750,195.886158,8.312593,nan,0.000210
205.134959,196.820825,8.314134,204.057117,195.743693,8.313424,nan,0.000027
205.949569,197.636726,8.312843,205.171793,196.857439,8.314355,nan,0.000080
205.188423,196.874653,8.313771,204.538308,196.223540,8.314770,nan,0.000000
205.481794,197.165414,8.316381,204.886031,196.569153,8.316878,nan,0.000007
205.610683,197.293584,8.317100,204.974420,196.657341,8.317080,nan,0.000000
205.657704,197.340430,8.317275,205.031080,196.713596,8.317485,nan,0.000000
206.105279,197.788191,8.317090,205.908954,197.592019,8.316936,nan,0.000000
206.541994,198.224874,8.317121,205.793485,197.476307,8.317179,nan,0.000000
206.692625,198.375488,8.317138,206.077456,197.760544,8.316914,nan,0.000000
207.588128,199.270992,8.317137,206.353199,198.035891,8.317309,nan,0.000000
207.801302,199.484107,8.317195,208.706948,200.390162,8.316787,nan,0.000066
209.256048,200.938938,8.317111,208.404970,200.088001,8.316970,nan,0.000000
208.761674,200.444712,8.316963,207.408732,199.091748,8.316985,nan,0.000000
208.763255,200.446193,8.317063,206.894812,198.577618,8.317195,nan,0.000099
208.204918,199.887659,8.317261,206.873798,198.556331,8.317468,nan,0.000001
208.116293,199.799120,8.317175,208.235265,199.918032,8.317234,nan,0.000000
209.864721,201.547367,8.317355,209.287389,200.970128,8.317263,nan,0.000000
208.866701,200.549343,8.317360,207.379337,199.062158,8.317180,nan,0.000000
208.544611,200.227287,8.317326,206.539305,198.222192,8.317115,nan,0.000000
207.634980,199.317895,8.317086,206.668584,198.351366,8.317220,nan,0.000000
208.472324,200.155104,8.317222,208.437191,200.119877,8.317314,nan,0.000000
209.693356,201.376149,8.317208,209.171246,200.854005,8.317242,nan,0.000000
210.343646,202.026270,8.317378,209.554649,201.237122,8.317529,nan,0.000000
210.763068,202.445603,8.317467,209.658744,201.341079,8.317666,nan,0.000000
210.621492,202.303948,8.317546,210.142358,201.824832,8.317528,nan,0.000000
210.454253,202.136700,8.317555,209.751845,201.434483,8.317364,nan,0.000000
209.953484,201.636008,8.317478,209.749081,201.431521,8.317561,nan,0.000000
210.632844,202.315293,8.317553,210.526230,202.208644,8.317587,nan,0.000000
210.605920,202.288308,8.317613,209.889420,201.571876,8.317545,nan,0.000000
208.057245,199.740086,8.317161,206.277810,197.960878,8.316933,nan,0.000000
207.088892,198.771825,8.317068,207.331606,199.014363,8.317246,nan,0.000000
208.009916,199.692615,8.317303,206.996588,198.679841,8.316748,nan,0.000002
208.293935,199.976619,8.317318,208.974621,200.657237,8.317385,nan,0.000000
209.564735,201.247237,8.317499,209.735087,201.417449,8.317640,nan,0.000000
210.407488,202.089861,8.317629,210.425939,202.108219,8.317721,nan,0.000000
211.260548,202.943033,8.317518,211.066420,202.748877,8.317544,nan,0.000000
211.241246,202.923729,8.317519,210.261689,201.944155,8.317535,nan,0.000000
210.369529,202.052027,8.317504,209.847397,201.529844,8.317555,nan,0.000000
210.706922,202.389335,8.317588,211.933168,203.615522,8.317648,nan,0.000000
212.128975,203.811392,8.317585,214.107972,205.790229,8.317744,nan,0.000000
213.911953,205.594337,8.317619,211.600436,203.282781,8.317657,nan,0.000000
212.345462,204.027877,8.317587,211.561491,203.243938,8.317554,nan,0.000000
212.095595,203.778075,8.317521,212.162968,203.845412,8.317557,nan,0.000000
211.728638,203.411132,8.317508,210.690860,202.373139,8.317722,nan,0.000000
211.211520,202.893952,8.317570,210.432545,202.114908,8.317638,nan,0.000000
211.940137,203.622579,8.317560,212.496636,204.179082,8.317556,nan,0.000000
212.914767,204.597148,8.317620,212.981978,204.664291,8.317689,nan,0.000000
213.698126,205.380477,8.317650,213.758242,205.440608,8.317636,nan,0.000000
213.284043,204.966422,8.317623,213.568525,205.250884,8.317642,nan,0.000000
213.524933,205.207349,8.317586,213.317011,204.999294,8.317719,nan,0.000000
213.944736,205.627091,8.317647,213.632348,205.314658,8.317692,nan,0.000000
