204.766379,197.503752,7.262628,176.634884,165.748998,10.885885,2.633428,0.013267
163.072081,147.906672,15.165408,153.486816,135.986232,17.500584,2.366823,0.023021
149.226712,130.180929,19.045782,144.171063,123.952731,20.218333,2.381167,0.026794
141.678495,120.477777,21.200719,137.994924,115.824530,22.170394,2.517107,0.030245
136.464450,113.956000,22.508450,133.541457,110.446424,23.095033,2.694792,0.030280
132.869823,109.618066,23.251757,130.584131,107.255688,23.328442,2.566187,0.034206
130.431217,106.748098,23.683119,128.970673,105.086582,23.884092,2.786456,0.031281
128.633236,104.683793,23.949442,127.115832,102.979562,24.136270,2.706263,0.030335
127.191060,103.039947,24.151113,126.344047,102.148392,24.195656,2.674919,0.033258
126.014686,101.746332,24.268354,125.311585,100.908182,24.403404,2.860561,0.033172
125.091047,100.692642,24.398405,124.732135,100.363826,24.368309,2.697361,0.035272
124.137834,99.681976,24.455858,123.325345,98.948471,24.376874,2.945887,0.030757
123.373935,98.882391,24.491544,123.361673,98.897969,24.463703,2.846685,0.036307
122.747469,98.240215,24.507254,122.621197,98.035912,24.585285,2.804248,0.036722
122.228418,97.684622,24.543796,121.842780,97.344055,24.498725,3.038033,0.035572
121.687609,97.068633,24.618976,121.582273,96.928226,24.654047,3.003971,0.034343
121.190788,96.570858,24.619930,121.466179,96.841927,24.624252,2.880827,0.034379
120.807429,96.149081,24.658348,121.141571,96.552965,24.588605,3.009039,0.033021
120.493756,95.816500,24.677256,120.677780,96.012640,24.665140,2.821514,0.037063
120.200452,95.539411,24.661041,120.518739,95.830678,24.688062,3.003628,0.034522
119.730779,95.053081,24.677698,120.582365,95.856371,24.725995,3.071444,0.034573
119.512515,94.785695,24.726819,120.098227,95.493602,24.604625,2.873234,0.037402
119.261014,94.537616,24.723398,119.714404,95.103925,24.610479,3.062305,0.034253
118.966457,94.243081,24.723376,119.869340,95.268309,24.601030,2.929468,0.039203
118.770293,94.053501,24.716792,119.551589,94.881627,24.669962,2.887177,0.035565
118.533333,93.796962,24.736371,119.307028,94.707186,24.599843,3.000783,0.040946
118.237760,93.485348,24.752412,119.010917,94.285345,24.725571,3.101410,0.037723
118.042913,93.258627,24.784286,118.969554,94.288091,24.681463,2.942479,0.036545
117.942168,93.173038,24.769131,118.973395,94.341415,24.631980,2.995925,0.033634
117.655678,92.916756,24.738923,118.526317,93.891193,24.635124,3.082340,0.034569
117.508072,92.703695,24.804377,118.494155,93.742602,24.751552,3.060939,0.039028
117.377637,92.612333,24.765304,118.460748,93.853375,24.607373,3.000038,0.036161
117.240787,92.472304,24.768484,118.200963,93.479208,24.721755,3.089193,0.034310
116.948844,92.184341,24.764503,118.320714,93.773905,24.546809,2.995430,0.037868
116.916784,92.109015,24.807769,118.025846,93.285576,24.740270,2.904782,0.037504
116.715778,91.954114,24.761664,118.181707,93.511686,24.670021,2.881559,0.039387
116.616379,91.846776,24.769603,117.978944,93.405914,24.573030,3.049127,0.037685
116.498181,91.693062,24.805119,117.726264,93.088317,24.637946,3.073483,0.035133
116.313329,91.539418,24.773911,118.033954,93.403809,24.630145,3.168059,0.035234
116.197983,91.402493,24.795491,117.972944,93.346469,24.626474,3.002367,0.037487
116.063210,91.289018,24.774193,117.660390,92.960713,24.699677,3.171287,0.037955
115.979164,91.211109,24.768055,117.659762,92.969112,24.690650,3.080863,0.039043
115.884165,91.104322,24.779843,117.523659,92.878596,24.645063,3.101423,0.033888
115.737750,90.969848,24.767901,117.433028,92.820734,24.612294,3.310099,0.033571
115.593587,90.822854,24.770733,117.272144,92.694203,24.577941,3.168672,0.038372
115.517667,90.789074,24.728593,117.499136,92.884597,24.614539,2.968997,0.033754
115.419696,90.623621,24.796074,117.233038,92.630122,24.602916,3.151775,0.034917
115.384457,90.604121,24.780336,117.078471,92.403545,24.674926,3.058290,0.035140
115.244367,90.428638,24.815729,116.916475,92.290935,24.625540,3.215598,0.034886
115.104151,90.337451,24.766699,116.934621,92.481271,24.453350,3.116276,0.036097
115.081554,90.302282,24.779272,117.121840,92.585742,24.536099,3.124660,0.036574
114.956611,90.226988,24.729623,116.851664,92.216408,24.635256,3.202609,0.035244
114.904559,90.169044,24.735514,116.786360,92.184841,24.601519,3.064214,0.035982
114.858855,90.097695,24.761160,116.986096,92.349324,24.636772,2.718871,0.042955
114.690478,89.905170,24.785308,116.674118,91.851759,24.822359,3.119106,0.033203
114.624611,89.858883,24.765728,117.174479,92.448879,24.725600,3.012000,0.036627
114.582069,89.819157,24.762911,117.076643,92.494546,24.582097,3.080364,0.038599
114.494444,89.739949,24.754495,116.602688,92.025283,24.577406,3.423686,0.034890
114.365614,89.639635,24.725980,116.779549,92.264662,24.514887,3.042873,0.039783
114.381268,89.616516,24.764753,116.438512,91.799933,24.638580,3.118129,0.034355
114.280988,89.543043,24.737945,116.653981,92.110014,24.543967,3.222809,0.036362
114.136007,89.395430,24.740578,116.650849,91.929813,24.721036,3.030171,0.037163
114.184293,89.436478,24.747815,116.507261,91.913141,24.594121,3.208909,0.035345
114.073284,89.331869,24.741415,116.402262,91.716955,24.685307,3.029129,0.038642
114.016762,89.261019,24.755743,116.604006,91.945296,24.658709,3.023438,0.039969
113.915813,89.190885,24.724929,116.432661,91.801762,24.630899,3.114939,0.037756
113.816765,89.069452,24.747313,116.172309,91.570022,24.602287,3.166150,0.035233
113.763340,89.028972,24.734368,116.146450,91.466436,24.680014,3.021165,0.041441
113.757490,89.031553,24.725937,116.100365,91.563669,24.536696,3.462368,0.033188
113.611166,88.890684,24.720483,116.347497,91.743226,24.604271,3.112813,0.038263
113.644332,88.912861,24.731471,116.200940,91.519956,24.680985,3.094180,0.037815
113.592709,88.856151,24.736559,116.280431,91.761680,24.518750,3.242528,0.037206
113.563625,88.863635,24.699990,115.906756,91.337499,24.569257,3.098476,0.036900
113.496322,88.823409,24.672913,116.215318,91.678870,24.536449,3.198965,0.036053
113.414611,88.741425,24.673186,115.927797,91.352486,24.575311,3.227534,0.037387
113.361451,88.654550,24.706902,116.017348,91.479216,24.538132,3.282798,0.032875
113.357825,88.622832,24.734993,115.765537,91.334685,24.430851,3.244636,0.038952
113.260058,88.545481,24.714576,115.906432,91.325322,24.581111,3.143770,0.033695
113.132858,88.431463,24.701395,116.018569,91.441109,24.577459,3.303130,0.032663
113.165137,88.450909,24.714228,115.805705,91.235609,24.570096,3.014018,0.040921
113.122800,88.461405,24.661394,115.807676,91.320578,24.487098,3.298562,0.035772
113.011851,88.341843,24.670008,115.692983,91.248432,24.444551,2.901359,0.044368
112.979743,88.282238,24.697505,115.813760,91.321106,24.492655,3.123735,0.036597
112.998544,88.305298,24.693246,115.694923,91.098247,24.596676,3.182186,0.036762
112.950070,88.220672,24.729398,115.650211,91.026747,24.623463,3.156160,0.040247
112.869016,88.133876,24.735141,116.155188,91.684113,24.471076,3.137096,0.037491
112.793429,88.118709,24.674720,115.620492,91.074078,24.546414,3.300284,0.034341
112.822589,88.119883,24.702706,116.005650,91.392791,24.612860,3.221653,0.034628
112.747763,88.066996,24.680767,115.506294,91.048898,24.457397,3.258475,0.034526
112.651696,87.947353,24.704342,115.546905,91.046248,24.500656,3.238483,0.035738
112.614893,87.924522,24.690372,115.487960,91.038888,24.449072,3.255540,0.036961
112.612228,87.916227,24.696001,115.420711,90.871362,24.549349,3.255999,0.035096
112.536095,87.855592,24.680503,115.432289,90.939467,24.492822,3.450386,0.037687
112.507092,87.811561,24.695531,115.552274,91.106484,24.445791,3.288118,0.040979
112.477486,87.829298,24.648188,115.421591,90.924227,24.497363,3.148794,0.036702
112.411696,87.750270,24.661426,115.232661,90.726419,24.506242,3.374971,0.031555
112.455653,87.776445,24.679208,115.405293,90.894303,24.510990,3.067225,0.035648
112.381865,87.690779,24.691086,115.374228,90.853447,24.520781,3.231216,0.035206
112.298147,87.613430,24.684717,115.217556,90.772975,24.444581,3.361444,0.035182
112.282400,87.635445,24.646955,115.263087,90.738796,24.524291,3.076329,0.038727
112.217215,87.584834,24.632381,115.209566,90.809009,24.400557,3.186655,0.035440
112.172167,87.513895,24.658273,115.236690,90.774076,24.462615,3.183065,0.036241
112.124707,87.441819,24.682888,115.443791,90.962254,24.481538,3.147396,0.039145
112.124749,87.466282,24.658467,115.425810,90.896627,24.529183,3.270726,0.038063
112.102248,87.451902,24.650345,115.220667,90.689887,24.530779,3.061416,0.035519
112.045912,87.386631,24.659281,115.183369,90.779617,24.403752,3.128242,0.035796
111.987017,87.325463,24.661553,115.133642,90.651849,24.481793,3.325397,0.032998
111.975550,87.302535,24.673014,115.195600,90.698892,24.496708,3.012328,0.036761
111.944625,87.289236,24.655389,115.132913,90.670394,24.462519,3.070782,0.036574
111.848581,87.204722,24.643860,115.154515,90.689259,24.465256,3.152919,0.038613
111.900836,87.229790,24.671045,115.233494,90.707665,24.525829,3.244334,0.034345
111.838986,87.227948,24.611038,115.174574,90.772195,24.402379,3.002353,0.037841
111.903337,87.267131,24.636206,114.880799,90.373841,24.506958,3.364454,0.035887
111.767264,87.121050,24.646214,114.940313,90.512451,24.427862,3.169145,0.035871
111.729303,87.136937,24.592367,115.016003,90.517852,24.498151,3.114847,0.037300
111.729598,87.120290,24.609308,114.874329,90.421022,24.453307,3.433486,0.033214
111.666047,87.053152,24.612896,115.026118,90.517937,24.508181,3.151050,0.035181
111.692447,87.040315,24.652131,114.856849,90.356922,24.499926,3.218735,0.035659
111.660312,87.042665,24.617648,114.830791,90.329248,24.501544,3.320010,0.038271
111.587871,86.989496,24.598375,114.842087,90.417206,24.424881,3.135240,0.037689
111.501679,86.872935,24.628745,115.015228,90.506442,24.508786,3.207274,0.038342
111.543706,86.976998,24.566708,114.855116,90.427659,24.427458,3.106590,0.037955
111.494374,86.900462,24.593911,114.813122,90.472055,24.341066,3.138972,0.036669
111.449359,86.836695,24.612664,114.681283,90.299502,24.381781,3.171170,0.037614
111.462702,86.876158,24.586544,114.750452,90.338366,24.412086,3.196547,0.036348
111.453308,86.861644,24.591665,114.514559,90.113896,24.400663,3.327328,0.032917
111.437393,86.878496,24.558897,114.949560,90.446093,24.503466,3.156596,0.036327
111.307267,86.744678,24.562589,114.697850,90.272810,24.425041,3.465833,0.035147
111.376713,86.813333,24.563380,114.603769,90.073632,24.530137,3.198076,0.035911
111.356426,86.770782,24.585644,114.731779,90.305069,24.426710,3.311531,0.034801
111.254805,86.677613,24.577192,114.563620,90.241790,24.321830,3.362119,0.032818
111.222516,86.687490,24.535026,114.607011,90.164426,24.442585,3.113985,0.037376
111.183466,86.595992,24.587474,114.578872,90.221546,24.357325,3.150918,0.035914
111.223765,86.675123,24.548642,114.709907,90.396944,24.312963,3.156403,0.035679
111.142108,86.572647,24.569461,114.548720,90.124711,24.424010,3.397600,0.032497
111.084973,86.539937,24.545035,114.609331,90.225092,24.384239,3.100049,0.037916
111.164937,86.604174,24.560763,114.649496,90.265759,24.383737,3.139538,0.037945
111.101884,86.521786,24.580099,114.691546,90.224137,24.467409,3.320976,0.037785
110.957959,86.398561,24.559398,114.437455,90.046717,24.390739,2.941081,0.040972
111.068163,86.514686,24.553477,114.702025,90.357483,24.344542,3.024868,0.039157
111.051849,86.490047,24.561802,114.692630,90.269621,24.423009,2.910795,0.040868
110.982297,86.406524,24.575773,114.422135,90.011005,24.411130,3.003725,0.038942
110.929498,86.404332,24.525166,114.494742,90.006006,24.488737,3.153960,0.040724
110.930186,86.377501,24.552686,114.448868,90.010930,24.437937,3.289544,0.034585
110.878488,86.328495,24.549993,114.527568,90.273588,24.253980,3.119103,0.038852
110.849376,86.307981,24.541395,114.589715,90.352284,24.237432,3.233821,0.035143
110.886841,86.381615,24.505226,114.306836,89.964966,24.341869,3.363685,0.032206
110.796135,86.296020,24.500115,114.458234,90.144183,24.314051,3.130519,0.036949
110.816780,86.279628,24.537152,114.421578,89.998744,24.422834,3.153235,0.035856
110.719359,86.166700,24.552658,114.662036,90.406318,24.255718,3.259133,0.037282
110.727896,86.242950,24.484945,114.332442,89.930844,24.401598,3.050470,0.038382
110.707730,86.231646,24.476084,114.524104,90.224310,24.299793,3.399477,0.033262
110.706604,86.206612,24.499992,114.603773,90.221057,24.382715,3.046844,0.038534
110.651195,86.135286,24.515909,114.362967,89.978459,24.384508,3.152861,0.036505
110.606087,86.105265,24.500823,114.620702,90.195412,24.425290,3.090464,0.036015
110.674010,86.171833,24.502177,114.341772,90.010708,24.331064,3.297336,0.033640
110.619334,86.085599,24.533735,114.420115,90.062516,24.357598,3.076166,0.039024
110.515526,86.022547,24.492979,114.263757,89.917293,24.346464,3.030202,0.039958
110.557825,86.082244,24.475581,114.495700,90.242556,24.253144,3.182281,0.035607
110.473121,86.020906,24.452214,114.175920,89.860006,24.315913,3.187661,0.037781
