214.095026,210.868649,3.226377,190.831837,184.856586,5.975252,8.616689,0.006968
186.951411,180.329132,6.622279,180.527052,173.548792,6.978260,9.979215,0.008023
176.131189,168.942500,7.188689,172.156881,164.879955,7.276925,13.284580,0.008839
168.963672,161.598107,7.365565,166.881019,159.359368,7.521651,20.321398,0.008576
163.563964,156.017243,7.546721,161.566377,153.930200,7.636177,9.129023,0.010403
160.439359,152.785715,7.653644,158.065406,150.353278,7.712129,15.642688,0.008246
159.088051,151.359204,7.728847,157.091018,149.355425,7.735594,nan,0.007757
157.440933,149.664135,7.776798,158.216566,150.407402,7.809164,nan,0.007769
156.421380,148.606587,7.814793,154.612295,146.804260,7.808035,13.766571,0.007013
154.496358,146.654701,7.841657,152.732832,144.879803,7.853029,21.424809,0.007850
154.471112,146.585992,7.885119,154.083922,146.201444,7.882479,11.332779,0.009324
153.872495,145.959414,7.913081,152.104131,144.191598,7.912533,12.480901,0.007030
152.751907,144.819927,7.931980,151.404875,143.467860,7.937016,nan,0.009341
151.917553,143.955231,7.962322,152.061748,144.080926,7.980822,25.434772,0.007514
152.267632,144.291084,7.976548,153.787696,145.795889,7.991808,nan,0.007555
152.243047,144.265357,7.977690,151.633542,143.638741,7.994800,nan,0.006814
151.189641,143.196002,7.993638,151.690857,143.685052,8.005806,nan,0.008836
151.273079,143.271213,8.001866,149.045151,141.050296,7.994855,11.930158,0.007792
150.408973,142.397648,8.011325,150.367256,142.356983,8.010273,24.337568,0.004425
150.999816,142.972966,8.026849,152.305760,144.265700,8.040060,49.521435,0.005236
151.271437,143.240591,8.030847,149.774571,141.756227,8.018344,19.976900,0.005047
149.292420,141.259764,8.032657,149.721631,141.683969,8.037662,16.502575,0.004615
149.679831,141.635677,8.044154,149.978033,141.935068,8.042965,nan,0.006093
150.411304,142.357160,8.054145,149.185847,141.140912,8.044935,nan,0.004315
148.938874,140.889273,8.049601,148.569798,140.512495,8.057304,nan,0.005519
148.645651,140.588542,8.057109,147.094650,139.053615,8.041035,22.795633,0.003981
147.938388,139.882090,8.056298,148.069841,140.016086,8.053756,59.921467,0.006752
148.819159,140.755018,8.064141,148.715358,140.651387,8.063971,nan,0.003923
148.813592,140.739226,8.074366,148.266513,140.184731,8.081783,nan,0.005058
148.416827,140.344043,8.072785,146.654904,138.581183,8.073721,nan,0.004902
147.043266,138.968360,8.074906,146.924894,138.844604,8.080289,nan,0.005091
147.417757,139.342479,8.075278,147.181399,139.110548,8.070851,nan,0.004242
147.560297,139.473662,8.086635,147.046976,138.961842,8.085133,nan,0.004641
147.507728,139.417004,8.090724,147.312838,139.223378,8.089460,nan,0.005644
147.470539,139.379173,8.091366,148.067092,139.967985,8.099107,nan,0.003747
146.762630,138.666944,8.095686,147.374402,139.280826,8.093577,nan,0.004368
147.019978,138.922001,8.097977,147.541908,139.436202,8.105706,nan,0.003750
148.214218,140.103414,8.110804,148.193810,140.089054,8.104756,nan,0.004942
147.851571,139.744600,8.106971,146.599130,138.510221,8.088909,nan,0.003713
146.857976,138.754959,8.103017,146.200886,138.099581,8.101305,23.034981,0.005377
146.455184,138.344761,8.110423,146.053641,137.950641,8.102999,nan,0.005831
146.130300,138.022575,8.107725,147.644914,139.529524,8.115390,nan,0.004138
146.846338,138.729405,8.116933,146.752298,138.635266,8.117034,nan,0.003904
146.968215,138.849159,8.119055,148.102651,139.978883,8.123768,nan,0.003762
147.351369,139.228098,8.123272,147.111439,138.993980,8.117459,nan,0.005143
146.980201,138.853830,8.126371,146.850450,138.733403,8.117047,nan,0.005154
147.072808,138.945843,8.126964,147.898736,139.774953,8.123783,nan,0.005617
147.537313,139.410023,8.127290,146.905448,138.782748,8.122701,nan,0.004116
147.524409,139.391144,8.133265,147.474882,139.342316,8.132566,nan,0.004027
146.028887,137.899603,8.129284,147.816476,139.680168,8.136308,nan,0.003595
147.014252,138.877340,8.136913,147.132751,138.996158,8.136593,nan,0.005291
145.881721,137.750366,8.131355,146.766457,138.629235,8.137222,nan,0.004652
145.648050,137.507976,8.140074,148.440152,140.293764,8.146388,nan,0.003759
146.131153,137.993420,8.137732,144.765519,136.640491,8.125028,nan,0.003903
145.779205,137.634188,8.145017,146.211172,138.071738,8.139433,nan,0.005371
146.491329,138.344603,8.146727,146.295712,138.149390,8.146323,nan,0.003550
147.129064,138.981904,8.147161,149.471565,141.324071,8.147494,nan,0.002669
146.567649,138.417914,8.149736,146.191124,138.045678,8.145446,nan,0.003006
146.259106,138.111527,8.147578,147.299512,139.150700,8.148812,nan,0.004778
147.114617,138.962797,8.151819,146.500985,138.357082,8.143902,nan,0.002983
147.053004,138.903552,8.149453,146.830039,138.682444,8.147595,nan,0.004262
147.156673,139.002853,8.153820,145.758284,137.614941,8.143342,nan,0.004366
146.382053,138.230127,8.151926,144.968913,136.831260,8.137654,nan,0.003560
146.353717,138.195097,8.158619,146.857589,138.698737,8.158852,nan,0.002437
146.304237,138.142167,8.162071,146.279111,138.114174,8.164937,nan,0.002228
146.119850,137.956255,8.163595,147.791711,139.629388,8.162322,nan,0.002942
146.778614,138.615365,8.163248,147.789844,139.631227,8.158617,nan,0.004033
146.588208,138.428690,8.159519,146.208061,138.061657,8.146404,nan,0.004040
144.750758,136.599942,8.150815,145.631542,137.489523,8.142019,nan,0.003776
145.136371,136.981416,8.154955,145.755428,137.604564,8.150863,nan,0.004378
144.900916,136.743361,8.157554,146.300390,138.144119,8.156271,nan,0.003675
144.957551,136.796882,8.160669,145.704863,137.547084,8.157779,nan,0.003080
144.703979,136.545209,8.158770,144.927397,136.774938,8.152459,nan,0.003487
143.961076,135.802381,8.158695,143.962917,135.809989,8.152927,nan,0.004191
143.935466,135.779393,8.156073,145.561578,137.412081,8.149496,nan,0.002486
144.771419,136.614866,8.156553,143.504586,135.361708,8.142878,nan,0.004234
143.996056,135.837620,8.158435,144.891103,136.743415,8.147689,nan,0.002763
144.280181,136.120203,8.159978,144.797233,136.642849,8.154384,nan,0.005163
144.265997,136.107082,8.158916,145.061840,136.905722,8.156118,nan,0.002239
143.955216,135.792634,8.162582,143.467195,135.319983,8.147212,nan,0.003995
144.024848,135.858870,8.165978,144.766969,136.608075,8.158893,nan,0.004448
144.034235,135.867763,8.166472,144.408695,136.248801,8.159895,nan,0.004053
144.648792,136.478027,8.170765,143.976399,135.824385,8.152015,nan,0.004894
144.160902,135.995125,8.165777,144.738241,136.577186,8.161056,nan,0.004101
144.105842,135.935867,8.169975,144.226573,136.066286,8.160287,nan,0.003068
144.275436,136.103817,8.171619,144.369275,136.208429,8.160847,nan,0.005067
143.619645,135.449358,8.170288,144.523006,136.357106,8.165900,nan,0.002614
144.273056,136.097431,8.175625,143.688801,135.525994,8.162806,nan,0.002767
145.032036,136.853485,8.178551,145.156311,136.981259,8.175051,nan,0.003490
144.205612,136.029510,8.176101,144.414877,136.239965,8.174912,nan,0.003100
144.475027,136.297467,8.177560,144.374374,136.204834,8.169540,nan,0.002712
144.761258,136.585315,8.175943,144.912572,136.742399,8.170173,nan,0.002120
144.404081,136.225377,8.178705,144.515425,136.337440,8.177985,nan,0.003439
143.957806,135.775840,8.181965,144.134141,135.959606,8.174535,nan,0.002763
144.416308,136.234040,8.182268,144.285793,136.115898,8.169895,nan,0.003454
144.608893,136.425554,8.183340,144.572362,136.394817,8.177545,nan,0.004058
143.862540,135.678189,8.184351,143.480363,135.305404,8.174959,nan,0.002658
144.437738,136.253139,8.184599,145.115990,136.939583,8.176408,nan,0.002810
144.646431,136.462085,8.184346,145.759451,137.571651,8.187801,nan,0.001969
144.591186,136.407030,8.184155,146.181038,137.999210,8.181828,nan,0.003866
144.585797,136.401374,8.184423,145.578243,137.396089,8.182153,nan,0.004232
144.560756,136.377138,8.183619,144.240582,136.066180,8.174402,nan,0.003156
144.574555,136.391166,8.183389,146.060876,137.881237,8.179638,nan,0.002839
145.660629,137.474354,8.186275,145.630351,137.451881,8.178470,nan,0.003904
145.567197,137.383738,8.183460,145.930450,137.755834,8.174616,nan,0.003198
145.029115,136.842738,8.186376,144.893541,136.713607,8.179934,nan,0.002940
144.623484,136.435672,8.187812,145.492540,137.309395,8.183144,nan,0.003772
144.375574,136.187289,8.188285,144.659054,136.473138,8.185916,nan,0.001956
144.627215,136.437546,8.189668,144.638743,136.457192,8.181552,nan,0.003346
145.168573,136.975639,8.192933,145.923231,137.734781,8.188450,nan,0.002675
144.575087,136.386085,8.189002,145.107759,136.920792,8.186967,nan,0.003212
144.204547,136.012643,8.191904,143.849373,135.660001,8.189373,nan,0.002639
144.977464,136.782595,8.194869,145.806193,137.616318,8.189874,nan,0.003360
144.425882,136.230945,8.194937,144.352253,136.164144,8.188109,nan,0.003780
145.048509,136.856703,8.191806,145.323626,137.134948,8.188678,nan,0.003023
145.178080,136.981826,8.196254,147.177292,138.987186,8.190106,nan,0.003833
144.115004,135.923251,8.191753,143.748562,135.562374,8.186189,nan,0.003289
144.262826,136.069667,8.193159,145.055863,136.871532,8.184332,nan,0.003133
144.549311,136.360194,8.189117,144.112063,135.930312,8.181750,nan,0.002721
143.822010,135.629999,8.192011,143.442831,135.258280,8.184550,nan,0.003797
143.058230,134.866568,8.191662,145.034071,136.843878,8.190194,nan,0.002714
143.631332,135.437645,8.193687,144.043777,135.854745,8.189032,nan,0.002615
144.589647,136.395486,8.194161,145.085868,136.898217,8.187651,nan,0.002719
144.991290,136.797834,8.193456,145.408586,137.223525,8.185060,nan,0.002394
144.526709,136.331709,8.195000,145.670933,137.482693,8.188240,nan,0.003408
143.910070,135.716462,8.193609,144.460591,136.273601,8.186989,nan,0.003487
144.276287,136.079716,8.196571,144.280366,136.090087,8.190280,nan,0.003680
145.414270,137.217105,8.197166,147.528929,139.336268,8.192661,nan,0.004498
145.814400,137.617449,8.196951,145.327201,137.134702,8.192498,nan,0.003101
144.226444,136.030734,8.195711,144.409623,136.213071,8.196552,nan,0.003673
143.751054,135.553731,8.197322,145.543338,137.348377,8.194961,nan,0.003537
144.487650,136.287670,8.199980,144.183568,135.985764,8.197804,nan,0.003140
144.703347,136.506296,8.197050,144.706622,136.515794,8.190828,nan,0.003140
144.646093,136.446695,8.199398,144.846223,136.655798,8.190425,nan,0.001969
144.406824,136.209094,8.197730,145.515050,137.322097,8.192952,nan,0.003213
144.740911,136.540481,8.200429,146.436358,138.236998,8.199360,nan,0.003260
145.146755,136.945882,8.200873,145.975159,137.776664,8.198495,nan,0.002538
144.985555,136.786174,8.199381,144.438525,136.246138,8.192386,nan,0.003532
143.912601,135.711128,8.201473,144.098217,135.908411,8.189805,nan,0.001993
143.757023,135.559143,8.197879,144.166784,135.974757,8.192027,nan,0.003852
145.156643,136.955002,8.201641,145.688558,137.494755,8.193803,nan,0.002892
145.480156,137.277991,8.202165,146.784613,138.584412,8.200201,nan,0.001559
145.976311,137.772138,8.204173,146.697923,138.497369,8.200555,nan,0.002783
145.678103,137.473068,8.205035,147.522081,139.320416,8.201666,nan,0.003346
145.565943,137.364917,8.201026,145.876911,137.679489,8.197421,nan,0.003916
146.401490,138.197325,8.204165,145.519966,137.320907,8.199059,nan,0.003319
145.837898,137.631889,8.206010,145.804800,137.604722,8.200078,nan,0.003335
147.540268,139.336039,8.204228,145.742225,137.548624,8.193601,nan,0.004652
145.943997,137.739293,8.204704,146.640336,138.444529,8.195807,nan,0.002273
145.015001,136.814104,8.200896,145.498785,137.302028,8.196757,nan,0.003375
145.283899,137.082075,8.201824,145.927882,137.732377,8.195506,nan,0.002579
145.928692,137.726823,8.201869,146.157733,137.959153,8.198580,nan,0.002743
145.230780,137.026576,8.204204,145.275024,137.080222,8.194803,nan,0.003850
145.731509,137.529173,8.202336,145.121362,136.920885,8.200477,nan,0.001413
145.076853,136.876608,8.200245,145.602453,137.406919,8.195533,nan,0.002746
145.243658,137.044493,8.199165,146.082933,137.883362,8.199571,nan,0.003910
144.528961,136.326421,8.202540,144.183484,135.988854,8.194630,nan,0.004087
143.428883,135.229857,8.199026,143.749687,135.551913,8.197774,nan,0.003263
143.560976,135.359521,8.201455,143.939317,135.738540,8.200776,nan,0.001848
144.911465,136.703791,8.207674,145.937160,137.733670,8.203490,nan,0.003606
