205.594629,200.521132,5.073497,180.649737,171.911325,8.738412,2.832501,0.013976
166.617915,154.136755,12.481160,154.679971,139.462123,15.217848,2.545786,0.024055
150.525974,133.814188,16.711786,145.572942,127.813728,17.759214,2.650331,0.026951
142.844995,124.281372,18.563624,139.103707,119.477170,19.626537,2.627405,0.029589
136.719851,116.520818,20.199033,133.380553,112.443511,20.937041,2.921340,0.031182
132.702108,111.500566,21.201542,130.306294,108.621667,21.684626,2.737653,0.031908
130.200285,108.424359,21.775926,128.636971,106.618170,22.018801,2.712207,0.033452
128.170385,106.072611,22.097775,126.799840,104.513565,22.286275,2.815225,0.033697
126.687062,104.294177,22.392885,125.319946,102.960232,22.359715,2.788391,0.035337
125.345740,102.781124,22.564616,124.080630,101.528751,22.551879,3.040390,0.032806
124.332543,101.677435,22.655109,123.422853,100.604869,22.817984,3.047594,0.034498
123.417370,100.621844,22.795526,122.405605,99.571204,22.834401,2.997481,0.034546
122.700353,99.827620,22.872734,122.387693,99.440988,22.946704,2.933708,0.037949
121.923606,99.012314,22.911292,121.226866,98.273882,22.952984,2.917112,0.035343
121.425484,98.426139,22.999345,120.760091,97.707443,23.052648,3.157556,0.031942
120.813744,97.756988,23.056756,120.284649,97.207467,23.077182,3.115211,0.032333
120.267753,97.199470,23.068283,119.949189,96.923268,23.025921,2.874218,0.036735
119.875112,96.770313,23.104799,119.562824,96.443224,23.119600,2.858567,0.037971
119.420774,96.279171,23.141603,119.266590,96.164288,23.102302,2.939157,0.038959
119.186284,96.047494,23.138790,119.055550,95.999956,23.055594,3.060751,0.033877
118.730395,95.524831,23.205565,118.862111,95.641844,23.220267,2.853149,0.038030
118.437066,95.211056,23.226010,118.513005,95.266502,23.246503,2.971356,0.039430
118.132962,94.953621,23.179342,118.089799,95.040407,23.049393,3.143768,0.033376
117.872592,94.637937,23.234655,118.241549,95.013188,23.228360,3.009386,0.036660
117.548344,94.337985,23.210359,117.608993,94.472123,23.136871,2.929979,0.038158
117.284282,94.067647,23.216635,117.501496,94.267986,23.233510,3.100070,0.035258
116.978520,93.737733,23.240787,117.349757,94.046342,23.303415,2.997464,0.038951
116.765643,93.533556,23.232086,116.921278,93.792615,23.128662,3.314652,0.035791
116.624030,93.357163,23.266867,116.623938,93.434677,23.189261,3.260717,0.036674
116.357700,93.164256,23.193443,116.594148,93.397080,23.197068,3.125072,0.035910
116.113444,92.906191,23.207253,116.501946,93.386634,23.115312,3.205004,0.035914
115.855934,92.626931,23.229003,116.068602,92.978623,23.089979,3.150795,0.035432
115.706721,92.462357,23.244364,116.009077,92.963571,23.045506,3.274482,0.035294
115.550058,92.331159,23.218899,116.033224,92.834502,23.198722,3.024444,0.040228
115.243682,92.009384,23.234299,115.972970,92.940020,23.032950,3.233357,0.034317
115.153900,91.942204,23.211696,115.954429,92.762548,23.191880,3.166042,0.033820
115.035446,91.829880,23.205566,115.579786,92.553562,23.026225,3.146191,0.036300
114.823987,91.645481,23.178505,115.137047,92.127767,23.009280,3.358074,0.031966
114.717873,91.495335,23.222537,115.400739,92.196303,23.204436,3.190627,0.036942
114.556127,91.306531,23.249595,115.206533,92.077422,23.129112,3.135264,0.033782
114.288162,91.111897,23.176265,114.856200,91.897995,22.958205,3.127190,0.038666
114.250446,91.038402,23.212045,114.935989,91.850560,23.085428,3.126099,0.034968
114.038128,90.850794,23.187334,114.866606,91.831247,23.035359,3.236769,0.032138
113.920863,90.738399,23.182464,114.725660,91.515728,23.209933,3.092777,0.038398
113.796953,90.567798,23.229156,114.572062,91.502675,23.069386,3.306018,0.033713
113.730830,90.502677,23.228153,114.640373,91.496454,23.143919,3.210554,0.033757
113.563839,90.385149,23.178691,114.169201,91.200000,22.969200,3.138019,0.036685
113.431240,90.280331,23.150909,114.449678,91.403411,23.046266,3.084978,0.040494
113.332461,90.148591,23.183869,114.094016,91.174187,22.919830,3.371316,0.034369
113.166763,90.012890,23.153874,114.065394,91.035185,23.030210,3.173447,0.036103
113.105181,89.981287,23.123893,113.966073,90.950396,23.015677,3.202580,0.037131
112.919046,89.808235,23.110811,113.959472,91.017211,22.942260,3.385936,0.032749
112.879502,89.738203,23.141299,113.978005,90.918854,23.059150,3.065053,0.035695
112.718445,89.587464,23.130982,113.783424,90.872295,22.911129,3.163456,0.035166
112.507701,89.439986,23.067715,113.638128,90.585564,23.052565,3.160642,0.036350
112.505268,89.399369,23.105900,113.572969,90.670578,22.902391,3.265691,0.031624
112.410523,89.327516,23.083008,113.307954,90.277317,23.030637,3.440757,0.031539
112.269238,89.186372,23.082865,113.228981,90.291000,22.937981,3.150951,0.038005
112.182869,89.124518,23.058350,113.305346,90.440143,22.865203,3.194515,0.033196
112.130688,89.074191,23.056497,113.441649,90.410518,23.031131,3.110475,0.035900
111.981930,88.910228,23.071702,113.250846,90.339157,22.911689,3.317809,0.034460
111.950548,88.874468,23.076080,113.043732,90.063299,22.980433,3.137773,0.033543
111.888161,88.831196,23.056965,113.166356,90.215652,22.950705,3.293859,0.033450
111.668467,88.664914,23.003553,112.902197,90.076267,22.825930,3.356472,0.031686
111.618485,88.578554,23.039931,112.788131,89.825876,22.962255,3.066044,0.035836
111.549346,88.515201,23.034145,112.718785,89.857763,22.861022,3.243146,0.034584
111.473489,88.407476,23.066012,112.762821,89.863997,22.898824,3.166992,0.035188
111.339326,88.276790,23.062537,112.651679,89.870908,22.780772,3.438062,0.033239
111.265670,88.240379,23.025292,112.790626,89.936121,22.854505,2.944534,0.036454
111.178576,88.161412,23.017164,112.365517,89.321394,23.044123,3.071631,0.039110
111.148711,88.125077,23.023635,112.425797,89.531153,22.894645,3.278791,0.034349
111.059431,88.010998,23.048433,112.528964,89.704165,22.824799,3.396761,0.032896
110.979318,87.964749,23.014570,112.593012,89.767087,22.825925,3.276766,0.032734
110.937814,87.971824,22.965990,112.208019,89.295343,22.912676,3.138123,0.033358
110.791179,87.796806,22.994373,112.451192,89.620008,22.831184,3.213003,0.034952
110.678688,87.724851,22.953837,112.038566,89.298927,22.739639,3.415198,0.031042
110.626767,87.640871,22.985896,112.071664,89.300126,22.771538,3.341246,0.032059
110.656216,87.681417,22.974799,112.231652,89.493729,22.737924,3.229407,0.032349
110.489477,87.527458,22.962019,111.973682,89.161276,22.812405,3.346942,0.034500
110.423908,87.484498,22.939410,111.860035,89.050096,22.809939,3.284770,0.033374
110.296496,87.358613,22.937883,111.762601,89.027646,22.734955,3.377554,0.035055
110.340567,87.393322,22.947245,111.812314,89.037343,22.774970,3.424165,0.030813
110.267274,87.330814,22.936460,111.755052,88.981658,22.773394,3.109923,0.035794
110.174142,87.248017,22.926124,111.620354,88.887462,22.732892,3.273677,0.034274
110.088855,87.119972,22.968883,111.666868,88.921794,22.745074,3.384955,0.033022
110.002252,87.042232,22.960021,111.517132,88.717463,22.799670,3.281365,0.032559
109.931735,86.969623,22.962112,111.668820,88.785030,22.883791,3.226962,0.035896
109.833129,86.896525,22.936604,111.384892,88.579740,22.805152,3.321549,0.033297
109.855633,86.838924,23.016709,111.376334,88.633757,22.742577,3.337705,0.031420
109.821811,86.863835,22.957976,111.161371,88.304097,22.857275,3.120909,0.036566
109.654928,86.719421,22.935508,111.392312,88.614685,22.777627,3.313535,0.033195
109.650597,86.700251,22.950345,111.388849,88.572473,22.816376,3.255291,0.034243
109.487530,86.577098,22.910431,111.208450,88.476519,22.731931,3.191709,0.037865
109.512957,86.620172,22.892786,111.168506,88.388121,22.780385,3.456414,0.031984
109.473077,86.510943,22.962134,111.325519,88.456368,22.869151,3.270354,0.035913
109.384346,86.444301,22.940045,111.017907,88.178085,22.839823,3.453970,0.031963
109.347527,86.438055,22.909472,111.057936,88.289533,22.768403,3.466023,0.032964
109.156776,86.254231,22.902546,110.884433,88.098701,22.785732,3.053582,0.037144
109.267340,86.362877,22.904463,111.370374,88.606276,22.764098,3.248675,0.034610
109.080820,86.195310,22.885511,110.970392,88.194072,22.776320,3.563268,0.029567
109.009488,86.094625,22.914864,110.827781,88.102857,22.724924,3.315219,0.034538
109.023869,86.136681,22.887189,110.902294,88.152089,22.750205,3.316343,0.030874
108.949658,86.099876,22.849782,110.809771,88.086536,22.723235,3.394369,0.032325
108.889142,86.020234,22.868908,110.728999,88.041600,22.687400,3.288071,0.032630
108.854416,85.993464,22.860952,110.871580,88.174403,22.697178,3.172311,0.035825
108.763384,85.906342,22.857042,110.572030,87.911131,22.660898,3.350684,0.034555
108.715495,85.828459,22.887036,110.677706,87.920117,22.757589,3.244826,0.033504
108.680152,85.809099,22.871053,110.559345,87.821680,22.737665,3.372974,0.035598
108.621236,85.750920,22.870317,110.621330,87.868214,22.753116,3.246461,0.033897
108.543377,85.654348,22.889029,110.463146,87.781723,22.681423,3.367090,0.030879
108.509969,85.642495,22.867474,110.357200,87.667648,22.689552,3.503755,0.030873
108.457836,85.612759,22.845077,110.440016,87.803246,22.636771,3.409745,0.033806
108.420942,85.518323,22.902620,110.284679,87.662776,22.621903,3.185027,0.032471
108.354216,85.551084,22.803133,110.344775,87.785398,22.559377,3.450411,0.032056
108.367431,85.563705,22.803727,110.586906,87.811226,22.775680,3.394070,0.034224
108.173844,85.388818,22.785027,110.160518,87.471141,22.689377,3.380911,0.033025
108.210869,85.372680,22.838188,110.085825,87.432800,22.653024,3.373008,0.029000
108.197927,85.369025,22.828902,110.172093,87.556289,22.615804,3.420218,0.032215
108.126278,85.275448,22.850830,110.150188,87.409310,22.740878,3.216054,0.034124
108.012116,85.130288,22.881828,110.063305,87.388110,22.675196,3.182136,0.033619
107.943206,85.133542,22.809664,109.901684,87.276073,22.625611,3.278991,0.031934
107.982156,85.171157,22.810999,110.000789,87.293027,22.707761,3.221192,0.032906
107.927639,85.119984,22.807655,109.921644,87.320067,22.601577,3.282809,0.032741
107.826281,85.054256,22.772026,109.857655,87.270295,22.587359,3.563930,0.029612
107.783126,84.990419,22.792707,109.947754,87.390368,22.557386,3.418429,0.033666
107.758805,84.973360,22.785446,109.953804,87.330647,22.623158,3.290768,0.035023
107.640364,84.866450,22.773915,109.505503,86.935056,22.570446,3.323135,0.032216
107.712688,84.939950,22.772738,109.802887,87.151241,22.651645,3.234479,0.032563
107.524987,84.773851,22.751136,109.714687,87.206822,22.507865,3.297177,0.034719
107.553192,84.793664,22.759529,109.739915,87.097021,22.642894,3.361850,0.033410
107.548073,84.811481,22.736592,109.735928,87.079463,22.656466,3.388763,0.030362
107.352227,84.628617,22.723610,109.670396,87.183873,22.486524,3.485507,0.028903
107.399173,84.678669,22.720504,109.919217,87.373126,22.546092,3.134775,0.035039
107.389448,84.658526,22.730922,109.286390,86.815897,22.470492,3.366435,0.031389
107.330152,84.556916,22.773236,109.551812,86.967223,22.584589,3.404728,0.036402
107.284198,84.532671,22.751527,109.453975,86.975426,22.478549,3.548662,0.030399
107.268233,84.551566,22.716666,109.580772,87.100648,22.480124,3.125313,0.036021
107.252233,84.535525,22.716708,109.375480,86.835923,22.539557,3.238210,0.035958
107.190433,84.472860,22.717573,109.549715,87.010880,22.538835,3.258405,0.033869
107.111886,84.393829,22.718057,109.299933,86.736238,22.563695,3.436938,0.033988
107.090907,84.349533,22.741374,109.249693,86.704815,22.544878,3.199118,0.033056
107.029151,84.325909,22.703241,109.164840,86.661379,22.503460,3.273443,0.033153
106.950430,84.254004,22.696426,109.213853,86.695662,22.518191,3.319938,0.030237
106.936347,84.297569,22.638778,109.131788,86.650230,22.481558,3.350028,0.031170
106.889108,84.189615,22.699493,109.055004,86.582874,22.472130,3.449592,0.031310
106.797057,84.094435,22.702622,109.222196,86.734384,22.487812,3.245847,0.033328
106.770002,84.122580,22.647422,109.073406,86.534720,22.538686,3.324338,0.035846
106.792158,84.150560,22.641598,109.004219,86.577894,22.426326,3.367911,0.032981
106.703807,84.104087,22.599720,108.938462,86.384516,22.553947,3.242797,0.034674
106.664604,83.993890,22.670714,109.094951,86.616233,22.478718,3.259471,0.035995
106.590773,83.937197,22.653576,108.773479,86.204566,22.568912,3.456706,0.033682
106.547036,83.901401,22.645635,108.681384,86.280615,22.400769,3.450851,0.030695
106.511392,83.898556,22.612836,108.789670,86.311414,22.478256,3.373389,0.030168
106.535778,83.905599,22.630179,108.657642,86.267198,22.390444,3.595812,0.030445
106.451175,83.814268,22.636907,108.835217,86.337346,22.497871,3.555707,0.031356
106.454420,83.823896,22.630524,108.702284,86.211205,22.491079,3.314836,0.031910
106.347272,83.727821,22.619451,108.459155,86.144863,22.314293,3.424823,0.033210
106.305856,83.741168,22.564687,108.583667,86.163163,22.420504,3.322908,0.031309
106.284432,83.697619,22.586813,108.721165,86.359912,22.361254,3.442267,0.031338
106.233434,83.644144,22.589290,108.482362,86.095746,22.386615,3.373491,0.031495
