252.403841,232.960895,19.442946,200.820726,181.679131,19.141595,2.032654,0.018177
175.602671,156.082389,19.520282,159.903135,139.350774,20.552361,2.246471,0.028708
153.481479,132.114098,21.367380,146.824867,124.343982,22.480885,2.440544,0.033210
144.237137,121.043352,23.193785,140.082903,116.452999,23.629904,2.629591,0.035682
138.810334,114.664968,24.145365,135.803686,111.235256,24.568430,2.631403,0.038684
134.939774,110.473128,24.466646,132.196010,107.810603,24.385407,2.640079,0.039102
131.514537,107.444393,24.070144,129.135104,105.207826,23.927278,2.802274,0.036338
128.552429,105.166542,23.385887,126.215819,103.484291,22.731529,2.904155,0.039270
125.796119,103.285214,22.510905,124.358822,101.786563,22.572259,2.822554,0.037698
124.491143,101.924666,22.566478,123.221156,100.692889,22.528266,2.829672,0.039101
123.334869,100.550205,22.784664,122.382781,99.434370,22.948411,2.779830,0.040390
122.562506,99.555777,23.006729,121.712906,98.549729,23.163176,2.771118,0.039831
121.640680,98.529289,23.111391,121.310991,98.164885,23.146106,2.746688,0.041501
120.848494,97.605740,23.242754,120.075389,96.841144,23.234245,2.901654,0.037243
120.287485,97.004342,23.283142,119.732427,96.610409,23.122018,3.060662,0.035325
119.637309,96.314200,23.323109,119.629427,96.478894,23.150533,2.919208,0.038673
119.101600,95.719468,23.382132,118.961134,95.584691,23.376443,2.846752,0.039038
118.622957,95.225904,23.397053,118.433088,95.069887,23.363201,3.033231,0.037184
118.219007,94.768454,23.450553,118.300617,94.964129,23.336488,2.948828,0.039828
117.720635,94.360767,23.359868,117.897524,94.703137,23.194387,2.860919,0.042277
117.388355,94.032988,23.355368,117.448018,94.079238,23.368780,2.968911,0.038606
116.995739,93.682250,23.313489,117.354976,94.173177,23.181798,2.770639,0.039445
116.553590,93.317562,23.236027,116.888559,93.617999,23.270561,2.992042,0.038021
116.244539,92.929249,23.315290,116.374545,93.213839,23.160706,2.958975,0.039293
115.952427,92.672290,23.280137,116.290639,93.034859,23.255780,2.992764,0.039449
115.694770,92.414775,23.279995,116.126311,92.972182,23.154129,2.917072,0.042826
115.424214,92.139528,23.284686,115.731363,92.530373,23.200990,2.897566,0.041321
115.137453,91.828256,23.309197,115.742035,92.461619,23.280416,2.874199,0.038382
114.885145,91.607124,23.278021,115.471641,92.356765,23.114876,3.238879,0.036340
114.677892,91.403698,23.274193,115.282554,92.062616,23.219938,2.831283,0.041399
114.416442,91.154179,23.262264,115.119430,92.105582,23.013847,3.053484,0.038916
114.224200,90.935309,23.288891,114.801676,91.543507,23.258169,3.016606,0.037621
113.961787,90.792121,23.169665,114.593937,91.530827,23.063111,3.116677,0.035736
113.792737,90.589980,23.202758,114.529467,91.388266,23.141201,2.951560,0.040694
113.478859,90.322807,23.156052,114.226445,91.094390,23.132055,3.066234,0.037855
113.356730,90.218634,23.138095,114.299288,91.240967,23.058321,2.960041,0.038058
113.130868,90.008251,23.122617,113.806187,90.675780,23.130408,3.129352,0.036263
112.966549,89.856310,23.110238,113.610461,90.576384,23.034077,2.940592,0.038453
112.755602,89.664131,23.091471,113.554722,90.543398,23.011325,3.060520,0.035114
112.610553,89.499058,23.111495,113.488277,90.546921,22.941355,3.035289,0.038577
112.408733,89.315210,23.093523,113.591909,90.595887,22.996023,2.870232,0.040272
112.244398,89.188642,23.055756,113.196577,90.339647,22.856930,3.024093,0.036408
112.089458,89.013945,23.075514,113.280892,90.379813,22.901079,3.033357,0.036737
111.819265,88.833374,22.985891,112.968289,90.129784,22.838505,2.997395,0.038997
111.743099,88.774365,22.968734,112.759733,89.925002,22.834730,2.956182,0.037083
111.621820,88.681398,22.940422,112.512480,89.773719,22.738762,3.029602,0.035822
111.479378,88.470243,23.009135,112.408509,89.580168,22.828341,3.078066,0.033129
111.189513,88.218420,22.971093,112.228578,89.295176,22.933402,2.956483,0.038769
111.139390,88.158249,22.981141,112.259497,89.408119,22.851378,3.012343,0.035953
110.976105,88.021936,22.954169,112.166804,89.345537,22.821267,3.103742,0.034940
110.779857,87.911067,22.868790,111.922025,89.047189,22.874836,3.213423,0.033903
110.675149,87.773387,22.901762,111.771897,89.063727,22.708170,3.108310,0.035660
110.509532,87.631817,22.877715,111.919694,89.125499,22.794195,3.261446,0.036088
110.312559,87.444777,22.867782,111.665184,88.930623,22.734561,3.070817,0.034306
110.150278,87.306381,22.843896,111.414598,88.829304,22.585294,3.035470,0.036349
109.984863,87.167646,22.817217,111.240604,88.593619,22.646985,3.050870,0.036975
109.846882,87.032124,22.814758,111.139835,88.468039,22.671797,3.143983,0.033991
109.767874,87.010340,22.757534,111.074903,88.277180,22.797722,3.183880,0.034047
109.635277,86.829248,22.806029,110.626191,87.953597,22.672594,3.052524,0.036583
109.442615,86.657928,22.784687,110.531412,87.880908,22.650504,3.084214,0.033442
109.342182,86.630280,22.711902,110.741187,88.044482,22.696705,2.946208,0.034787
109.256990,86.467923,22.789067,110.513286,87.757775,22.755511,2.926807,0.036129
109.095317,86.339289,22.756027,110.298670,87.645206,22.653464,3.015500,0.036302
108.952883,86.237046,22.715837,110.524469,87.808861,22.715609,3.220201,0.035574
108.826112,86.106003,22.720109,110.176404,87.510089,22.666315,3.137053,0.032354
108.702756,86.081205,22.621551,110.155331,87.663833,22.491499,3.150301,0.036257
108.617161,85.975711,22.641450,109.817110,87.312673,22.504437,2.985406,0.036543
108.514799,85.893029,22.621770,109.886880,87.436576,22.450304,3.041867,0.036332
108.368523,85.755249,22.613274,109.730396,87.212029,22.518367,2.932865,0.034989
108.252864,85.687642,22.565222,109.953630,87.513722,22.439908,2.961101,0.038793
108.102983,85.563927,22.539056,109.567410,87.157907,22.409503,2.944786,0.038042
108.067215,85.546504,22.520711,109.397873,86.998712,22.399161,2.983486,0.035835
107.838511,85.356229,22.482282,109.277706,86.925532,22.352174,3.086859,0.034014
107.783395,85.304392,22.479003,109.261552,86.940400,22.321152,3.142685,0.035354
107.699177,85.249714,22.449463,109.116069,86.730486,22.385583,2.919933,0.035460
107.540856,85.081545,22.459311,109.181996,86.773726,22.408271,3.109105,0.036543
107.494275,85.043106,22.451169,108.936374,86.654528,22.281846,3.198710,0.032900
107.355643,84.963432,22.392211,108.789183,86.447425,22.341758,3.081716,0.034937
107.231202,84.816948,22.414255,108.607864,86.302864,22.305000,3.163867,0.033308
107.147167,84.788009,22.359158,108.741848,86.259175,22.482673,2.989305,0.033530
107.026192,84.694408,22.331785,108.610891,86.407608,22.203283,3.054921,0.033412
106.917773,84.596796,22.320978,108.632119,86.432245,22.199874,3.114721,0.036923
106.819521,84.545911,22.273610,108.323802,86.222764,22.101038,2.933670,0.036825
106.723585,84.414916,22.308668,108.418865,86.336590,22.082275,3.151448,0.034751
106.690914,84.348758,22.342156,108.640833,86.271807,22.369025,2.949231,0.035283
106.571043,84.265825,22.305218,108.141319,86.036623,22.104695,3.122272,0.037888
106.424325,84.172130,22.252195,107.945199,85.810788,22.134411,3.029554,0.032805
106.326775,84.035815,22.290961,108.111161,85.817745,22.293417,2.875839,0.037223
106.163387,83.869340,22.294047,107.794524,85.688127,22.106398,3.090978,0.032291
106.117348,83.842585,22.274763,107.964118,85.828542,22.135575,3.011732,0.038094
106.039960,83.721339,22.318620,107.472415,85.320408,22.152006,3.077087,0.036224
105.976214,83.735519,22.240695,107.791122,85.639746,22.151376,3.065378,0.033368
105.854395,83.577342,22.277053,107.528034,85.356572,22.171462,3.212806,0.032526
105.794361,83.607632,22.186729,107.550216,85.438241,22.111975,3.066121,0.037768
105.732309,83.486938,22.245371,107.335332,85.175194,22.160138,3.133167,0.032776
105.505062,83.312132,22.192931,107.490515,85.457773,22.032742,3.043218,0.034236
105.523775,83.305574,22.218201,106.978320,84.891020,22.087300,3.060757,0.035217
105.358100,83.192647,22.165453,107.425622,85.346269,22.079353,3.159051,0.033158
105.262873,83.112350,22.150523,107.435625,85.388615,22.047010,2.608026,0.041333
105.217743,83.070677,22.147065,107.185037,85.017562,22.167475,2.961401,0.035693
105.162832,83.053351,22.109481,106.918344,84.919155,21.999189,3.010585,0.034104
105.012952,82.909915,22.103038,106.859585,84.764680,22.094905,2.890734,0.036554
104.898846,82.808902,22.089944,106.770803,84.667842,22.102961,3.112314,0.031138
104.972724,82.828001,22.144723,106.902585,84.858118,22.044467,3.071876,0.033676
104.820767,82.722400,22.098367,106.589384,84.607340,21.982044,3.272833,0.031975
104.807890,82.709647,22.098243,106.610653,84.689831,21.920822,3.264252,0.029047
104.646669,82.572258,22.074411,106.359114,84.407544,21.951570,3.280390,0.031072
104.610084,82.569187,22.040897,106.466649,84.573556,21.893093,3.026782,0.036692
104.486173,82.447884,22.038289,106.483412,84.416116,22.067296,3.129629,0.031624
104.418936,82.380354,22.038582,106.352894,84.490418,21.862476,3.019632,0.031773
104.316761,82.306953,22.009808,106.294661,84.360114,21.934548,3.071918,0.033316
104.279476,82.314182,21.965294,106.245057,84.418966,21.826091,3.035008,0.034459
104.178671,82.210809,21.967862,106.131428,84.257508,21.873920,3.069287,0.032018
104.135869,82.107366,22.028503,105.939600,84.091010,21.848591,3.047741,0.033870
103.999258,82.000871,21.998387,105.979497,84.091541,21.887956,2.977183,0.033606
103.980022,82.024910,21.955112,105.867399,84.066177,21.801223,3.034964,0.033139
103.949084,81.979684,21.969400,105.802057,83.865185,21.936872,3.119036,0.030353
103.802105,81.824432,21.977673,105.983281,84.074217,21.909064,2.982529,0.034011
103.811739,81.856898,21.954842,105.756071,83.771833,21.984238,3.052864,0.032015
103.664559,81.669841,21.994719,105.748614,83.879215,21.869399,3.315119,0.029309
103.610378,81.670151,21.940226,105.533623,83.739132,21.794491,3.180868,0.030422
103.535799,81.610003,21.925797,105.524279,83.725313,21.798966,3.209791,0.030530
103.504832,81.539066,21.965766,105.527419,83.714963,21.812456,3.193686,0.032728
103.445131,81.460926,21.984204,105.736669,83.780289,21.956380,3.137501,0.032224
103.266968,81.316028,21.950939,105.271818,83.394783,21.877035,3.109554,0.032234
103.300701,81.345676,21.955025,105.838696,83.935661,21.903034,3.099674,0.032068
103.228129,81.318157,21.909972,105.252236,83.280171,21.972065,3.004529,0.034014
103.148843,81.195413,21.953430,105.265478,83.381986,21.883492,3.031776,0.033484
103.100585,81.170649,21.929936,105.391837,83.515073,21.876764,2.990730,0.033774
103.067652,81.099626,21.968026,105.009902,83.170089,21.839812,3.059487,0.032659
102.965769,81.021563,21.944206,105.078279,83.212419,21.865860,3.058956,0.035067
102.923418,80.990746,21.932673,105.314380,83.355700,21.958681,2.925281,0.033733
102.929292,81.016580,21.912712,105.251980,83.467424,21.784555,2.856668,0.036895
102.789865,80.872805,21.917060,105.159815,83.387046,21.772769,3.079008,0.032564
102.837457,80.905212,21.932245,105.096931,83.260660,21.836270,3.071870,0.031652
102.732276,80.770108,21.962168,104.883742,83.022330,21.861412,2.928481,0.034351
102.696359,80.772867,21.923492,104.863793,83.094895,21.768897,2.927200,0.033047
102.658472,80.759805,21.898667,104.792036,83.113762,21.678274,2.911641,0.032813
102.599173,80.703913,21.895260,104.585404,82.812722,21.772682,3.041809,0.031451
102.490360,80.626933,21.863428,104.779303,82.947697,21.831606,2.963303,0.032399
102.494706,80.582732,21.911975,104.679399,82.890698,21.788700,2.843162,0.033369
102.437306,80.577608,21.859698,104.555388,82.754751,21.800637,3.055387,0.032524
102.486563,80.604389,21.882174,104.554464,82.796407,21.758057,3.093630,0.029642
102.375974,80.441679,21.934296,104.608237,82.748076,21.860161,2.936378,0.033727
102.342077,80.457796,21.884281,104.723334,82.863927,21.859407,2.881421,0.032895
102.208205,80.319215,21.888990,104.320973,82.516206,21.804767,2.907211,0.037596
102.200326,80.356041,21.844284,104.347705,82.423299,21.924406,2.998096,0.032323
102.205732,80.247993,21.957740,104.426653,82.695021,21.731631,3.184759,0.030641
102.058416,80.189387,21.869029,104.409150,82.655181,21.753969,3.197746,0.031577
102.063767,80.190023,21.873744,104.289792,82.483159,21.806633,3.115909,0.030679
102.002089,80.160319,21.841770,104.477103,82.679265,21.797838,3.048238,0.030922
101.998147,80.115382,21.882765,104.188422,82.337477,21.850945,2.981895,0.036475
101.918228,80.054388,21.863840,104.458613,82.643256,21.815357,2.938135,0.031173
101.898068,80.034996,21.863072,104.344163,82.578893,21.765270,3.148044,0.028258
101.849978,79.967037,21.882941,104.160612,82.373233,21.787379,2.887715,0.032068
101.804379,79.927823,21.876555,104.128957,82.380626,21.748331,2.953162,0.029719
101.759661,79.865443,21.894217,104.125016,82.388472,21.736545,3.195796,0.030002
101.768841,79.917122,21.851719,104.003243,82.253758,21.749484,3.080405,0.030289
101.599798,79.720743,21.879054,103.749541,81.878170,21.871372,3.152901,0.031883
101.588090,79.724278,21.863812,103.935384,82.176035,21.759349,2.974319,0.034223
