241.678791,238.838398,2.840393,191.444247,187.892783,3.551464,2.531934,0.014996
177.049596,169.824857,7.224739,162.890336,152.517384,10.372951,2.805752,0.022635
154.041187,142.099264,11.941922,146.974906,134.090725,12.884181,2.861699,0.022743
143.494500,129.641801,13.852699,138.431248,123.669895,14.761353,2.942906,0.025019
136.725592,121.350844,15.374747,133.263125,117.351742,15.911382,2.973854,0.024840
132.358902,116.077521,16.281381,130.064955,113.357980,16.706974,2.902447,0.026410
129.119593,112.209668,16.909925,126.541000,109.388574,17.152427,3.002194,0.025315
126.576879,109.195837,17.381042,124.756668,107.117556,17.639112,3.018602,0.025408
124.719629,106.944166,17.775464,122.905255,105.023948,17.881307,2.823501,0.027867
123.026049,104.903397,18.122651,121.320493,103.083371,18.237122,2.970232,0.025543
121.589865,103.243733,18.346131,120.325927,101.892315,18.433612,2.970408,0.028262
120.414141,101.951936,18.462205,119.233922,100.671076,18.562846,3.012898,0.027288
119.392299,100.779962,18.612337,118.252444,99.425228,18.827216,2.943635,0.025457
118.417752,99.632482,18.785271,117.501842,98.769844,18.731997,3.000540,0.026211
117.499343,98.626698,18.872646,116.760057,97.769673,18.990384,2.902655,0.025801
116.794712,97.839609,18.955103,116.142587,97.132841,19.009745,2.957283,0.027749
116.029922,96.898993,19.130929,115.318410,96.076264,19.242146,2.974523,0.025606
115.386325,96.154778,19.231547,114.716756,95.417008,19.299748,3.122155,0.024619
114.770106,95.471447,19.298659,114.140472,94.635515,19.504957,3.123497,0.024802
114.199296,94.794244,19.405052,113.632646,94.176023,19.456623,3.014063,0.024251
113.565771,94.122560,19.443212,113.244651,93.751092,19.493559,3.024910,0.026450
113.082702,93.545240,19.537462,113.065260,93.443749,19.621511,2.908782,0.028035
112.576252,93.028818,19.547434,112.335070,92.827717,19.507353,2.962065,0.025728
112.217292,92.630314,19.586978,111.873148,92.310814,19.562335,3.065359,0.024324
111.741439,92.185638,19.555801,111.799166,92.267195,19.531971,2.869269,0.027215
111.293412,91.704251,19.589161,111.093850,91.385776,19.708075,3.164718,0.023908
110.896382,91.247162,19.649221,110.552987,90.940707,19.612280,2.996153,0.025938
110.517429,90.847620,19.669809,110.430787,90.777024,19.653764,2.986162,0.023686
110.102317,90.437722,19.664595,110.118857,90.419762,19.699095,2.963123,0.025312
109.757786,90.012193,19.745593,109.661635,89.910162,19.751472,3.134770,0.024043
109.400047,89.667113,19.732934,109.524979,89.854225,19.670754,3.100632,0.025336
109.036824,89.325482,19.711341,109.245527,89.634798,19.610729,3.147409,0.023202
108.815660,89.044853,19.770808,108.871524,89.070343,19.801181,3.043519,0.024406
108.554019,88.801441,19.752578,108.634936,88.834354,19.800582,3.220192,0.023657
108.198813,88.463734,19.735079,108.772421,89.080692,19.691729,2.942881,0.024875
107.997956,88.210318,19.787638,108.409222,88.714368,19.694854,3.033429,0.025225
107.720086,87.967833,19.752253,108.186237,88.299495,19.886742,3.067913,0.023641
107.534044,87.709511,19.824533,108.086523,88.204427,19.882096,3.000096,0.024343
107.254263,87.415255,19.839007,107.685960,87.924183,19.761777,3.151546,0.024112
107.039460,87.272181,19.767278,107.664683,88.015683,19.649000,3.047639,0.026181
106.841945,87.038007,19.803938,107.401174,87.642806,19.758368,2.961874,0.023512
106.587606,86.753867,19.833738,107.644418,88.035495,19.608923,2.938813,0.024361
106.434312,86.658407,19.775905,106.826585,87.100531,19.726053,3.058356,0.024345
106.295474,86.520864,19.774610,106.960652,87.213409,19.747243,3.212796,0.022932
106.133064,86.342925,19.790139,106.827613,87.180682,19.646930,3.041508,0.023727
105.864452,86.074643,19.789809,106.507912,86.721746,19.786166,3.009303,0.024247
105.690178,85.918170,19.772008,106.447112,86.807156,19.639956,3.200934,0.022964
105.477915,85.714564,19.763351,106.197405,86.590212,19.607192,3.096004,0.023396
105.352368,85.588901,19.763467,106.009822,86.359222,19.650600,3.065460,0.023677
105.209261,85.506349,19.702913,105.990903,86.308805,19.682097,3.137433,0.025004
105.031368,85.277218,19.754151,105.861132,86.115404,19.745728,3.109848,0.023370
104.959457,85.217096,19.742361,105.553927,85.791755,19.762172,2.988760,0.023469
104.760488,85.015992,19.744496,105.839156,86.252157,19.586999,2.947462,0.023806
104.653336,84.975225,19.678111,105.513211,85.776346,19.736865,3.040590,0.024446
104.545360,84.833827,19.711533,105.422691,85.834533,19.588157,3.204818,0.022501
104.439973,84.750904,19.689069,105.203949,85.565396,19.638553,3.167207,0.023570
104.204077,84.497625,19.706452,105.453031,85.640582,19.812450,3.077200,0.024368
104.236380,84.475539,19.760841,105.324134,85.522544,19.801590,2.950181,0.023005
104.045722,84.302459,19.743263,105.256138,85.608869,19.647268,3.096559,0.023505
103.954405,84.221853,19.732552,104.908161,85.231501,19.676660,3.225717,0.023299
103.850356,84.069273,19.781082,104.918334,85.242705,19.675630,3.100718,0.022842
103.752506,84.002924,19.749581,104.969029,85.213953,19.755075,3.035151,0.023713
103.678915,83.867150,19.811765,104.886568,85.180667,19.705901,3.128001,0.021764
103.627538,83.851612,19.775927,104.866434,85.241971,19.624463,3.129928,0.023040
103.493833,83.690648,19.803185,104.760148,84.990399,19.769750,3.039730,0.022028
103.470466,83.706499,19.763967,104.673640,84.991857,19.681783,3.317252,0.021921
103.350137,83.600087,19.750050,104.677631,85.118768,19.558863,2.949293,0.023189
103.244406,83.496706,19.747700,104.553871,84.819703,19.734168,3.226120,0.021687
103.263501,83.463297,19.800205,104.495993,84.764297,19.731697,3.223853,0.022671
103.072155,83.285282,19.786873,104.450508,84.768976,19.681531,3.005502,0.022751
103.016427,83.234716,19.781711,104.348441,84.574972,19.773469,3.227373,0.021442
103.036377,83.275586,19.760791,104.291986,84.619953,19.672033,3.068462,0.024204
102.916823,83.116429,19.800394,104.234625,84.499893,19.734731,3.253298,0.021970
102.808503,83.025175,19.783329,104.042744,84.372986,19.669758,3.238388,0.022593
102.830809,83.035751,19.795058,104.275998,84.427094,19.848905,2.992655,0.022437
102.705073,82.867260,19.837813,104.282558,84.490355,19.792203,3.117768,0.024562
102.611875,82.805046,19.806829,104.272947,84.515076,19.757870,3.171986,0.022745
102.618678,82.766764,19.851915,103.970255,84.314244,19.656011,3.240834,0.021125
102.496088,82.656140,19.839947,104.204603,84.420596,19.784007,3.184923,0.022435
102.539094,82.677811,19.861283,104.250521,84.404752,19.845769,3.231661,0.021716
102.381231,82.476408,19.904823,104.391222,84.610779,19.780444,3.132223,0.023021
102.445153,82.577831,19.867322,104.175717,84.402014,19.773704,2.966741,0.025733
102.381586,82.525087,19.856499,104.066786,84.282465,19.784321,3.159000,0.022805
102.302637,82.432118,19.870519,104.368130,84.506008,19.862122,3.076548,0.022056
102.301266,82.393500,19.907766,104.158671,84.297204,19.861467,3.193751,0.022066
102.257085,82.336797,19.920287,103.991733,84.151929,19.839804,3.086167,0.022522
102.153651,82.250332,19.903319,104.008307,84.069496,19.938810,3.157927,0.022960
102.139987,82.238451,19.901536,104.211906,84.261485,19.950422,3.166568,0.020483
102.111750,82.164807,19.946942,104.205583,84.322836,19.882747,3.132288,0.021298
102.052908,82.148227,19.904681,104.129525,84.273732,19.855794,3.046011,0.022885
101.972133,82.076108,19.896025,103.804037,84.033895,19.770142,3.116210,0.023271
101.954318,82.025293,19.929026,103.834159,84.012240,19.821919,3.113020,0.022587
101.897332,81.923103,19.974229,103.895588,83.937689,19.957900,3.105618,0.021614
101.868620,81.873320,19.995300,103.755133,83.854416,19.900716,3.184430,0.021839
101.833595,81.871584,19.962011,103.710711,83.827577,19.883134,3.214190,0.021446
101.839067,81.838965,20.000102,103.822211,83.876118,19.946093,3.385257,0.021737
101.745881,81.791405,19.954476,104.084293,84.152968,19.931326,3.133546,0.022604
101.819635,81.840654,19.978981,103.906516,83.909624,19.996892,3.200877,0.021615
101.693598,81.677740,20.015859,103.778736,83.863247,19.915489,3.115425,0.022305
101.656434,81.627096,20.029337,104.131850,84.159465,19.972385,3.022294,0.023500
101.730196,81.728748,20.001449,103.696139,83.755871,19.940269,3.068016,0.023667
101.643737,81.586633,20.057104,103.670976,83.693717,19.977259,3.193406,0.023138
101.606401,81.517123,20.089278,103.831555,83.804369,20.027186,3.090604,0.023889
101.597361,81.499395,20.097966,103.701099,83.673997,20.027102,3.059493,0.022840
101.535233,81.502121,20.033111,103.611531,83.629279,19.982251,3.085262,0.022097
101.511856,81.424028,20.087828,103.577372,83.547671,20.029701,3.156212,0.023277
101.429942,81.360579,20.069363,103.708121,83.717872,19.990250,3.095026,0.021961
101.417865,81.313518,20.104347,103.578328,83.590417,19.987911,3.249317,0.021624
101.432158,81.360093,20.072065,103.839184,83.894036,19.945148,3.066149,0.022557
101.420585,81.352985,20.067600,103.657922,83.663894,19.994028,2.981778,0.023535
101.354966,81.243205,20.111761,103.581491,83.546035,20.035455,3.222111,0.022606
101.361684,81.247119,20.114565,103.793944,83.732952,20.060993,3.206038,0.023681
101.243343,81.078655,20.164688,103.668876,83.549969,20.118907,3.211047,0.023612
101.285731,81.151871,20.133861,103.612391,83.595798,20.016592,3.271446,0.020615
101.255241,81.118499,20.136742,103.589405,83.575697,20.013708,3.189778,0.022252
101.215379,81.092948,20.122430,103.700549,83.601499,20.099050,3.059515,0.023960
101.188541,81.011950,20.176591,103.658658,83.636491,20.022167,3.095491,0.022137
101.203077,81.050319,20.152758,103.619811,83.492529,20.127281,3.237304,0.021537
101.187878,80.997562,20.190316,103.787523,83.735674,20.051849,3.073937,0.023130
101.091688,80.883564,20.208124,103.472336,83.344983,20.127353,3.220397,0.023184
101.188948,80.968132,20.220817,103.562035,83.365982,20.196053,3.186241,0.021441
101.104304,80.857781,20.246523,103.526515,83.458057,20.068458,2.981493,0.022522
101.112899,80.866602,20.246297,103.514712,83.366341,20.148371,3.170012,0.021603
101.030457,80.771170,20.259287,103.281940,83.128357,20.153583,3.285336,0.020005
101.044838,80.747018,20.297820,103.557307,83.345600,20.211707,3.129645,0.021688
101.007809,80.723360,20.284449,103.413798,83.164110,20.249687,3.221796,0.021499
100.940579,80.695772,20.244807,103.506830,83.280064,20.226766,3.244547,0.022014
100.962232,80.661505,20.300727,103.282554,83.046028,20.236526,3.373734,0.020803
100.929161,80.647426,20.281735,103.439654,83.172665,20.266989,3.092612,0.021974
100.871934,80.583675,20.288260,103.451420,83.232991,20.218428,3.203469,0.021261
100.914356,80.597539,20.316817,103.266998,83.100458,20.166539,3.277214,0.021318
100.887867,80.613127,20.274740,103.508221,83.270878,20.237343,3.003715,0.022965
100.843976,80.536835,20.307141,103.451707,83.238109,20.213598,3.126792,0.023126
100.838470,80.541268,20.297203,103.345251,83.235622,20.109630,3.304404,0.022835
100.925308,80.615075,20.310233,103.324595,83.109405,20.215190,3.151171,0.022926
100.767568,80.460529,20.307039,103.400875,83.245900,20.154975,3.143318,0.023007
100.816055,80.500855,20.315200,103.548000,83.379822,20.168179,3.215045,0.022195
100.794446,80.483555,20.310891,103.543562,83.306812,20.236750,3.175485,0.022270
100.726983,80.366238,20.360745,103.483768,83.265321,20.218447,3.141967,0.021854
100.762424,80.427311,20.335113,103.414991,83.173491,20.241499,3.210736,0.023543
100.728107,80.365099,20.363008,103.426446,83.121162,20.305284,3.018934,0.023173
100.709307,80.358470,20.350837,103.322759,83.043303,20.279455,3.205250,0.022790
100.752273,80.369011,20.383262,103.428431,83.138111,20.290320,3.180568,0.023913
100.659521,80.285295,20.374226,103.434689,83.194904,20.239785,3.166217,0.022674
100.718626,80.395680,20.322946,103.450121,83.210010,20.240110,3.182007,0.027024
100.665079,80.296141,20.368938,103.398281,83.034668,20.363613,3.294954,0.021085
100.579693,80.224085,20.355608,103.405359,83.171426,20.233932,3.031583,0.022518
100.634442,80.229350,20.405092,103.445175,83.165908,20.279266,3.031023,0.022029
100.624282,80.210607,20.413676,103.480739,83.163293,20.317446,3.106850,0.022086
100.537342,80.187459,20.349883,103.470867,83.286899,20.183969,3.266243,0.021734
100.576543,80.197034,20.379509,103.518215,83.220495,20.297721,2.987674,0.024054
100.497580,80.103442,20.394138,103.594151,83.303937,20.290215,3.117451,0.022596
100.550237,80.199354,20.350883,103.499379,83.272038,20.227342,3.133875,0.024211
100.484440,80.146766,20.337674,103.205651,82.970326,20.235326,3.000261,0.022888
100.453963,80.066970,20.386993,103.660220,83.322044,20.338176,3.010340,0.024282
100.494006,80.067269,20.426737,103.143647,82.830730,20.312917,3.222198,0.022491
100.420006,79.994475,20.425530,103.506354,83.201149,20.305205,3.145129,0.024567
100.490981,80.053760,20.437220,103.420929,83.137121,20.283807,3.158496,0.022709
100.477043,80.067000,20.410043,103.417061,83.021277,20.395784,3.076616,0.022320
100.552458,80.103560,20.448898,103.514464,83.099145,20.415319,3.311080,0.021640
