209.394369,206.470143,2.924225,190.149183,185.977122,4.172061,6.408836,0.005894
178.438930,170.423947,8.014982,165.644114,154.524378,11.119736,4.055241,0.017260
158.701179,145.798502,12.902677,152.134395,137.536723,14.597671,3.815658,0.018079
149.347172,134.231738,15.115434,145.178863,129.265120,15.913742,3.500770,0.020848
143.283933,126.622880,16.661052,139.792964,122.616208,17.176756,3.474752,0.023470
138.465518,120.563340,17.902177,135.467905,116.817159,18.650745,3.404296,0.024468
134.664412,115.560979,19.103433,132.335147,112.601089,19.734058,3.388084,0.028505
131.843012,111.965470,19.877542,129.965551,109.685130,20.280420,3.186421,0.028186
129.852489,109.408558,20.443932,128.481417,107.706174,20.775242,3.423094,0.024984
128.378764,107.518602,20.860162,127.044602,105.976664,21.067939,3.398337,0.025605
127.006659,105.886681,21.119978,126.249864,104.884357,21.365507,3.339426,0.028659
125.971250,104.625330,21.345920,125.149882,103.792132,21.357750,3.569824,0.026675
125.099792,103.523530,21.576261,124.140548,102.558622,21.581927,3.476213,0.026760
124.267483,102.507001,21.760481,123.728486,101.830399,21.898086,3.635515,0.027191
123.480669,101.509270,21.971400,123.010865,101.201450,21.809414,3.576344,0.025534
122.757114,100.670920,22.086194,122.162185,100.060140,22.102045,3.715914,0.027192
122.191998,99.994175,22.197822,122.141924,99.952643,22.189281,3.262573,0.031979
121.540603,99.259233,22.281371,121.446107,99.104047,22.342060,3.421387,0.028221
121.077037,98.737619,22.339418,120.763679,98.486665,22.277014,3.487239,0.028753
120.592517,98.077406,22.515111,120.601328,98.048090,22.553238,3.583629,0.026806
120.120256,97.444395,22.675861,119.990918,97.518736,22.472182,3.519617,0.029486
119.676102,96.966263,22.709839,119.627339,97.044777,22.582562,3.746785,0.028078
119.348879,96.547218,22.801661,119.490191,96.755285,22.734906,3.558217,0.027309
118.929498,96.121944,22.807554,119.231829,96.620119,22.611711,3.406999,0.029569
118.665132,95.720503,22.944629,119.017487,96.124554,22.892934,3.618813,0.027650
118.256244,95.303073,22.953172,118.538612,95.734259,22.804353,3.479861,0.029540
117.984386,94.932995,23.051391,118.793369,95.856542,22.936826,3.429257,0.028944
117.653145,94.635182,23.017963,118.232558,95.379631,22.852927,3.733022,0.024515
117.462873,94.343129,23.119744,117.932973,94.881190,23.051783,3.769570,0.028483
117.088357,93.958813,23.129544,117.817412,94.881314,22.936098,3.642639,0.028085
116.872462,93.706667,23.165795,117.801549,94.568276,23.233273,3.594418,0.028028
116.749529,93.427764,23.321765,117.658263,94.470878,23.187385,3.551679,0.029169
116.438138,93.096145,23.341993,117.334588,94.034671,23.299918,3.651630,0.026928
116.335827,92.813288,23.522539,117.380399,93.890183,23.490216,3.610168,0.027267
117.624505,92.895093,24.729412,118.487531,93.661022,24.826508,3.008374,0.032590
116.929232,92.421887,24.507346,117.715688,93.491100,24.224588,3.487505,0.030298
116.440761,92.015697,24.425065,117.441265,93.003998,24.437267,3.576823,0.026602
116.195605,91.724917,24.470688,117.196902,92.662291,24.534611,3.513874,0.026339
115.943809,91.398598,24.545211,117.047387,92.555099,24.492288,3.170684,0.031100
115.834325,91.122704,24.711620,117.112691,92.501870,24.610822,3.127687,0.035851
115.677594,90.841868,24.835725,116.899097,92.114101,24.784996,3.212436,0.033040
115.600216,90.579882,25.020334,116.808932,91.789168,25.019764,3.101246,0.034100
115.479953,90.136710,25.343243,116.935911,91.541303,25.394608,3.251849,0.030544
115.710121,89.757594,25.952527,117.101006,90.779874,26.321132,2.960183,0.034749
116.292503,89.138836,27.153667,118.552930,90.534216,28.018714,2.066823,0.054298
120.284181,89.837418,30.446763,125.509603,93.110402,32.399200,0.371353,0.095919
124.284272,91.504614,32.779658,124.345002,91.396163,32.948839,0.155470,0.088095
123.162519,90.142900,33.019619,123.659579,90.591897,33.067682,0.094777,0.100996
122.277684,89.178741,33.098943,123.453055,90.328784,33.124271,0.105510,0.084766
121.706967,88.566472,33.140495,122.828630,89.674490,33.154139,0.075709,0.090930
121.181716,88.016668,33.165047,122.728252,89.553089,33.175163,0.043742,0.097198
120.742458,87.562026,33.180432,122.573553,89.384405,33.189148,0.075497,0.085856
120.371236,87.179243,33.191993,122.355957,89.158363,33.197593,0.047621,0.099683
120.138346,86.937134,33.201212,122.111693,88.907762,33.203931,0.048013,0.093535
119.823328,86.616600,33.206728,122.001607,88.787972,33.213635,0.039156,0.092446
119.591866,86.377788,33.214077,121.902525,88.684208,33.218317,0.033028,0.092806
119.360202,86.141258,33.218943,121.685481,88.463630,33.221850,0.032629,0.092184
119.194194,85.970637,33.223557,121.627916,88.404184,33.223732,0.059329,0.093077
118.957128,85.730747,33.226381,121.479567,88.251259,33.228307,0.040698,0.083441
118.816536,85.586060,33.230476,121.889997,88.657516,33.232481,0.013216,0.102924
118.643508,85.411004,33.232504,121.559892,88.324094,33.235798,0.032315,0.094296
118.444613,85.209784,33.234830,121.412686,88.175682,33.237004,0.032980,0.093658
118.324863,85.087503,33.237360,121.312085,88.074443,33.237642,0.011837,0.093922
118.133722,84.894874,33.238848,121.325621,88.084654,33.240968,0.016884,0.088504
118.104632,84.864805,33.239828,121.353873,88.110680,33.243193,0.014901,0.093715
117.962169,84.720363,33.241806,121.214594,87.970593,33.244001,0.032210,0.092618
117.788250,84.545022,33.243228,121.383699,88.140565,33.243134,0.017574,0.095406
117.726334,84.481929,33.244405,121.310497,88.064748,33.245749,0.019693,0.095144
117.579849,84.333316,33.246533,121.225281,87.979364,33.245917,0.027390,0.096879
117.463225,84.216355,33.246870,121.182593,87.935232,33.247361,0.018879,0.088895
117.422248,84.174227,33.248022,121.146701,87.897205,33.249496,0.013050,0.094982
117.301329,84.052348,33.248980,121.044273,87.795174,33.249098,0.030516,0.094503
117.211512,83.962389,33.249123,121.244597,87.994453,33.250144,0.009117,0.107001
117.142651,83.892989,33.249662,121.154175,87.903768,33.250406,0.014308,0.102613
117.041274,83.790319,33.250956,121.092819,87.842182,33.250637,0.015683,0.091487
116.971496,83.719323,33.252173,121.238295,87.985973,33.252322,0.012582,0.095990
116.915560,83.663257,33.252303,121.141614,87.888620,33.252994,0.018739,0.096383
116.829361,83.576646,33.252714,121.044817,87.791507,33.253311,0.021411,0.095526
116.771997,83.518364,33.253634,121.052459,87.797895,33.254564,0.006146,0.097323
116.663006,83.409104,33.253902,121.046060,87.791292,33.254768,0.015205,0.091592
116.635469,83.380276,33.255194,121.113739,87.857587,33.256152,0.013300,0.090695
116.555817,83.300505,33.255311,121.036792,87.782297,33.254496,0.010103,0.091614
116.486272,83.229522,33.256750,121.229730,87.973360,33.256370,0.007682,0.097522
116.443730,83.187932,33.255798,121.117263,87.861973,33.255290,0.021922,0.088254
116.357827,83.101759,33.256068,121.151597,87.896219,33.255379,0.010026,0.107718
116.294250,83.036929,33.257321,121.165806,87.909006,33.256801,0.013588,0.099935
116.218839,82.961139,33.257699,121.216833,87.959452,33.257381,0.013809,0.087783
116.197517,82.939548,33.257969,121.033000,87.774310,33.258690,0.005755,0.096392
116.117813,82.859675,33.258138,121.158403,87.900783,33.257620,0.014815,0.100258
116.019252,82.760934,33.258318,121.151191,87.893055,33.258137,0.016041,0.099561
115.993924,82.735402,33.258522,121.028365,87.768944,33.259420,0.011152,0.095687
115.921136,82.661806,33.259329,121.038820,87.779492,33.259328,0.013738,0.107053
115.874963,82.615242,33.259720,121.045840,87.786308,33.259532,0.011128,0.094704
115.808046,82.548500,33.259546,121.107272,87.847977,33.259295,0.018749,0.112741
115.771471,82.511669,33.259802,121.112174,87.852088,33.260086,0.007129,0.103311
115.705850,82.446236,33.259614,121.132463,87.871661,33.260802,0.006530,0.102524
115.675205,82.414676,33.260529,121.077229,87.816771,33.260457,0.017002,0.100050
115.604885,82.344384,33.260501,121.145388,87.884332,33.261056,0.015170,0.099498
115.591888,82.331685,33.260202,121.079178,87.816752,33.262425,0.010402,0.098512
115.537436,82.276715,33.260721,121.277636,88.016474,33.261162,0.006534,0.085748
115.510579,82.249449,33.261130,121.112933,87.851036,33.261897,0.011212,0.102455
115.435341,82.173888,33.261453,121.117537,87.855234,33.262304,0.005955,0.099772
115.449056,82.187053,33.262002,121.118074,87.855890,33.262184,0.010663,0.097335
115.384795,82.123048,33.261747,121.328820,88.067852,33.260968,0.016169,0.090526
115.357316,82.095420,33.261896,121.398334,88.135201,33.263133,0.014769,0.100352
115.330063,82.067931,33.262133,121.229754,87.967027,33.262726,0.003779,0.102264
115.313036,82.050690,33.262345,121.270670,88.008599,33.262071,0.016787,0.095399
115.235783,81.973116,33.262667,121.406512,88.143331,33.263181,0.009105,0.099842
115.213857,81.950799,33.263058,121.250488,87.987572,33.262916,0.007117,0.103509
115.181622,81.919152,33.262470,121.281725,88.018818,33.262907,0.011255,0.108680
115.165673,81.902989,33.262683,121.403855,88.140235,33.263620,0.006814,0.108539
115.085824,81.822364,33.263459,121.373142,88.109469,33.263673,0.010711,0.099466
115.091547,81.828250,33.263297,121.322992,88.058979,33.264013,0.005887,0.098414
115.027733,81.764404,33.263329,121.400010,88.137118,33.262891,0.012115,0.107086
115.066233,81.802579,33.263654,121.432490,88.169386,33.263103,0.016557,0.097810
114.968374,81.704755,33.263619,121.267073,88.003398,33.263675,0.005682,0.105835
114.956597,81.692838,33.263759,121.243099,87.978507,33.264592,0.005924,0.100745
114.947304,81.683055,33.264249,121.387081,88.122792,33.264289,0.012504,0.108437
114.900647,81.636788,33.263859,121.347710,88.083592,33.264117,0.005561,0.102639
114.911527,81.647615,33.263912,121.268012,88.003364,33.264648,0.004219,0.108495
114.836588,81.572214,33.264374,121.464215,88.200461,33.263755,0.010967,0.112033
114.749954,81.485696,33.264258,121.265864,88.001587,33.264277,0.005956,0.103533
114.742362,81.478224,33.264138,121.140916,87.876467,33.264449,0.006746,0.102600
114.737260,81.472666,33.264594,121.273299,88.008804,33.264495,0.006273,0.106354
114.670779,81.405886,33.264893,121.463484,88.197951,33.265533,0.007267,0.105364
114.679070,81.414219,33.264851,121.331035,88.065729,33.265306,0.012787,0.103535
114.620197,81.355236,33.264961,121.372232,88.107230,33.265002,0.009540,0.102420
114.636066,81.371051,33.265015,121.275703,88.010587,33.265116,0.013657,0.111352
114.580067,81.314712,33.265355,121.236463,87.971849,33.264615,0.012176,0.090136
114.581408,81.316206,33.265201,121.390869,88.125961,33.264907,0.009334,0.095440
114.523025,81.257640,33.265385,121.431069,88.165255,33.265814,0.009000,0.101131
114.484040,81.218606,33.265434,121.405542,88.139464,33.266079,0.009701,0.104220
114.481930,81.216583,33.265347,121.238173,87.972011,33.266162,0.005617,0.112830
114.457522,81.191555,33.265967,121.314505,88.049755,33.264749,0.003602,0.108053
114.480949,81.215505,33.265444,121.460731,88.194406,33.266324,0.004116,0.091946
114.431743,81.165702,33.266041,121.348298,88.082867,33.265431,0.005410,0.115426
114.378911,81.113109,33.265801,121.283234,88.017066,33.266167,0.005910,0.104393
114.398978,81.133100,33.265877,121.452746,88.186537,33.266210,0.009328,0.105317
114.359785,81.093955,33.265830,121.548154,88.282162,33.265992,0.007461,0.107525
114.297716,81.031603,33.266113,121.551836,88.285907,33.265930,0.011241,0.111160
114.281465,81.015648,33.265817,121.601260,88.334443,33.266817,0.004580,0.101680
114.233987,80.967904,33.266083,121.401979,88.134874,33.267104,0.006224,0.101834
114.257907,80.991673,33.266234,121.546715,88.280194,33.266521,0.013457,0.104389
114.222150,80.955890,33.266260,121.473291,88.206786,33.266505,0.008071,0.100854
114.212522,80.945916,33.266606,121.465798,88.199270,33.266529,0.009325,0.111768
114.193832,80.927140,33.266692,121.461835,88.195234,33.266601,0.015210,0.112984
114.159458,80.892439,33.267019,121.564004,88.297030,33.266973,0.004766,0.093427
114.160271,80.893721,33.266550,121.363462,88.096327,33.267135,0.004194,0.100747
114.121752,80.855077,33.266675,121.440055,88.172886,33.267169,0.009546,0.124649
114.114709,80.848024,33.266686,121.562526,88.296123,33.266403,0.004488,0.102421
114.073076,80.806481,33.266595,121.529985,88.263107,33.266878,0.005192,0.107914
114.061375,80.794669,33.266706,121.636950,88.370004,33.266947,0.007740,0.114747
114.060004,80.793102,33.266903,121.521174,88.253840,33.267334,0.004300,0.114083
114.016605,80.749533,33.267072,121.496731,88.229546,33.267186,0.003709,0.110901
113.994993,80.728061,33.266932,121.507785,88.240287,33.267498,0.013924,0.105345
114.009698,80.742445,33.267252,121.523565,88.256278,33.267287,0.004676,0.108795
114.017186,80.749816,33.267369,121.694948,88.427199,33.267749,0.005297,0.101422
113.975370,80.708123,33.267247,121.481037,88.213464,33.267573,0.007428,0.102462
113.960410,80.693108,33.267302,121.562357,88.294651,33.267707,0.008786,0.108089
113.907422,80.640173,33.267248,121.510594,88.243155,33.267439,0.005518,0.107112
