190.784698,183.578188,7.206511,158.668957,143.371066,15.297891,2.026167,0.036299
150.165684,132.552300,17.613383,143.657497,124.890834,18.766663,1.944517,0.044462
139.752046,119.719953,20.032093,135.207316,114.205011,21.002306,2.262613,0.041024
133.451246,111.859040,21.592206,130.764956,108.637403,22.127553,2.148702,0.044586
129.681098,107.316628,22.364469,127.582184,104.944101,22.638084,2.266472,0.044739
127.125179,104.413893,22.711286,125.776600,102.907691,22.868909,2.415221,0.043583
125.248623,102.307778,22.940845,123.913336,100.805508,23.107828,2.474726,0.042540
123.820903,100.722172,23.098730,122.792978,99.573435,23.219543,2.261447,0.046813
122.619473,99.450538,23.168934,121.557685,98.433401,23.124285,2.417057,0.046232
121.586489,98.387815,23.198674,120.818715,97.673428,23.145288,2.509691,0.045132
120.880828,97.588884,23.291944,120.277459,96.937329,23.340130,2.430531,0.045311
120.179004,96.886660,23.292345,119.634125,96.130889,23.503236,2.612781,0.044009
119.487860,96.157201,23.330659,119.170746,95.903235,23.267511,2.455164,0.045488
119.025005,95.692119,23.332886,118.830325,95.491000,23.339325,2.584728,0.045793
118.523012,95.159609,23.363403,118.849306,95.340223,23.509083,2.554319,0.046057
117.992992,94.595898,23.397094,118.281883,94.859791,23.422091,2.617633,0.045823
117.566432,94.197135,23.369297,117.844376,94.537060,23.307316,2.517837,0.045371
117.170470,93.768063,23.402407,117.675979,94.342659,23.333320,2.528818,0.047143
116.793691,93.396944,23.396747,116.856186,93.383775,23.472411,2.597265,0.045873
116.413288,93.056693,23.356595,116.760500,93.515416,23.245083,2.695853,0.041864
116.172909,92.784546,23.388363,116.471140,93.117383,23.353758,2.699093,0.046546
115.793222,92.357413,23.435808,116.176474,92.692754,23.483721,2.736125,0.044651
115.545861,92.125430,23.420431,115.856890,92.532802,23.324088,2.614578,0.047363
115.227872,91.791361,23.436511,115.487323,92.212610,23.274714,2.613183,0.050467
115.035192,91.626281,23.408911,115.457081,92.166110,23.290971,2.674917,0.046221
114.758986,91.345904,23.413082,115.173911,91.649409,23.524503,2.632635,0.044284
114.585765,91.163372,23.422393,115.064245,91.674568,23.389677,2.717574,0.043726
114.383267,90.978914,23.404353,114.724409,91.328031,23.396377,2.742748,0.043036
114.146707,90.753585,23.393123,114.520209,91.064745,23.455463,2.650210,0.047184
113.952974,90.553089,23.399885,114.803076,91.531710,23.271367,2.759060,0.043405
113.784121,90.383940,23.400181,114.613321,91.279690,23.333632,2.753943,0.041439
113.592219,90.207876,23.384343,114.616097,91.203731,23.412367,2.723579,0.043718
113.456258,90.071104,23.385154,114.226521,90.986428,23.240093,2.748595,0.044327
113.296255,89.949860,23.346395,114.281278,90.994568,23.286710,2.629142,0.047703
113.105563,89.766260,23.339302,114.059817,90.710011,23.349806,2.706015,0.046101
113.064357,89.713331,23.351027,113.720535,90.398447,23.322088,2.931451,0.042419
112.794763,89.452640,23.342123,113.750652,90.566559,23.184093,2.772924,0.050650
112.669626,89.378608,23.291018,113.616967,90.404931,23.212036,2.686350,0.046597
112.595975,89.279601,23.316374,113.561630,90.257730,23.303900,2.559142,0.048967
112.634979,89.285333,23.349646,113.679496,90.309081,23.370415,2.678867,0.045433
112.371661,89.005516,23.366145,113.361860,90.008607,23.353254,2.710407,0.043280
112.218055,88.873585,23.344470,113.464556,90.222120,23.242436,2.821118,0.046140
112.119192,88.781175,23.338017,113.388679,90.091597,23.297082,2.684763,0.044309
112.005754,88.696328,23.309426,113.151423,89.848756,23.302667,2.779855,0.046677
111.901050,88.577306,23.323744,113.018199,89.791474,23.226725,2.881301,0.042253
111.768342,88.448690,23.319652,113.148767,89.854414,23.294353,2.688126,0.048586
111.671201,88.344905,23.326296,112.917336,89.700689,23.216647,2.657892,0.044069
111.610864,88.363011,23.247853,112.660049,89.529227,23.130822,3.051831,0.041415
111.527708,88.214493,23.313215,112.595496,89.333875,23.261621,2.749771,0.046157
111.435346,88.154565,23.280780,112.648471,89.457448,23.191023,2.790121,0.044143
111.349075,88.075887,23.273188,112.310015,88.896074,23.413941,2.870247,0.039802
111.172153,87.909859,23.262294,112.273147,89.052741,23.220406,2.776295,0.046482
111.184185,87.878773,23.305412,112.216350,89.012232,23.204118,2.709847,0.045068
111.043574,87.798761,23.244812,112.651253,89.509416,23.141837,2.793768,0.045485
110.956271,87.655207,23.301064,112.092523,88.692144,23.400379,2.905952,0.039140
110.811026,87.503614,23.307412,112.184439,88.929219,23.255221,2.852631,0.045010
110.762657,87.463769,23.298887,111.894130,88.634364,23.259766,2.695981,0.046756
110.591270,87.320622,23.270649,111.894194,88.671242,23.222953,2.659661,0.049893
110.577091,87.345082,23.232009,112.375044,89.066035,23.309010,2.693175,0.044977
110.477577,87.219643,23.257934,111.876444,88.641983,23.234460,2.827250,0.041333
110.297795,87.062205,23.235590,111.695049,88.491017,23.204032,2.758508,0.043436
110.250050,87.030631,23.219419,112.194029,88.893307,23.300722,2.773528,0.040856
110.137050,86.921558,23.215492,111.607216,88.477475,23.129742,3.022124,0.043644
110.009143,86.772542,23.236602,111.471689,88.215029,23.256660,2.862376,0.046239
110.003063,86.717056,23.286007,111.441370,88.364462,23.076909,2.994775,0.039207
109.904726,86.662534,23.242192,111.053843,87.869520,23.184323,2.883703,0.045642
109.795320,86.550226,23.245094,111.434923,88.187564,23.247359,2.896385,0.043389
109.686934,86.425431,23.261503,111.080062,87.960332,23.119731,2.817105,0.044040
109.554867,86.334277,23.220590,111.121993,87.953448,23.168546,2.853581,0.045230
109.598477,86.347957,23.250520,111.103733,87.993473,23.110261,3.001816,0.043319
109.517897,86.319344,23.198553,110.895258,87.724222,23.171037,2.911227,0.040611
109.423526,86.206473,23.217053,110.650912,87.431034,23.219878,2.942873,0.040913
109.428852,86.178597,23.250255,110.733998,87.497609,23.236388,3.181139,0.039235
109.277436,86.083723,23.193713,110.450751,87.301327,23.149424,2.939992,0.044167
109.273883,86.077105,23.196778,110.713920,87.587469,23.126450,2.863343,0.041419
109.131247,85.966516,23.164731,110.586572,87.467847,23.118725,2.959801,0.039927
109.145790,85.943209,23.202581,110.524403,87.354348,23.170055,2.918352,0.041867
109.033952,85.858579,23.175372,110.726614,87.592111,23.134503,2.803672,0.043313
108.886078,85.725561,23.160517,110.526661,87.434989,23.091673,2.845011,0.043118
108.810829,85.659495,23.151335,110.088301,87.045285,23.043017,2.808561,0.046990
108.779275,85.611234,23.168040,110.228932,87.170876,23.058057,2.741392,0.042750
108.756239,85.636473,23.119766,110.250041,87.122431,23.127611,2.978491,0.039312
108.662154,85.554237,23.107917,110.554965,87.540639,23.014326,2.968143,0.040604
108.653556,85.531146,23.122410,110.134228,87.037142,23.097086,2.913553,0.039939
108.686968,85.536971,23.149997,110.356864,87.272267,23.084598,2.820154,0.046348
108.534905,85.426240,23.108664,110.037637,86.993953,23.043684,3.039281,0.039631
108.466922,85.340878,23.126044,109.860059,86.732743,23.127316,2.909761,0.042543
108.458386,85.329874,23.128512,110.084429,86.915004,23.169425,2.865648,0.045013
108.419175,85.276613,23.142563,110.316295,87.180275,23.136021,2.892847,0.041763
108.377016,85.225752,23.151264,109.955946,86.871333,23.084613,2.886280,0.048206
108.300572,85.194925,23.105647,110.191870,87.021472,23.170398,3.051800,0.043691
108.358101,85.215923,23.142178,109.891386,86.935946,22.955441,2.950805,0.040403
108.278491,85.127296,23.151194,109.952080,86.786649,23.165431,2.841921,0.042803
108.194515,85.056338,23.138176,109.895095,86.871841,23.023254,3.090805,0.041345
108.227928,85.074484,23.153444,110.019001,86.909507,23.109495,2.923320,0.042840
108.203126,85.064341,23.138785,109.836683,86.827477,23.009206,3.055196,0.044374
108.166063,84.957770,23.208292,109.844068,86.552381,23.291687,2.907435,0.038862
108.032747,84.834525,23.198222,110.019048,86.812069,23.206979,2.913122,0.041571
108.136289,84.894517,23.241773,110.028866,86.826666,23.202200,2.832802,0.042128
108.008458,84.806553,23.201905,109.591451,86.461687,23.129764,2.740191,0.045149
108.056851,84.846771,23.210081,109.652780,86.333952,23.318829,2.876809,0.041372
108.068979,84.875872,23.193107,109.546619,86.438261,23.108358,3.093954,0.044297
108.018012,84.794986,23.223025,109.681971,86.448038,23.233934,2.848654,0.042825
107.917889,84.694219,23.223670,109.852970,86.640277,23.212692,2.897828,0.045883
107.830821,84.621642,23.209180,109.761423,86.560729,23.200694,2.958958,0.040724
107.863642,84.637620,23.226023,109.326938,86.124453,23.202486,3.100544,0.041866
107.735737,84.485411,23.250327,109.656822,86.493452,23.163370,2.923568,0.042614
107.874489,84.604675,23.269814,109.475427,86.223020,23.252407,2.890810,0.040899
107.790930,84.504529,23.286401,109.567740,86.206784,23.360956,3.084268,0.040586
107.808330,84.527147,23.281183,109.565535,86.296210,23.269325,2.814131,0.041985
107.711115,84.470335,23.240780,109.731256,86.624240,23.107016,3.155442,0.039527
107.815647,84.537812,23.277836,109.346959,86.165590,23.181370,3.035471,0.041938
107.659934,84.358218,23.301716,109.549958,86.145745,23.404213,2.913968,0.043406
107.734378,84.499056,23.235322,109.545404,86.338923,23.206480,2.962674,0.043584
107.665485,84.373631,23.291854,109.487695,86.171084,23.316611,2.858002,0.043576
107.573214,84.290655,23.282559,109.206432,85.956158,23.250273,3.055152,0.044049
107.603405,84.310419,23.292986,109.394210,86.223847,23.170364,3.305552,0.042791
107.567137,84.292630,23.274507,109.572043,86.370687,23.201356,3.036168,0.048187
107.525759,84.291990,23.233769,109.085369,85.954356,23.131013,3.131700,0.045910
107.520218,84.260075,23.260144,109.484327,86.244028,23.240300,2.873614,0.042877
107.442503,84.177335,23.265168,109.040021,85.875000,23.165021,3.069360,0.039108
107.423256,84.173011,23.250245,109.331743,86.049565,23.282177,2.921246,0.042772
107.405913,84.132111,23.273802,109.392306,86.081014,23.311292,3.061656,0.039149
107.316736,84.068751,23.247985,109.216407,86.052177,23.164230,2.841835,0.044896
107.309720,84.056858,23.252862,109.150629,85.910607,23.240023,2.944650,0.042365
107.298424,84.028322,23.270101,108.937628,85.789255,23.148372,2.974087,0.040521
107.265983,84.031570,23.234413,109.044620,85.908049,23.136570,3.039043,0.045536
107.270843,84.006190,23.264653,109.053376,85.834832,23.218545,2.942541,0.043139
107.157360,83.904326,23.253034,108.958052,85.719272,23.238780,3.002569,0.042215
107.085122,83.854692,23.230430,108.898762,85.669697,23.229065,2.884027,0.046583
107.135588,83.918505,23.217083,109.123994,85.864531,23.259463,2.878420,0.043495
107.230843,83.963445,23.267399,109.225306,85.932597,23.292709,2.910702,0.045164
107.095505,83.811001,23.284504,109.034752,85.840712,23.194040,3.024509,0.042555
107.149523,83.870377,23.279147,109.176541,85.950408,23.226133,2.945706,0.041622
106.958943,83.673159,23.285783,108.725975,85.511779,23.214196,2.936051,0.044306
106.965099,83.731773,23.233327,108.649000,85.442612,23.206388,3.120129,0.038214
106.966866,83.712032,23.254834,108.736189,85.553077,23.183111,3.030630,0.043661
107.024799,83.774182,23.250617,108.856157,85.652672,23.203485,2.905422,0.045886
106.859980,83.658393,23.201588,108.657155,85.428790,23.228364,2.971563,0.041241
106.812337,83.556029,23.256309,108.955955,85.861415,23.094539,3.130477,0.041556
106.879846,83.700310,23.179535,108.734789,85.474849,23.259940,2.985475,0.036893
106.693160,83.468324,23.224836,108.598240,85.364045,23.234194,2.916709,0.043196
106.770792,83.536676,23.234116,108.753940,85.750771,23.003169,2.996490,0.041214
106.617039,83.457053,23.159986,108.636670,85.589808,23.046862,3.312974,0.037703
106.769684,83.529114,23.240570,108.760963,85.526032,23.234931,3.033003,0.041269
106.722262,83.508620,23.213642,108.307830,85.066027,23.241803,3.017052,0.041165
106.651982,83.406638,23.245344,108.779868,85.565583,23.214284,2.802281,0.045853
106.647068,83.409194,23.237874,108.542477,85.274471,23.268006,3.010799,0.041115
106.566356,83.323700,23.242656,108.524698,85.354865,23.169833,2.998889,0.040868
106.603417,83.348714,23.254703,108.767822,85.632459,23.135363,3.160812,0.044589
106.566387,83.336040,23.230347,108.798476,85.630033,23.168443,3.094375,0.041786
106.512247,83.232046,23.280201,108.499655,85.229513,23.270142,2.952759,0.043306
106.450005,83.237760,23.212244,108.495897,85.428285,23.067612,3.166930,0.044417
106.488637,83.225574,23.263063,108.185325,85.036041,23.149284,3.138097,0.041719
106.555318,83.259976,23.295343,108.009351,84.797782,23.211570,3.001901,0.042093
106.458108,83.177665,23.280443,108.251965,85.008507,23.243458,3.004997,0.040558
106.414108,83.128159,23.285949,108.520867,85.242812,23.278055,2.992894,0.043906
106.293679,83.003724,23.289955,108.192160,84.932053,23.260107,2.958311,0.042383
106.322859,83.050920,23.271940,108.453246,85.236451,23.216795,2.999346,0.043013
106.337990,83.048712,23.289278,108.381827,85.172522,23.209306,2.918500,0.043390
