243.598379,241.588903,2.009476,194.675579,192.210804,2.464774,5.360557,0.006429
190.813457,186.962748,3.850709,181.631146,175.799944,5.831203,3.956246,0.010862
172.727080,164.870085,7.856996,162.568982,152.902344,9.666638,3.977060,0.013120
156.284504,144.945085,11.339418,150.401385,138.445069,11.956316,3.728432,0.015778
147.446813,134.921460,12.525353,143.130397,129.977572,13.152825,3.861904,0.015145
141.388473,128.022262,13.366211,137.893252,123.789213,14.104039,3.944877,0.015498
136.794012,122.501073,14.292939,133.777428,119.086980,14.690448,3.795073,0.017553
133.068282,118.115676,14.952605,130.202214,114.787152,15.415061,3.972252,0.015611
130.174471,114.607621,15.566850,127.907623,111.983235,15.924388,3.839548,0.016423
127.863603,111.686411,16.177191,126.010048,109.400063,16.609985,3.738063,0.017292
125.783989,109.202910,16.581079,124.106293,107.221467,16.884826,3.893431,0.016671
124.161717,107.284664,16.877053,122.748357,105.599798,17.148559,3.809531,0.016802
122.733059,105.604716,17.128342,121.503434,104.143281,17.360152,3.985204,0.017019
121.522367,104.291911,17.230457,120.366289,102.957550,17.408740,3.820287,0.017526
120.404527,102.934846,17.469681,119.266729,101.727887,17.538843,4.103496,0.016773
119.457197,101.844530,17.612667,118.311086,100.599905,17.711180,4.097085,0.016506
118.449529,100.714436,17.735093,117.493727,99.726686,17.767041,3.841544,0.017027
117.767516,99.881262,17.886254,116.734619,98.676267,18.058352,3.991622,0.016165
116.955473,98.921198,18.034275,116.227326,98.035890,18.191437,4.092787,0.015582
116.288524,98.153824,18.134700,115.593900,97.332491,18.261409,4.184018,0.015285
115.701064,97.512591,18.188473,115.033615,96.751574,18.282040,3.848558,0.016656
115.103692,96.825889,18.277804,114.267790,95.761108,18.506683,3.866132,0.015596
114.532358,96.165165,18.367193,113.893518,95.389494,18.504024,3.968393,0.015938
114.026929,95.615308,18.411620,113.401431,94.904020,18.497410,3.965863,0.017175
113.565369,95.121862,18.443507,113.164014,94.636559,18.527455,4.155931,0.015338
113.124112,94.614322,18.509790,113.108877,94.659459,18.449418,4.028503,0.016610
112.658419,94.201236,18.457183,112.405939,93.744290,18.661649,4.184262,0.015591
112.347606,93.864563,18.483043,111.886654,93.368052,18.518602,4.074791,0.016327
111.878660,93.338691,18.539968,111.815797,93.260220,18.555577,3.941511,0.016499
111.468869,92.901079,18.567790,111.767766,93.302366,18.465400,4.014349,0.016494
111.181189,92.623248,18.557941,111.170975,92.698598,18.472376,4.091963,0.015785
110.804714,92.229172,18.575542,110.687620,92.039567,18.648053,3.939834,0.016435
110.464711,91.850348,18.614363,110.018576,91.417929,18.600647,4.071937,0.015785
110.234767,91.595240,18.639527,110.506987,91.833035,18.673951,4.133532,0.016056
109.900189,91.213217,18.686972,109.675946,90.988129,18.687817,3.946646,0.016378
109.523097,90.763329,18.759768,109.478628,90.696436,18.782192,4.258702,0.015026
109.298071,90.553541,18.744530,109.437808,90.756481,18.681326,3.903374,0.016346
109.118138,90.321465,18.796673,109.219296,90.407335,18.811961,4.138632,0.014438
108.844690,90.004790,18.839900,109.270062,90.483728,18.786334,4.044225,0.015407
108.619340,89.739713,18.879627,108.881314,89.905969,18.975344,4.089723,0.014942
108.377887,89.451929,18.925958,108.810959,89.821871,18.989088,3.959190,0.015196
108.164659,89.233515,18.931144,108.444184,89.557741,18.886442,4.077099,0.014927
108.078406,89.104932,18.973474,108.307373,89.442299,18.865075,4.235188,0.014758
107.762474,88.765988,18.996485,108.415368,89.425561,18.989806,3.944644,0.016343
107.649577,88.666763,18.982814,107.753659,88.847149,18.906511,4.358043,0.014199
107.437343,88.383071,19.054272,107.959664,89.032262,18.927402,4.224711,0.014708
107.331704,88.275684,19.056021,107.757088,88.760866,18.996221,4.217128,0.015134
107.198774,88.136736,19.062038,107.382930,88.312871,19.070059,4.274079,0.015201
106.950177,87.820237,19.129940,107.669795,88.608176,19.061619,4.149530,0.014990
106.848365,87.675331,19.173035,107.467885,88.288364,19.179520,4.047766,0.016065
106.661107,87.485173,19.175934,107.154195,87.932743,19.221453,3.977791,0.014905
106.516004,87.339259,19.176745,107.396131,88.272546,19.123585,4.068272,0.015008
106.314277,87.101165,19.213112,107.147739,88.045768,19.101971,4.147823,0.015202
106.284660,87.031916,19.252743,106.979789,87.698722,19.281066,4.081269,0.014734
106.093096,86.865228,19.227868,106.783469,87.611763,19.171706,4.122025,0.015164
106.003247,86.752805,19.250442,106.572449,87.374380,19.198070,4.031839,0.016254
105.846000,86.576488,19.269512,106.542659,87.243700,19.298960,4.360682,0.013995
105.751255,86.492057,19.259198,106.488164,87.149883,19.338280,3.976416,0.015933
105.593624,86.257307,19.336317,106.329291,87.079504,19.249787,4.140954,0.015669
105.498056,86.188644,19.309412,106.488642,87.246879,19.241762,4.228991,0.014086
105.365534,86.056266,19.309268,106.205423,86.951626,19.253797,3.970549,0.016062
105.271801,85.916914,19.354887,106.005466,86.538109,19.467357,3.976743,0.015117
105.166451,85.806457,19.359994,106.071250,86.762286,19.308964,4.044300,0.014585
104.993299,85.598894,19.394405,105.863257,86.511336,19.351921,4.147974,0.014947
104.957424,85.528335,19.429089,106.109860,86.693919,19.415941,3.995341,0.014801
104.845419,85.399579,19.445841,105.945433,86.525910,19.419523,4.083138,0.014708
104.797523,85.342815,19.454708,105.745801,86.326549,19.419251,4.350069,0.013576
104.673167,85.253943,19.419225,105.635627,86.182918,19.452709,4.175972,0.014426
104.587293,85.158556,19.428738,105.916700,86.438427,19.478273,4.069638,0.015095
104.391585,84.890821,19.500764,105.475476,85.997156,19.478320,3.933172,0.014851
104.367803,84.874117,19.493686,105.610330,86.206332,19.403998,4.211189,0.015279
104.299490,84.799665,19.499825,105.554723,86.159400,19.395322,4.170030,0.015566
104.196011,84.723632,19.472379,105.178378,85.775715,19.402663,4.431897,0.015497
104.102565,84.609652,19.492913,105.374510,86.007969,19.366541,3.957064,0.016023
104.063899,84.537362,19.526537,105.255215,85.782744,19.472471,4.049921,0.015738
103.976027,84.393034,19.582993,105.460370,85.997682,19.462688,4.085380,0.015041
103.881282,84.355980,19.525302,105.037523,85.557720,19.479803,3.963121,0.015810
103.871830,84.297180,19.574650,105.341411,85.712173,19.629238,4.194790,0.015523
103.789755,84.190588,19.599167,105.087511,85.558027,19.529483,3.951992,0.015618
103.636380,83.994110,19.642271,105.029239,85.529311,19.499928,4.091732,0.015472
103.637566,84.070916,19.566649,104.795531,85.200576,19.594955,4.075827,0.014557
103.545612,83.975626,19.569986,104.866414,85.360426,19.505988,3.884506,0.015719
103.470891,83.837248,19.633643,104.743219,85.164450,19.578769,4.138025,0.013778
103.435810,83.781892,19.653918,104.908218,85.391861,19.516356,3.990387,0.015438
103.377008,83.716595,19.660413,104.576753,84.963799,19.612953,4.006313,0.014979
103.228450,83.563293,19.665157,104.747640,85.179503,19.568137,3.889670,0.015476
103.197185,83.525131,19.672054,104.884458,85.309189,19.575268,4.091856,0.014222
103.132571,83.431080,19.701491,104.491851,84.969777,19.522074,4.018853,0.014882
103.119249,83.443278,19.675971,104.638407,85.045555,19.592852,4.203396,0.014597
103.002123,83.336665,19.665458,104.542309,84.908347,19.633961,4.188941,0.014233
102.999675,83.308533,19.691141,104.792626,85.123418,19.669208,3.986664,0.014954
102.976641,83.217572,19.759069,104.535692,84.781295,19.754396,3.927303,0.015469
102.908903,83.167188,19.741715,104.655424,84.998392,19.657032,3.934673,0.016148
102.845840,83.124499,19.721340,104.360613,84.789635,19.570979,4.010147,0.014909
102.782040,83.034715,19.747325,104.437985,84.767866,19.670119,3.944484,0.014739
102.756522,82.997846,19.758677,104.263556,84.555650,19.707906,4.050929,0.015140
102.647234,82.860372,19.786862,104.244300,84.578085,19.666215,4.384164,0.014218
102.670251,82.877479,19.792772,103.987538,84.311712,19.675825,4.004352,0.015705
102.543710,82.781797,19.761912,104.092095,84.415719,19.676376,4.141864,0.014332
102.609603,82.810855,19.798747,104.333626,84.697437,19.636190,3.994888,0.015635
102.476290,82.728411,19.747879,104.234728,84.436143,19.798585,4.160926,0.014475
102.376701,82.615779,19.760921,104.025219,84.375474,19.649745,4.175632,0.014541
102.414924,82.631539,19.783385,104.142189,84.394091,19.748097,3.925546,0.015135
102.378978,82.584986,19.793992,104.040151,84.387387,19.652765,4.113716,0.014811
102.329018,82.565690,19.763328,103.911533,84.122437,19.789096,4.058331,0.014325
102.256209,82.427018,19.829192,103.754118,83.971966,19.782152,4.081769,0.014657
102.218642,82.363567,19.855076,103.944322,84.127362,19.816960,4.301910,0.014209
102.197147,82.351881,19.845267,103.895464,84.247876,19.647588,4.127891,0.014514
102.149576,82.335769,19.813807,103.830513,84.138236,19.692277,4.074272,0.014623
102.119369,82.297970,19.821399,103.751699,84.022295,19.729403,4.131818,0.014458
102.023010,82.211475,19.811535,103.724654,83.973770,19.750885,4.068217,0.014229
102.014866,82.173881,19.840985,103.861734,84.000677,19.861057,3.993905,0.015115
102.026720,82.186740,19.839979,103.991182,84.253736,19.737446,4.213531,0.014821
101.971433,82.129497,19.841936,103.900991,84.119158,19.781833,4.015649,0.014719
101.960931,82.120515,19.840416,104.050801,84.349711,19.701090,4.056877,0.015750
101.913475,82.041278,19.872197,103.912820,84.095320,19.817500,4.194197,0.014636
101.844783,81.980590,19.864193,103.987403,84.147824,19.839579,4.006283,0.014975
101.835420,81.943438,19.891982,103.878809,83.995323,19.883486,4.030171,0.014091
101.797978,81.894850,19.903128,103.561274,83.716863,19.844411,3.905752,0.015473
101.751700,81.850836,19.900864,103.751063,84.008825,19.742238,3.975970,0.014760
101.728110,81.839652,19.888458,103.578850,83.763021,19.815829,4.089046,0.014827
101.678489,81.728891,19.949598,103.467112,83.633279,19.833833,3.996777,0.014698
101.636955,81.680389,19.956566,103.441089,83.499754,19.941335,4.372347,0.014832
101.557052,81.627702,19.929349,103.611589,83.809692,19.801898,4.151444,0.014743
101.597365,81.671741,19.925624,103.394638,83.543270,19.851368,4.096664,0.015496
101.534591,81.572196,19.962395,103.391646,83.518436,19.873210,4.038937,0.014417
101.613575,81.672174,19.941401,103.576671,83.770613,19.806058,4.066080,0.014999
101.506023,81.543941,19.962081,103.570615,83.758390,19.812225,4.010760,0.014719
101.459330,81.565901,19.893429,103.284155,83.492593,19.791562,4.143997,0.014431
101.493084,81.590315,19.902769,103.457452,83.563133,19.894319,4.122823,0.015267
101.432494,81.492817,19.939677,103.560333,83.732877,19.827456,4.146983,0.014132
101.430877,81.440079,19.990798,103.254936,83.438742,19.816194,3.995117,0.014520
101.364182,81.402648,19.961534,103.304057,83.470393,19.833663,3.869027,0.015032
101.367027,81.424201,19.942826,103.627891,83.701292,19.926599,4.185420,0.014908
101.360466,81.412460,19.948007,103.636513,83.794981,19.841531,4.074252,0.014458
101.321424,81.349476,19.971948,103.367392,83.496550,19.870841,4.059499,0.014586
101.335990,81.356526,19.979464,103.320262,83.397241,19.923021,4.169999,0.013848
101.192721,81.167211,20.025511,103.360379,83.488152,19.872227,4.095575,0.014906
101.225880,81.261976,19.963904,103.385400,83.453076,19.932324,4.133391,0.015366
101.250509,81.285196,19.965314,103.476694,83.686536,19.790157,4.038242,0.014534
101.224805,81.207263,20.017542,103.273880,83.422744,19.851136,4.166757,0.015107
101.184094,81.144079,20.040015,103.249017,83.304941,19.944076,4.427111,0.013874
101.171166,81.132363,20.038803,103.076889,83.126274,19.950614,4.169151,0.013746
101.114650,81.097891,20.016759,103.229740,83.311961,19.917779,3.943274,0.014754
101.075060,81.060599,20.014462,103.326998,83.326961,20.000037,4.195085,0.014999
101.160490,81.135691,20.024798,103.340534,83.299523,20.041012,4.033692,0.014587
101.094281,81.024996,20.069285,103.045114,83.042045,20.003069,4.172394,0.014593
101.041625,81.019637,20.021987,103.227446,83.396551,19.830895,4.290998,0.013740
101.072885,81.019954,20.052931,103.048561,83.151441,19.897120,4.355191,0.014523
101.023276,80.985706,20.037571,103.151310,83.188446,19.962864,4.230556,0.014475
100.974494,80.945824,20.028670,103.264676,83.249909,20.014767,4.085595,0.014723
100.988042,80.903018,20.085024,103.201108,83.293690,19.907419,4.321633,0.013936
100.996010,80.951753,20.044257,103.315398,83.314726,20.000672,4.110342,0.014880
100.952918,80.893547,20.059371,102.959995,82.975566,19.984429,4.011717,0.015719
100.970803,80.955832,20.014971,102.990258,83.039254,19.951005,4.106572,0.016030
100.886120,80.813727,20.072394,103.160063,83.190591,19.969471,4.128047,0.015120
100.906038,80.848783,20.057255,103.020104,83.045914,19.974189,4.043458,0.014287
100.878192,80.815852,20.062340,103.114531,83.089580,20.024952,4.135492,0.014694
100.872981,80.782156,20.090826,103.173111,83.162523,20.010587,4.182500,0.014339
100.776380,80.714991,20.061388,103.267422,83.306491,19.960931,4.212409,0.016217
