205.222326,203.058852,2.163474,187.394805,183.488005,3.906801,4.980466,0.010344
170.666777,163.145580,7.521197,157.353121,147.572130,9.780991,3.897935,0.015758
152.041484,141.021946,11.019538,147.123521,135.493797,11.629723,3.708589,0.016683
144.832468,132.422349,12.410119,140.770723,127.371211,13.399512,3.484271,0.017582
139.347365,125.357072,13.990294,135.888641,121.091463,14.797177,3.526357,0.017543
135.370754,120.331349,15.039405,133.722191,118.307212,15.414979,3.590068,0.018777
132.562064,116.773639,15.788425,130.745989,114.576616,16.169373,3.562307,0.018215
130.369238,113.961126,16.408112,128.857581,112.018341,16.839240,3.432944,0.020286
128.607660,111.706000,16.901660,127.113352,109.832703,17.280649,3.725184,0.016736
126.980713,109.608495,17.372217,125.402782,107.861449,17.541333,3.642752,0.017024
125.897677,108.112702,17.784975,125.016802,106.987886,18.028916,3.554824,0.016663
124.468047,106.378950,18.089097,123.210770,104.939873,18.270897,3.459517,0.017858
123.366394,104.990103,18.376291,123.266621,104.621247,18.645375,3.465852,0.016818
122.560601,103.920203,18.640398,121.925514,103.008477,18.917036,3.528837,0.016378
121.764960,102.808661,18.956300,120.837070,101.868623,18.968448,3.538838,0.016384
120.925047,101.863155,19.061892,120.246220,101.074681,19.171539,3.405394,0.016184
120.215808,100.961595,19.254213,119.662596,100.323451,19.339145,3.556903,0.016179
119.685174,100.217268,19.467906,118.720170,99.245787,19.474382,3.446138,0.015360
119.224345,99.583786,19.640560,118.901093,99.220137,19.680956,3.478083,0.015953
118.768705,98.942536,19.826169,118.663742,98.769915,19.893827,3.506319,0.015583
118.084778,98.153931,19.930847,118.219973,98.177260,20.042712,3.504792,0.015290
117.943213,97.836010,20.107204,117.978898,97.877145,20.101752,3.538520,0.014574
117.438425,97.222404,20.216021,117.490627,97.181345,20.309282,3.399659,0.016097
117.045213,96.762648,20.282565,116.670864,96.330067,20.340797,3.557490,0.014985
116.740694,96.338602,20.402092,116.352987,95.856406,20.496581,3.685337,0.013917
116.291059,95.749323,20.541736,115.959640,95.523975,20.435665,3.701125,0.014610
115.985412,95.413884,20.571528,116.170778,95.410148,20.760629,3.688081,0.013207
115.709657,95.023747,20.685910,115.584373,94.792139,20.792233,3.615745,0.014679
115.524386,94.713922,20.810464,115.543741,94.718725,20.825015,3.409210,0.016554
115.071081,94.192799,20.878282,115.337323,94.389563,20.947760,3.417383,0.014850
114.920738,93.954374,20.966365,115.297899,94.211189,21.086711,3.536701,0.013813
114.748408,93.650616,21.097792,115.616722,94.545149,21.071573,3.650470,0.014096
114.543011,93.418585,21.124426,114.673182,93.581528,21.091653,3.469868,0.014300
114.188446,93.046077,21.142370,114.319410,93.115378,21.204032,3.689988,0.013253
114.001644,92.740587,21.261056,114.434866,93.150010,21.284856,3.515607,0.014423
113.855194,92.528692,21.326503,114.484621,93.063908,21.420713,3.625253,0.014089
113.684812,92.274925,21.409887,113.900255,92.558803,21.341452,3.414708,0.014068
113.550648,92.066975,21.483673,114.553883,92.973458,21.580425,3.502573,0.014055
113.303971,91.768692,21.535279,113.994416,92.441237,21.553179,3.562364,0.012895
112.900761,91.335224,21.565536,113.877417,92.140970,21.736446,3.461071,0.013252
112.872706,91.242990,21.629716,113.306189,91.767029,21.539160,3.502445,0.012919
112.701891,91.075562,21.626329,112.859987,91.196348,21.663638,3.384077,0.014408
112.668985,90.997468,21.671517,113.220041,91.509590,21.710450,3.667699,0.013028
112.464342,90.722834,21.741508,113.443586,91.605583,21.838003,3.588884,0.013824
112.236846,90.452457,21.784390,112.561703,90.788788,21.772915,3.692850,0.012918
112.118343,90.281843,21.836500,112.633009,90.788775,21.844234,3.568479,0.012886
111.869893,90.004868,21.865024,112.447659,90.595380,21.852279,3.595510,0.013126
112.035217,90.088720,21.946497,113.482862,91.515676,21.967186,3.517766,0.012746
111.891372,89.951274,21.940099,112.729113,90.685556,22.043557,3.637222,0.013033
111.512177,89.514182,21.997995,112.643712,90.609263,22.034449,3.697639,0.012254
111.441728,89.442075,21.999653,112.193626,90.122947,22.070678,3.514631,0.012792
111.255142,89.227003,22.028139,111.929790,89.946789,21.983001,3.595992,0.012767
111.198638,89.115188,22.083449,111.752280,89.614153,22.138127,3.670384,0.013082
111.169407,89.044224,22.125183,112.247932,90.052138,22.195794,3.643364,0.012248
111.306962,89.145285,22.161677,112.258830,90.211576,22.047253,3.377774,0.012651
111.139285,88.954669,22.184616,112.010843,89.809046,22.201797,3.380809,0.012998
111.052704,88.818568,22.234136,112.286756,90.031396,22.255360,3.712219,0.011658
110.851427,88.592730,22.258697,111.989773,89.674106,22.315666,3.630997,0.011420
110.670750,88.366753,22.303998,111.843572,89.451018,22.392553,3.445324,0.013138
110.516789,88.214764,22.302025,111.637973,89.376478,22.261494,3.645352,0.012007
110.501754,88.227928,22.273826,111.827882,89.588438,22.239443,3.431011,0.013083
110.337240,88.051710,22.285530,111.733817,89.365196,22.368622,3.564977,0.013155
110.308142,87.948467,22.359675,111.498538,89.163578,22.334960,3.704600,0.013195
110.236372,87.844024,22.392349,111.476336,89.103530,22.372806,3.377826,0.012781
110.088826,87.658527,22.430299,111.570768,89.137891,22.432877,3.519657,0.011972
110.116674,87.648076,22.468598,111.571456,89.163192,22.408264,3.451045,0.013374
109.947709,87.545406,22.402303,110.939930,88.585077,22.354853,3.484598,0.012621
109.925617,87.472056,22.453561,111.494202,89.066827,22.427375,3.292782,0.013627
109.936606,87.412859,22.523747,111.420606,88.829257,22.591350,3.398214,0.012542
109.706782,87.157776,22.549006,111.291106,88.827831,22.463275,3.655153,0.012864
109.733205,87.169801,22.563404,111.530866,88.966489,22.564377,3.440630,0.013294
109.542957,86.960153,22.582804,110.956840,88.385180,22.571660,3.473002,0.011740
109.484521,86.894184,22.590337,111.133456,88.502666,22.630790,3.678282,0.011410
109.535207,86.918929,22.616279,111.533433,88.921739,22.611694,3.366973,0.012393
109.498317,86.886041,22.612275,110.955757,88.406025,22.549733,3.251414,0.014033
109.459191,86.825783,22.633408,111.116329,88.485517,22.630812,3.579645,0.012002
109.391598,86.685693,22.705904,110.806962,88.206992,22.599969,3.673961,0.011444
109.269546,86.616898,22.652648,110.745943,88.198469,22.547474,3.421045,0.012088
109.138315,86.510885,22.627430,110.909828,88.256661,22.653167,3.568372,0.011146
109.136986,86.481963,22.655024,110.730478,88.190996,22.539483,3.505642,0.012302
109.148383,86.469103,22.679280,110.598654,87.883754,22.714900,3.766976,0.011443
109.074957,86.329695,22.745262,111.029742,88.247507,22.782235,3.242500,0.011825
108.987278,86.243093,22.744184,110.868137,88.074379,22.793757,3.586582,0.011886
109.034128,86.260827,22.773301,110.802254,88.066447,22.735808,3.637735,0.011648
108.929514,86.159067,22.770448,110.664408,87.896427,22.767981,3.362713,0.011574
108.825931,86.054339,22.771593,110.528443,87.837877,22.690567,3.788592,0.011123
108.543398,85.748695,22.794704,110.502988,87.774631,22.728357,3.698250,0.010557
108.580511,85.795303,22.785209,110.490593,87.783894,22.706699,3.642797,0.011293
108.684032,85.857585,22.826447,110.844611,88.063884,22.780727,3.624452,0.012094
108.781733,85.943707,22.838025,110.316300,87.447132,22.869168,3.526059,0.011883
108.580478,85.702034,22.878444,110.648116,87.771208,22.876908,3.400300,0.012963
108.479710,85.609607,22.870103,110.400227,87.569510,22.830717,3.642391,0.011515
108.321609,85.435012,22.886597,110.556935,87.713688,22.843247,3.504883,0.012091
108.327803,85.449388,22.878415,110.249134,87.328384,22.920750,3.929923,0.009224
108.393040,85.478798,22.914243,110.296985,87.312509,22.984476,3.519035,0.010823
108.428181,85.471183,22.956998,110.235647,87.319713,22.915934,3.574919,0.010946
108.324938,85.427825,22.897113,110.100632,87.164706,22.935926,3.566674,0.011527
108.115858,85.172470,22.943388,110.379917,87.392956,22.986962,3.702729,0.009871
108.207220,85.254902,22.952318,110.614161,87.733667,22.880494,3.782029,0.011128
108.205902,85.192054,23.013849,110.104769,87.178149,22.926620,3.630548,0.010121
108.160687,85.168706,22.991981,110.143017,87.220576,22.922442,3.927660,0.010834
108.047376,85.106037,22.941339,110.145236,87.176415,22.968820,3.605259,0.011178
108.024063,85.042826,22.981238,110.218175,87.253015,22.965159,3.606920,0.010667
107.992915,84.963813,23.029102,110.123009,87.044990,23.078019,3.658551,0.011451
107.894383,84.832387,23.061996,110.145791,87.083824,23.061967,3.447440,0.011408
107.796213,84.759833,23.036380,110.017528,87.030438,22.987089,3.583183,0.011189
107.990741,84.916624,23.074117,110.009527,86.945726,23.063801,3.585977,0.011488
107.761562,84.727890,23.033672,110.070706,87.050533,23.020173,3.847267,0.010141
107.819506,84.769075,23.050431,110.305004,87.256021,23.048984,3.692406,0.011299
107.794018,84.730101,23.063916,109.985610,86.969010,23.016600,3.689105,0.009550
107.665130,84.568273,23.096857,110.356112,87.183144,23.172969,3.796053,0.009859
107.796295,84.689547,23.106748,110.284860,87.169990,23.114870,3.560109,0.012264
107.814456,84.708663,23.105793,110.066758,87.009390,23.057368,3.641046,0.011715
107.706558,84.623442,23.083116,110.338557,87.204150,23.134407,3.442584,0.010499
107.636817,84.538010,23.098807,110.213757,87.166652,23.047105,3.829518,0.011141
107.539126,84.414383,23.124742,110.287057,87.176632,23.110425,3.766452,0.009278
107.568711,84.482538,23.086173,109.858749,86.794984,23.063765,3.516385,0.011009
107.461912,84.340586,23.121325,110.169325,87.187799,22.981527,3.452295,0.011271
107.460845,84.310864,23.149981,109.869976,86.724854,23.145123,3.523641,0.011130
107.386661,84.213252,23.173409,109.810666,86.669811,23.140855,3.497491,0.010507
107.333734,84.164840,23.168894,109.860022,86.693353,23.166668,3.461286,0.011643
107.419804,84.226513,23.193292,110.374032,87.240785,23.133247,3.612201,0.010309
107.513908,84.325121,23.188787,110.049421,86.860665,23.188756,3.634340,0.010264
107.377191,84.169728,23.207463,109.726956,86.554772,23.172183,3.441430,0.010115
107.222589,84.002835,23.219753,109.672719,86.567667,23.105051,3.741996,0.008856
107.169508,83.976870,23.192637,109.778374,86.596134,23.182240,3.568974,0.011820
107.259708,84.028878,23.230830,109.613410,86.454445,23.158965,3.503303,0.011213
107.256790,84.002135,23.254655,109.365892,86.144231,23.221661,3.512185,0.011745
107.216208,83.984660,23.231548,109.866106,86.546130,23.319975,3.834056,0.010498
107.306321,84.042987,23.263335,109.864580,86.658343,23.206237,3.406169,0.010133
107.123963,83.887846,23.236117,109.672864,86.443162,23.229702,3.705053,0.010252
106.941065,83.674033,23.267032,109.572422,86.354143,23.218279,3.733165,0.010357
106.969779,83.677945,23.291834,109.493072,86.241617,23.251456,3.574221,0.010009
107.069337,83.764076,23.305262,109.755880,86.432509,23.323372,3.693380,0.009914
107.075001,83.780596,23.294405,109.412430,86.092339,23.320091,3.531616,0.010430
106.869564,83.544581,23.324983,109.731532,86.461754,23.269778,3.679755,0.009964
106.910003,83.604281,23.305722,109.333715,86.073242,23.260473,3.401461,0.010622
106.981435,83.675499,23.305936,109.437846,86.154954,23.282892,3.742635,0.010576
106.839461,83.517713,23.321748,109.292031,85.980414,23.311617,3.804586,0.009781
106.879625,83.560832,23.318793,109.499836,86.195335,23.304500,3.743221,0.009891
106.741957,83.454489,23.287468,109.692091,86.426349,23.265741,3.796709,0.009758
106.886803,83.547648,23.339155,109.777507,86.439321,23.338186,3.609566,0.010431
106.781260,83.464356,23.316904,109.579661,86.163016,23.416645,3.777714,0.010672
106.810065,83.474219,23.335846,109.365595,86.084597,23.280998,3.583370,0.010670
106.997505,83.596100,23.401405,109.735459,86.401413,23.334046,3.363163,0.011128
106.861218,83.490496,23.370722,109.633178,86.265210,23.367968,3.837399,0.009115
106.602859,83.240387,23.362472,109.625117,86.262035,23.363081,3.755266,0.010257
106.732439,83.368132,23.364307,109.409517,86.033448,23.376069,3.864978,0.009599
106.621317,83.220464,23.400853,109.671608,86.352013,23.319595,3.594209,0.010364
106.742913,83.365941,23.376973,109.540948,86.137546,23.403402,3.601671,0.010319
106.588529,83.187336,23.401194,109.684396,86.330033,23.354363,3.818909,0.010204
106.723664,83.300351,23.423314,109.439093,86.085694,23.353399,4.100457,0.008508
106.643105,83.255332,23.387773,109.526808,86.104258,23.422549,3.774998,0.009562
106.647831,83.265139,23.382692,109.836838,86.395986,23.440852,3.561970,0.010275
106.482938,83.053828,23.429110,109.473568,86.073669,23.399899,3.893819,0.009643
106.593434,83.191729,23.401705,109.420650,86.022701,23.397949,3.715960,0.010253
106.549732,83.123589,23.426143,109.393737,85.965495,23.428242,3.658220,0.010090
106.599442,83.142636,23.456806,109.273500,85.878745,23.394755,3.606355,0.010176
106.475852,83.073452,23.402401,109.378125,85.939336,23.438790,3.522030,0.009867
106.430836,83.023120,23.407716,109.411594,85.999674,23.411920,3.640410,0.010395
