193.271740,189.231076,4.040664,166.040163,157.301013,8.739149,2.813279,0.018016
154.143208,143.583444,10.559764,146.318892,134.617709,11.701183,2.791063,0.023105
142.825424,130.534059,12.291365,138.101298,124.967845,13.133454,2.825001,0.023283
135.990266,122.432097,13.558169,134.157660,120.234620,13.923039,2.848573,0.023639
131.927715,117.658607,14.269108,130.086486,115.482456,14.604029,2.891181,0.024814
128.930724,114.108596,14.822128,126.795159,111.760273,15.034886,2.965957,0.022281
126.671311,111.436751,15.234561,124.968907,109.592948,15.375960,2.979053,0.022912
124.701670,109.055398,15.646272,124.128528,108.355769,15.772759,2.847329,0.024366
123.208456,107.315472,15.892984,122.099401,106.152666,15.946735,3.177605,0.022340
121.951081,105.888795,16.062286,120.871435,104.757867,16.113569,3.099480,0.023901
120.874894,104.636778,16.238116,120.439045,104.108756,16.330289,2.818827,0.026570
119.876193,103.473172,16.403022,119.266377,102.871085,16.395292,3.099296,0.024846
119.018488,102.498031,16.520457,118.724457,102.102389,16.622068,3.043198,0.026418
118.174856,101.512581,16.662275,117.818215,101.065338,16.752877,3.251601,0.023539
117.392865,100.643334,16.749531,116.822222,99.994714,16.827508,3.081336,0.021430
116.657982,99.818157,16.839825,116.519337,99.525403,16.993934,3.060859,0.022864
116.094701,99.194679,16.900022,115.999976,99.080851,16.919125,3.102254,0.022357
115.544609,98.566127,16.978482,115.745329,98.711253,17.034076,3.061311,0.024620
115.082114,98.015237,17.066878,114.616105,97.495044,17.121062,3.206068,0.022444
114.547847,97.458071,17.089776,114.520508,97.425392,17.095116,3.246945,0.022082
114.190477,97.080188,17.110289,113.936712,96.694233,17.242479,3.120657,0.021700
113.684354,96.586100,17.098253,113.520607,96.326674,17.193933,3.183580,0.022038
113.322789,96.125639,17.197150,113.556169,96.326681,17.229488,3.091175,0.022482
112.904036,95.699851,17.204185,112.864137,95.574199,17.289938,3.361089,0.020507
112.490425,95.248545,17.241881,112.795146,95.519337,17.275809,3.164902,0.023045
112.159121,94.920482,17.238639,112.228951,94.934413,17.294539,3.173791,0.022087
111.801845,94.531060,17.270785,112.566440,95.305288,17.261152,3.192379,0.021701
111.512084,94.230623,17.281462,111.820086,94.574848,17.245238,3.171869,0.022944
111.148488,93.877031,17.271457,111.574588,94.284403,17.290185,3.247836,0.021233
110.954969,93.652205,17.302764,111.479949,94.127090,17.352858,3.236569,0.023035
110.698345,93.363900,17.334444,111.069456,93.746541,17.322916,3.100765,0.023828
110.471079,93.141897,17.329182,111.444815,94.064694,17.380121,3.144556,0.022896
110.211585,92.853249,17.358336,111.301044,93.967317,17.333727,3.222763,0.022551
109.942632,92.604297,17.338336,110.703757,93.321822,17.381934,3.148112,0.022468
109.885779,92.504947,17.380832,110.428044,93.048353,17.379692,3.233830,0.021324
109.613717,92.242138,17.371579,110.257368,92.914036,17.343332,3.317581,0.021439
109.474456,92.103660,17.370795,110.217753,92.831328,17.386425,3.164531,0.021296
109.350961,92.002259,17.348702,110.382097,93.037480,17.344616,3.114526,0.022141
109.161831,91.801591,17.360240,109.817231,92.475202,17.342030,3.198410,0.021691
108.988603,91.651935,17.336669,109.513539,92.089901,17.423639,3.213368,0.021408
108.833048,91.483554,17.349494,109.590741,92.231659,17.359081,3.322162,0.020455
108.669274,91.319307,17.349967,109.453493,92.110428,17.343065,3.239648,0.021467
108.470800,91.078683,17.392118,109.626695,92.278424,17.348270,3.154494,0.023756
108.463081,91.104021,17.359060,109.363207,91.861813,17.501393,3.154367,0.021849
108.241791,90.868343,17.373447,109.021685,91.575055,17.446630,3.246368,0.021165
108.060404,90.652026,17.408378,108.936260,91.596739,17.339520,3.181423,0.020751
107.969121,90.604526,17.364595,108.874973,91.506382,17.368591,3.533029,0.021433
107.880455,90.532609,17.347846,108.942180,91.490219,17.451962,3.383654,0.020518
107.778640,90.406009,17.372631,108.542017,91.111338,17.430679,3.135460,0.022615
107.591339,90.197221,17.394117,108.724838,91.342856,17.381981,3.169444,0.021572
107.595842,90.202659,17.393183,108.667441,91.319679,17.347762,3.170952,0.022961
107.477453,90.089674,17.387779,109.124719,91.814136,17.310584,3.205074,0.021890
107.317915,89.922497,17.395417,108.383213,90.911895,17.471318,3.238556,0.021260
107.290545,89.885207,17.405338,108.679900,91.232970,17.446930,3.184104,0.020847
107.147565,89.716955,17.430610,108.271072,90.881231,17.389841,3.365866,0.020873
107.041248,89.625079,17.416169,108.247947,90.819681,17.428267,3.298311,0.020617
106.963143,89.536394,17.426749,108.529099,91.132079,17.397021,3.260072,0.021939
106.963902,89.524505,17.439396,107.859757,90.471941,17.387817,3.341993,0.021084
106.777526,89.342763,17.434763,108.124953,90.652499,17.472455,3.159960,0.021122
106.744983,89.325390,17.419594,108.366999,90.964559,17.402440,3.248605,0.021434
106.683383,89.284290,17.399092,107.837726,90.387752,17.449974,3.272181,0.019944
106.614459,89.201128,17.413331,108.010728,90.548650,17.462078,3.070426,0.022235
106.519095,89.051588,17.467507,108.295276,90.816963,17.478313,3.095552,0.020572
106.483015,89.043049,17.439966,107.617658,90.293262,17.324395,3.253345,0.022246
106.359490,88.946759,17.412730,107.603629,90.151823,17.451806,3.229738,0.022081
106.261894,88.837019,17.424875,107.758739,90.353473,17.405266,3.229707,0.021729
106.214176,88.820746,17.393431,107.597768,90.188767,17.409001,3.239943,0.022209
106.210412,88.776202,17.434210,107.486056,90.078885,17.407170,3.159647,0.023260
106.137092,88.720440,17.416652,107.585638,90.129605,17.456033,3.324788,0.022053
106.019603,88.594627,17.424976,107.301456,89.897704,17.403752,3.104253,0.024268
105.964328,88.479862,17.484465,107.377966,89.922529,17.455437,3.470522,0.018681
105.866770,88.392302,17.474468,107.178599,89.751350,17.427249,3.267772,0.022600
105.787393,88.281354,17.506039,107.318867,89.786055,17.532812,3.210046,0.022815
105.741162,88.243229,17.497932,106.863572,89.416128,17.447443,3.344596,0.020348
105.738636,88.178376,17.560260,107.313882,89.763205,17.550676,3.424249,0.020725
105.573692,87.997483,17.576209,107.139534,89.606128,17.533406,3.252468,0.021837
105.511570,87.977136,17.534435,107.153596,89.658503,17.495093,3.213437,0.022624
105.484805,87.896945,17.587860,106.942358,89.390381,17.551977,3.384167,0.020867
105.340000,87.724828,17.615172,106.855165,89.259939,17.595227,3.265675,0.021155
105.270904,87.669059,17.601844,106.827599,89.189608,17.637992,3.306558,0.020868
105.286769,87.656996,17.629773,106.561361,88.974871,17.586490,3.437326,0.022748
105.213353,87.595225,17.618128,106.775950,89.287972,17.487978,3.349427,0.020551
105.164962,87.523654,17.641308,106.783425,89.114529,17.668896,3.160644,0.021858
105.079320,87.396214,17.683106,106.464135,88.864951,17.599184,3.432693,0.020939
105.098520,87.435300,17.663220,106.867937,89.199035,17.668903,3.531610,0.021250
105.090659,87.387588,17.703071,106.554483,88.922502,17.631981,3.190065,0.021060
105.002523,87.322324,17.680199,106.706025,89.084601,17.621424,3.431226,0.021153
105.026909,87.327939,17.698970,106.524164,88.771280,17.752884,3.272364,0.021653
104.946252,87.254813,17.691440,106.660837,88.986245,17.674592,3.324381,0.022359
104.839017,87.163964,17.675054,106.358488,88.651930,17.706559,3.472156,0.020407
104.851089,87.140088,17.711001,106.618934,88.954984,17.663951,3.362802,0.021518
104.715582,86.995813,17.719769,106.435583,88.753762,17.681821,3.389502,0.021918
104.856870,87.135843,17.721027,106.711956,89.058798,17.653157,3.083821,0.023056
104.715986,86.990575,17.725411,106.331610,88.662015,17.669595,3.342386,0.020353
104.697492,86.953326,17.744166,106.643553,88.942092,17.701461,3.173776,0.023092
104.711276,86.960077,17.751199,106.658346,89.015149,17.643197,3.372014,0.021065
104.569986,86.832955,17.737031,106.459001,88.801160,17.657841,3.373827,0.020766
104.538871,86.808605,17.730266,106.576486,88.868018,17.708468,3.185819,0.020880
104.629860,86.877077,17.752783,106.079469,88.281326,17.798143,3.190630,0.024033
104.514118,86.708256,17.805861,106.430372,88.661919,17.768453,3.341815,0.020460
104.464159,86.680677,17.783482,106.275684,88.489249,17.786436,3.133250,0.022203
104.453614,86.685612,17.768002,106.197724,88.477773,17.719950,3.225870,0.020870
104.501651,86.759350,17.742302,106.408044,88.662494,17.745550,3.413852,0.022044
104.476198,86.716573,17.759625,106.372265,88.639479,17.732786,3.332580,0.020915
104.297573,86.526265,17.771308,106.284048,88.561924,17.722124,3.219321,0.021143
104.303497,86.548368,17.755129,106.292667,88.572743,17.719925,3.420121,0.020582
104.330867,86.568315,17.762553,106.324450,88.597039,17.727410,3.252951,0.020998
104.258776,86.450158,17.808618,106.153354,88.353433,17.799921,3.211807,0.021630
104.184869,86.379736,17.805133,105.888404,88.066316,17.822089,3.365528,0.020610
104.196499,86.367845,17.828654,106.240659,88.450322,17.790336,3.223722,0.021599
104.189149,86.356680,17.832470,105.842863,88.000791,17.842071,3.315132,0.020807
104.142390,86.312277,17.830113,106.234949,88.490477,17.744472,3.212337,0.020815
104.190920,86.334823,17.856096,105.958754,88.210998,17.747756,3.266167,0.021992
104.080523,86.208872,17.871651,106.236641,88.525235,17.711407,3.223423,0.023558
104.063130,86.183425,17.879705,106.160632,88.280877,17.879755,3.325787,0.021255
104.113165,86.269349,17.843816,105.929351,88.162966,17.766385,3.326147,0.021243
104.079721,86.215246,17.864474,106.292530,88.445104,17.847426,3.331201,0.020641
104.149868,86.290845,17.859024,105.874587,88.005250,17.869337,3.402512,0.019377
104.003921,86.099146,17.904775,105.817303,88.042663,17.774640,3.470606,0.020364
104.020011,86.116052,17.903960,106.099498,88.280477,17.819020,3.448556,0.019821
104.048252,86.166503,17.881749,106.271653,88.425596,17.846057,3.334026,0.021215
104.046713,86.159700,17.887013,105.899040,87.966702,17.932338,3.181338,0.020462
103.998800,86.113814,17.884986,106.187243,88.276040,17.911202,3.204329,0.022928
104.031250,86.101060,17.930189,106.124991,88.127174,17.997816,3.367826,0.019504
103.939448,86.017715,17.921733,106.199649,88.323192,17.876456,3.270944,0.023433
104.019599,86.090732,17.928867,106.056593,88.096949,17.959644,3.238641,0.021455
104.009537,86.036635,17.972902,106.155509,88.200493,17.955017,3.168952,0.022946
104.086309,86.121310,17.964999,106.204549,88.277257,17.927292,3.195004,0.022048
104.035193,86.045851,17.989341,106.236343,88.352620,17.883723,3.352906,0.021097
103.947321,85.956420,17.990901,105.889082,88.038640,17.850442,3.522959,0.020229
103.946372,85.960866,17.985506,105.848443,87.877580,17.970864,3.569432,0.018799
103.990490,85.982339,18.008151,106.069413,88.018720,18.050693,3.185849,0.020658
103.986676,85.938464,18.048212,105.984554,88.035009,17.949545,3.192060,0.022435
103.935400,85.933900,18.001499,106.109978,88.139373,17.970605,3.192042,0.022047
104.036124,86.009636,18.026488,105.854414,87.866770,17.987644,3.451175,0.019601
103.896660,85.898518,17.998142,106.219163,88.253873,17.965290,3.158931,0.020358
103.867600,85.868387,17.999214,105.941466,87.951508,17.989958,3.497560,0.019714
103.868886,85.851129,18.017757,106.198721,88.177810,18.020911,3.338077,0.020308
103.920210,85.848659,18.071551,106.117257,88.091737,18.025520,3.266015,0.022485
103.813298,85.730459,18.082839,106.184156,88.124141,18.060015,3.397740,0.020329
103.940627,85.883861,18.056767,106.032327,88.091052,17.941275,3.573604,0.020044
103.927251,85.855544,18.071708,106.226291,88.196467,18.029824,3.293704,0.020980
103.781863,85.707616,18.074247,105.961390,87.972222,17.989168,3.572583,0.019889
103.877962,85.851312,18.026650,106.023905,88.029481,17.994424,3.437333,0.019800
103.959723,85.933683,18.026040,106.234456,88.160450,18.074006,3.265063,0.021784
103.917103,85.792075,18.125028,105.831246,87.730245,18.101001,3.246932,0.020673
103.805525,85.689717,18.115808,106.049442,87.971169,18.078273,3.258882,0.022714
103.740053,85.642557,18.097496,106.056964,87.991478,18.065486,3.276087,0.022327
103.834122,85.714364,18.119758,106.009824,87.964697,18.045126,3.263150,0.021267
104.017745,85.867924,18.149821,106.161374,88.057245,18.104129,3.256171,0.021010
103.956773,85.814054,18.142719,106.203409,88.103930,18.099479,3.262384,0.021477
103.796003,85.647817,18.148186,106.122908,87.972527,18.150381,3.432863,0.020536
103.884552,85.747156,18.137397,106.084641,87.948303,18.136339,3.323515,0.021554
103.994623,85.842368,18.152255,106.229653,88.091150,18.138503,3.278768,0.022101
103.817396,85.657510,18.159887,106.027464,87.901114,18.126350,3.275476,0.022002
103.892254,85.711786,18.180467,106.264509,88.143342,18.121167,3.396493,0.020157
103.893926,85.710626,18.183300,106.117712,87.934638,18.183074,3.407345,0.020428
103.896458,85.763354,18.133104,106.051833,87.916562,18.135271,3.359504,0.020119
103.840221,85.678727,18.161495,106.171637,87.907494,18.264143,3.144401,0.023176
103.873746,85.678130,18.195616,106.240919,88.051461,18.189458,3.445184,0.021305
