228.625409,220.716348,7.909061,214.432799,206.115061,8.317738,4.771454,0.000004
214.671761,206.354002,8.317758,214.264883,205.947120,8.317764,5.009667,0.000000
214.629192,206.311428,8.317765,214.300296,205.982532,8.317766,3.508268,0.000000
214.601177,206.283413,8.317766,214.198561,205.880797,8.317766,4.915525,0.000000
214.575189,206.257424,8.317766,214.540316,206.222552,8.317766,4.989797,0.000000
214.563538,206.245773,8.317766,214.306150,205.988386,8.317766,3.542656,0.000000
214.536340,206.218576,8.317766,214.269005,205.951240,8.317766,4.207968,0.000000
214.529523,206.211759,8.317766,214.353741,206.035976,8.317766,3.668723,0.000000
214.537980,206.220215,8.317766,214.269419,205.951655,8.317766,4.541073,0.000000
214.530229,206.212464,8.317766,214.226717,205.908953,8.317766,3.585820,0.000000
214.490958,206.173193,8.317766,214.296455,205.978691,8.317766,3.440481,0.000000
214.499617,206.181853,8.317766,214.215504,205.897739,8.317766,3.109123,0.000000
214.494195,206.176431,8.317766,214.328364,206.010600,8.317766,3.613135,0.000000
214.492968,206.175204,8.317766,214.260416,205.942651,8.317766,3.996073,0.000000
214.482666,206.164902,8.317766,214.257533,205.939768,8.317766,3.149323,0.000000
214.472399,206.154635,8.317766,214.187487,205.869722,8.317766,inf,0.000000
214.476425,206.158661,8.317766,214.195601,205.877837,8.317766,4.323113,0.000000
214.487858,206.170094,8.317766,214.160210,205.842446,8.317766,3.336265,0.000000
214.461875,206.144111,8.317766,214.202398,205.884633,8.317766,inf,0.000000
214.475339,206.157575,8.317766,214.216292,205.898528,8.317766,inf,0.000000
214.466507,206.148743,8.317766,214.209868,205.892103,8.317766,nan,0.000000
214.448917,206.131152,8.317766,214.243525,205.925761,8.317766,nan,0.000000
214.455853,206.138089,8.317766,214.193425,205.875661,8.317766,nan,0.000000
214.453455,206.135690,8.317766,214.235426,205.917662,8.317766,nan,0.000000
214.453926,206.136162,8.317766,214.185651,205.867887,8.317766,nan,0.000000
214.448728,206.130964,8.317766,214.242686,205.924922,8.317766,nan,0.000000
214.451441,206.133677,8.317766,214.175204,205.857439,8.317766,nan,0.000000
214.445133,206.127369,8.317766,214.158662,205.840898,8.317766,nan,0.000000
214.443057,206.125293,8.317766,214.222090,205.904325,8.317766,nan,0.000000
214.440333,206.122569,8.317766,214.231727,205.913963,8.317766,nan,0.000000
214.443237,206.125473,8.317766,214.164102,205.846338,8.317766,nan,0.000000
214.437086,206.119321,8.317766,214.182284,205.864520,8.317766,nan,0.000000
214.428092,206.110328,8.317766,214.217483,205.899719,8.317766,nan,0.000000
214.437553,206.119789,8.317766,214.232362,205.914597,8.317766,nan,0.000000
214.439513,206.121748,8.317766,214.208961,205.891197,8.317766,nan,0.000000
214.432597,206.114833,8.317766,214.167833,205.850069,8.317766,nan,0.000000
214.426788,206.109023,8.317766,214.317997,206.000233,8.317766,nan,0.000000
214.444977,206.127213,8.317766,214.198022,205.880257,8.317766,nan,0.000000
214.422447,206.104682,8.317766,214.138496,205.820732,8.317766,nan,0.000000
214.427689,206.109924,8.317766,214.156540,205.838776,8.317766,nan,0.000000
214.423568,206.105803,8.317766,214.174029,205.856265,8.317766,nan,0.000000
214.420485,206.102721,8.317766,214.191615,205.873851,8.317766,nan,0.000000
214.422776,206.105011,8.317766,214.229228,205.911464,8.317766,nan,0.000000
214.413182,206.095418,8.317766,214.158985,205.841221,8.317766,nan,0.000000
214.427826,206.110061,8.317766,214.395296,206.077532,8.317766,nan,0.000000
214.427328,206.109563,8.317766,214.187277,205.869512,8.317766,nan,0.000000
214.421200,206.103436,8.317766,214.137767,205.820002,8.317766,nan,0.000000
214.415143,206.097378,8.317766,214.156824,205.839060,8.317766,nan,0.000000
214.417826,206.100062,8.317766,214.185245,205.867481,8.317766,nan,0.000000
214.412904,206.095139,8.317766,214.253961,205.936197,8.317766,nan,0.000000
214.418814,206.101049,8.317766,214.253318,205.935554,8.317766,nan,0.000000
214.415113,206.097349,8.317766,214.164205,205.846441,8.317766,nan,0.000000
214.415490,206.097725,8.317766,214.214162,205.896398,8.317766,nan,0.000000
214.409813,206.092048,8.317766,214.213126,205.895362,8.317766,nan,0.000000
214.412054,206.094289,8.317766,214.202622,205.884858,8.317766,nan,0.000000
214.409517,206.091753,8.317766,214.160892,205.843128,8.317766,nan,0.000000
214.408591,206.090826,8.317766,214.192033,205.874269,8.317766,nan,0.000000
214.412175,206.094411,8.317766,214.177226,205.859462,8.317766,nan,0.000000
214.409775,206.092010,8.317766,214.148225,205.830461,8.317766,nan,0.000000
214.407737,206.089973,8.317766,214.154295,205.836531,8.317766,nan,0.000000
214.409386,206.091621,8.317766,214.160175,205.842410,8.317766,nan,0.000000
214.410320,206.092556,8.317766,214.161474,205.843710,8.317766,nan,0.000000
214.407712,206.089948,8.317766,214.135855,205.818091,8.317766,nan,0.000000
214.409791,206.092027,8.317766,214.206037,205.888272,8.317766,nan,0.000000
214.405073,206.087309,8.317766,214.160576,205.842811,8.317766,nan,0.000000
214.405122,206.087358,8.317766,214.176404,205.858640,8.317766,nan,0.000000
214.409086,206.091322,8.317766,214.190547,205.872783,8.317766,nan,0.000000
214.404261,206.086497,8.317766,214.168181,205.850416,8.317766,nan,0.000000
214.407858,206.090094,8.317766,214.184302,205.866538,8.317766,nan,0.000000
214.410189,206.092425,8.317766,214.204745,205.886980,8.317766,nan,0.000000
214.408453,206.090688,8.317766,214.135383,205.817619,8.317766,nan,0.000000
214.403052,206.085288,8.317766,214.222182,205.904418,8.317766,nan,0.000000
214.403751,206.085986,8.317766,214.150195,205.832430,8.317766,nan,0.000000
214.405340,206.087575,8.317766,214.128450,205.810686,8.317766,nan,0.000000
214.403210,206.085446,8.317766,214.146169,205.828404,8.317766,nan,0.000000
214.398395,206.081240,8.317157,214.179902,205.862151,8.317750,2.181184,0.000002
214.399850,206.082086,8.317765,214.167356,205.849592,8.317766,nan,0.000000
214.401370,206.083606,8.317766,214.164397,205.846633,8.317766,nan,0.000000
214.399120,206.081355,8.317766,214.145848,205.828084,8.317766,nan,0.000000
214.403303,206.085539,8.317766,214.171877,205.854113,8.317766,nan,0.000000
214.396602,206.078838,8.317766,214.128731,205.810966,8.317766,nan,0.000000
214.397778,206.080014,8.317766,214.154823,205.837059,8.317766,nan,0.000000
214.393309,206.075545,8.317766,214.170529,205.852764,8.317766,nan,0.000000
214.402542,206.084778,8.317766,214.142783,205.825019,8.317766,nan,0.000000
214.400338,206.082574,8.317766,214.167077,205.849312,8.317766,nan,0.000000
214.403195,206.085430,8.317766,214.148125,205.830361,8.317766,nan,0.000000
214.403640,206.085876,8.317766,214.222011,205.904247,8.317766,nan,0.000000
211.871684,203.576412,8.295272,210.581295,202.299953,8.281342,1.904599,0.000514
208.704278,200.447608,8.256670,205.461174,197.240539,8.220634,7.087822,0.008510
199.668415,191.481839,8.186576,192.373231,184.189488,8.183743,16.062742,0.011180
191.505724,183.341038,8.164686,189.912987,181.786493,8.126494,12.099287,0.011126
190.699639,182.602947,8.096692,190.271028,182.179495,8.091533,6.614246,0.013006
191.355594,183.280748,8.074845,190.432664,182.361125,8.071540,14.953392,0.011521
191.204751,183.164820,8.039931,190.578872,182.584390,7.994482,13.638298,0.013252
191.052795,183.048763,8.004032,190.426115,182.416792,8.009323,9.608795,0.007307
190.889660,182.900873,7.988787,190.533477,182.544300,7.989179,11.262736,0.008882
190.659058,182.699361,7.959697,188.818039,180.895018,7.923022,9.214187,0.012109
187.403113,179.486695,7.916417,186.001174,178.066420,7.934755,13.507091,0.007772
186.694841,178.772365,7.922477,186.078524,178.152037,7.926487,8.740365,0.011404
186.887758,178.971402,7.916356,186.423394,178.546529,7.876866,7.404278,0.011929
179.771166,172.062797,7.708368,172.979060,165.330234,7.648825,7.456285,0.021127
170.740832,163.117161,7.623671,167.326633,159.736279,7.590354,7.062881,0.024367
164.660138,157.236600,7.423539,162.211539,154.808684,7.402855,6.418213,0.026360
160.420497,153.104522,7.315974,157.868879,150.667412,7.201467,5.820077,0.028247
156.469201,149.284997,7.184204,154.686421,147.540223,7.146198,5.031961,0.035127
153.808792,146.645719,7.163074,152.162499,144.979326,7.183174,5.759877,0.033972
151.377585,144.206371,7.171214,149.645221,142.463377,7.181843,6.264886,0.033369
149.615406,142.433587,7.181819,148.077852,140.879204,7.198648,6.000242,0.027466
148.342069,141.181775,7.160294,147.471935,140.346669,7.125265,6.516221,0.036368
147.506111,140.358905,7.147206,147.239263,140.109346,7.129918,6.190273,0.033740
146.715406,139.580124,7.135282,146.420473,139.290528,7.129944,6.705667,0.031913
145.927816,138.810421,7.117395,145.419535,138.312514,7.107022,6.800591,0.034460
145.418507,138.288656,7.129851,145.164116,138.020518,7.143597,5.922675,0.030702
144.789022,137.717251,7.071771,144.129264,137.092341,7.036922,6.298357,0.031928
143.952083,136.891024,7.061059,143.357622,136.297879,7.059743,6.321961,0.032429
143.318570,136.253368,7.065202,142.549233,135.490640,7.058593,6.165239,0.028894
142.570371,135.505011,7.065361,142.083052,135.062377,7.020676,6.599516,0.032002
142.367589,135.310843,7.056746,141.745918,134.704538,7.041380,6.729181,0.034790
141.892317,134.821701,7.070615,141.496439,134.424144,7.072295,7.640202,0.025985
141.616365,134.555273,7.061092,141.086963,134.038906,7.048057,6.217521,0.035131
141.367929,134.303426,7.064503,141.078048,134.036542,7.041506,6.720386,0.035238
141.142379,134.081364,7.061015,140.848508,133.800199,7.048309,5.597611,0.035760
141.029500,133.964397,7.065102,140.503951,133.427607,7.076344,6.325768,0.035909
140.790959,133.709613,7.081346,139.883131,132.802208,7.080922,5.681268,0.037334
140.469776,133.389497,7.080279,140.149540,133.067441,7.082099,6.326130,0.033889
140.309762,133.236187,7.073574,139.683846,132.612856,7.070990,5.813241,0.035610
140.108694,133.032406,7.076289,139.638167,132.567994,7.070173,6.149661,0.035571
139.859116,132.790350,7.068766,140.001933,132.940388,7.061544,7.540772,0.034142
139.765678,132.696267,7.069411,139.464826,132.396138,7.068688,6.327210,0.033189
139.612514,132.548098,7.064415,139.134639,132.089367,7.045272,6.317442,0.037466
139.393674,132.331929,7.061745,139.091131,132.040065,7.051066,6.393447,0.035017
139.259216,132.207154,7.052062,139.209637,132.171921,7.037716,6.717932,0.036640
139.110082,132.069572,7.040509,138.694901,131.664736,7.030165,6.636786,0.033727
138.886593,131.847692,7.038901,138.862313,131.860112,7.002201,7.313593,0.035225
138.822142,131.792659,7.029482,138.594153,131.600890,6.993262,6.696314,0.033510
138.622319,131.581337,7.040982,138.425816,131.401127,7.024689,7.298873,0.035827
138.530205,131.486860,7.043344,137.740070,130.715264,7.024806,6.063952,0.034017
138.300328,131.272939,7.027388,138.005679,130.988450,7.017228,6.051017,0.030662
138.248780,131.219698,7.029082,138.071417,131.049432,7.021984,6.425135,0.034805
138.040816,131.025609,7.015207,138.102701,131.118401,6.984301,6.883801,0.039442
137.955964,130.938683,7.017281,137.575583,130.557707,7.017877,5.995447,0.036731
137.726622,130.692826,7.033796,138.126957,131.137912,6.989045,6.360265,0.040862
137.756515,130.751138,7.005378,137.427349,130.422369,7.004980,6.296492,0.034786
137.628433,130.618223,7.010210,137.523026,130.513522,7.009505,6.183506,0.035919
137.502375,130.505856,6.996519,137.634520,130.659488,6.975032,6.303283,0.035489
137.335916,130.323080,7.012836,137.222537,130.220361,7.002175,6.911757,0.037253
137.373632,130.370218,7.003414,137.184308,130.203939,6.980369,6.201441,0.039985
137.207256,130.207945,6.999311,136.876968,129.886175,6.990793,6.530526,0.037331
137.153162,130.161050,6.992112,136.852855,129.891691,6.961164,6.523972,0.036766
137.059478,130.067966,6.991512,136.489344,129.493076,6.996268,6.196416,0.036555
136.847356,129.862676,6.984680,136.527012,129.558500,6.968513,6.510564,0.035987
136.751409,129.767676,6.983733,136.488713,129.519915,6.968798,6.915255,0.040122
136.705854,129.717403,6.988450,136.321289,129.346961,6.974329,7.614625,0.030622
136.496217,129.516656,6.979562,136.076001,129.118582,6.957419,5.725201,0.039188
136.430616,129.452422,6.978193,136.274572,129.314735,6.959837,6.773932,0.037452
136.367940,129.381495,6.986445,136.404151,129.447156,6.956995,6.466656,0.036721
136.261818,129.291100,6.970717,135.907441,128.951899,6.955542,6.473407,0.035431
136.177940,129.204723,6.973218,135.984725,129.022086,6.962639,5.809852,0.039930
136.031316,129.055814,6.975502,135.882250,128.939394,6.942855,6.104104,0.042484
136.099402,129.120588,6.978814,136.171472,129.217774,6.953698,6.843917,0.035044
