286.709530,263.466786,23.242744,221.917017,192.838973,29.078044,3.887383,0.008853
215.346578,187.241449,28.105128,202.785237,175.770644,27.014592,2.664113,0.015316
189.705663,166.810948,22.894715,176.259307,155.169427,21.089880,2.729711,0.020146
168.518590,146.746859,21.771731,161.536135,138.895847,22.640287,2.778058,0.024020
158.176500,135.328237,22.848264,153.567394,130.182684,23.384709,2.706779,0.027454
151.659101,127.883807,23.775293,148.186322,124.087131,24.099192,2.914502,0.028773
147.339953,122.908734,24.431220,144.464976,119.669486,24.795490,3.019808,0.029959
143.570136,118.907284,24.662852,140.174164,116.210140,23.964024,2.941708,0.031545
140.116792,115.782891,24.333901,138.270614,113.795005,24.475610,3.237441,0.030361
137.865821,113.239419,24.626402,135.928974,111.263424,24.665550,3.159567,0.032351
135.654563,111.390041,24.264522,133.162475,109.483582,23.678893,3.058959,0.032721
133.203693,109.649651,23.554042,131.666346,108.061977,23.604369,3.106919,0.034203
131.375066,108.158099,23.216967,130.290335,106.969543,23.320791,2.842164,0.035529
129.997047,106.723262,23.273785,128.829239,105.441869,23.387370,3.159554,0.033712
128.857045,105.546423,23.310623,127.661921,104.341163,23.320757,3.193950,0.032537
127.929128,104.511979,23.417149,126.981544,103.533979,23.447565,3.171597,0.033578
127.154710,103.690653,23.464057,126.150061,102.769927,23.380134,3.215691,0.034862
126.407704,102.940948,23.466756,125.337163,101.772994,23.564169,3.190902,0.031265
125.635485,102.152235,23.483250,124.649594,101.234439,23.415154,3.235423,0.032363
124.993824,101.575363,23.418461,124.254776,100.778788,23.475989,3.100190,0.036155
124.451651,101.004652,23.446999,123.636290,100.036312,23.599978,3.384154,0.034337
123.911993,100.369127,23.542866,123.040568,99.505909,23.534659,3.352396,0.032497
123.486701,99.932983,23.553717,122.490873,98.846758,23.644115,3.303416,0.034907
122.990714,99.389820,23.600894,122.458412,98.712425,23.745986,3.352786,0.033217
122.506579,98.893940,23.612640,121.920087,98.371893,23.548194,3.291448,0.038157
122.064266,98.493356,23.570910,122.003592,98.314677,23.688915,3.141509,0.034663
121.598056,98.091806,23.506250,120.888434,97.576238,23.312195,3.341125,0.032675
120.919724,97.579689,23.340035,120.581001,97.392748,23.188253,3.422584,0.032457
120.649440,97.342690,23.306750,120.331616,97.099172,23.232444,3.127750,0.035255
120.285012,96.975138,23.309873,120.104285,96.780206,23.324078,3.123485,0.035724
119.966216,96.630619,23.335597,119.723358,96.342115,23.381243,3.410921,0.034681
119.650115,96.320925,23.329190,119.617505,96.374134,23.243371,3.228814,0.036057
119.350083,96.069720,23.280362,119.275357,95.962589,23.312768,3.351501,0.033656
119.032187,95.719103,23.313084,118.967383,95.827970,23.139414,3.401710,0.033478
118.635437,95.472208,23.163230,118.389156,95.249667,23.139489,3.472514,0.031499
118.300969,95.249719,23.051250,118.088670,95.030909,23.057760,3.167875,0.035668
117.885821,94.906575,22.979246,117.689922,94.733450,22.956473,3.363575,0.033232
117.640609,94.770492,22.870118,117.650926,94.922864,22.728061,3.205134,0.035490
117.355973,94.583563,22.772410,117.422442,94.642579,22.779862,3.396997,0.031673
117.110949,94.334186,22.776763,117.341358,94.554306,22.787053,3.465554,0.034279
116.908885,94.088428,22.820457,117.156919,94.449966,22.706952,3.378400,0.032880
116.693494,93.929980,22.763514,116.954806,94.156295,22.798511,3.306879,0.034999
116.531863,93.742460,22.789403,116.679198,94.052666,22.626533,3.339029,0.032478
116.336602,93.537910,22.798692,116.339826,93.583720,22.756106,3.413197,0.031621
116.100782,93.314339,22.786443,116.233555,93.551076,22.682479,3.534812,0.035106
115.947013,93.152141,22.794872,116.005531,93.308161,22.697370,3.368501,0.032012
115.800184,93.002372,22.797813,116.088502,93.424583,22.663918,3.256338,0.033904
115.568315,92.785640,22.782674,115.700921,93.061226,22.639695,3.367986,0.033669
115.332025,92.590731,22.741294,115.582101,92.930439,22.651661,3.546604,0.031701
115.234753,92.462477,22.772276,115.670762,93.064564,22.606198,3.509366,0.033637
115.012303,92.259521,22.752783,115.202200,92.567628,22.634571,3.311853,0.032914
114.918178,92.181986,22.736193,115.246534,92.622044,22.624490,3.516207,0.031221
114.748952,92.032479,22.716472,115.034247,92.416908,22.617339,3.474388,0.032716
114.593818,91.897900,22.695918,114.825978,92.081510,22.744469,3.667901,0.028118
114.394826,91.681770,22.713056,114.988285,92.375024,22.613261,3.275120,0.033112
114.279089,91.576693,22.702397,114.721363,92.036886,22.684477,3.627051,0.033680
114.190961,91.471464,22.719496,114.843763,92.202039,22.641725,3.196448,0.035341
113.967097,91.236918,22.730179,114.641831,92.002007,22.639824,3.540980,0.031997
113.901495,91.179541,22.721955,114.558709,91.825177,22.733532,3.302061,0.032896
113.659948,90.994163,22.665786,114.124993,91.482729,22.642264,3.480964,0.032284
113.611013,90.877344,22.733668,114.342624,91.744443,22.598181,3.473656,0.031491
113.452579,90.781100,22.671479,113.944257,91.325807,22.618451,3.549732,0.030887
113.341772,90.653718,22.688054,114.078289,91.423017,22.655272,3.562322,0.031538
113.206294,90.527492,22.678803,114.081335,91.459238,22.622096,3.485536,0.032148
113.135165,90.438408,22.696758,113.644424,91.028943,22.615480,3.437350,0.032855
112.982737,90.322668,22.660070,113.668061,90.995098,22.672963,3.408098,0.034776
112.870900,90.197925,22.672974,113.494699,90.949714,22.544985,3.679155,0.030421
112.759404,90.103149,22.656255,113.710452,91.038565,22.671887,3.452193,0.033293
112.653615,89.995303,22.658312,113.246799,90.677545,22.569254,3.512930,0.032583
112.561500,89.875803,22.685697,113.344591,90.625190,22.719402,3.285532,0.033299
112.419132,89.748446,22.670687,113.012555,90.379242,22.633313,3.313584,0.033779
112.342238,89.694830,22.647408,113.182387,90.536709,22.645678,3.573019,0.029636
112.235740,89.559508,22.676231,112.880969,90.237598,22.643371,3.387769,0.032022
112.157862,89.464662,22.693200,113.083947,90.465628,22.618319,3.307272,0.034687
112.003096,89.318241,22.684855,112.868611,90.247556,22.621054,3.418974,0.032218
111.905964,89.216441,22.689523,112.690603,90.098590,22.592013,3.428500,0.031195
111.832259,89.158814,22.673446,112.637892,90.021409,22.616483,3.776199,0.029132
111.679887,88.991580,22.688306,112.600092,90.017182,22.582909,3.366523,0.031783
111.619573,88.947825,22.671747,112.355659,89.745210,22.610449,3.351467,0.031913
111.553297,88.846746,22.706551,112.585657,89.952163,22.633494,3.499348,0.030630
111.480923,88.831568,22.649355,112.311441,89.706479,22.604963,3.686251,0.029805
111.383600,88.732755,22.650845,112.372816,89.806093,22.566723,3.406810,0.032605
111.252686,88.592501,22.660185,112.363414,89.762986,22.600427,3.625856,0.030051
111.161646,88.503468,22.658178,112.173187,89.584853,22.588334,3.726931,0.029674
111.122087,88.479335,22.642753,112.233593,89.627769,22.605824,3.333064,0.032223
111.108876,88.451205,22.657671,112.005598,89.441112,22.564486,3.402103,0.030455
110.909435,88.261886,22.647549,111.862197,89.276447,22.585751,3.529814,0.031597
110.815586,88.204652,22.610935,111.861550,89.274718,22.586832,3.455737,0.032004
110.753829,88.098601,22.655227,111.851230,89.296082,22.555148,3.243657,0.033694
110.659931,88.045683,22.614248,111.676601,89.179246,22.497356,3.733753,0.033274
110.564629,87.974556,22.590074,111.626800,89.118238,22.508563,3.489253,0.032786
110.519974,87.920770,22.599204,111.683733,89.166556,22.517177,3.572575,0.031226
110.401801,87.791789,22.610012,111.342204,88.843089,22.499115,3.540932,0.029949
110.370359,87.727852,22.642507,111.418214,88.863824,22.554390,3.532460,0.031036
110.249632,87.646555,22.603077,111.461213,88.997268,22.463945,3.640643,0.030164
110.184133,87.609333,22.574800,111.204884,88.729883,22.475001,3.568009,0.030137
110.134567,87.527310,22.607258,111.364485,88.899635,22.464850,3.503568,0.031596
110.027291,87.502887,22.524404,111.213117,88.787719,22.425398,3.519085,0.032186
109.999231,87.412050,22.587181,111.083966,88.644949,22.439017,3.525945,0.031033
109.882684,87.291772,22.590911,111.034758,88.581347,22.453411,3.636194,0.028609
109.755861,87.187540,22.568321,110.926493,88.490047,22.436446,3.567494,0.030136
109.748969,87.181532,22.567437,110.948121,88.435435,22.512687,3.440398,0.030864
109.678542,87.107957,22.570585,110.706637,88.229826,22.476811,3.381134,0.032422
109.628271,87.032205,22.596066,110.916052,88.437572,22.478480,3.425216,0.032518
109.540881,86.982155,22.558726,110.694799,88.291334,22.403465,3.633697,0.032081
109.428127,86.911693,22.516434,110.706986,88.283946,22.423041,3.501201,0.030973
109.462344,86.894576,22.567768,110.502447,87.990258,22.512189,3.457768,0.034013
109.353528,86.790678,22.562850,110.684399,88.163396,22.521003,3.561002,0.030582
109.256462,86.687193,22.569269,110.580610,88.032529,22.548081,3.419479,0.031153
109.256616,86.663806,22.592810,110.480101,87.890842,22.589259,3.740123,0.027753
109.176806,86.603289,22.573517,110.308860,87.763541,22.545318,3.296154,0.030876
109.032989,86.448292,22.584697,110.163258,87.652253,22.511004,3.426834,0.031867
108.927820,86.366411,22.561409,110.321377,87.883101,22.438276,3.595777,0.031739
108.982527,86.431533,22.550995,110.268285,87.818773,22.449512,3.563844,0.031936
108.956722,86.387014,22.569709,110.156848,87.726945,22.429903,3.554129,0.028010
108.834418,86.272683,22.561735,110.127518,87.715950,22.411568,3.808034,0.028403
108.703191,86.166861,22.536330,110.162334,87.724344,22.437990,3.647475,0.029461
108.737635,86.207234,22.530402,110.071838,87.638110,22.433728,3.574127,0.030462
108.631095,86.071723,22.559372,110.208129,87.777919,22.430209,3.414212,0.033084
108.528314,86.036892,22.491422,110.003256,87.579409,22.423847,3.405904,0.031363
108.507917,85.999560,22.508357,109.935872,87.511294,22.424578,3.591213,0.029950
108.486798,85.974739,22.512060,109.978377,87.526337,22.452039,3.499221,0.030968
108.490507,85.919419,22.571089,109.810822,87.361876,22.448946,3.670333,0.027523
108.362421,85.792570,22.569851,109.639040,87.291601,22.347439,3.513887,0.029567
108.323477,85.775095,22.548382,109.705196,87.319814,22.385382,3.513323,0.029205
108.250734,85.678802,22.571932,109.646799,87.262462,22.384338,3.596479,0.030933
108.166524,85.644535,22.521988,109.622150,87.321225,22.300925,3.537670,0.030589
108.110698,85.587948,22.522750,109.730296,87.371891,22.358405,3.468934,0.032038
108.098316,85.556224,22.542092,109.708672,87.327367,22.381304,3.484407,0.029745
107.981463,85.457804,22.523659,109.586944,87.226313,22.360631,3.516952,0.030217
107.893973,85.341367,22.552607,109.409349,86.990236,22.419113,3.639094,0.029570
107.905354,85.415901,22.489452,109.319173,86.917817,22.401356,3.488466,0.031830
107.837291,85.300197,22.537094,109.302755,86.810540,22.492215,3.468552,0.031944
107.699793,85.164727,22.535066,109.345283,86.855624,22.489660,3.456870,0.031950
107.716554,85.223105,22.493449,109.251521,86.841408,22.410112,3.701988,0.029918
107.632496,85.127663,22.504833,109.551386,87.166614,22.384772,3.492033,0.031208
107.599022,85.113878,22.485144,109.127461,86.845769,22.281693,3.477167,0.030623
107.521328,85.067022,22.454307,109.194432,86.772563,22.421869,3.577189,0.029855
107.504560,85.001205,22.503356,109.055224,86.697356,22.357867,3.523343,0.030889
107.435717,84.938343,22.497374,108.941136,86.570604,22.370531,3.646757,0.028577
107.357890,84.870968,22.486922,109.015851,86.573402,22.442448,3.443913,0.030945
107.352733,84.881459,22.471273,108.785392,86.428359,22.357033,3.485297,0.028960
107.280615,84.784629,22.495986,108.899987,86.586275,22.313713,3.499354,0.030707
107.290888,84.784240,22.506648,108.722719,86.301745,22.420974,3.659558,0.031256
107.216603,84.697939,22.518664,108.805395,86.459306,22.346089,3.691616,0.028049
107.109882,84.637360,22.472522,108.966110,86.582781,22.383330,3.400248,0.031561
107.178253,84.701118,22.477136,108.702910,86.220557,22.482353,3.669356,0.030304
107.051410,84.565284,22.486127,108.742951,86.375479,22.367472,3.515212,0.030602
106.972255,84.535289,22.436966,108.664152,86.324400,22.339752,3.387236,0.035073
106.968484,84.508845,22.459639,108.835583,86.442890,22.392692,3.365002,0.030549
106.831002,84.348014,22.482988,108.504922,86.094422,22.410500,3.429559,0.030807
106.850006,84.359924,22.490081,108.496517,86.130385,22.366131,3.495192,0.029641
106.800740,84.328730,22.472009,108.492978,86.195442,22.297536,3.499015,0.027832
106.790588,84.359260,22.431329,108.590698,86.171307,22.419391,3.417779,0.031220
106.734724,84.255472,22.479252,108.229709,85.830715,22.398994,3.596839,0.027015
106.655527,84.218431,22.437096,108.417505,86.021430,22.396075,3.396971,0.032124
106.597985,84.105600,22.492385,108.573797,86.202163,22.371634,3.445570,0.030958
106.595996,84.154191,22.441805,108.239656,85.935808,22.303847,3.521259,0.029532
106.545429,84.116439,22.428989,108.069678,85.748959,22.320719,3.561981,0.029548
106.513640,84.035953,22.477687,108.377749,85.935423,22.442326,3.377642,0.032076
