252.496104,245.121167,7.374937,214.735036,206.417274,8.317763,1.138350,0.000000
214.812208,206.494444,8.317765,214.681342,206.363578,8.317766,0.949671,0.000001
214.768905,206.451141,8.317766,214.639046,206.321282,8.317766,0.912822,0.000000
214.687516,206.369752,8.317766,214.458176,206.140411,8.317766,0.751530,0.000000
214.646752,206.328988,8.317766,214.404822,206.087058,8.317766,0.774113,0.000000
214.643724,206.325960,8.317766,214.278977,205.961213,8.317766,0.648314,0.000000
214.604794,206.287030,8.317766,214.453582,206.135818,8.317766,0.701054,0.000000
214.598141,206.280377,8.317766,214.314286,205.996522,8.317766,0.925768,0.000000
203.467923,195.392890,8.075033,195.079221,186.936540,8.142682,4.422296,0.007967
193.061010,185.043648,8.017361,192.889668,184.849494,8.040174,10.462659,0.010696
192.776729,184.765951,8.010778,192.400894,184.369033,8.031861,14.554784,0.007134
191.497143,183.504580,7.992563,190.035354,182.077358,7.957996,7.540676,0.015687
190.872072,182.858025,8.014048,190.394970,182.349662,8.045307,7.303700,0.012706
190.182844,182.163200,8.019644,181.463096,173.764798,7.698298,4.362658,0.024118
167.515707,159.973813,7.541894,159.182486,151.707890,7.474596,5.870370,0.031670
157.336275,149.879375,7.456900,155.303053,147.876608,7.426446,5.103017,0.037490
154.719651,147.321796,7.397854,151.995375,144.837736,7.157638,4.679280,0.042540
149.641244,142.506721,7.134523,146.973944,139.908673,7.065271,5.411009,0.043785
145.960253,138.900154,7.060100,144.313058,137.222704,7.090352,4.357110,0.043604
143.949416,136.885471,7.063944,142.411511,135.375190,7.036321,4.596805,0.040656
142.429737,135.416733,7.013005,141.109716,134.069159,7.040557,4.801942,0.045813
141.252679,134.268301,6.984378,139.720970,132.715984,7.004986,4.489949,0.038577
140.037077,133.082671,6.954406,139.215550,132.323128,6.892422,4.672882,0.044154
138.762676,131.860691,6.901985,137.711872,130.829563,6.882309,4.313913,0.048920
137.837948,130.948781,6.889168,137.294212,130.445997,6.848215,5.003456,0.039463
137.118710,130.221246,6.897464,136.749943,129.878529,6.871415,4.983226,0.047027
136.513322,129.617128,6.896193,135.866568,128.984829,6.881738,4.631477,0.043173
135.803095,128.928939,6.874155,135.484697,128.656229,6.828467,5.046733,0.043973
135.304153,128.438015,6.866138,135.083224,128.239581,6.843642,5.410744,0.046708
134.932650,128.073310,6.859340,134.684410,127.818599,6.865811,3.960952,0.053822
134.612577,127.749118,6.863459,134.446588,127.609452,6.837136,4.499902,0.046744
134.301654,127.450226,6.851428,134.465395,127.654562,6.810833,4.722179,0.048162
134.102354,127.249401,6.852954,134.293046,127.482483,6.810563,4.380426,0.046020
133.845220,126.994599,6.850621,133.434005,126.589951,6.844055,4.984965,0.047114
133.585610,126.742340,6.843270,133.370707,126.543298,6.827409,4.285646,0.049299
133.479689,126.623693,6.855995,133.212375,126.374267,6.838108,5.066337,0.042717
133.183663,126.320878,6.862785,133.094088,126.266175,6.827913,4.266487,0.049381
132.954740,126.102298,6.852442,132.940686,126.117410,6.823275,5.143772,0.043486
132.863207,126.019995,6.843212,132.884138,126.074940,6.809197,4.875621,0.051459
132.862335,126.014435,6.847900,132.619679,125.774266,6.845412,4.986525,0.045530
132.607584,125.764503,6.843081,132.919704,126.098054,6.821651,4.549557,0.045386
132.558685,125.731263,6.827421,132.999836,126.231749,6.768087,4.987984,0.046736
132.417985,125.586400,6.831584,132.559061,125.723886,6.835175,4.938125,0.050854
132.151165,125.307724,6.843440,132.096716,125.284809,6.811907,4.809567,0.047668
132.060526,125.228537,6.831990,132.261087,125.444480,6.816607,4.854257,0.049153
131.963690,125.132422,6.831267,132.437920,125.646735,6.791185,4.870767,0.045934
131.825465,124.984889,6.840576,131.480415,124.645539,6.834875,5.301288,0.047950
131.784392,124.963147,6.821246,131.746571,124.906020,6.840553,3.853833,0.054105
131.555564,124.723830,6.831734,132.047775,125.286724,6.761051,5.244452,0.043137
131.458452,124.642533,6.815919,132.039953,125.239803,6.800150,4.470459,0.049547
131.571910,124.739056,6.832854,131.622890,124.832106,6.790784,4.703328,0.049087
131.329558,124.495679,6.833879,131.343601,124.502579,6.841022,5.070090,0.041482
131.149113,124.310706,6.838408,131.594127,124.827745,6.766382,4.342237,0.051027
131.006433,124.183486,6.822948,131.018101,124.165806,6.852295,4.465963,0.051562
130.978825,124.151522,6.827303,131.490585,124.716602,6.773982,5.414969,0.047694
130.859306,124.017971,6.841335,131.313337,124.505628,6.807708,4.676061,0.051085
130.910138,124.090538,6.819600,131.262225,124.463772,6.798453,4.893665,0.052240
130.765051,123.944806,6.820245,131.329142,124.570112,6.759030,5.004839,0.049348
130.737105,123.921356,6.815749,130.751104,123.932575,6.818529,4.691004,0.047463
130.644497,123.820723,6.823775,130.833385,124.036963,6.796422,4.644246,0.046036
130.533025,123.699095,6.833930,130.799617,123.981656,6.817961,4.446948,0.050370
130.537511,123.709779,6.827733,130.941681,124.142706,6.798976,5.259914,0.045917
130.478621,123.654323,6.824298,131.092908,124.295719,6.797188,4.922690,0.046096
130.427652,123.607591,6.820062,130.684114,123.914385,6.769728,5.068194,0.049295
130.364099,123.554626,6.809472,130.934418,124.145512,6.788906,4.514823,0.049976
130.332490,123.512944,6.819546,130.931079,124.157948,6.773131,5.093892,0.046859
130.193445,123.379476,6.813970,131.050466,124.283954,6.766512,4.742952,0.053575
130.342616,123.525627,6.816989,130.713469,123.925412,6.788057,4.572998,0.049270
130.219759,123.400114,6.819645,130.744810,123.959881,6.784928,4.680522,0.049026
130.180730,123.350617,6.830113,130.656779,123.855649,6.801130,4.980182,0.046568
130.096225,123.274368,6.821857,130.617045,123.807284,6.809761,4.592694,0.052456
130.085243,123.262538,6.822705,130.855922,124.092662,6.763260,5.153949,0.048288
130.043525,123.232014,6.811511,130.604988,123.798520,6.806468,4.641323,0.055087
130.037860,123.228719,6.809142,130.620230,123.824527,6.795703,5.005441,0.047029
129.991804,123.180041,6.811762,130.100315,123.270794,6.829520,4.571520,0.043300
129.901519,123.076507,6.825013,130.325757,123.512269,6.813488,4.108957,0.050192
129.906656,123.092224,6.814431,130.451198,123.656266,6.794932,4.674706,0.054818
129.862328,123.042607,6.819721,130.711185,123.918105,6.793079,4.823859,0.052528
129.776961,122.950527,6.826433,130.041338,123.208400,6.832939,4.647531,0.053311
129.610589,122.780893,6.829696,130.281673,123.499688,6.781986,5.175088,0.048583
129.605363,122.784077,6.821286,130.133322,123.327355,6.805967,4.426427,0.056764
129.694821,122.877401,6.817419,129.957326,123.153048,6.804278,4.866219,0.046893
129.567316,122.755543,6.811773,130.025482,123.232200,6.793282,4.963103,0.048341
129.614691,122.808046,6.806645,129.674364,122.848205,6.826158,4.644605,0.043605
129.533604,122.718742,6.814862,130.111684,123.316665,6.795018,5.109367,0.046915
129.676893,122.856598,6.820296,130.103504,123.281816,6.821688,4.675939,0.049330
129.441898,122.619037,6.822861,130.079806,123.269831,6.809975,5.089126,0.051513
129.389725,122.564052,6.825673,129.895689,123.080921,6.814768,4.677722,0.045916
129.388462,122.580663,6.807799,129.875410,123.053633,6.821777,4.546834,0.048683
129.395613,122.585208,6.810405,130.337300,123.560705,6.776594,4.932481,0.049185
129.354428,122.540531,6.813897,130.153468,123.338461,6.815007,4.869573,0.049929
129.339994,122.520212,6.819782,129.832746,123.033113,6.799632,4.385205,0.051444
129.291777,122.485524,6.806253,129.856596,123.063747,6.792849,4.605760,0.048011
129.147020,122.328972,6.818048,129.849716,123.050677,6.799040,5.520786,0.049646
129.224219,122.417987,6.806231,130.018741,123.238769,6.779972,4.677058,0.051130
129.219754,122.404731,6.815024,129.769875,122.969946,6.799928,5.096551,0.048681
129.136532,122.311195,6.825337,130.077273,123.288639,6.788633,4.974423,0.045734
129.093133,122.270769,6.822364,130.049532,123.254598,6.794933,4.413577,0.055735
129.078233,122.256014,6.822219,129.603137,122.809628,6.793509,4.825411,0.050026
129.093367,122.280531,6.812836,129.627181,122.793706,6.833474,4.621557,0.055509
129.046043,122.218502,6.827541,129.883347,123.100779,6.782568,4.849078,0.049422
129.080324,122.266533,6.813790,129.654429,122.862007,6.792422,4.833703,0.055097
128.988857,122.147661,6.841196,130.012128,123.224803,6.787326,4.850011,0.049193
129.107205,122.285923,6.821282,129.733776,122.893793,6.839983,4.346420,0.052008
128.991888,122.175869,6.816019,129.623128,122.844262,6.778866,5.025248,0.050298
128.957393,122.139296,6.818098,129.711775,122.909033,6.802743,4.530162,0.052076
129.012085,122.190247,6.821839,129.623317,122.783077,6.840240,4.364268,0.049428
128.841209,122.023289,6.817921,129.842199,123.067816,6.774384,4.784331,0.054692
128.844025,122.036318,6.807706,129.657929,122.869047,6.788881,4.759855,0.051366
128.862889,122.034980,6.827909,129.726263,122.925667,6.800596,4.316434,0.051253
128.779843,121.960193,6.819650,129.854614,123.059346,6.795268,5.151271,0.041151
128.862453,122.046890,6.815563,129.480243,122.652570,6.827674,4.276634,0.051294
128.787453,121.954610,6.832843,129.649044,122.858118,6.790926,5.214053,0.057438
128.806001,121.978929,6.827073,129.206545,122.381071,6.825473,5.189350,0.042823
128.748120,121.908277,6.839842,129.520222,122.727085,6.793137,4.986960,0.048965
128.782592,121.956346,6.826245,129.421998,122.626510,6.795488,4.759657,0.050481
128.683051,121.867466,6.815586,129.591948,122.817656,6.774292,4.846113,0.049404
128.843331,122.018144,6.825188,129.659565,122.871653,6.787912,4.584523,0.050843
128.727364,121.908884,6.818480,129.782606,122.992183,6.790424,4.421840,0.048502
128.887743,122.070591,6.817152,129.659142,122.872137,6.787004,4.746873,0.045289
128.831484,122.008539,6.822945,129.579300,122.769861,6.809439,4.826446,0.048049
128.810786,121.990971,6.819814,129.907312,123.109546,6.797768,4.593431,0.048154
128.812900,121.990704,6.822196,129.749274,122.976460,6.772814,4.857384,0.044608
128.812001,121.991463,6.820538,129.598523,122.808407,6.790117,5.260058,0.050727
128.875528,122.054643,6.820885,129.761400,122.962530,6.798870,4.660332,0.046596
128.715412,121.885706,6.829706,129.587522,122.807179,6.780343,4.628102,0.055358
128.737730,121.900070,6.837659,129.489277,122.678928,6.810349,4.690869,0.049935
128.878829,122.061903,6.816926,129.646081,122.864938,6.781144,4.316845,0.054604
128.826549,121.993133,6.833416,129.608022,122.793668,6.814354,5.255217,0.049423
128.669056,121.848372,6.820684,130.062107,123.314919,6.747189,4.797399,0.060939
128.784598,121.963683,6.820915,129.997454,123.204260,6.793194,4.694327,0.050618
128.736483,121.919813,6.816670,129.559069,122.750198,6.808871,4.706454,0.049282
128.688287,121.874240,6.814046,130.121706,123.366720,6.754987,4.503241,0.056289
128.805800,121.985629,6.820171,129.436208,122.626439,6.809770,4.582314,0.052428
128.548226,121.719623,6.828603,129.703932,122.912044,6.791888,4.654732,0.052240
128.689552,121.859790,6.829761,129.356360,122.560865,6.795495,4.678353,0.049030
128.598855,121.755507,6.843348,129.660769,122.846380,6.814390,5.097701,0.044425
128.584542,121.746708,6.837834,129.767299,122.992337,6.774962,4.575769,0.048848
128.624351,121.794451,6.829901,129.455495,122.664125,6.791370,4.632698,0.052763
128.660342,121.839686,6.820655,129.810747,123.022028,6.788720,4.543174,0.052165
128.537013,121.712716,6.824297,129.775815,123.000108,6.775707,4.197642,0.061104
128.500785,121.679264,6.821521,129.758356,122.974856,6.783499,4.896191,0.049034
128.616922,121.803622,6.813300,129.712869,122.927693,6.785177,4.389292,0.053074
128.630550,121.799305,6.831244,129.285903,122.436281,6.849622,4.341647,0.050481
128.664440,121.840259,6.824181,129.752445,122.957919,6.794526,4.501424,0.053066
128.612245,121.789489,6.822756,129.761957,122.985187,6.776770,5.168693,0.046832
128.597654,121.766359,6.831295,130.037480,123.263138,6.774343,4.632401,0.052852
128.613540,121.788169,6.825371,129.676622,122.883180,6.793442,4.286030,0.055304
128.513789,121.688799,6.824989,129.419356,122.610589,6.808767,4.290515,0.053535
128.714784,121.882743,6.832042,129.601078,122.801356,6.799722,4.226293,0.053445
128.659888,121.825887,6.834001,129.848674,123.082188,6.766486,4.554256,0.052639
128.639964,121.812069,6.827895,129.648211,122.858454,6.789756,4.735716,0.048581
128.609256,121.785255,6.824001,129.823075,123.016200,6.806875,4.662899,0.050122
128.550053,121.715742,6.834312,129.654962,122.863949,6.791013,5.633295,0.052110
128.606078,121.767365,6.838713,129.815038,123.037482,6.777556,4.303423,0.052204
128.512832,121.674973,6.837859,129.579717,122.809478,6.770239,5.023581,0.053109
128.420227,121.568679,6.851548,129.722752,122.918143,6.804609,5.211399,0.044953
128.474192,121.632340,6.841852,129.401522,122.585793,6.815730,5.213161,0.047318
128.431798,121.588019,6.843779,129.976533,123.177006,6.799527,4.710957,0.046898
128.601299,121.754599,6.846699,129.637247,122.829518,6.807730,4.719494,0.049744
