259.403822,254.963638,4.440184,196.410752,193.851015,2.559736
192.823658,189.690748,3.132910,189.578645,185.685684,3.892960
182.765759,177.108997,5.656762,174.104935,166.732043,7.372892
168.008637,159.387429,8.621208,159.962473,149.950505,10.011967
155.794308,144.750472,11.043836,150.873421,139.095777,11.777644
148.168111,135.788007,12.380104,144.137065,130.986090,13.150974
142.683736,129.229631,13.454106,139.885601,125.950243,13.935357
138.619159,124.428066,14.191094,136.148214,121.820442,14.327772
135.561945,120.830336,14.731609,133.827031,119.059571,14.767460
132.903107,117.752050,15.151057,131.337141,115.822972,15.514168
130.617065,115.057337,15.559728,128.967198,113.360367,15.606831
128.851115,112.990407,15.860708,127.392365,111.537301,15.855064
127.375256,111.367451,16.007805,126.236898,110.045180,16.191718
126.109110,109.813992,16.295118,124.906042,108.574050,16.331992
124.990836,108.554425,16.436411,123.755260,107.262076,16.493184
123.893488,107.413794,16.479694,123.011971,106.444685,16.567286
123.063538,106.471783,16.591755,122.083387,105.458860,16.624527
122.214562,105.492360,16.722202,121.618711,105.184420,16.434290
121.632419,104.856642,16.775777,120.915159,104.000110,16.915049
120.874528,104.052072,16.822457,120.036064,103.156812,16.879253
120.191170,103.352112,16.839058,119.478180,102.514786,16.963395
119.626871,102.696547,16.930324,118.958752,102.098118,16.860634
119.135059,102.210446,16.924614,118.606239,101.723944,16.882295
118.731272,101.824948,16.906324,118.329060,101.505091,16.823969
118.178778,101.211613,16.967166,117.685762,100.940589,16.745173
117.735760,100.729484,17.006276,117.239726,100.305149,16.934576
117.363642,100.327333,17.036310,117.085654,100.087952,16.997702
116.923993,99.822996,17.100997,116.798842,99.836267,16.962576
116.542316,99.432156,17.110160,116.675063,99.798569,16.876494
116.104797,98.993321,17.111476,116.055935,99.110049,16.945887
115.906090,98.773932,17.132158,115.765497,98.605973,17.159525
115.431158,98.290171,17.140987,115.267403,98.248548,17.018855
115.096190,97.946590,17.149601,114.836180,97.774762,17.061418
114.793360,97.646371,17.146988,114.887423,97.804500,17.082922
114.524052,97.328826,17.195226,114.634992,97.503469,17.131523
114.172456,96.976183,17.196273,114.283756,97.289210,16.994547
113.932341,96.767820,17.164520,114.127010,96.928390,17.198620
113.619326,96.433212,17.186114,114.071216,97.029685,17.041530
113.475729,96.290300,17.185429,113.673282,96.548818,17.124464
113.166456,96.002482,17.163974,113.570083,96.474629,17.095453
112.939512,95.779972,17.159539,112.987660,95.833824,17.153835
112.630386,95.382154,17.248232,112.755835,95.624471,17.131364
112.423447,95.194626,17.228820,112.621644,95.575167,17.046478
112.245701,95.038962,17.206739,112.371097,95.102422,17.268675
111.957164,94.711992,17.245172,112.417363,95.423110,16.994253
111.729575,94.545230,17.184346,112.002071,94.909257,17.092814
111.592506,94.280034,17.312472,111.834378,94.671156,17.163223
111.287600,94.005742,17.281858,111.713315,94.596176,17.117139
111.107931,93.824053,17.283879,111.420227,94.185573,17.234655
110.945894,93.664935,17.280958,111.280655,94.208863,17.071792
110.748494,93.468366,17.280128,111.405116,94.259440,17.145676
110.502597,93.172016,17.330581,110.834800,93.612489,17.222311
110.283435,93.029771,17.253664,111.043710,93.873041,17.170669
110.131042,92.815717,17.315325,110.627528,93.462537,17.164991
109.877564,92.542119,17.335446,110.788023,93.600190,17.187833
109.750851,92.455151,17.295700,110.384797,93.107223,17.277574
109.592496,92.270061,17.322435,110.324150,93.139045,17.185105
109.401098,92.042900,17.358198,110.155415,92.926710,17.228705
109.306554,91.966286,17.340268,110.044428,92.836495,17.207933
109.145529,91.805860,17.339669,109.731408,92.282534,17.448874
108.883779,91.591168,17.292611,109.682883,92.473508,17.209375
108.839756,91.500006,17.339749,109.374189,92.114861,17.259328
108.729896,91.400624,17.329272,109.411817,92.178854,17.232963
108.470126,91.088745,17.381381,109.214397,91.848383,17.366014
108.306539,90.985018,17.321521,109.205290,92.001503,17.203788
108.187217,90.832273,17.354944,109.335107,92.020197,17.314910
108.081794,90.753282,17.328511,108.709202,91.383683,17.325519
107.880805,90.576745,17.304059,108.780080,91.526521,17.253559
107.812467,90.491676,17.320791,108.727985,91.531758,17.196227
107.620987,90.310669,17.310318,108.556267,91.309463,17.246804
107.484284,90.125853,17.358431,108.824633,91.574967,17.249667
107.360404,90.036684,17.323720,108.346581,91.144357,17.202224
107.215332,89.855504,17.359829,108.361087,91.285657,17.075431
107.181560,89.833480,17.348080,108.192794,90.953262,17.239532
106.986664,89.592453,17.394211,108.009452,90.788613,17.220839
106.830424,89.468899,17.361525,107.822158,90.375131,17.447026
106.640837,89.252186,17.388651,107.703834,90.507055,17.196779
106.663784,89.275640,17.388144,107.526900,90.238905,17.287994
106.452773,89.034875,17.417898,107.325970,90.050583,17.275387
106.388384,88.957138,17.431246,107.267701,90.019856,17.247845
106.228416,88.818027,17.410389,107.326671,90.009411,17.317260
106.239173,88.897980,17.341192,107.212969,89.862953,17.350015
105.998908,88.547651,17.451257,107.324903,89.938232,17.386671
105.928558,88.500805,17.427754,107.083644,89.727901,17.355744
105.835306,88.430973,17.404333,107.055033,89.806247,17.248785
105.702988,88.267787,17.435201,106.842146,89.528329,17.313817
105.554792,88.167311,17.387481,106.728768,89.339364,17.389404
105.503026,88.090447,17.412579,106.896045,89.591058,17.304987
105.417789,87.994985,17.422803,106.729856,89.402708,17.327147
105.303715,87.896619,17.407097,106.466688,89.102836,17.363852
105.187563,87.789308,17.398255,106.213742,88.905070,17.308673
105.143814,87.782397,17.361418,106.433860,89.165112,17.268748
105.064901,87.637209,17.427692,106.247929,88.981908,17.266021
104.938917,87.554321,17.384597,106.169261,88.815938,17.353323
104.855125,87.418317,17.436808,106.119207,88.716129,17.403078
104.830211,87.385520,17.444691,106.064075,88.717608,17.346467
104.723440,87.292926,17.430514,105.902196,88.569762,17.332433
104.597619,87.143274,17.454345,105.998034,88.703974,17.294061
104.529922,87.125233,17.404689,105.783220,88.436323,17.346898
104.381870,86.894828,17.487042,105.716471,88.363041,17.353431
104.295938,86.846781,17.449157,105.726178,88.441092,17.285086
104.275367,86.808737,17.466630,105.645534,88.339816,17.305718
104.170859,86.743960,17.426899,105.748141,88.496059,17.252082
104.103282,86.659458,17.443825,105.368184,88.013120,17.355064
104.020817,86.532884,17.487933,105.325687,87.908031,17.417656
103.967462,86.524170,17.443292,105.329126,87.924911,17.404215
103.839996,86.360697,17.479298,105.246796,87.884915,17.361881
103.825825,86.350276,17.475549,105.420569,88.046127,17.374442
103.818229,86.387008,17.431221,105.332830,88.051258,17.281573
103.698179,86.189847,17.508332,105.131736,87.833976,17.297760
103.554379,86.103359,17.451019,105.388989,88.058296,17.330693
103.533130,86.085381,17.447749,104.935518,87.659169,17.276349
103.445745,85.970396,17.475349,105.239724,87.888733,17.350991
103.400182,85.920723,17.479458,105.131132,87.749552,17.381580
103.325618,85.837144,17.488474,104.965591,87.467796,17.497795
103.209506,85.691959,17.517547,104.864583,87.534347,17.330236
103.277324,85.788976,17.488349,104.725335,87.312400,17.412935
103.129012,85.670798,17.458213,104.755763,87.467452,17.288312
103.118383,85.590827,17.527556,104.748688,87.276150,17.472538
102.964611,85.436767,17.527844,104.494656,86.984240,17.510416
102.893006,85.385802,17.507203,104.670569,87.309925,17.360644
102.903369,85.366385,17.536984,104.539114,87.081383,17.457731
102.793271,85.228645,17.564627,104.421566,87.049463,17.372103
102.754841,85.251191,17.503650,104.453304,87.008815,17.444488
102.662605,85.130128,17.532477,104.375287,86.979921,17.395367
102.721141,85.172040,17.549101,104.459898,87.041179,17.418720
102.648355,85.126261,17.522094,104.354151,86.860434,17.493717
102.465471,84.902942,17.562529,104.321748,87.007997,17.313751
102.501626,84.953422,17.548204,104.276489,86.813395,17.463094
102.383824,84.818113,17.565712,104.211307,86.814184,17.397123
102.357219,84.808617,17.548602,104.114233,86.583901,17.530332
102.251275,84.691414,17.559862,104.168197,86.680291,17.487907
102.252929,84.675780,17.577149,103.912175,86.422093,17.490081
102.185889,84.549755,17.636134,104.031322,86.457479,17.573843
102.156974,84.569049,17.587925,103.980357,86.499400,17.480957
102.045020,84.461404,17.583616,103.860617,86.370302,17.490315
102.068274,84.462133,17.606141,103.912041,86.400931,17.511110
101.973902,84.324542,17.649360,104.012147,86.638965,17.373182
101.963220,84.378442,17.584778,103.763231,86.351936,17.411294
101.833391,84.235629,17.597762,103.895379,86.392840,17.502539
101.835210,84.228372,17.606838,103.665304,86.123110,17.542194
101.796716,84.191447,17.605269,103.702321,86.213269,17.489051
101.693258,84.073180,17.620078,103.537630,86.102549,17.435082
101.678837,84.085413,17.593424,103.501968,86.056058,17.445910
101.691550,84.123036,17.568514,103.688060,86.133845,17.554215
101.582200,83.917495,17.664705,103.418435,85.842621,17.575814
101.516896,83.874609,17.642287,103.432968,85.899362,17.533605
101.496403,83.866156,17.630247,103.610474,86.031925,17.578549
101.446703,83.716462,17.730242,103.399577,85.845923,17.553654
101.431965,83.779779,17.652187,103.452776,85.986658,17.466118
101.386803,83.726323,17.660480,103.443622,85.915098,17.528523
101.369279,83.707270,17.662009,103.341312,85.783249,17.558063
101.266265,83.595505,17.670760,103.554724,86.038358,17.516366
101.306521,83.606490,17.700031,103.264209,85.653640,17.610568
101.218044,83.491905,17.726138,103.417164,85.842010,17.575154
101.168356,83.478937,17.689419,103.327074,85.815064,17.512011
101.124043,83.441325,17.682718,103.339171,85.785712,17.553460
101.100599,83.409392,17.691207,103.175608,85.614818,17.560791
101.080982,83.385142,17.695840,103.166512,85.638197,17.528316
100.997005,83.343067,17.653938,103.359085,85.844301,17.514785
