193.599536,186.614192,6.985344,164.105218,150.646859,13.458359,1.959743,0.033179
152.546758,135.574371,16.972387,144.837064,126.164915,18.672150,2.306551,0.038707
141.550477,121.906967,19.643509,136.655672,115.843292,20.812380,2.405354,0.037647
135.032648,113.927020,21.105628,132.013178,110.269664,21.743514,2.340189,0.043674
131.066329,109.118111,21.948218,128.558091,106.267419,22.290671,2.482566,0.042880
128.272877,105.864344,22.408534,126.623200,103.970404,22.652796,2.497185,0.044575
126.329613,103.584261,22.745352,124.895845,102.038296,22.857549,2.602591,0.039490
124.713234,101.801086,22.912149,123.854721,100.934954,22.919767,2.643395,0.043353
123.605010,100.603083,23.001928,122.618910,99.594510,23.024399,2.599807,0.043234
122.546582,99.446060,23.100522,121.593454,98.368927,23.224527,2.680301,0.043750
121.711597,98.535090,23.176507,121.100483,97.825389,23.275093,2.649456,0.043773
120.987685,97.723935,23.263750,120.605046,97.275050,23.329997,2.713582,0.041663
120.335995,97.025227,23.310768,119.830725,96.411437,23.419288,2.629116,0.044251
119.667275,96.299235,23.368041,119.107431,95.763434,23.343998,2.778208,0.041795
119.056201,95.694817,23.361383,118.853645,95.458554,23.395091,2.809805,0.042011
118.632494,95.245214,23.387281,118.317160,94.991145,23.326015,2.737966,0.044017
118.171473,94.789047,23.382427,118.316829,94.919598,23.397231,2.713394,0.042360
117.695204,94.290602,23.404602,117.813353,94.439014,23.374338,2.779678,0.042954
117.397055,94.036215,23.360840,117.461669,94.057472,23.404197,2.628182,0.045999
116.997484,93.545357,23.452127,117.099443,93.733751,23.365692,2.864176,0.042450
116.615321,93.192791,23.422530,116.874831,93.454586,23.420246,2.742993,0.040126
116.333860,92.911099,23.422761,116.549715,93.276311,23.273404,2.810842,0.041310
116.000796,92.597570,23.403226,116.290219,92.864109,23.426110,2.783079,0.043096
115.714652,92.320368,23.394285,116.195393,92.710097,23.485296,2.770111,0.042205
115.520235,92.133216,23.387019,116.042201,92.704306,23.337896,2.866035,0.040489
115.243975,91.844740,23.399235,115.604037,92.201602,23.402435,2.890532,0.039864
114.996420,91.585821,23.410599,115.303539,91.906489,23.397050,2.947558,0.041220
114.854379,91.429305,23.425074,115.639752,92.200274,23.439478,2.748481,0.043413
114.514165,91.098762,23.415403,115.289139,91.848243,23.440895,2.658494,0.047047
114.406708,91.004343,23.402366,114.859340,91.515664,23.343676,2.696045,0.046200
114.144610,90.756412,23.388198,115.168002,91.827401,23.340602,2.831281,0.042837
113.976557,90.564616,23.411941,114.706595,91.390605,23.315990,2.899373,0.041419
113.814376,90.419556,23.394821,114.446337,91.163103,23.283234,2.907039,0.039083
113.579261,90.182844,23.396417,114.162534,90.874317,23.288217,3.061137,0.039726
113.430985,90.053527,23.377458,114.238713,91.037752,23.200961,2.949100,0.040698
113.251303,89.867877,23.383426,114.187903,90.916060,23.271843,2.814671,0.043865
113.111094,89.717531,23.393563,114.275452,90.935874,23.339577,2.807559,0.040792
112.945241,89.558702,23.386540,113.788730,90.494218,23.294512,3.032714,0.039022
112.798784,89.421411,23.377373,114.024968,90.741974,23.282993,2.872596,0.041558
112.695154,89.318664,23.376490,113.911044,90.546660,23.364383,2.787595,0.045727
112.563650,89.207523,23.356127,113.574128,90.381769,23.192359,2.829863,0.042067
112.447118,89.090676,23.356442,113.567294,90.269742,23.297552,3.083666,0.037847
112.233884,88.882240,23.351644,113.032315,89.798843,23.233472,2.793064,0.044287
112.167417,88.794934,23.372483,113.224844,89.930829,23.294014,2.951982,0.039804
112.064665,88.690847,23.373817,113.375766,90.084586,23.291180,2.878745,0.042743
111.952231,88.558251,23.393980,112.969595,89.683859,23.285736,2.894912,0.042429
111.797114,88.418218,23.378896,113.040109,89.777870,23.262239,2.924443,0.043793
111.633704,88.286562,23.347142,112.731460,89.460552,23.270908,2.842819,0.043427
111.582914,88.240348,23.342565,112.765387,89.508096,23.257291,2.962262,0.043208
111.499828,88.159919,23.339909,112.929776,89.787991,23.141785,2.870665,0.042378
111.360802,88.005688,23.355114,113.094125,89.908443,23.185682,2.740472,0.046240
111.245745,87.905465,23.340281,112.551287,89.243160,23.308127,2.810994,0.043692
111.142152,87.819934,23.322218,112.383768,89.227727,23.156042,3.099546,0.040208
111.175066,87.833514,23.341552,112.549153,89.462486,23.086667,3.075721,0.041495
111.094786,87.761833,23.332953,112.441640,89.172142,23.269498,2.983074,0.039741
110.908676,87.614975,23.293700,112.272828,88.916674,23.356154,2.848293,0.043683
110.817106,87.464179,23.352927,112.203695,88.989179,23.214517,2.930502,0.041173
110.778001,87.439182,23.338819,111.951119,88.740956,23.210164,3.009799,0.039992
110.729973,87.424703,23.305270,112.159952,88.908995,23.250957,2.893022,0.043291
110.623967,87.310165,23.313801,111.877855,88.634426,23.243430,3.088773,0.038331
110.512908,87.197600,23.315308,112.158921,89.011809,23.147113,2.945606,0.041728
110.455890,87.121920,23.333970,111.828498,88.583293,23.245206,2.830520,0.044884
110.333487,87.024422,23.309065,111.898104,88.705903,23.192200,2.835145,0.042080
110.262830,86.928810,23.334021,111.730827,88.652721,23.078107,2.956614,0.042726
110.209025,86.906781,23.302244,111.804995,88.547446,23.257549,2.927314,0.040045
110.118350,86.790249,23.328101,111.544037,88.284127,23.259910,3.030613,0.037701
110.075922,86.783933,23.291989,111.620004,88.428194,23.191809,2.875412,0.041361
110.000436,86.713065,23.287371,111.434408,88.064676,23.369733,2.892444,0.043154
109.932110,86.665729,23.266381,111.543172,88.467255,23.075917,2.967493,0.041505
109.886765,86.599459,23.287306,111.494552,88.303172,23.191380,3.061014,0.038167
109.854353,86.556657,23.297696,111.243233,87.930928,23.312305,3.017871,0.040684
109.709293,86.417234,23.292059,111.214827,88.053933,23.160894,3.159340,0.038624
109.662459,86.357329,23.305131,111.260163,88.034757,23.225406,2.989714,0.044381
109.570561,86.277069,23.293492,111.029043,87.776032,23.253011,3.006728,0.043328
109.588777,86.298526,23.290251,111.274737,87.931882,23.342855,2.937728,0.042552
109.461769,86.165200,23.296569,111.165755,87.937609,23.228146,3.190126,0.039752
109.389774,86.104966,23.284808,110.803546,87.645374,23.158172,2.982907,0.043332
109.406114,86.102769,23.303346,111.050106,87.727432,23.322674,2.993105,0.042441
109.275407,85.991287,23.284121,110.981708,87.916273,23.065435,2.836382,0.043513
109.173868,85.907261,23.266608,110.829703,87.640590,23.189114,3.007005,0.040133
109.095076,85.852193,23.242884,110.920270,87.786266,23.134003,3.104085,0.038116
109.021820,85.728400,23.293420,110.736200,87.599347,23.136853,3.052406,0.038947
109.012366,85.755523,23.256844,110.707768,87.575877,23.131891,2.852412,0.042148
108.948863,85.653718,23.295145,110.785926,87.594087,23.191840,3.067061,0.040024
108.858598,85.560273,23.298325,110.831063,87.639287,23.191775,2.868257,0.041429
108.888464,85.602702,23.285762,110.445089,87.266829,23.178260,2.989403,0.041320
108.734798,85.501714,23.233083,110.261290,87.116293,23.144997,3.039356,0.039651
108.731742,85.473505,23.258237,110.395391,87.263090,23.132302,2.929428,0.042053
108.692924,85.442588,23.250336,110.605331,87.359020,23.246312,3.184469,0.037801
108.508938,85.240993,23.267945,110.487447,87.351336,23.136111,3.024205,0.040290
108.558407,85.322326,23.236081,110.304351,87.178984,23.125367,3.128307,0.041711
108.446876,85.212185,23.234690,110.361215,87.204196,23.157020,2.950193,0.042562
108.419445,85.160926,23.258520,110.105653,86.931892,23.173761,2.910753,0.042442
108.396305,85.155262,23.241044,110.111040,87.023851,23.087189,3.123586,0.044102
108.289540,85.100240,23.189301,109.951078,86.889073,23.062005,2.937720,0.040160
108.247138,85.055091,23.192046,109.990371,86.860653,23.129718,3.122649,0.039354
108.262281,85.010563,23.251718,109.981840,86.883870,23.097970,3.007107,0.040536
108.203698,84.997939,23.205759,109.904371,86.827754,23.076618,3.047699,0.042082
108.101275,84.877221,23.224053,109.835033,86.699808,23.135225,3.140805,0.042190
108.037765,84.849583,23.188182,110.000707,86.831540,23.169167,2.942799,0.041851
107.968307,84.779993,23.188313,109.891360,86.753762,23.137598,2.906829,0.040649
107.986186,84.777902,23.208284,109.742951,86.596990,23.145961,3.068927,0.038423
107.934615,84.746271,23.188344,109.936877,86.794230,23.142647,3.062601,0.036615
107.862172,84.644751,23.217421,109.828858,86.740942,23.087917,2.982125,0.040975
107.880424,84.680932,23.199492,109.788135,86.631930,23.156205,3.179088,0.037955
107.797051,84.621950,23.175101,109.939072,86.830756,23.108316,3.177407,0.037436
107.760079,84.570402,23.189677,109.637745,86.545160,23.092586,3.017053,0.037549
107.722979,84.547577,23.175402,109.453331,86.384964,23.068367,2.984303,0.040974
107.580145,84.431970,23.148175,109.493035,86.501864,22.991171,3.125551,0.037953
107.630282,84.502564,23.127718,109.573513,86.488573,23.084939,2.981567,0.040107
107.524908,84.374393,23.150515,109.569654,86.575239,22.994414,2.962091,0.043695
107.472885,84.327613,23.145272,109.246905,86.322250,22.924655,3.071091,0.039542
107.468222,84.303685,23.164537,109.412442,86.487407,22.925036,3.028831,0.039484
107.421390,84.277172,23.144219,109.286241,86.299559,22.986681,3.061363,0.040930
107.376411,84.234252,23.142159,109.328256,86.269977,23.058279,3.046686,0.040884
107.320978,84.210944,23.110034,109.500977,86.498411,23.002566,3.003533,0.040667
107.241224,84.144972,23.096252,109.397967,86.493825,22.904142,3.053742,0.040340
107.248851,84.157884,23.090967,109.210174,86.193103,23.017071,3.249467,0.040191
107.173536,84.087325,23.086211,109.130966,86.208050,22.922916,3.053810,0.038247
107.105168,84.062063,23.043106,109.107687,86.164787,22.942901,3.102658,0.037283
107.051718,83.977497,23.074221,108.967727,86.071764,22.895963,2.918627,0.039785
107.066582,83.998848,23.067734,109.202399,86.160830,23.041569,2.989417,0.040250
106.985090,83.941225,23.043865,109.107416,86.151082,22.956334,3.107476,0.036159
106.974262,83.934110,23.040152,108.957477,86.073584,22.883893,3.250233,0.037624
106.904299,83.868060,23.036239,108.927927,85.956734,22.971193,3.106998,0.040132
106.848933,83.791436,23.057497,109.124634,86.015183,23.109451,2.916952,0.040219
106.735993,83.666109,23.069883,109.116300,86.084622,23.031678,2.955765,0.040053
106.643420,83.605396,23.038024,108.662256,85.694334,22.967922,2.915464,0.041296
106.721663,83.662362,23.059301,108.645998,85.659642,22.986356,3.133420,0.039552
106.570292,83.540850,23.029441,108.522847,85.667635,22.855212,3.043862,0.037506
106.647235,83.632954,23.014281,108.711046,85.842640,22.868406,3.160475,0.037193
106.518535,83.514342,23.004193,108.645718,85.688032,22.957686,3.103833,0.037893
106.467916,83.451333,23.016583,108.729113,85.680157,23.048956,2.996711,0.039525
106.399565,83.360107,23.039458,108.631204,85.791682,22.839522,3.064968,0.039199
106.334500,83.322916,23.011584,108.464040,85.465935,22.998105,3.077538,0.039051
106.302177,83.306234,22.995943,108.348308,85.392794,22.955514,3.022428,0.040619
106.224532,83.212718,23.011814,108.403210,85.504083,22.899128,3.169365,0.037564
106.178573,83.138403,23.040171,108.197958,85.276542,22.921416,3.008837,0.040747
106.165115,83.172843,22.992272,108.425884,85.543513,22.882370,2.915519,0.042242
106.137731,83.152987,22.984744,108.660729,85.770750,22.889979,2.725192,0.043189
106.097661,83.124813,22.972848,108.131292,85.275539,22.855754,3.164041,0.036530
106.064873,83.076065,22.988808,108.205691,85.350481,22.855210,3.012742,0.040724
105.972492,82.974444,22.998049,108.077325,85.174515,22.902810,3.036201,0.040026
105.987180,83.006328,22.980852,108.140403,85.267222,22.873182,3.271736,0.039574
105.912396,82.929923,22.982473,108.432100,85.611973,22.820127,2.894594,0.040108
105.874485,82.889640,22.984845,108.353463,85.518496,22.834968,2.863198,0.044365
105.868114,82.861525,23.006589,108.107924,85.264422,22.843502,3.051128,0.041034
105.836296,82.809319,23.026977,108.117346,85.265571,22.851775,3.135681,0.041984
105.776650,82.810093,22.966557,108.106808,85.275072,22.831736,3.070448,0.038168
105.754525,82.754029,23.000496,108.174463,85.319892,22.854572,2.994563,0.042473
105.616590,82.629815,22.986775,107.763298,84.862069,22.901229,3.032831,0.039678
105.693335,82.669838,23.023497,107.783833,84.781487,23.002346,3.202777,0.037432
105.648184,82.622064,23.026120,107.960628,85.135899,22.824729,3.150281,0.039243
105.640242,82.632360,23.007883,107.925611,85.036215,22.889397,3.076699,0.037780
105.576169,82.575845,23.000324,107.986591,84.983688,23.002903,2.996525,0.038006
105.569881,82.570711,22.999170,107.999348,85.081399,22.917950,2.968742,0.038845
105.526884,82.532499,22.994385,107.876386,84.947060,22.929326,3.016532,0.040120
105.445906,82.466637,22.979269,107.660290,84.828300,22.831991,3.220250,0.039287
105.441789,82.474105,22.967684,107.815695,84.963101,22.852594,3.122485,0.037615
105.419622,82.415901,23.003721,107.570411,84.684324,22.886087,3.141532,0.042493
