214.015046,211.867595,2.147451,192.216977,188.993802,3.223175,7.262903,0.006143
186.241909,181.580186,4.661723,176.078835,169.311108,6.767727,4.880216,0.011610
167.850740,159.160999,8.689740,159.812780,149.701635,10.111146,4.207060,0.014533
155.027222,143.846160,11.181062,150.232494,138.317970,11.914524,4.071377,0.015651
147.672190,135.039734,12.632456,144.237325,130.953317,13.284007,3.841250,0.017988
142.084611,128.394239,13.690372,138.859555,124.511848,14.347707,3.722731,0.018241
137.809448,123.071051,14.738398,135.156185,119.939907,15.216277,3.947305,0.017113
134.571948,119.055611,15.516337,132.409007,116.520373,15.888635,3.658013,0.019393
132.013975,115.880630,16.133345,130.041575,113.565374,16.476200,3.812542,0.019672
129.968370,113.408979,16.559391,128.104389,111.287510,16.816879,4.009435,0.018983
128.358110,111.425480,16.932630,126.814113,109.610049,17.204064,3.814037,0.019449
126.918538,109.639905,17.278633,125.659137,108.144195,17.514942,3.694361,0.020207
125.622912,108.061389,17.561523,124.084242,106.408432,17.675810,3.783072,0.019214
124.538289,106.747886,17.790403,123.504211,105.521477,17.982734,3.908623,0.018266
123.570483,105.537506,18.032978,122.650716,104.291389,18.359327,3.721817,0.018592
122.728167,104.482199,18.245968,121.430508,103.097019,18.333489,3.902935,0.017654
121.811906,103.423710,18.388196,120.652255,102.083415,18.568839,3.802164,0.019471
121.069765,102.560895,18.508869,120.161412,101.498381,18.663031,3.966255,0.018174
120.437203,101.759032,18.678171,119.462966,100.718764,18.744202,3.726296,0.019596
119.679648,100.907485,18.772163,119.083831,100.185090,18.898741,4.011758,0.017842
119.207700,100.284017,18.923683,118.357560,99.348731,19.008829,3.928688,0.017676
118.654232,99.640713,19.013519,117.952496,98.898838,19.053658,3.797945,0.018754
118.043773,98.936062,19.107711,117.619409,98.447113,19.172296,3.753920,0.018977
117.637946,98.471578,19.166368,116.935597,97.634199,19.301398,3.884399,0.019060
117.170658,97.918610,19.252049,116.394028,97.117464,19.276563,3.958540,0.018432
116.781052,97.464605,19.316447,116.154901,96.794096,19.360805,3.858649,0.018065
116.336332,96.974646,19.361687,116.149662,96.659234,19.490428,3.721084,0.019287
116.023078,96.540170,19.482907,115.321175,95.845467,19.475708,3.762024,0.019172
115.613923,96.061779,19.552144,115.045826,95.503959,19.541867,3.984497,0.018592
115.257530,95.661285,19.596245,114.714693,95.078218,19.636476,3.966809,0.017145
114.904555,95.230572,19.673983,114.703310,95.004247,19.699063,3.870758,0.018886
114.747565,95.022958,19.724607,114.361650,94.604199,19.757451,3.790089,0.018967
114.361212,94.568694,19.792518,113.687897,93.913028,19.774870,3.815238,0.018465
114.079390,94.225584,19.853805,113.890981,94.017875,19.873105,3.732211,0.018508
113.790334,93.896397,19.893938,113.955687,93.998493,19.957194,3.772950,0.018334
113.561122,93.558357,20.002765,113.228296,93.163230,20.065066,3.685491,0.019051
113.249264,93.249172,20.000092,112.966082,92.934767,20.031316,3.715005,0.018556
113.008171,92.976260,20.031911,112.676070,92.637539,20.038531,3.922540,0.017673
112.755106,92.662171,20.092936,112.560750,92.418749,20.142001,3.689975,0.018827
112.523890,92.410292,20.113598,112.318463,92.128819,20.189644,3.730685,0.018310
112.292093,92.140488,20.151605,112.255322,92.084044,20.171278,3.697321,0.018536
112.050768,91.841903,20.208865,111.921998,91.618427,20.303572,3.741069,0.018514
111.786252,91.558373,20.227879,111.675180,91.457734,20.217447,3.969813,0.017070
111.603734,91.343404,20.260330,111.533904,91.252777,20.281127,3.765915,0.017977
111.397632,91.094047,20.303585,111.268996,90.969714,20.299283,3.828262,0.018466
111.176546,90.854789,20.321757,111.322927,90.962871,20.360056,3.831261,0.017579
111.010211,90.634313,20.375898,110.763636,90.435650,20.327986,3.700954,0.017861
110.817388,90.464869,20.352520,110.878028,90.541826,20.336202,3.670364,0.018050
110.518454,90.124899,20.393555,110.975717,90.579998,20.395719,3.624116,0.018016
110.384974,89.972384,20.412590,110.751627,90.350751,20.400876,3.756236,0.017222
110.192314,89.756095,20.436219,110.465542,89.967636,20.497905,3.813773,0.017636
110.013338,89.591949,20.421389,110.212842,89.778569,20.434274,3.819866,0.017753
109.909567,89.472415,20.437152,110.006408,89.453462,20.552946,3.817081,0.018957
109.693761,89.195916,20.497845,110.077403,89.584057,20.493346,3.763958,0.016668
109.458636,88.957215,20.501421,109.679991,89.083450,20.596541,3.674293,0.018537
109.336529,88.815832,20.520696,109.678794,89.212158,20.466636,3.793532,0.017135
109.141558,88.665467,20.476092,109.271412,88.734033,20.537379,3.805434,0.017157
109.011024,88.461974,20.549050,109.089047,88.516120,20.572927,3.792179,0.016567
108.892606,88.355221,20.537385,109.490141,88.912161,20.577980,3.652287,0.017591
108.697405,88.140647,20.556758,109.129851,88.487497,20.642354,3.895788,0.016254
108.524435,87.954941,20.569494,109.010357,88.444412,20.565944,3.509090,0.019433
108.419647,87.849229,20.570418,108.815650,88.244995,20.570656,3.857753,0.017513
108.279030,87.675415,20.603615,108.708551,88.143086,20.565465,3.689494,0.016664
108.098132,87.473703,20.624429,108.541111,87.909462,20.631649,3.839743,0.017087
107.918246,87.234900,20.683346,108.654491,87.990797,20.663693,3.808956,0.017216
107.895081,87.196284,20.698797,108.260189,87.582084,20.678105,3.741145,0.017414
107.793243,87.091342,20.701901,108.306413,87.588844,20.717569,3.745718,0.017104
107.586994,86.934279,20.652715,108.169822,87.524970,20.644853,3.758206,0.017400
107.428036,86.755501,20.672535,107.839555,87.177854,20.661701,3.721542,0.016992
107.360650,86.657431,20.703219,107.886950,87.136156,20.750793,3.664524,0.016673
107.283432,86.551190,20.732242,107.944148,87.194288,20.749861,3.646797,0.018428
107.133458,86.413913,20.719545,107.719913,86.995813,20.724100,3.799330,0.016426
106.961030,86.269952,20.691078,107.703041,87.113098,20.589943,3.775205,0.016867
106.846167,86.167982,20.678184,107.348583,86.662763,20.685821,3.802112,0.016129
106.765481,86.076036,20.689446,107.335355,86.689779,20.645575,3.781529,0.017567
106.679121,85.976350,20.702771,107.524401,86.837292,20.687109,3.755532,0.016777
106.473010,85.748448,20.724563,107.134566,86.405765,20.728800,3.784447,0.016947
106.353289,85.613272,20.740016,107.189334,86.447449,20.741885,3.882978,0.017065
106.316264,85.579548,20.736715,107.044410,86.414692,20.629719,3.941092,0.016028
106.159247,85.431200,20.728047,107.143790,86.393032,20.750759,3.788060,0.016893
106.063384,85.329617,20.733767,106.784148,86.027570,20.756578,3.763904,0.017641
105.947496,85.220229,20.727266,106.637543,85.929651,20.707892,3.724690,0.016349
105.838356,85.123825,20.714531,106.599033,85.939543,20.659490,3.709163,0.017014
105.734157,85.014495,20.719662,106.671308,85.932774,20.738534,3.669549,0.017260
105.700493,84.905735,20.794758,106.509257,85.765880,20.743377,3.783579,0.016205
105.623054,84.893612,20.729441,106.657733,86.032289,20.625444,3.911932,0.015442
105.438690,84.716339,20.722352,106.164941,85.483838,20.681104,3.597817,0.017506
105.435783,84.680532,20.755252,106.253531,85.469819,20.783712,3.895629,0.016066
105.235590,84.502892,20.732698,106.011738,85.378636,20.633102,3.794240,0.015652
105.204413,84.489350,20.715063,106.087300,85.377760,20.709540,3.895716,0.015728
105.092987,84.352826,20.740160,105.986544,85.195059,20.791485,3.673038,0.016548
104.981925,84.184006,20.797920,105.965449,85.243663,20.721786,3.695528,0.016420
104.946962,84.145657,20.801305,105.912173,85.083842,20.828331,3.668002,0.017167
104.856621,84.026447,20.830174,105.620556,84.948134,20.672421,3.788895,0.015951
104.799136,83.995030,20.804106,105.699166,84.899058,20.800109,3.840571,0.015604
104.683148,83.905615,20.777533,105.562552,84.835552,20.726999,3.679386,0.016759
104.581081,83.783157,20.797924,105.553865,84.725547,20.828319,3.696603,0.016740
104.519774,83.683956,20.835818,105.707837,84.813472,20.894365,3.646955,0.015620
104.474649,83.634690,20.839959,105.634880,84.798891,20.835989,3.617576,0.016641
104.298032,83.496390,20.801642,105.571975,84.746443,20.825532,3.745333,0.016542
104.314474,83.494788,20.819686,105.474211,84.638173,20.836038,3.698822,0.015855
104.231511,83.439359,20.792151,105.141606,84.372980,20.768626,3.653038,0.017601
104.132737,83.272152,20.860585,105.275338,84.395003,20.880335,3.753999,0.016132
104.066203,83.213051,20.853152,105.360282,84.581113,20.779169,3.871683,0.015274
104.002724,83.164590,20.838134,105.155760,84.344863,20.810896,3.661760,0.016809
103.936422,83.104552,20.831870,105.010063,84.292564,20.717499,3.685926,0.017206
103.869782,83.012753,20.857029,105.156153,84.218564,20.937589,3.724240,0.015881
103.791737,82.924713,20.867024,104.896220,84.020820,20.875401,3.774053,0.015301
103.759708,82.870571,20.889137,104.865264,83.943595,20.921670,3.811407,0.016090
103.677362,82.808800,20.868562,104.820519,84.000437,20.820081,3.765907,0.016284
103.614262,82.750390,20.863871,104.985149,84.203048,20.782100,3.662062,0.016248
103.529347,82.643224,20.886124,104.524688,83.749296,20.775392,3.842204,0.016360
103.474390,82.580311,20.894079,104.833567,83.973159,20.860408,3.787927,0.015681
103.402622,82.537959,20.864663,104.694635,83.894076,20.800559,3.686679,0.016926
103.359483,82.502433,20.857050,104.487872,83.643737,20.844135,3.709974,0.015817
103.243994,82.354759,20.889235,104.546292,83.719379,20.826913,3.634812,0.016243
103.245646,82.332664,20.912981,104.481222,83.642030,20.839192,3.714302,0.016538
103.140955,82.223302,20.917652,104.590312,83.741366,20.848946,3.759011,0.015499
103.105949,82.208337,20.897612,104.332935,83.476655,20.856280,3.773639,0.015100
102.990855,82.124336,20.866519,104.548124,83.820572,20.727552,3.861505,0.015082
103.015879,82.158803,20.857076,104.210801,83.381245,20.829556,3.771289,0.015522
102.910667,82.020737,20.889931,104.412287,83.516300,20.895986,3.813617,0.015446
102.886352,81.970031,20.916321,104.181652,83.243437,20.938215,3.795026,0.015160
102.816998,81.917805,20.899192,104.167466,83.347324,20.820142,3.877208,0.015504
102.747398,81.856474,20.890924,104.072553,83.252003,20.820550,3.869445,0.015166
102.686544,81.768443,20.918100,104.294997,83.443901,20.851096,3.829025,0.014825
102.725903,81.796017,20.929887,103.994648,83.128432,20.866216,3.615760,0.015722
102.627314,81.689672,20.937642,104.019958,83.114913,20.905045,3.758300,0.015541
102.534469,81.632174,20.902295,103.817363,82.998898,20.818465,3.874677,0.014574
102.508969,81.608795,20.900174,103.810903,82.964083,20.846820,3.639887,0.016584
102.456105,81.571334,20.884771,103.844181,82.992961,20.851220,3.777431,0.016024
102.345407,81.496688,20.848719,103.973546,83.187593,20.785953,3.627310,0.016163
102.277626,81.413985,20.863641,104.027692,83.142804,20.884888,3.750926,0.015148
102.327029,81.420679,20.906351,103.571906,82.730058,20.841848,3.729752,0.016254
102.252148,81.387731,20.864417,103.986144,83.197154,20.788990,3.731293,0.015410
102.152554,81.261351,20.891203,103.713686,82.880114,20.833572,3.566738,0.015590
102.096529,81.189829,20.906700,103.585848,82.762684,20.823164,3.735086,0.016153
102.064705,81.157890,20.906816,103.729041,82.867438,20.861603,3.704369,0.014443
102.053672,81.177431,20.876240,103.787346,82.935852,20.851494,3.777608,0.015149
102.007546,81.136701,20.870845,103.358859,82.500658,20.858202,3.784909,0.015563
101.911728,81.018663,20.893065,103.600620,82.741149,20.859471,3.628269,0.016025
101.905930,81.024538,20.881392,103.612884,82.738210,20.874674,3.737983,0.015104
101.787364,80.898438,20.888926,103.405780,82.624181,20.781598,3.615407,0.016327
101.798754,80.929823,20.868932,103.457239,82.673082,20.784157,3.586804,0.016395
101.686217,80.840870,20.845346,103.368286,82.521376,20.846909,3.826034,0.016203
101.754508,80.881242,20.873266,103.389294,82.568851,20.820443,3.621356,0.016406
101.678727,80.831275,20.847452,103.537742,82.730488,20.807254,3.636637,0.015264
101.575728,80.715025,20.860703,103.391648,82.577073,20.814575,3.718423,0.015251
101.564080,80.684927,20.879152,103.262265,82.445313,20.816951,3.544948,0.015903
101.524578,80.636144,20.888434,103.206859,82.306330,20.900528,3.760216,0.014586
101.474099,80.604227,20.869872,103.200877,82.359147,20.841730,3.889128,0.014631
101.446404,80.534364,20.912040,103.216347,82.347512,20.868835,3.835772,0.014781
101.352959,80.445856,20.907103,103.040944,82.168754,20.872191,3.918319,0.013768
101.332592,80.411353,20.921239,103.244896,82.429783,20.815114,3.974601,0.014681
101.350018,80.420329,20.929690,103.148893,82.252511,20.896382,3.576450,0.016801
101.325342,80.394128,20.931215,103.320862,82.369467,20.951394,3.575461,0.016710
101.296478,80.316223,20.980256,103.158143,82.176366,20.981777,3.885479,0.014861
101.175041,80.192091,20.982950,103.130480,82.271253,20.859227,3.628634,0.015733
101.165365,80.229405,20.935960,103.115793,82.282630,20.833163,3.645242,0.015323
101.161492,80.243830,20.917662,103.226737,82.409473,20.817264,3.642926,0.015785
