276.335208,269.429844,6.905363,214.385074,206.067361,8.317712,1.254328,0.000013
214.682690,206.364933,8.317757,214.449576,206.131812,8.317766,1.153855,0.000000
214.657668,206.339904,8.317766,214.370659,206.052895,8.317766,1.303006,0.000000
214.654882,206.337118,8.317766,214.430074,206.112309,8.317766,1.112226,0.000000
214.642314,206.324549,8.317766,214.250810,205.933046,8.317766,1.161680,0.000000
214.605065,206.287300,8.317766,214.367466,206.049702,8.317766,1.118982,0.000000
214.597675,206.279911,8.317766,214.235586,205.917822,8.317766,1.177637,0.000000
214.573377,206.255613,8.317766,214.266619,205.948855,8.317766,1.326946,0.000000
214.548047,206.230283,8.317766,214.377132,206.059368,8.317766,1.139224,0.000000
214.527952,206.210188,8.317766,214.242538,205.924773,8.317766,1.155251,0.000000
214.540799,206.223035,8.317766,214.271755,205.953990,8.317766,nan,0.000000
214.524359,206.206595,8.317766,214.162044,205.844280,8.317766,1.100227,0.000000
214.524307,206.206543,8.317766,214.317132,205.999368,8.317766,1.240942,0.000000
214.513749,206.195985,8.317766,214.249859,205.932094,8.317766,nan,0.000000
214.504058,206.186293,8.317766,214.295899,205.978135,8.317766,nan,0.000000
214.507623,206.189859,8.317766,214.342229,206.024465,8.317766,nan,0.000000
214.499944,206.182179,8.317766,214.248599,205.930834,8.317766,nan,0.000000
214.482263,206.164499,8.317766,214.203874,205.886109,8.317766,nan,0.000000
214.481358,206.163593,8.317766,214.242098,205.924334,8.317766,nan,0.000000
214.472376,206.154611,8.317766,214.255769,205.938004,8.317766,nan,0.000000
214.477718,206.159953,8.317766,214.286676,205.968912,8.317766,nan,0.000000
214.472627,206.154863,8.317766,214.172073,205.854309,8.317766,nan,0.000000
214.483365,206.165600,8.317766,214.274591,205.956827,8.317766,nan,0.000000
214.466600,206.148836,8.317766,214.271852,205.954088,8.317766,nan,0.000000
214.458792,206.141028,8.317766,214.221534,205.903770,8.317766,nan,0.000000
214.457755,206.139991,8.317766,214.248861,205.931096,8.317766,nan,0.000000
214.462930,206.145166,8.317766,214.176923,205.859158,8.317766,nan,0.000000
214.447165,206.129400,8.317766,214.191871,205.874107,8.317766,nan,0.000000
214.434153,206.116388,8.317766,214.218893,205.901129,8.317766,nan,0.000000
214.451217,206.133452,8.317766,214.311906,205.994142,8.317766,nan,0.000000
214.440924,206.123160,8.317766,214.179681,205.861917,8.317766,nan,0.000000
214.446167,206.128403,8.317766,214.115871,205.798107,8.317766,nan,0.000000
214.435880,206.118116,8.317766,214.214862,205.897097,8.317766,nan,0.000000
214.451010,206.133246,8.317766,214.162660,205.844895,8.317766,nan,0.000000
214.432826,206.115062,8.317766,214.211367,205.893603,8.317766,nan,0.000000
214.431450,206.113686,8.317766,214.146466,205.828701,8.317766,nan,0.000000
214.435230,206.117466,8.317766,214.172872,205.855107,8.317766,nan,0.000000
214.434272,206.116508,8.317766,214.167039,205.849274,8.317766,nan,0.000000
214.430656,206.112891,8.317766,214.224806,205.907041,8.317766,nan,0.000000
214.431315,206.113551,8.317766,214.217163,205.899398,8.317766,nan,0.000000
214.429102,206.111338,8.317766,214.186461,205.868697,8.317766,nan,0.000000
214.420716,206.102951,8.317766,214.146457,205.828693,8.317766,nan,0.000000
214.419343,206.101579,8.317766,214.186199,205.868435,8.317766,nan,0.000000
214.434684,206.116920,8.317766,214.220367,205.902603,8.317766,nan,0.000000
214.417436,206.099672,8.317766,214.161264,205.843499,8.317766,nan,0.000000
214.421880,206.104116,8.317766,214.234235,205.916471,8.317766,nan,0.000000
214.429024,206.111260,8.317766,214.198643,205.880878,8.317766,nan,0.000000
214.414536,206.096772,8.317766,214.183052,205.865288,8.317766,nan,0.000000
214.424734,206.106970,8.317766,214.198857,205.881093,8.317766,nan,0.000000
214.417732,206.099967,8.317766,214.133472,205.815707,8.317766,nan,0.000000
214.418047,206.100283,8.317766,214.233110,205.915346,8.317766,nan,0.000000
214.422165,206.104401,8.317766,214.221324,205.903560,8.317766,nan,0.000000
214.411836,206.094072,8.317766,214.268420,205.950655,8.317766,nan,0.000000
214.416013,206.098249,8.317766,214.150655,205.832891,8.317766,nan,0.000000
214.412333,206.094569,8.317766,214.197793,205.880029,8.317766,nan,0.000000
214.412775,206.095011,8.317766,214.135660,205.817896,8.317766,nan,0.000000
214.409791,206.092026,8.317766,214.260696,205.942932,8.317766,nan,0.000000
214.408599,206.090835,8.317766,214.173418,205.855653,8.317766,nan,0.000000
214.414742,206.096978,8.317766,214.168168,205.850404,8.317766,nan,0.000000
214.413246,206.095482,8.317766,214.152455,205.834690,8.317766,nan,0.000000
214.409702,206.091938,8.317766,214.204787,205.887023,8.317766,nan,0.000000
214.411394,206.093629,8.317766,214.194614,205.876850,8.317766,nan,0.000000
214.414736,206.096972,8.317766,214.145065,205.827301,8.317766,nan,0.000000
214.405551,206.087787,8.317766,214.167730,205.849966,8.317766,nan,0.000000
214.411974,206.094210,8.317766,214.152150,205.834386,8.317766,nan,0.000000
214.414451,206.096687,8.317766,214.150451,205.832686,8.317766,nan,0.000000
214.403986,206.086221,8.317766,214.197496,205.879732,8.317766,nan,0.000000
214.411943,206.094179,8.317766,214.183250,205.865486,8.317766,nan,0.000000
214.405261,206.087497,8.317766,214.106910,205.789145,8.317766,nan,0.000000
214.403687,206.085923,8.317766,214.247186,205.929422,8.317766,nan,0.000000
214.408518,206.090754,8.317766,214.190230,205.872466,8.317766,nan,0.000000
214.399082,206.081317,8.317766,214.169460,205.851696,8.317766,nan,0.000000
214.401613,206.083849,8.317766,214.139248,205.821484,8.317766,nan,0.000000
214.400514,206.082750,8.317766,214.168609,205.850845,8.317766,nan,0.000000
214.394490,206.076726,8.317766,214.188637,205.870872,8.317766,nan,0.000000
214.400958,206.083194,8.317766,214.110933,205.793168,8.317766,nan,0.000000
214.397812,206.080048,8.317766,214.196898,205.879134,8.317766,nan,0.000000
214.404688,206.086924,8.317766,214.179789,205.862025,8.317766,nan,0.000000
214.407490,206.089726,8.317766,214.150349,205.832585,8.317766,nan,0.000000
214.399607,206.081843,8.317766,214.178726,205.860962,8.317766,nan,0.000000
214.397684,206.079920,8.317766,214.165551,205.847787,8.317766,nan,0.000000
214.402134,206.084370,8.317766,214.161901,205.844136,8.317766,nan,0.000000
214.400914,206.083149,8.317766,214.216478,205.898714,8.317766,nan,0.000000
214.398768,206.081004,8.317766,214.165024,205.847260,8.317766,nan,0.000000
214.395930,206.078166,8.317766,214.178375,205.860611,8.317766,nan,0.000000
214.393241,206.075476,8.317766,214.249874,205.932110,8.317766,nan,0.000000
214.394775,206.077011,8.317766,214.205372,205.887608,8.317766,nan,0.000000
214.396682,206.078918,8.317766,214.196903,205.879139,8.317766,nan,0.000000
214.396328,206.078564,8.317766,214.193390,205.875626,8.317766,nan,0.000000
214.396966,206.079202,8.317766,214.214485,205.896721,8.317766,nan,0.000000
214.395805,206.078040,8.317766,214.182175,205.864411,8.317766,nan,0.000000
214.391053,206.073288,8.317766,214.209548,205.891784,8.317766,nan,0.000000
214.394065,206.076301,8.317766,214.135977,205.818213,8.317766,nan,0.000000
214.397686,206.079921,8.317766,214.136899,205.819135,8.317766,nan,0.000000
214.396159,206.078395,8.317766,214.138206,205.820442,8.317766,nan,0.000000
214.391424,206.073659,8.317766,214.189187,205.871422,8.317766,nan,0.000000
214.389881,206.072117,8.317766,214.216397,205.898633,8.317766,nan,0.000000
214.393441,206.075676,8.317766,214.188781,205.871017,8.317766,nan,0.000000
214.395888,206.078124,8.317766,214.145084,205.827320,8.317766,nan,0.000000
214.397853,206.080088,8.317766,214.155335,205.837570,8.317766,nan,0.000000
214.391155,206.073391,8.317766,214.167662,205.849898,8.317766,nan,0.000000
214.396502,206.078738,8.317766,214.174071,205.856307,8.317766,nan,0.000000
214.394721,206.076957,8.317766,214.173359,205.855594,8.317766,nan,0.000000
214.396289,206.078525,8.317766,214.113051,205.795287,8.317766,nan,0.000000
214.395064,206.077300,8.317766,214.211734,205.893970,8.317766,nan,0.000000
214.393077,206.075313,8.317766,214.133148,205.815384,8.317766,nan,0.000000
214.394802,206.077038,8.317766,214.155156,205.837392,8.317766,nan,0.000000
214.393910,206.076145,8.317766,214.198490,205.880726,8.317766,nan,0.000000
214.388292,206.070528,8.317766,214.166344,205.848579,8.317766,nan,0.000000
214.395486,206.077722,8.317766,214.158231,205.840466,8.317766,nan,0.000000
214.390481,206.072717,8.317766,214.168638,205.850874,8.317766,nan,0.000000
214.393854,206.076090,8.317766,214.128564,205.810799,8.317766,nan,0.000000
214.388544,206.070780,8.317766,214.138135,205.820370,8.317766,nan,0.000000
214.387854,206.070090,8.317766,214.153015,205.835250,8.317766,nan,0.000000
214.391857,206.074093,8.317766,214.150225,205.832461,8.317766,nan,0.000000
214.392530,206.074766,8.317766,214.191704,205.873940,8.317766,nan,0.000000
214.386104,206.068340,8.317766,214.198848,205.881084,8.317766,nan,0.000000
214.390184,206.072420,8.317766,214.150219,205.832455,8.317766,nan,0.000000
214.391975,206.074211,8.317766,214.207276,205.889512,8.317766,nan,0.000000
214.388348,206.070584,8.317766,214.132518,205.814754,8.317766,nan,0.000000
214.391903,206.074139,8.317766,214.187973,205.870208,8.317766,nan,0.000000
214.388935,206.071171,8.317766,214.146190,205.828426,8.317766,nan,0.000000
214.391463,206.073699,8.317766,214.192191,205.874426,8.317766,nan,0.000000
214.386733,206.068968,8.317766,214.145530,205.827766,8.317766,nan,0.000000
214.387609,206.069844,8.317766,214.158910,205.841145,8.317766,nan,0.000000
214.390593,206.072828,8.317766,214.170787,205.853023,8.317766,nan,0.000000
214.391959,206.074195,8.317766,214.173441,205.855676,8.317766,nan,0.000000
214.387366,206.069601,8.317766,214.168613,205.850849,8.317766,nan,0.000000
214.392729,206.074965,8.317766,214.125039,205.807274,8.317766,nan,0.000000
214.387966,206.070202,8.317766,214.110660,205.792896,8.317766,nan,0.000000
214.388910,206.071146,8.317766,214.126034,205.808270,8.317766,nan,0.000000
214.385731,206.067966,8.317766,214.163327,205.845562,8.317766,nan,0.000000
214.386296,206.068532,8.317766,214.163427,205.845663,8.317766,nan,0.000000
214.386898,206.069134,8.317766,214.164779,205.847015,8.317766,nan,0.000000
214.383487,206.065722,8.317766,214.182648,205.864884,8.317766,nan,0.000000
214.387097,206.069333,8.317766,214.160481,205.842717,8.317766,nan,0.000000
214.387731,206.069967,8.317766,214.136930,205.819165,8.317766,nan,0.000000
214.384109,206.066344,8.317766,214.178391,205.860627,8.317766,nan,0.000000
214.388345,206.070581,8.317766,214.143088,205.825323,8.317766,nan,0.000000
214.382995,206.065231,8.317766,214.144567,205.826803,8.317766,nan,0.000000
214.387352,206.069588,8.317766,214.152419,205.834655,8.317766,nan,0.000000
214.384758,206.066994,8.317766,214.128231,205.810466,8.317766,nan,0.000000
214.387301,206.069537,8.317766,214.179196,205.861432,8.317766,nan,0.000000
214.384107,206.066342,8.317766,214.165625,205.847861,8.317766,nan,0.000000
214.386791,206.069027,8.317766,214.132632,205.814867,8.317766,nan,0.000000
214.389107,206.071343,8.317766,214.190890,205.873126,8.317766,nan,0.000000
214.385023,206.067259,8.317766,214.148730,205.830966,8.317766,nan,0.000000
214.386425,206.068661,8.317766,214.155116,205.837352,8.317766,nan,0.000000
214.385024,206.067259,8.317766,214.131225,205.813460,8.317766,nan,0.000000
214.381190,206.063426,8.317766,214.117118,205.799354,8.317766,nan,0.000000
214.388203,206.070439,8.317766,214.115387,205.797622,8.317766,nan,0.000000
214.387752,206.069987,8.317766,214.126642,205.808877,8.317766,nan,0.000000
214.384559,206.066795,8.317766,214.131996,205.814232,8.317766,nan,0.000000
214.385106,206.067341,8.317766,214.163815,205.846050,8.317766,nan,0.000000
214.387965,206.070200,8.317766,214.125013,205.807248,8.317766,nan,0.000000
214.385376,206.067612,8.317766,214.136394,205.818630,8.317766,nan,0.000000
214.385222,206.067458,8.317766,214.142857,205.825092,8.317766,nan,0.000000
214.379680,206.061916,8.317766,214.130069,205.812304,8.317766,nan,0.000000
214.388825,206.071061,8.317766,214.165897,205.848132,8.317766,nan,0.000000
214.376576,206.058812,8.317766,214.136853,205.819089,8.317766,nan,0.000000
