268.273548,253.658643,14.614905,194.168814,190.321136,3.847679,2.337269,0.016805
184.579409,177.259487,7.319922,171.006527,159.935773,11.070754,2.387917,0.023277
161.885901,147.979982,13.905919,154.884237,139.532470,15.351767,2.523491,0.028652
151.283396,134.917191,16.366205,146.517843,129.155207,17.362636,2.510121,0.031436
144.054976,125.816771,18.238205,140.194827,121.175417,19.019410,2.491541,0.033583
138.978361,119.550013,19.428348,136.150777,116.163923,19.986854,2.578359,0.035552
135.267103,115.022763,20.244340,132.783599,112.063383,20.720216,2.739465,0.034518
132.506656,111.709071,20.797585,130.747439,109.637491,21.109948,2.668866,0.039180
130.485837,109.324595,21.161243,128.377288,107.000065,21.377223,2.998917,0.031779
128.755023,107.285152,21.469872,127.284832,105.637495,21.647336,2.634446,0.040098
127.397467,105.688741,21.708726,125.939930,104.190525,21.749406,2.656658,0.040518
126.150350,104.333557,21.816793,124.694670,102.871448,21.823222,2.885890,0.037178
125.207816,103.247667,21.960149,124.074227,102.000163,22.074064,2.775817,0.040682
124.335204,102.272484,22.062720,123.095680,100.914041,22.181639,3.060808,0.036452
123.483481,101.330554,22.152927,122.593605,100.274508,22.319098,2.947598,0.036959
122.751980,100.491652,22.260328,122.047158,99.634575,22.412583,3.075275,0.035008
122.147332,99.809613,22.337719,121.188605,98.741466,22.447139,3.080137,0.035269
121.520853,99.116439,22.404415,120.991992,98.485663,22.506330,2.928398,0.037502
121.020826,98.566706,22.454121,120.129538,97.657873,22.471666,3.133835,0.035192
120.437893,97.962752,22.475141,119.950353,97.436256,22.514097,2.999635,0.037124
120.005561,97.481810,22.523751,119.335247,96.727079,22.608168,2.960370,0.039290
119.586115,97.043503,22.542612,119.281158,96.730620,22.550537,2.967931,0.039515
119.207032,96.629483,22.577550,118.728433,96.090189,22.638245,3.172965,0.037186
118.742269,96.163501,22.578767,118.192222,95.609054,22.583168,3.122562,0.036218
118.400675,95.780560,22.620114,117.972422,95.352833,22.619589,3.183097,0.034976
117.971010,95.325070,22.645940,117.663039,94.943019,22.720021,3.007776,0.038813
117.678496,95.015513,22.662983,117.284663,94.575579,22.709084,2.973816,0.040444
117.385658,94.691944,22.693714,117.060434,94.322236,22.738198,3.109838,0.036109
117.062051,94.359369,22.702683,116.926763,94.245391,22.681372,3.231729,0.036031
116.826555,94.083642,22.742913,116.717364,93.947146,22.770218,3.066399,0.037126
116.598052,93.817209,22.780843,116.290317,93.413664,22.876653,3.084583,0.038722
116.231557,93.436583,22.794975,115.886050,93.149911,22.736140,3.076033,0.039571
115.989634,93.223733,22.765901,116.075186,93.313377,22.761809,3.163538,0.036879
115.815552,93.036286,22.779266,115.785695,92.937430,22.848265,3.274531,0.036473
115.478862,92.701318,22.777544,115.402617,92.522947,22.879670,3.013165,0.038072
115.318743,92.516165,22.802578,115.221319,92.355863,22.865457,3.177885,0.036979
115.074767,92.278526,22.796241,115.017328,92.201056,22.816272,3.137058,0.037184
114.901177,92.068368,22.832810,115.110906,92.290082,22.820823,3.098159,0.037535
114.676728,91.866532,22.810197,114.763279,91.944090,22.819189,3.270498,0.035230
114.494822,91.666643,22.828179,114.960715,92.020435,22.940280,3.050394,0.038590
114.378262,91.495926,22.882336,114.415401,91.438185,22.977217,3.170406,0.036849
114.083560,91.279749,22.803811,114.021505,91.231113,22.790392,3.217890,0.036108
113.892006,91.056139,22.835868,114.193128,91.339822,22.853306,3.206780,0.035312
113.805765,90.956260,22.849506,114.064206,91.230451,22.833754,2.989911,0.039084
113.624222,90.763278,22.860944,113.652775,90.828627,22.824149,3.053049,0.038541
113.443772,90.618722,22.825050,113.883842,91.149085,22.734758,3.192380,0.034004
113.375740,90.522993,22.852747,113.619564,90.796264,22.823300,3.213236,0.035834
113.126895,90.286246,22.840649,113.402125,90.606445,22.795681,3.249849,0.035066
113.026723,90.169912,22.856811,113.228080,90.370605,22.857476,3.156608,0.035984
112.825814,89.997093,22.828721,113.309551,90.527370,22.782181,3.200277,0.037664
112.653674,89.828203,22.825471,112.999932,90.211795,22.788137,3.322322,0.037103
112.557808,89.754282,22.803526,112.940926,90.106551,22.834375,3.185521,0.037795
112.415251,89.578678,22.836574,113.096623,90.273494,22.823128,3.309140,0.037438
112.306390,89.489151,22.817239,112.732238,89.927392,22.804847,3.241076,0.037868
112.188510,89.353526,22.834984,112.575452,89.726025,22.849427,3.400303,0.035714
111.987128,89.197558,22.789570,112.401414,89.621617,22.779797,3.278926,0.035726
111.930810,89.131831,22.798979,112.560769,89.652560,22.908209,3.139913,0.033377
111.755754,88.924274,22.831480,112.521327,89.722680,22.798647,3.037906,0.036146
111.634066,88.797304,22.836762,112.229983,89.366505,22.863478,3.283443,0.034354
111.493673,88.683011,22.810662,112.030489,89.256751,22.773739,3.285607,0.034638
111.398851,88.596988,22.801864,112.069072,89.326857,22.742215,3.125948,0.039207
111.371755,88.554957,22.816798,111.877014,89.141391,22.735623,3.295550,0.034929
111.185227,88.371139,22.814088,111.775686,88.932728,22.842958,3.239387,0.033921
111.089858,88.227485,22.862373,111.724392,89.003235,22.721157,3.324829,0.034378
111.015363,88.187011,22.828351,111.520878,88.730451,22.790427,3.334635,0.035534
110.887609,88.101574,22.786035,111.540111,88.770917,22.769194,3.273549,0.035412
110.852487,87.991615,22.860873,111.335621,88.451030,22.884591,3.077567,0.041480
110.654236,87.819444,22.834792,111.680433,88.978655,22.701779,3.153993,0.036597
110.627697,87.804959,22.822738,111.116623,88.277135,22.839487,3.272571,0.035313
110.483823,87.674665,22.809158,111.210167,88.456704,22.753463,3.257467,0.036454
110.378059,87.569705,22.808354,111.129086,88.399760,22.729326,3.407749,0.034554
110.283557,87.509915,22.773642,111.273457,88.549483,22.723973,3.058112,0.036642
110.276231,87.486725,22.789506,111.095292,88.282044,22.813249,3.265829,0.037757
110.128535,87.315229,22.813307,111.277884,88.555075,22.722810,3.250659,0.036089
110.064062,87.260830,22.803232,110.852671,88.119348,22.733324,3.257593,0.037765
109.973084,87.165176,22.807908,110.832221,88.089425,22.742796,3.391887,0.034587
109.866420,87.087600,22.778820,110.815079,88.030769,22.784310,3.165459,0.036745
109.744857,86.983344,22.761513,110.631843,87.865471,22.766372,3.134127,0.037697
109.685168,86.880998,22.804170,110.586990,87.835126,22.751864,3.182249,0.035490
109.610136,86.842169,22.767966,110.389538,87.607329,22.782209,3.293403,0.034230
109.583144,86.762647,22.820497,110.460174,87.770913,22.689261,3.301099,0.036944
109.366827,86.615068,22.751759,110.257659,87.481116,22.776543,3.345482,0.035219
109.367271,86.577580,22.789691,110.208742,87.486408,22.722333,3.382358,0.034698
109.301643,86.524178,22.777466,110.228574,87.493235,22.735340,3.238720,0.034677
109.188583,86.433363,22.755220,110.233247,87.534800,22.698446,3.296442,0.036212
109.090436,86.331011,22.759425,110.220314,87.557054,22.663260,3.427704,0.035934
109.054352,86.298939,22.755412,110.171792,87.466960,22.704832,3.351450,0.033979
108.953126,86.217118,22.736008,110.025574,87.400882,22.624693,3.268293,0.036191
108.903239,86.186000,22.717240,110.038129,87.339226,22.698903,3.292205,0.037106
108.847496,86.094214,22.753282,109.680219,86.933639,22.746580,3.368457,0.032020
108.708283,85.993486,22.714798,109.903904,87.185948,22.717955,3.128522,0.034351
108.656841,85.962999,22.693842,109.956653,87.256651,22.700002,3.359664,0.033801
108.614360,85.872875,22.741485,109.419046,86.717547,22.701499,3.322040,0.033991
108.538108,85.818339,22.719769,109.681307,86.998833,22.682474,3.234537,0.036445
108.394047,85.678079,22.715968,109.595952,86.973101,22.622851,3.220984,0.034866
108.358757,85.655642,22.703115,109.363099,86.750287,22.612812,3.397437,0.033417
108.231917,85.553702,22.678215,109.530400,86.913013,22.617387,3.322290,0.035888
108.255209,85.549177,22.706033,109.298516,86.690082,22.608434,3.470066,0.033129
108.198305,85.508905,22.689399,109.171276,86.527498,22.643777,3.254469,0.033218
108.103060,85.467142,22.635918,109.364052,86.765738,22.598315,3.332849,0.034638
108.048944,85.396310,22.652634,109.279889,86.593468,22.686421,3.316982,0.035252
108.000577,85.343168,22.657410,109.167688,86.524440,22.643247,3.325784,0.036916
107.934573,85.251027,22.683546,109.030454,86.438213,22.592241,3.456466,0.032630
107.854680,85.218941,22.635740,109.140754,86.536362,22.604392,3.328148,0.034926
107.680659,85.057125,22.623534,108.607621,86.153536,22.454086,3.522030,0.032308
107.667177,85.072071,22.595106,108.863213,86.397161,22.466052,3.414836,0.035358
107.604762,84.946057,22.658705,108.923175,86.304493,22.618681,3.308877,0.034688
107.513666,84.907965,22.605702,108.886588,86.482053,22.404535,3.288400,0.034582
107.440816,84.817879,22.622937,109.068702,86.520632,22.548071,3.194639,0.035941
107.413685,84.796220,22.617465,108.557115,85.904740,22.652374,3.335613,0.034101
107.310862,84.685706,22.625157,108.601044,85.988630,22.612414,3.320479,0.033373
107.274702,84.648873,22.625829,108.552935,85.917455,22.635479,3.458927,0.033298
107.210618,84.635905,22.574713,108.460880,85.954906,22.505974,3.397425,0.033049
107.175433,84.585190,22.590243,108.379628,85.964703,22.414924,3.276973,0.037650
107.148939,84.529172,22.619767,108.469833,85.956407,22.513427,3.273724,0.037393
107.058100,84.472804,22.585296,108.510366,85.958669,22.551697,3.243829,0.036439
106.976813,84.385495,22.591318,108.080033,85.579388,22.500644,3.399551,0.037854
106.859326,84.263037,22.596289,108.243985,85.679851,22.564134,3.375849,0.034233
106.871764,84.307480,22.564284,108.061995,85.600367,22.461628,3.293467,0.036213
106.787649,84.221735,22.565914,108.311117,85.818324,22.492793,3.259051,0.036651
106.682227,84.124914,22.557314,108.293269,85.845441,22.447828,3.469439,0.032011
106.637953,84.128827,22.509126,107.884328,85.358717,22.525610,3.427233,0.033983
106.577351,84.039904,22.537446,108.087359,85.596459,22.490901,3.219901,0.037137
106.545857,83.977694,22.568163,108.048555,85.636549,22.412006,3.526238,0.032020
106.518781,83.958993,22.559788,108.027663,85.554814,22.472849,3.372342,0.034229
106.500723,83.906336,22.594387,108.149330,85.595936,22.553393,3.231518,0.033565
106.417221,83.845879,22.571342,107.923974,85.388831,22.535143,3.306676,0.035263
106.377161,83.834056,22.543105,107.920629,85.504990,22.415638,3.200376,0.035678
106.323268,83.752887,22.570381,107.917881,85.511966,22.405915,3.162043,0.037264
106.221354,83.676821,22.544533,107.693960,85.206093,22.487867,3.361985,0.030711
106.238836,83.679984,22.558851,107.733751,85.268667,22.465084,3.500768,0.032777
106.156957,83.604331,22.552626,107.756282,85.263901,22.492381,3.457879,0.033037
106.125565,83.573409,22.552155,107.542838,85.069351,22.473486,3.258229,0.034670
106.043294,83.482219,22.561075,107.474029,85.000640,22.473389,3.384348,0.034931
106.038521,83.481858,22.556663,107.435888,84.984786,22.451102,3.446437,0.033722
105.984029,83.467467,22.516562,107.647694,85.187907,22.459787,3.257512,0.036230
105.949425,83.408152,22.541273,107.618812,85.079367,22.539445,3.312588,0.035344
105.871724,83.338487,22.533237,107.491857,85.110666,22.381191,3.402301,0.032803
105.767907,83.256051,22.511856,107.304352,84.914808,22.389544,3.362799,0.033902
105.864568,83.311581,22.552987,107.435174,84.895279,22.539895,3.436202,0.034588
105.758993,83.184182,22.574810,107.352197,84.840953,22.511244,3.327740,0.032385
105.668539,83.103866,22.564673,107.178745,84.654156,22.524589,3.443870,0.034370
105.658542,83.115873,22.542669,107.195882,84.808553,22.387329,3.524867,0.034967
105.669654,83.090352,22.579301,107.376963,84.801027,22.575935,3.262049,0.035964
105.580078,83.018205,22.561873,107.281949,84.856582,22.425367,3.451420,0.034878
105.523478,82.983431,22.540047,107.419246,84.874723,22.544523,3.237330,0.034454
105.561769,82.987788,22.573980,107.181651,84.730663,22.450988,3.280108,0.035419
105.501297,82.919162,22.582135,107.165796,84.638126,22.527670,3.268570,0.036062
105.437428,82.906260,22.531168,107.199051,84.789376,22.409675,3.214118,0.035893
105.399866,82.823270,22.576596,106.977135,84.457616,22.519519,3.264240,0.032873
105.315937,82.760567,22.555370,107.067930,84.623701,22.444228,3.377881,0.035286
105.349606,82.778381,22.571225,107.038716,84.555593,22.483123,3.524271,0.032178
105.313674,82.761598,22.552076,106.935478,84.428302,22.507176,3.474942,0.032791
105.229562,82.675883,22.553678,107.174158,84.765106,22.409052,3.419631,0.032269
105.252590,82.660228,22.592362,106.914904,84.394492,22.520412,3.314738,0.033809
105.140258,82.563509,22.576749,106.833985,84.378650,22.455334,3.256346,0.033999
105.180482,82.578067,22.602415,106.868849,84.405815,22.463034,3.401983,0.033136
105.129606,82.563450,22.566156,106.853750,84.360709,22.493041,3.296604,0.033594
105.003256,82.424966,22.578290,106.751345,84.299853,22.451492,3.316151,0.034179
105.005981,82.474370,22.531611,106.893946,84.551920,22.342025,3.370649,0.033803
