193.324559,187.933479,5.391080,163.339641,152.673518,10.666123,2.791068,0.025694
152.171953,138.653849,13.518104,144.090494,128.811274,15.279220,2.723070,0.029702
140.448465,124.064143,16.384321,135.788506,118.218324,17.570182,2.600704,0.032484
133.814433,115.631176,18.183256,130.473418,111.617966,18.855452,2.686150,0.031480
129.585691,110.170283,19.415409,127.049420,107.223003,19.826417,2.724329,0.032521
126.862379,106.706881,20.155498,125.281936,104.881577,20.400359,2.672168,0.033708
124.777833,104.137508,20.640325,123.171961,102.420847,20.751114,2.876052,0.029972
123.113217,102.144675,20.968542,121.761806,100.674809,21.086996,2.662119,0.032251
121.718829,100.491160,21.227668,120.824129,99.462102,21.362028,2.688134,0.029856
120.619601,99.234771,21.384830,119.826575,98.389853,21.436722,2.642270,0.033130
119.508331,97.959446,21.548885,118.850133,97.257512,21.592621,2.853395,0.031942
118.633836,96.951863,21.681973,117.821573,96.064364,21.757209,2.879939,0.029754
117.809607,96.020453,21.789154,117.271599,95.497265,21.774334,2.877697,0.031567
117.052769,95.159806,21.892964,116.423573,94.540330,21.883244,2.901437,0.030081
116.425255,94.425012,22.000243,115.890449,93.882930,22.007519,2.886554,0.027915
115.759223,93.626867,22.132356,115.610935,93.503363,22.107572,2.654774,0.032017
115.306855,93.045804,22.261051,115.592496,93.310319,22.282177,2.586486,0.032411
114.664159,92.399154,22.265004,114.593062,92.277519,22.315543,2.761912,0.030916
114.272897,91.920154,22.352743,114.151403,91.793014,22.358389,2.808223,0.029276
113.779161,91.383691,22.395470,113.831068,91.382809,22.448258,2.913246,0.028903
113.389762,90.962292,22.427470,113.791236,91.356642,22.434595,2.838974,0.030875
113.001607,90.547651,22.453956,113.013859,90.494634,22.519225,2.801925,0.028766
112.578377,90.076257,22.502120,112.755182,90.293090,22.462092,2.892077,0.029536
112.204975,89.629563,22.575412,112.424858,89.895648,22.529210,2.913337,0.029109
111.902877,89.339267,22.563610,112.183274,89.594612,22.588662,2.781399,0.028546
111.607911,88.935986,22.671925,111.789444,89.177252,22.612192,2.953881,0.027280
111.294607,88.670649,22.623957,111.803420,89.187170,22.616250,2.694703,0.034615
111.011399,88.387996,22.623403,111.432728,88.795364,22.637364,2.779511,0.029638
110.723929,88.074198,22.649731,111.294154,88.691717,22.602437,2.824277,0.029255
110.486589,87.786648,22.699941,110.921097,88.220794,22.700304,2.911816,0.028897
110.208672,87.485045,22.723626,110.912042,88.293335,22.618707,2.843005,0.028962
110.072098,87.379977,22.692121,110.558603,87.981434,22.577168,2.995472,0.028161
109.786023,87.096538,22.689485,110.379373,87.734632,22.644741,2.898572,0.028792
109.525088,86.803232,22.721856,110.293774,87.570895,22.722880,2.851668,0.029390
109.375140,86.616565,22.758576,110.077045,87.415804,22.661241,2.954417,0.028106
109.073893,86.353945,22.719948,109.956821,87.244605,22.712216,2.618777,0.030706
109.001161,86.262801,22.738360,109.699977,86.897707,22.802271,2.793730,0.028527
108.777799,85.992586,22.785213,109.888805,87.173196,22.715609,2.875721,0.030029
108.601851,85.784032,22.817819,109.267562,86.490206,22.777356,2.945385,0.027612
108.465686,85.645490,22.820196,109.169813,86.480587,22.689226,2.865153,0.028519
108.255587,85.424880,22.830707,109.232011,86.372339,22.859672,2.800350,0.028933
108.082482,85.265575,22.816906,109.132379,86.375179,22.757200,2.818738,0.028971
107.984947,85.119352,22.865596,109.154191,86.310799,22.843392,2.803128,0.028244
107.865388,84.960927,22.904461,109.119666,86.216635,22.903031,2.803197,0.028851
107.656967,84.736162,22.920805,108.883250,85.977718,22.905531,3.047086,0.026583
107.506210,84.546169,22.960041,108.689793,85.718557,22.971236,2.869045,0.024587
107.433565,84.473349,22.960216,108.685235,85.902633,22.782602,2.814725,0.027670
107.328018,84.396271,22.931746,108.352874,85.434946,22.917928,3.048774,0.026509
107.207970,84.211869,22.996101,108.386754,85.319337,23.067417,2.883456,0.025545
107.019382,84.014394,23.004987,108.421684,85.473621,22.948064,2.852055,0.028211
106.843399,83.901712,22.941687,108.022329,85.183819,22.838510,2.867784,0.027984
106.752135,83.810426,22.941709,108.071295,85.170727,22.900568,2.837373,0.028652
106.642194,83.671214,22.970979,108.014822,85.172750,22.842072,2.776429,0.026697
106.486685,83.471050,23.015635,107.832307,84.948039,22.884268,2.960753,0.027504
106.439222,83.479140,22.960082,107.864213,84.959569,22.904644,2.886301,0.026367
106.272243,83.296140,22.976104,107.670372,84.677122,22.993251,2.846734,0.026752
106.225128,83.227806,22.997323,107.328012,84.395282,22.932730,3.054585,0.025076
106.181569,83.123408,23.058162,107.666751,84.547727,23.119024,2.894917,0.026150
106.032866,82.977456,23.055410,107.519170,84.523210,22.995961,2.991392,0.025197
105.984279,82.925308,23.058970,107.367372,84.419964,22.947408,2.842090,0.025903
105.822852,82.737113,23.085738,107.251230,84.237012,23.014219,2.716625,0.029300
105.705568,82.619070,23.086498,107.374274,84.408380,22.965894,2.917896,0.025496
105.744223,82.669307,23.074916,107.442143,84.398314,23.043829,2.831256,0.026098
105.597430,82.519634,23.077795,107.181949,84.142571,23.039378,2.922362,0.024912
105.496339,82.378530,23.117809,107.159714,84.069828,23.089887,2.994336,0.026084
105.491075,82.389063,23.102011,106.981135,83.876272,23.104863,2.967472,0.025237
105.378254,82.254404,23.123850,107.087093,83.889923,23.197171,2.729494,0.027966
105.227559,82.072991,23.154568,106.662151,83.594074,23.068077,2.950710,0.026896
105.153015,82.021986,23.131029,106.827448,83.629940,23.197508,2.940885,0.024626
105.118785,81.941047,23.177738,106.789103,83.605271,23.183832,2.928044,0.025375
105.047476,81.840297,23.207179,106.622848,83.451618,23.171231,2.799443,0.027372
104.996172,81.795183,23.200989,106.797695,83.600746,23.196949,2.956152,0.024452
105.013247,81.820573,23.192673,106.801076,83.585536,23.215540,2.912958,0.025670
104.853684,81.621129,23.232555,106.674444,83.601121,23.073322,2.972106,0.026183
104.747295,81.557576,23.189719,106.612334,83.436755,23.175579,2.904232,0.026617
104.738353,81.519178,23.219176,106.362005,83.220742,23.141263,2.903112,0.025622
104.656930,81.444617,23.212313,106.545245,83.420877,23.124369,3.105220,0.024450
104.643653,81.366115,23.277539,106.415504,83.101069,23.314435,3.016263,0.025085
104.505756,81.194597,23.311158,106.365656,83.065717,23.299939,2.990731,0.024423
104.481888,81.185254,23.296633,106.346828,83.158291,23.188537,2.936072,0.024758
104.517439,81.209649,23.307790,106.666809,83.440529,23.226280,2.664839,0.029191
104.436418,81.064139,23.372280,106.435739,83.069091,23.366648,2.826061,0.027730
104.294419,80.972336,23.322083,106.554658,83.311019,23.243639,2.973310,0.025828
104.243781,80.883499,23.360281,106.352997,83.036474,23.316523,3.009373,0.024392
104.234752,80.920303,23.314449,106.309878,83.077408,23.232470,2.865836,0.026626
104.225404,80.823118,23.402286,106.203522,82.839672,23.363850,2.926918,0.025232
104.136766,80.737116,23.399649,106.109656,82.825453,23.284204,2.946895,0.025851
104.099140,80.738075,23.361066,106.065519,82.741687,23.323832,2.964657,0.024758
104.084133,80.706489,23.377644,106.237165,82.855441,23.381725,2.876438,0.026351
103.949178,80.516639,23.432539,106.259165,82.933874,23.325291,2.958860,0.024359
103.969845,80.569129,23.400716,106.062425,82.785034,23.277392,2.875203,0.025073
103.983437,80.561961,23.421475,106.221684,82.889062,23.332622,2.839303,0.027128
103.940644,80.518722,23.421922,106.151154,82.779057,23.372097,2.921160,0.023508
103.844141,80.395463,23.448678,105.976035,82.551874,23.424161,2.750752,0.029548
103.788933,80.286670,23.502263,106.157097,82.730201,23.426897,3.135812,0.021629
103.681549,80.218527,23.463022,106.020092,82.605883,23.414208,2.919199,0.024059
103.683307,80.162844,23.520463,105.847911,82.471936,23.375975,2.869336,0.024611
103.664821,80.164582,23.500239,105.785233,82.265604,23.519629,2.953136,0.023578
103.562552,80.041235,23.521317,106.071213,82.603525,23.467688,2.790505,0.025638
103.639849,80.089743,23.550105,105.866500,82.451521,23.414980,2.941731,0.025326
103.541780,79.969596,23.572184,105.863997,82.364970,23.499028,2.769614,0.026183
103.538136,79.936362,23.601774,106.209813,82.659734,23.550080,2.842689,0.026391
103.491489,79.927502,23.563987,106.098584,82.610242,23.488342,2.755290,0.026352
103.490745,79.857428,23.633317,105.839309,82.308935,23.530374,2.991284,0.023753
103.429075,79.848218,23.580857,105.894450,82.333365,23.561086,2.973591,0.023566
103.352666,79.739963,23.612703,105.807602,82.332245,23.475357,2.874893,0.024670
103.340583,79.769372,23.571211,105.896169,82.339476,23.556693,2.949986,0.026254
103.284096,79.667264,23.616832,105.692787,82.087080,23.605707,2.912070,0.026418
103.314054,79.697006,23.617048,105.937091,82.363175,23.573915,2.657172,0.028131
103.252241,79.624197,23.628044,106.187131,82.603737,23.583395,3.031091,0.023381
103.295838,79.660784,23.635054,105.765989,82.216570,23.549419,2.878865,0.025184
103.217927,79.577799,23.640128,105.667127,82.135858,23.531270,2.839571,0.025462
103.203161,79.557988,23.645173,105.814109,82.222442,23.591667,3.165653,0.022693
103.199278,79.510651,23.688627,105.932393,82.319489,23.612904,2.909571,0.025639
103.216335,79.545938,23.670397,106.043179,82.353071,23.690108,2.799324,0.025537
103.097329,79.411396,23.685933,105.938120,82.376620,23.561500,2.810303,0.026383
103.118848,79.393951,23.724897,105.848463,82.160594,23.687869,2.716916,0.026860
103.094499,79.342885,23.751614,105.975887,82.194248,23.781639,2.855724,0.025728
103.045570,79.298822,23.746748,105.878882,82.329976,23.548906,2.821252,0.026865
103.093397,79.324502,23.768895,105.686308,81.981162,23.705146,2.906021,0.025336
103.004460,79.225990,23.778470,105.915269,82.158421,23.756848,2.736563,0.026567
102.974353,79.214025,23.760328,106.058598,82.344822,23.713776,2.992523,0.022223
102.983849,79.220423,23.763427,105.787326,82.009095,23.778232,3.040300,0.025257
102.978719,79.169392,23.809328,105.765089,82.062505,23.702584,2.948097,0.024611
102.888197,79.113136,23.775060,105.601709,81.909970,23.691739,3.053574,0.024616
102.870689,79.065061,23.805628,105.501735,81.808795,23.692940,2.987792,0.027168
102.839810,79.024387,23.815424,105.971959,82.229749,23.742210,2.957451,0.024370
102.811169,78.999981,23.811188,105.598945,81.829587,23.769359,2.720660,0.027468
102.830579,78.976864,23.853716,105.724849,81.921672,23.803177,2.668213,0.026574
102.792140,78.984875,23.807265,105.507085,81.781988,23.725098,2.942026,0.024748
102.721014,78.905712,23.815302,105.739858,81.922868,23.816990,2.881365,0.024593
102.806135,78.935634,23.870501,105.799722,82.072375,23.727347,2.780313,0.025202
102.793156,78.910347,23.882809,105.809649,81.940527,23.869122,2.832922,0.026019
102.685675,78.824089,23.861586,105.850559,82.031001,23.819558,2.825825,0.026909
102.693418,78.827840,23.865578,105.703449,81.998630,23.704819,2.831477,0.033738
102.719485,78.827310,23.892175,105.574231,81.777217,23.797014,3.098634,0.023311
102.683105,78.783185,23.899920,105.638696,81.867842,23.770854,2.868974,0.025908
102.697850,78.784317,23.913533,106.008911,82.110457,23.898454,2.813274,0.023476
102.585992,78.618682,23.967310,105.548403,81.746453,23.801950,2.909301,0.024979
102.609840,78.681738,23.928102,105.662235,81.686334,23.975902,3.086340,0.023732
102.539352,78.631039,23.908314,106.014843,82.065382,23.949461,2.715668,0.026137
102.496492,78.535080,23.961412,105.648591,81.766617,23.881974,2.974498,0.023912
102.554812,78.574687,23.980124,105.805562,81.899084,23.906479,3.103977,0.023960
102.453111,78.475555,23.977557,105.519017,81.661396,23.857621,3.089748,0.023724
102.511457,78.545787,23.965669,105.466926,81.624106,23.842820,2.893787,0.025877
102.489435,78.480761,24.008674,105.736961,81.767220,23.969741,3.089758,0.024877
102.421297,78.443543,23.977754,105.746886,81.833680,23.913206,2.754168,0.026989
102.441138,78.508051,23.933086,105.768291,81.897480,23.870810,2.789933,0.025969
102.446841,78.452991,23.993851,105.699113,81.762422,23.936692,2.732845,0.024843
102.317461,78.300011,24.017451,105.625798,81.703790,23.922009,3.064515,0.022754
102.402875,78.414721,23.988153,105.737286,81.725827,24.011459,2.761839,0.024877
102.378809,78.352447,24.026362,105.639810,81.725175,23.914635,2.999229,0.024437
102.395297,78.364402,24.030895,105.686914,81.713850,23.973064,2.841413,0.023544
102.392518,78.376777,24.015741,105.588752,81.663746,23.925006,2.923000,0.023380
102.362149,78.311278,24.050872,105.733668,81.810451,23.923218,2.910007,0.025515
102.248154,78.235911,24.012243,105.543107,81.613873,23.929234,2.859028,0.023595
102.362291,78.313262,24.049029,105.678202,81.680745,23.997456,3.028480,0.021807
102.305774,78.239788,24.065987,105.644390,81.659064,23.985325,2.812095,0.026088
102.329426,78.235230,24.094196,105.660537,81.689809,23.970728,2.895046,0.025437
102.279747,78.207358,24.072389,105.800364,81.795915,24.004449,2.907833,0.026504
