263.871171,253.517291,10.353879,194.429215,190.889843,3.539370,2.744950,0.014736
185.737178,178.962140,6.775039,172.083425,161.238095,10.845330,2.303972,0.024208
163.271038,149.756891,13.514147,155.403534,140.000750,15.402785,2.628520,0.026845
151.905497,135.577716,16.327781,147.123572,129.703999,17.419574,2.540243,0.032033
144.560549,126.334586,18.225964,140.726994,121.773694,18.953300,2.731549,0.032039
139.763634,120.437699,19.325935,137.374713,117.754713,19.620000,2.397289,0.038340
136.095124,116.101400,19.993724,133.564425,113.238597,20.325827,2.700325,0.035023
133.098578,112.523733,20.574845,130.977916,110.134124,20.843792,2.876854,0.034317
130.804161,109.780468,21.023693,129.178447,107.882827,21.295620,2.916843,0.032787
129.118037,107.737515,21.380522,127.659020,106.061650,21.597371,2.916011,0.037686
127.627159,106.049728,21.577431,126.618402,104.894684,21.723718,2.665301,0.039765
126.286119,104.513583,21.772535,124.931007,103.150847,21.780160,2.935232,0.037321
125.287642,103.396450,21.891192,124.030135,102.040487,21.989647,3.008748,0.036459
124.342992,102.347525,21.995467,123.193062,101.191779,22.001284,2.946202,0.038130
123.577561,101.470028,22.107533,122.723807,100.489594,22.234213,2.948681,0.036315
122.742491,100.502072,22.240418,121.973193,99.614790,22.358404,3.124429,0.034191
122.096148,99.840239,22.255909,121.374238,99.069044,22.305195,3.101435,0.034656
121.472968,99.156294,22.316675,120.787102,98.406537,22.380565,3.086931,0.037544
120.968278,98.600181,22.368097,120.580533,98.115326,22.465207,3.034924,0.036426
120.498254,98.065291,22.432963,119.868556,97.424062,22.444495,2.972480,0.036663
119.892062,97.413174,22.478888,119.417788,96.928203,22.489585,3.260509,0.036956
119.521388,97.054264,22.467123,119.052662,96.576589,22.476073,3.184593,0.036876
119.167617,96.692574,22.475042,118.654112,96.139512,22.514600,3.227897,0.035726
118.689933,96.148253,22.541679,118.364136,95.912544,22.451591,3.170582,0.037963
118.398010,95.854450,22.543561,118.234242,95.606908,22.627334,3.151727,0.034580
118.010940,95.428238,22.582702,117.612833,95.083287,22.529546,3.252032,0.035928
117.601488,94.988563,22.612925,117.279237,94.692263,22.586974,3.222488,0.038255
117.330354,94.738449,22.591905,116.855895,94.258390,22.597506,3.166133,0.036414
116.998295,94.366775,22.631521,116.835823,94.198567,22.637257,3.123006,0.035886
116.745592,94.100387,22.645206,116.587682,93.895328,22.692354,3.088715,0.039569
116.451952,93.732262,22.719690,116.296090,93.594138,22.701952,3.189231,0.036066
116.148354,93.468278,22.680076,116.069782,93.383303,22.686479,3.087140,0.038025
115.979365,93.321428,22.657938,115.785861,93.119994,22.665866,3.123613,0.038600
115.661901,92.984581,22.677320,115.616832,92.839905,22.776926,3.222496,0.035325
115.437709,92.784537,22.653172,115.450689,92.826292,22.624396,3.163123,0.036591
115.221887,92.498583,22.723304,115.459615,92.653954,22.805661,3.165898,0.037947
114.962964,92.218286,22.744678,115.108933,92.327640,22.781293,3.144646,0.036767
114.741702,91.985395,22.756308,115.055612,92.359847,22.695765,3.046989,0.040396
114.545077,91.819396,22.725682,114.415591,91.690704,22.724887,3.320497,0.034681
114.294941,91.582931,22.712011,114.501451,91.788386,22.713065,3.109888,0.036236
114.083843,91.344369,22.739474,114.109293,91.352630,22.756663,3.198639,0.038674
113.763043,91.022548,22.740495,114.329337,91.671364,22.657973,3.149904,0.035440
113.676845,90.940594,22.736251,113.788850,91.143713,22.645137,3.254100,0.035467
113.548468,90.774817,22.773651,113.558135,90.745973,22.812162,3.136489,0.037935
113.334777,90.579507,22.755271,113.356617,90.638528,22.718090,3.403023,0.034785
113.073178,90.300188,22.772990,113.482809,90.636975,22.845834,3.254717,0.032167
112.959826,90.144135,22.815690,113.277777,90.514183,22.763594,3.466761,0.034279
112.890550,90.131026,22.759524,113.719260,90.982065,22.737196,3.217640,0.034473
112.697038,89.902702,22.794336,112.948405,90.197436,22.750970,3.217162,0.035261
112.446912,89.648365,22.798547,113.037915,90.279949,22.757966,3.085274,0.037241
112.358473,89.583068,22.775406,112.799605,90.129825,22.669781,3.241099,0.036981
112.178594,89.448436,22.730159,112.702480,89.978475,22.724005,3.171508,0.037641
112.058656,89.277190,22.781465,112.607209,89.837208,22.770001,3.198293,0.036357
111.949447,89.159411,22.790036,112.402641,89.693420,22.709222,3.271035,0.036742
111.894998,89.123465,22.771533,112.295232,89.489193,22.806039,3.352832,0.034678
111.659008,88.888432,22.770576,112.065903,89.337123,22.728779,3.447045,0.034971
111.552539,88.704920,22.847619,111.917089,89.083824,22.833265,3.292938,0.033103
111.415300,88.577364,22.837936,112.158500,89.347995,22.810504,3.193582,0.034574
111.278682,88.528074,22.750608,111.755402,89.026981,22.728423,3.221264,0.034554
111.152113,88.352972,22.799141,111.854525,89.141606,22.712919,3.246013,0.034605
111.022483,88.244898,22.777585,111.572317,88.817550,22.754768,3.337498,0.035816
110.877720,88.098271,22.779449,111.366839,88.563403,22.803436,3.510766,0.032319
110.831284,88.060427,22.770858,111.592236,88.757786,22.834450,3.392125,0.033618
110.666959,87.859063,22.807896,111.282845,88.535786,22.747059,3.145903,0.036101
110.588591,87.843636,22.744955,111.348764,88.616366,22.732398,3.376753,0.033721
110.485208,87.649059,22.836148,111.084652,88.389168,22.695484,3.307300,0.033879
110.430196,87.614158,22.816038,110.937363,88.127006,22.810356,3.153936,0.036979
110.259379,87.438137,22.821242,110.896880,88.228562,22.668318,3.396648,0.034713
110.168538,87.379203,22.789336,110.815630,88.043364,22.772267,3.256431,0.033787
110.015838,87.193802,22.822037,110.765718,87.995657,22.770062,3.301140,0.035447
109.935928,87.115025,22.820903,110.938887,88.155759,22.783128,3.234349,0.037325
109.885211,87.087427,22.797784,110.620818,87.841592,22.779225,3.403759,0.034325
109.744265,86.947696,22.796569,110.636336,87.791141,22.845195,3.308660,0.034406
109.701175,86.904410,22.796765,110.634998,87.883057,22.751942,3.241147,0.035207
109.564848,86.774239,22.790609,110.502716,87.661284,22.841432,3.134646,0.036735
109.500443,86.694347,22.806097,110.489945,87.577091,22.912855,3.246335,0.032785
109.442722,86.651072,22.791650,110.485588,87.709706,22.775882,3.293294,0.033361
109.370663,86.544618,22.826045,110.086629,87.307444,22.779185,3.335059,0.035411
109.209080,86.368047,22.841034,109.980498,87.199792,22.780706,3.330615,0.032998
109.146363,86.323608,22.822755,110.182670,87.410680,22.771990,3.449410,0.032335
109.077063,86.257410,22.819653,110.098977,87.254756,22.844221,3.423192,0.032133
109.001331,86.152372,22.848959,110.114028,87.287483,22.826546,3.444720,0.032891
108.962972,86.121690,22.841282,110.068895,87.240260,22.828635,3.519925,0.032512
108.806908,85.981526,22.825382,109.795620,86.982871,22.812749,3.273767,0.034764
108.754600,85.937248,22.817352,109.624373,86.898861,22.725511,3.452933,0.034541
108.724855,85.886367,22.838488,109.726241,86.926460,22.799781,3.334399,0.034107
108.536794,85.723756,22.813038,109.755878,86.988192,22.767686,3.356233,0.032328
108.592416,85.778268,22.814148,109.651679,86.928424,22.723255,3.332216,0.034670
108.500094,85.687245,22.812849,109.557681,86.701259,22.856422,3.376789,0.034107
108.449071,85.624791,22.824280,109.556726,86.762235,22.794491,3.323574,0.033677
108.352677,85.494503,22.858174,109.363664,86.551104,22.812559,3.342129,0.031821
108.274783,85.422390,22.852393,109.319692,86.498469,22.821224,3.489324,0.033033
108.233894,85.356614,22.877280,109.236063,86.438591,22.797472,3.320777,0.032838
108.116900,85.269939,22.846961,109.288273,86.486835,22.801437,3.301395,0.036523
108.090284,85.245744,22.844541,109.108684,86.269805,22.838879,3.351349,0.033178
107.986319,85.138336,22.847983,109.161182,86.431339,22.729843,3.421233,0.032533
107.944892,85.116265,22.828627,109.359708,86.638982,22.720726,3.477948,0.033436
107.945498,85.118424,22.827074,109.056337,86.268093,22.788243,3.365531,0.033949
107.802384,84.978296,22.824089,108.952338,86.270567,22.681771,3.394656,0.034632
107.740355,84.911485,22.828870,108.970097,86.127449,22.842648,3.287969,0.034003
107.715838,84.883299,22.832539,108.834264,86.017071,22.817194,3.424560,0.032759
107.678685,84.826228,22.852458,108.799767,86.007882,22.791885,3.372115,0.034290
107.590638,84.758094,22.832545,108.736517,85.969226,22.767291,3.409857,0.032288
107.499491,84.688015,22.811475,108.872222,86.151785,22.720437,3.435694,0.032722
107.556363,84.719534,22.836829,108.845101,86.115869,22.729232,3.474942,0.032127
107.423700,84.579441,22.844259,108.619002,85.845127,22.773875,3.257329,0.034754
107.413160,84.556502,22.856658,108.782165,85.895850,22.886315,3.444296,0.033510
107.340584,84.502764,22.837820,108.716748,85.953167,22.763581,3.245862,0.035285
107.242274,84.424870,22.817404,108.575896,85.844761,22.731135,3.297660,0.034223
107.203284,84.400620,22.802664,108.450883,85.711738,22.739145,3.337311,0.033588
107.161029,84.353387,22.807642,108.478831,85.714680,22.764151,3.174693,0.033856
107.107099,84.300676,22.806423,108.718409,85.930917,22.787491,3.259645,0.035077
107.037937,84.219838,22.818099,108.328261,85.633308,22.694953,3.504881,0.032543
107.040870,84.217929,22.822941,108.379651,85.542717,22.836934,3.335337,0.035488
106.994588,84.198963,22.795625,108.353738,85.632656,22.721082,3.328551,0.034199
106.932622,84.145463,22.787159,108.195645,85.429721,22.765923,3.308123,0.035967
106.895808,84.088357,22.807451,108.292536,85.557146,22.735390,3.403556,0.034561
106.833887,84.003244,22.830643,108.299893,85.589355,22.710538,3.374084,0.034789
106.791091,84.001824,22.789267,108.125349,85.423140,22.702209,3.402387,0.033354
106.727236,83.947726,22.779510,108.112691,85.339536,22.773156,3.467148,0.033067
106.716856,83.909691,22.807165,108.106845,85.340531,22.766314,3.433214,0.033837
106.585472,83.822885,22.762586,108.138838,85.415366,22.723472,3.413858,0.032410
106.644853,83.861822,22.783032,108.328670,85.586323,22.742347,3.593580,0.031944
106.553406,83.770050,22.783356,108.062087,85.389360,22.672727,3.351762,0.032521
106.530451,83.742507,22.787945,107.880564,85.125872,22.754691,3.290740,0.034018
106.497486,83.700934,22.796552,107.824350,85.150013,22.674337,3.496942,0.031842
106.433057,83.646112,22.786945,108.095293,85.276515,22.818778,3.348116,0.033292
106.385950,83.611247,22.774704,107.889401,85.188724,22.700676,3.438161,0.032731
106.364821,83.618620,22.746201,107.823789,85.121045,22.702744,3.381107,0.034542
106.314449,83.497078,22.817371,107.560379,84.927760,22.632619,3.459077,0.032867
106.207497,83.428678,22.778819,107.862891,85.096502,22.766389,3.431194,0.033040
106.183659,83.390739,22.792920,107.693838,84.990409,22.703429,3.525051,0.032393
106.183021,83.397778,22.785243,107.620653,84.836034,22.784619,3.389118,0.032823
106.107398,83.312281,22.795116,107.534229,84.863578,22.670651,3.370431,0.033097
106.132723,83.338094,22.794629,107.425698,84.757250,22.668448,3.452104,0.033712
106.066701,83.238254,22.828448,107.565206,84.788125,22.777082,3.507024,0.032645
105.996218,83.187468,22.808751,107.712634,85.025639,22.686995,3.347886,0.034283
105.929805,83.132065,22.797741,107.693140,84.930220,22.762920,3.448772,0.030608
105.903276,83.130622,22.772654,107.545438,84.907767,22.637671,3.337384,0.035585
105.894935,83.089221,22.805714,107.583780,84.864050,22.719730,3.299766,0.037433
105.816733,83.008127,22.808606,107.755402,84.931630,22.823772,3.403617,0.031354
105.856622,83.073788,22.782834,107.289970,84.543523,22.746447,3.560635,0.032511
105.795541,82.989031,22.806510,107.488788,84.812327,22.676462,3.455742,0.034136
105.797294,82.985103,22.812192,107.381675,84.663753,22.717922,3.450135,0.031967
105.791791,82.967424,22.824367,107.330242,84.618598,22.711645,3.400781,0.033630
105.640731,82.840364,22.800368,107.191785,84.445150,22.746636,3.288330,0.035337
105.626908,82.816675,22.810233,107.458048,84.717012,22.741036,3.162214,0.035432
105.594522,82.771057,22.823465,107.381711,84.572723,22.808988,3.375644,0.034070
105.557130,82.670327,22.886803,107.265239,84.534282,22.730957,3.325974,0.035137
105.534598,82.739335,22.795263,107.276584,84.603667,22.672917,3.498536,0.031331
105.519761,82.719608,22.800154,107.281799,84.530520,22.751278,3.433933,0.032968
105.451616,82.667326,22.784291,107.155908,84.382762,22.773147,3.433626,0.033502
105.395257,82.586422,22.808835,107.026394,84.261359,22.765035,3.483503,0.030991
105.437646,82.580769,22.856877,107.087911,84.353007,22.734905,3.558947,0.030714
105.370008,82.545683,22.824325,107.094088,84.425991,22.668097,3.612880,0.030165
105.314602,82.502978,22.811624,107.127903,84.395402,22.732501,3.237554,0.033606
105.339564,82.557856,22.781708,107.057557,84.388298,22.669259,3.332502,0.033266
105.322922,82.527078,22.795844,107.043254,84.300249,22.743005,3.250479,0.034564
105.241612,82.424216,22.817397,107.131857,84.451417,22.680440,3.362698,0.032509
105.212953,82.414556,22.798397,107.031919,84.360223,22.671696,3.518565,0.033673
