238.542038,234.747265,3.794773,191.878700,188.750153,3.128547,4.454629,0.006950
180.854827,175.065296,5.789532,165.902682,157.224059,8.678624,3.560410,0.012833
156.390555,146.024992,10.365563,149.271060,137.685088,11.585972,2.979781,0.018715
144.600506,132.138777,12.461728,139.042307,125.786947,13.255360,3.333704,0.018338
137.297724,123.465911,13.831813,133.683401,119.180261,14.503140,3.350325,0.019482
132.420470,117.700532,14.719938,129.493593,114.395922,15.097671,3.357224,0.020025
128.729252,113.383184,15.346067,126.428477,110.820322,15.608156,3.544609,0.019852
125.823341,110.087018,15.736323,123.918390,107.859772,16.058617,3.438189,0.020926
123.577588,107.583280,15.994308,122.149180,106.024709,16.124470,3.405697,0.019576
121.633889,105.353044,16.280844,120.230920,103.796223,16.434697,3.556004,0.019235
119.860581,103.397034,16.463547,118.324978,101.614276,16.710702,3.437163,0.019644
118.308290,101.653094,16.655197,117.624321,100.700340,16.923981,3.150244,0.021318
116.835343,99.989679,16.845664,115.643263,98.696526,16.946737,3.442175,0.019093
115.638022,98.745181,16.892841,114.472862,97.518977,16.953885,3.592129,0.018625
114.553357,97.539864,17.013493,113.372214,96.148619,17.223595,3.587898,0.018343
113.452548,96.441432,17.011116,112.480920,95.611130,16.869790,3.486261,0.018598
112.468556,95.486358,16.982198,112.089543,95.104581,16.984963,3.173787,0.020030
111.551513,94.528796,17.022717,111.004585,93.917479,17.087107,3.212902,0.019224
110.691423,93.644441,17.046983,110.306814,93.223820,17.082994,3.233413,0.019437
109.979166,92.900902,17.078265,109.517035,92.326496,17.190539,3.408368,0.018474
109.206448,92.091573,17.114876,109.148689,91.989439,17.159250,3.455463,0.018568
108.510755,91.336055,17.174700,108.261501,91.121109,17.140392,3.425153,0.017357
107.882537,90.727868,17.154668,107.584265,90.461439,17.122827,3.428929,0.018321
107.431184,90.196697,17.234488,107.353919,90.090756,17.263164,3.275312,0.018210
106.979336,89.714538,17.264799,106.993150,89.698149,17.295001,3.294924,0.017432
106.526601,89.203157,17.323444,106.750195,89.387878,17.362316,3.347825,0.017555
106.217784,88.893764,17.324020,106.609011,89.311741,17.297270,3.174223,0.019447
105.783353,88.363003,17.420350,105.815365,88.402054,17.413311,3.341488,0.018215
105.433681,87.981973,17.451708,105.568978,88.073160,17.495818,3.423808,0.017322
105.094730,87.615755,17.478975,105.715081,88.209221,17.505861,3.263867,0.018722
104.829703,87.311380,17.518323,105.119423,87.541320,17.578103,3.345453,0.017473
104.626711,87.093782,17.532929,104.921013,87.448858,17.472155,3.433656,0.017645
104.356276,86.760383,17.595893,104.676860,87.139741,17.537119,3.269051,0.017839
104.092486,86.507564,17.584923,104.580228,86.968273,17.611955,3.359460,0.017086
103.941813,86.297814,17.643999,104.404965,86.782541,17.622423,3.362237,0.017174
103.715458,86.047488,17.667970,104.388886,86.737558,17.651327,3.402118,0.018131
103.589306,85.870897,17.718409,104.086270,86.327664,17.758606,3.547690,0.016740
103.282211,85.548758,17.733454,103.893450,86.146626,17.746823,3.325836,0.017844
103.174538,85.460549,17.713989,103.843448,86.131037,17.712411,3.507548,0.016663
103.046498,85.252589,17.793909,103.565058,85.730919,17.834138,3.441687,0.016899
102.892278,85.055143,17.837136,103.252453,85.478844,17.773609,3.476844,0.015896
102.668172,84.814771,17.853402,103.189246,85.322602,17.866644,3.386887,0.016901
102.513846,84.668360,17.845487,103.464450,85.658884,17.805567,3.431877,0.016796
102.395953,84.528338,17.867615,103.588373,85.569487,18.018887,3.340746,0.016736
102.274704,84.381175,17.893528,103.032478,85.227410,17.805069,3.364883,0.017481
102.128422,84.234999,17.893424,103.084098,85.291162,17.792936,3.423006,0.017132
102.104047,84.163959,17.940088,103.027152,85.035563,17.991590,3.495640,0.015635
101.912308,83.985386,17.926923,103.082096,85.141186,17.940911,3.285741,0.017840
101.863883,83.839292,18.024591,102.987889,84.979769,18.008121,3.477754,0.018200
101.709758,83.717138,17.992620,102.835296,84.863692,17.971604,3.508889,0.016234
101.590289,83.546599,18.043690,102.859457,84.810278,18.049180,3.371074,0.017239
101.467508,83.372476,18.095032,102.617009,84.576633,18.040376,3.355961,0.016758
101.445205,83.375702,18.069503,102.450778,84.358188,18.092589,3.384534,0.016375
101.310947,83.211036,18.099911,102.439610,84.435180,18.004430,3.422198,0.017750
101.256882,83.166374,18.090508,102.502268,84.405619,18.096648,3.512457,0.016989
101.147209,83.053936,18.093273,102.171065,84.165019,18.006046,3.340289,0.016575
101.056107,83.009304,18.046803,102.344884,84.403775,17.941110,3.340540,0.018041
101.057809,82.945492,18.112317,102.193131,84.153959,18.039172,3.356480,0.016883
100.848885,82.759512,18.089373,102.083770,84.114301,17.969468,3.365024,0.016861
100.838804,82.734543,18.104261,102.169995,84.147411,18.022584,3.367787,0.016593
100.798205,82.704924,18.093281,102.232191,84.139974,18.092217,3.316245,0.016801
100.678268,82.544477,18.133790,101.915468,83.863502,18.051967,3.424971,0.016565
100.610446,82.472593,18.137853,102.033561,83.862852,18.170708,3.409640,0.017267
100.548212,82.409788,18.138424,101.986889,83.986641,18.000248,3.506268,0.016807
100.485126,82.340561,18.144565,101.801154,83.592043,18.209111,3.561083,0.015028
100.454592,82.243098,18.211494,101.862574,83.685173,18.177401,3.390011,0.017310
100.363770,82.175633,18.188137,101.957589,83.864150,18.093439,3.403204,0.016783
100.252292,82.092934,18.159357,101.783421,83.626360,18.157061,3.489966,0.016288
100.250481,82.058459,18.192022,101.748718,83.572834,18.175883,3.601346,0.016671
100.189081,81.926768,18.262314,101.673408,83.556578,18.116830,3.372477,0.016935
100.179476,81.901420,18.278056,101.946144,83.697973,18.248171,3.296969,0.016800
100.051398,81.819755,18.231643,101.598336,83.421761,18.176575,3.563558,0.014819
100.068139,81.823208,18.244931,101.718423,83.439644,18.278779,3.361623,0.017492
99.995822,81.745299,18.250522,101.593416,83.378606,18.214809,3.353186,0.016378
99.998885,81.721057,18.277828,101.627445,83.353214,18.274230,3.462790,0.016625
99.884712,81.608769,18.275942,101.466718,83.267015,18.199703,3.352177,0.016337
99.794101,81.522045,18.272056,101.391242,83.246062,18.145181,3.392574,0.017525
99.909772,81.582634,18.327138,101.692333,83.448090,18.244243,3.134113,0.018652
99.765043,81.432754,18.332289,101.604566,83.377285,18.227282,3.430844,0.016193
99.767940,81.447579,18.320361,101.423655,83.160898,18.262758,3.340256,0.016676
99.704751,81.374047,18.330704,101.324903,83.059294,18.265610,3.298579,0.017000
99.662530,81.342224,18.320306,101.321016,83.039591,18.281425,3.354479,0.016896
99.613144,81.265677,18.347468,101.429052,83.199790,18.229262,3.544100,0.017009
99.655330,81.314019,18.341311,101.398062,83.010429,18.387634,3.458570,0.017040
99.529935,81.155624,18.374310,101.188543,82.857991,18.330552,3.456624,0.016184
99.506350,81.141962,18.364388,101.407196,83.057674,18.349522,3.358165,0.016647
99.573922,81.111166,18.462756,101.173787,82.782590,18.391198,3.386353,0.015994
99.419655,80.993023,18.426632,101.362873,83.037739,18.325135,3.567154,0.015538
99.435988,81.027332,18.408656,101.367976,83.022593,18.345383,3.455698,0.016495
99.407193,80.989666,18.417527,101.399333,83.126433,18.272899,3.439544,0.016852
99.381545,80.982079,18.399466,101.236250,82.884793,18.351457,3.571665,0.015896
99.347854,80.940820,18.407034,101.343482,83.064867,18.278614,3.566600,0.016920
99.218771,80.825605,18.393166,101.195999,82.904538,18.291462,3.499342,0.016588
99.314384,80.878863,18.435521,101.452179,83.171260,18.280919,3.515049,0.016414
99.269746,80.849795,18.419951,101.333816,83.053006,18.280810,3.597729,0.015593
99.227439,80.777896,18.449543,101.331919,82.974838,18.357082,3.622663,0.015482
99.195678,80.756222,18.439455,101.237602,82.853290,18.384312,3.359079,0.016693
99.219971,80.773645,18.446326,101.322301,82.890574,18.431726,3.257002,0.017743
99.123511,80.644315,18.479196,101.390738,82.991271,18.399468,3.397285,0.016833
99.119185,80.622246,18.496939,101.258904,82.880679,18.378224,3.500580,0.016081
99.023712,80.530341,18.493371,101.184435,82.801686,18.382748,3.774520,0.016852
99.033311,80.582690,18.450622,101.199456,82.729899,18.469556,3.629026,0.016313
98.984718,80.482947,18.501771,101.259481,82.839323,18.420158,3.451039,0.016810
98.964190,80.420519,18.543671,101.105294,82.631292,18.474002,3.405599,0.016037
98.904263,80.433942,18.470321,101.019304,82.564549,18.454755,3.358088,0.017346
98.983426,80.479610,18.503816,100.927229,82.382532,18.544697,3.404644,0.016438
98.953941,80.476822,18.477119,101.059542,82.623532,18.436010,3.439681,0.017007
98.891033,80.382404,18.508629,100.982221,82.535269,18.446952,3.542334,0.016386
98.882441,80.387784,18.494656,101.200200,82.808926,18.391274,3.338697,0.015621
98.869216,80.390859,18.478357,101.201653,82.694224,18.507430,3.345530,0.016569
98.747136,80.219243,18.527893,100.879557,82.432178,18.447380,3.630964,0.015341
98.763986,80.202172,18.561814,101.214101,82.807965,18.406136,3.397758,0.017439
98.730135,80.200268,18.529867,101.096910,82.617973,18.478937,3.318415,0.017208
98.702214,80.160071,18.542143,100.919295,82.565590,18.353704,3.331876,0.017299
98.748788,80.230352,18.518435,101.124545,82.627964,18.496581,3.430654,0.017056
98.747005,80.200845,18.546160,101.052139,82.546520,18.505619,3.312649,0.017984
98.701030,80.135190,18.565840,101.161761,82.536752,18.625008,3.327171,0.016169
98.576887,79.981860,18.595027,100.956061,82.456234,18.499826,3.375059,0.016267
98.587778,80.043400,18.544378,100.969182,82.489198,18.479984,3.570557,0.015418
98.608281,80.089327,18.518954,100.898902,82.507111,18.391791,3.533427,0.016481
98.534295,80.014793,18.519503,100.934445,82.548127,18.386318,3.453158,0.017700
98.613999,80.095183,18.518816,100.847394,82.303122,18.544272,3.560450,0.015407
98.574952,79.981123,18.593830,100.904874,82.456441,18.448433,3.518750,0.016921
98.557241,80.020961,18.536279,101.017702,82.537497,18.480205,3.499467,0.016730
98.512892,79.971101,18.541791,100.868340,82.388130,18.480210,3.512335,0.015294
98.499650,79.886759,18.612891,101.186868,82.680048,18.506820,3.533251,0.015618
98.523360,79.980996,18.542364,101.041147,82.494903,18.546244,3.552239,0.017775
98.490042,79.901125,18.588917,100.766553,82.303928,18.462625,3.529902,0.016609
98.472785,79.844044,18.628741,100.949227,82.391302,18.557925,3.542403,0.016232
98.448693,79.816083,18.632610,100.850924,82.204780,18.646144,3.399196,0.015198
98.501130,79.838630,18.662500,100.715507,82.176652,18.538855,3.739657,0.016675
98.313243,79.666798,18.646445,100.796327,82.261201,18.535126,3.552336,0.015535
98.402390,79.813902,18.588488,101.001688,82.444837,18.556850,3.476258,0.016202
98.337223,79.751472,18.585752,101.237505,82.752244,18.485261,3.521788,0.015995
98.336473,79.756974,18.579499,100.899961,82.407657,18.492304,3.752642,0.015223
98.335108,79.741237,18.593870,101.123126,82.613844,18.509282,3.487988,0.015965
98.317481,79.707637,18.609843,100.920346,82.466260,18.454086,3.484882,0.017375
98.313956,79.703504,18.610452,100.815728,82.272967,18.542761,3.538611,0.016899
98.346213,79.705712,18.640501,100.865737,82.350672,18.515066,3.369695,0.017125
98.222060,79.594327,18.627733,100.895373,82.363590,18.531783,3.652196,0.016774
98.208604,79.571176,18.637429,100.897919,82.412507,18.485413,3.376993,0.017321
98.236840,79.632077,18.604764,100.822195,82.298184,18.524011,3.363706,0.016368
98.223837,79.545577,18.678260,100.819263,82.201571,18.617692,3.454294,0.016288
98.137854,79.508753,18.629100,100.939680,82.475476,18.464204,3.430069,0.016347
98.197654,79.591124,18.606530,101.133873,82.622017,18.511856,3.500161,0.017824
98.191619,79.556013,18.635606,100.925567,82.373820,18.551747,3.373784,0.017246
98.121224,79.457181,18.664043,100.919781,82.439091,18.480690,3.445460,0.016343
98.192008,79.570668,18.621339,100.886989,82.351523,18.535465,3.501113,0.015796
98.124297,79.471543,18.652754,100.942394,82.431740,18.510653,3.380579,0.018088
98.132600,79.500987,18.631613,100.855675,82.280248,18.575427,3.473953,0.017901
98.161220,79.423669,18.737551,100.938699,82.430396,18.508303,3.472329,0.017345
98.144182,79.449771,18.694411,100.711852,82.080287,18.631564,3.414581,0.016156
98.015840,79.342680,18.673160,100.745105,82.187533,18.557572,3.536489,0.016702
98.015478,79.338375,18.677102,100.684380,82.140997,18.543383,3.548701,0.015651
98.097868,79.399358,18.698510,100.716945,82.038180,18.678765,3.286214,0.016899
98.028520,79.334319,18.694201,100.663823,82.085221,18.578603,3.604600,0.015382
98.025867,79.381590,18.644278,101.058123,82.566364,18.491759,3.488218,0.017196
98.001897,79.356643,18.645254,100.911871,82.410568,18.501303,3.306813,0.016835
98.003436,79.341239,18.662198,100.793220,82.186695,18.606524,3.513926,0.016884
97.989479,79.292282,18.697198,100.546069,81.990179,18.555889,3.268754,0.017422
