250.928574,248.370418,2.558156,192.584381,188.975754,3.608627,6.740895,0.005436
185.967640,180.927181,5.040459,176.959321,171.153642,5.805680,5.537723,0.012109
166.627255,159.961415,6.665840,158.913547,151.813563,7.099985,10.291875,0.014197
155.803961,148.549253,7.254707,153.101960,145.788021,7.313939,11.242100,0.012022
151.681054,144.285488,7.395566,150.297769,142.776347,7.521423,13.081416,0.012025
149.083810,141.576440,7.507371,148.042498,140.473047,7.569452,12.760598,0.012417
147.381711,139.805768,7.575942,146.272230,138.662504,7.609726,12.706740,0.013655
146.134026,138.499554,7.634472,145.349936,137.686156,7.663780,92.749931,0.011285
145.154087,137.487394,7.666694,144.621845,136.953065,7.668779,12.404859,0.011228
144.393446,136.698290,7.695156,143.656235,135.947173,7.709062,13.448460,0.012619
143.854058,136.134890,7.719168,143.731051,136.004641,7.726411,18.188478,0.009992
143.604516,135.867478,7.737038,143.757851,136.008113,7.749738,12.862403,0.008677
142.768478,135.019476,7.749002,141.663929,133.931995,7.731933,22.700037,0.010590
142.292925,134.530795,7.762130,142.000704,134.250254,7.750449,25.988956,0.011088
142.303215,134.526958,7.776257,142.116043,134.333649,7.782394,25.811518,0.011122
141.846881,134.056822,7.790059,141.901677,134.104656,7.797021,13.437079,0.007816
141.597643,133.805527,7.792116,141.520697,133.729162,7.791534,16.611052,0.009158
141.396593,133.585157,7.811436,141.779423,133.981132,7.798291,18.006865,0.008659
141.601595,133.785953,7.815642,142.423194,134.619409,7.803785,14.309971,0.011580
141.522389,133.693473,7.828916,140.857992,133.036175,7.821818,22.537607,0.011869
141.281341,133.450760,7.830581,142.306314,134.478114,7.828200,17.539589,0.008449
141.327790,133.476787,7.851002,141.636060,133.783313,7.852746,11.421235,0.009297
140.848185,132.995023,7.853162,141.249231,133.393672,7.855559,17.967888,0.009393
141.073828,133.212126,7.861702,141.904875,134.043875,7.861000,21.858950,0.008015
141.119642,133.251758,7.867885,140.715802,132.846769,7.869033,13.372355,0.010695
140.784962,132.914664,7.870299,141.133468,133.269087,7.864382,15.350209,0.009539
140.676547,132.802537,7.874010,141.077505,133.200129,7.877376,18.819569,0.006496
140.563226,132.669255,7.893971,140.994531,133.109067,7.885464,11.006915,0.010330
140.658485,132.760124,7.898361,141.590345,133.706307,7.884038,24.153913,0.008238
140.617771,132.712315,7.905457,141.262905,133.365772,7.897132,13.711136,0.008877
140.841244,132.938220,7.903024,141.003136,133.112063,7.891074,22.404110,0.006880
140.583631,132.682980,7.900651,139.938330,132.054930,7.883400,19.726736,0.008486
139.843802,131.953546,7.890256,140.023884,132.133027,7.890858,42.740959,0.007319
139.770810,131.867747,7.903063,139.465474,131.580120,7.885354,21.370407,0.006996
139.652301,131.739405,7.912896,140.236841,132.333369,7.903473,39.886951,0.007499
139.297211,131.387432,7.909778,140.411707,132.509154,7.902553,14.484013,0.007613
139.746452,131.825777,7.920675,141.210419,133.303672,7.906746,234.301407,0.008953
139.669541,131.753116,7.916426,140.528355,132.617692,7.910663,32.022392,0.009757
139.329473,131.410687,7.918787,140.572169,132.662941,7.909228,14.606944,0.007616
139.295436,131.379028,7.916409,139.410676,131.513911,7.896765,20.724688,0.005996
139.292312,131.373086,7.919226,140.172300,132.257770,7.914529,32.217293,0.007451
138.953791,131.029384,7.924406,140.050330,132.144014,7.906316,14.539741,0.009533
139.089396,131.165882,7.923514,140.209532,132.291603,7.917929,13.800517,0.008573
139.131452,131.204728,7.926724,139.643924,131.724385,7.919539,20.950863,0.008814
139.176557,131.241110,7.935447,141.511502,133.588213,7.923289,14.598286,0.009875
139.103385,131.164411,7.938973,140.489749,132.548489,7.941260,15.218471,0.007547
138.753588,130.810501,7.943087,139.245310,131.316220,7.929090,16.837656,0.007633
138.929494,130.984596,7.944898,140.228875,132.318236,7.910639,24.967392,0.010931
139.234506,131.304490,7.930016,139.695172,131.770947,7.924227,17.555145,0.009473
139.056573,131.115905,7.940668,139.526823,131.597526,7.929298,18.344616,0.007759
138.995115,131.045965,7.949150,140.235000,132.288219,7.946781,13.494922,0.006700
138.674219,130.726470,7.947749,138.495684,130.577690,7.917994,23.120790,0.006541
138.574477,130.625078,7.949399,140.832920,132.886258,7.946663,40.610493,0.005545
138.786996,130.832552,7.954443,140.358800,132.417896,7.940903,18.998087,0.005578
138.621768,130.664616,7.957152,139.591311,131.649003,7.942308,13.218867,0.009042
138.480988,130.522894,7.958094,139.719652,131.771942,7.947710,15.759043,0.008546
138.262204,130.298369,7.963834,140.450118,132.504682,7.945437,14.371160,0.008251
138.618073,130.652132,7.965941,139.116173,131.173691,7.942483,14.883586,0.008442
138.696284,130.731833,7.964451,139.996922,132.040099,7.956824,22.914667,0.008674
138.542000,130.579824,7.962176,140.075586,132.121194,7.954392,nan,0.005673
138.429822,130.466386,7.963436,139.317046,131.368248,7.948798,16.997671,0.005613
138.687072,130.718699,7.968372,139.708358,131.770958,7.937400,18.416811,0.010000
138.332433,130.375449,7.956984,140.360236,132.403463,7.956774,20.159660,0.007616
138.449489,130.480471,7.969018,139.324928,131.377035,7.947892,19.366100,0.006810
138.766821,130.795168,7.971653,139.119490,131.173296,7.946194,15.258996,0.011769
138.457035,130.478381,7.978655,139.214504,131.258210,7.956293,30.481934,0.005999
138.481398,130.495169,7.986230,139.790688,131.815913,7.974775,29.124290,0.008733
138.908280,130.916673,7.991607,139.778635,131.803674,7.974961,nan,0.005912
138.164231,130.172759,7.991472,140.344665,132.364207,7.980459,17.721355,0.006525
138.187629,130.200180,7.987450,139.079240,131.109943,7.969297,nan,0.006008
138.278176,130.291903,7.986272,139.720106,131.744414,7.975692,18.355835,0.006598
138.842173,130.854769,7.987405,140.392126,132.420854,7.971272,18.960659,0.008678
138.491051,130.500892,7.990159,139.765047,131.792001,7.973046,14.894902,0.007639
138.708385,130.712530,7.995855,139.557141,131.580346,7.976794,31.476629,0.005993
138.111701,130.112625,7.999076,138.973242,130.986150,7.987092,nan,0.008210
138.387330,130.385361,8.001969,139.574203,131.603402,7.970800,21.038181,0.006762
138.943253,130.943116,8.000137,140.288532,132.304967,7.983564,nan,0.006057
138.782481,130.779672,8.002809,139.893099,131.909164,7.983935,16.815674,0.008057
138.457752,130.455561,8.002191,139.679371,131.701459,7.977912,40.284573,0.006720
138.696315,130.691419,8.004895,140.049787,132.064428,7.985359,12.957604,0.010066
138.392660,130.391260,8.001400,138.818043,130.845125,7.972917,nan,0.008215
138.396427,130.394513,8.001915,139.456223,131.469790,7.986433,32.799477,0.007849
138.566639,130.568717,7.997922,140.724342,132.738208,7.986134,14.656948,0.008019
138.868192,130.865407,8.002786,140.731398,132.739238,7.992161,nan,0.006916
138.563357,130.548311,8.015046,140.164928,132.167351,7.997577,17.734972,0.009304
138.329787,130.312069,8.017718,140.007711,132.012435,7.995276,20.871838,0.007073
138.895775,130.878179,8.017596,139.987010,131.986377,8.000632,22.420694,0.006548
138.382304,130.365692,8.016612,141.657628,133.645946,8.011682,nan,0.006583
138.888940,130.872197,8.016742,140.386774,132.384065,8.002709,16.795500,0.007467
138.661356,130.642447,8.018909,140.561147,132.560735,8.000413,23.405815,0.007223
139.101010,131.083486,8.017524,140.255419,132.249535,8.005884,nan,0.006182
138.701066,130.678317,8.022749,140.360115,132.347952,8.012163,23.704512,0.005547
138.723228,130.694720,8.028508,139.342402,131.326835,8.015567,20.043049,0.006874
139.065226,131.029149,8.036077,139.852175,131.832069,8.020107,20.758982,0.005864
138.902276,130.864604,8.037671,140.894470,132.868484,8.025986,20.565012,0.007043
138.855910,130.816988,8.038922,140.820122,132.793611,8.026510,nan,0.006110
138.851337,130.817040,8.034297,139.810499,131.793437,8.017062,nan,0.006184
138.755558,130.724420,8.031138,140.479058,132.454260,8.024799,nan,0.006815
139.194025,131.154782,8.039243,140.264452,132.243267,8.021185,nan,0.006205
138.683629,130.644007,8.039622,139.706239,131.679498,8.026741,nan,0.004482
138.442543,130.398456,8.044087,140.047037,132.020315,8.026722,nan,0.007341
138.688510,130.651145,8.037366,139.867807,131.846901,8.020906,nan,0.008605
138.604845,130.560153,8.044691,140.132463,132.110570,8.021893,16.126490,0.006509
138.717750,130.672351,8.045399,139.619229,131.597330,8.021899,nan,0.006645
138.779034,130.731636,8.047398,140.234980,132.206723,8.028257,262.532654,0.007736
138.790976,130.748571,8.042405,139.875100,131.851664,8.023436,nan,0.007137
139.229447,131.184844,8.044603,140.893500,132.864810,8.028690,20.309673,0.007205
139.111332,131.067957,8.043374,140.136706,132.110966,8.025741,24.531673,0.005621
138.847458,130.798315,8.049143,140.104638,132.069309,8.035329,nan,0.007118
138.725247,130.669176,8.056071,141.025927,132.985797,8.040130,43.342930,0.008224
138.662098,130.610555,8.051543,139.382168,131.351258,8.030910,nan,0.005820
138.662221,130.612978,8.049243,140.210396,132.175502,8.034894,nan,0.007981
139.031635,130.985621,8.046014,140.111066,132.075691,8.035375,20.155514,0.004852
138.688856,130.635500,8.053356,139.916453,131.871394,8.045060,18.579376,0.007851
138.912271,130.858145,8.054126,140.617460,132.578220,8.039241,13.286222,0.007121
138.869335,130.813930,8.055405,140.301514,132.267276,8.034238,16.761091,0.007090
138.637036,130.586085,8.050950,140.669354,132.626708,8.042646,17.986069,0.004874
138.915975,130.869204,8.046771,140.678264,132.646814,8.031450,19.432026,0.005682
138.694356,130.645150,8.049206,139.720076,131.680971,8.039105,18.942390,0.006756
138.582903,130.530941,8.051962,140.194502,132.163229,8.031272,19.473925,0.006305
138.521990,130.471266,8.050724,138.891366,130.853572,8.037794,nan,0.006647
138.383964,130.326356,8.057608,139.194711,131.160568,8.034143,nan,0.006121
137.940922,129.885152,8.055769,139.707192,131.662328,8.044865,13.585720,0.009108
138.466345,130.409701,8.056644,140.104181,132.066627,8.037554,14.164582,0.009937
139.140710,131.087736,8.052974,140.027962,131.993228,8.034733,17.127058,0.005964
138.549889,130.498303,8.051585,141.135790,133.094390,8.041400,333.990234,0.006855
139.046723,130.993046,8.053677,140.130197,132.096513,8.033685,nan,0.006069
138.590569,130.538434,8.052135,139.434811,131.397980,8.036830,nan,0.005974
138.523523,130.469156,8.054368,139.869552,131.830144,8.039409,nan,0.005536
138.858005,130.807810,8.050195,139.319689,131.280739,8.038951,nan,0.005441
138.774345,130.720584,8.053761,140.111801,132.069842,8.041959,nan,0.005395
138.533685,130.477843,8.055842,139.853940,131.820015,8.033925,25.798647,0.006093
138.491834,130.436123,8.055711,141.049085,133.001659,8.047426,nan,0.007676
139.141525,131.080732,8.060794,140.231153,132.181057,8.050097,10.816535,0.005496
138.621675,130.556817,8.064858,140.084509,132.035199,8.049309,nan,0.004805
138.485776,130.418904,8.066873,139.426156,131.380442,8.045714,nan,0.008475
138.332183,130.268660,8.063524,140.872754,132.817697,8.055058,17.034599,0.005866
138.866953,130.806028,8.060925,141.515938,133.465830,8.050108,nan,0.004667
138.982776,130.925893,8.056883,140.487450,132.447926,8.039523,17.855446,0.006168
139.055633,130.994576,8.061057,140.751650,132.700181,8.051469,nan,0.006131
138.821718,130.754006,8.067713,139.913905,131.858325,8.055580,nan,0.004701
138.698313,130.631181,8.067132,140.185678,132.132178,8.053499,nan,0.005756
138.526434,130.459608,8.066825,140.205684,132.149733,8.055951,nan,0.005167
138.754778,130.685681,8.069097,141.015337,132.960471,8.054866,nan,0.006199
139.184270,131.113174,8.071095,141.162526,133.105769,8.056758,nan,0.006011
139.324866,131.251723,8.073143,140.847356,132.790735,8.056620,nan,0.004873
139.585273,131.514852,8.070421,139.774367,131.719911,8.054455,nan,0.004721
139.200115,131.127210,8.072905,141.031348,132.966812,8.064536,nan,0.005670
139.327642,131.247112,8.080529,140.722862,132.653121,8.069739,16.904762,0.005214
139.717404,131.639468,8.077936,141.407816,133.349149,8.058667,nan,0.005304
139.838138,131.759934,8.078204,140.912531,132.852392,8.060139,nan,0.005781
140.015928,131.943359,8.072569,141.422992,133.363497,8.059495,nan,0.006169
139.633053,131.562846,8.070208,141.221526,133.164771,8.056756,nan,0.004082
139.681876,131.614978,8.066898,141.174435,133.115947,8.058487,nan,0.007097
140.218320,132.149579,8.068740,141.679495,133.623556,8.055938,nan,0.005539
140.258222,132.185452,8.072770,140.535322,132.472941,8.062381,15.576699,0.004319
139.916996,131.842627,8.074370,141.521723,133.460751,8.060972,nan,0.005004
140.205199,132.126475,8.078724,141.738300,133.669331,8.068969,nan,0.005404
140.293220,132.213096,8.080123,142.275092,134.205586,8.069505,nan,0.009838
140.817729,132.736362,8.081367,142.150376,134.082765,8.067611,nan,0.006062
