282.229968,258.833118,23.396850,221.477035,192.324753,29.152282,3.343074,0.012660
216.971190,188.380756,28.590433,201.346752,172.335905,29.010846,2.581558,0.019948
188.665183,159.646319,29.018864,177.592039,148.554122,29.037916,3.188614,0.024342
172.797331,144.047446,28.749884,167.091137,138.988529,28.102608,3.085331,0.028810
164.768660,136.525554,28.243106,161.102199,132.762151,28.340047,3.077111,0.029494
159.685196,131.123413,28.561782,156.576880,127.849799,28.727081,3.200953,0.032468
155.911772,127.075115,28.836657,153.585512,124.594247,28.991264,3.255173,0.035385
152.911470,123.982023,28.929446,150.294203,121.570642,28.723561,3.251582,0.037442
150.000049,121.385700,28.614349,146.937638,118.904857,28.032781,3.238598,0.038894
145.870251,118.539516,27.330735,143.416016,115.953304,27.462712,3.262398,0.037244
142.424594,115.777803,26.646792,139.813369,113.633375,26.179994,3.008929,0.040117
139.100390,113.393157,25.707233,136.916483,111.312326,25.604157,3.047834,0.039322
136.879600,111.258824,25.620776,135.063412,109.262063,25.801349,3.234688,0.038216
135.516446,109.627248,25.889198,133.866558,107.921298,25.945260,3.321167,0.036223
134.063131,108.159345,25.903786,132.579787,106.612942,25.966846,2.988893,0.041225
132.429273,106.881808,25.547464,129.949282,105.779701,24.169582,3.323597,0.036472
129.708375,105.890696,23.817679,128.278540,104.508729,23.769811,3.461621,0.033653
128.500976,104.752595,23.748380,127.663300,103.839686,23.823614,2.936167,0.041609
127.715645,103.820321,23.895323,126.912828,102.870195,24.042633,2.936038,0.040573
126.916863,103.014400,23.902463,125.604346,101.768931,23.835414,3.179593,0.039035
125.852346,102.098838,23.753508,124.921553,101.296026,23.625527,3.167345,0.038969
124.859464,101.215966,23.643499,124.030431,100.217652,23.812779,3.134565,0.035395
124.206777,100.403399,23.803378,123.303219,99.414750,23.888469,3.231088,0.037175
123.474265,99.637601,23.836665,122.820387,99.019334,23.801054,3.390789,0.034249
122.818251,98.923517,23.894734,122.421684,98.435910,23.985774,3.034401,0.036322
122.329302,98.373689,23.955613,121.768812,97.701522,24.067289,3.128085,0.035761
121.865652,97.820446,24.045207,121.315311,97.297615,24.017696,3.142022,0.035170
121.406597,97.310562,24.096035,120.774325,96.643459,24.130866,3.426410,0.032532
120.996787,96.852789,24.143998,120.567500,96.390452,24.177047,3.282401,0.033801
120.641041,96.448144,24.192897,120.221594,96.033972,24.187622,3.163873,0.037795
120.214201,95.989930,24.224271,120.047064,95.801838,24.245225,3.218378,0.035869
119.915274,95.658351,24.256923,119.624912,95.367502,24.257411,3.202916,0.036465
119.599288,95.313709,24.285579,119.168059,94.905883,24.262176,3.235795,0.032988
119.246205,94.938335,24.307870,118.882556,94.592452,24.290104,3.186550,0.037399
118.860128,94.718044,24.142085,118.517451,94.378820,24.138631,3.157666,0.037457
118.464340,94.402508,24.061832,118.384359,94.201353,24.183006,3.266427,0.036132
118.172423,94.051451,24.120972,118.169851,93.990928,24.178922,3.222200,0.035721
117.961249,93.868875,24.092374,117.812489,93.669723,24.142766,3.138160,0.035933
117.733243,93.623294,24.109950,117.702472,93.648965,24.053506,3.224062,0.035145
117.386993,93.306635,24.080359,117.698174,93.539932,24.158241,3.134153,0.036118
117.086123,93.106925,23.979198,117.006090,93.022442,23.983648,3.186178,0.034131
116.794628,92.807480,23.987148,116.722647,92.774794,23.947853,3.299681,0.032489
116.576316,92.595388,23.980928,116.552202,92.556521,23.995681,3.308204,0.035261
116.285268,92.354280,23.930988,116.355293,92.395297,23.959996,3.227303,0.033683
116.054847,92.145579,23.909268,116.080849,92.265361,23.815488,3.258472,0.032108
115.819240,91.935883,23.883357,116.090780,92.182492,23.908288,3.297190,0.034824
115.627325,91.715409,23.911915,115.709939,91.805432,23.904507,3.159661,0.035309
115.354219,91.467328,23.886891,115.641073,91.736255,23.904818,3.204770,0.034552
115.147081,91.303221,23.843860,115.510564,91.696367,23.814198,3.159012,0.036045
115.011952,91.130744,23.881208,115.330708,91.402667,23.928041,3.045765,0.038258
114.840514,90.979372,23.861143,114.996603,91.285509,23.711094,3.533619,0.031154
114.565652,90.713381,23.852271,114.639073,90.871559,23.767514,3.094661,0.036708
114.311495,90.603813,23.707683,114.530614,90.921500,23.609114,3.243920,0.034568
114.081910,90.458627,23.623284,114.436363,90.756822,23.679541,3.155582,0.037183
113.844960,90.213026,23.631935,114.426754,90.807905,23.618850,3.184955,0.033882
113.809975,90.165298,23.644677,114.048966,90.499510,23.549455,3.400593,0.032999
113.581285,90.037284,23.544001,113.825813,90.329887,23.495926,3.295624,0.033034
113.439749,89.897101,23.542649,113.716213,90.257554,23.458659,3.344034,0.034038
113.147688,89.659212,23.488476,113.699352,90.315355,23.383997,3.270813,0.033539
113.038767,89.594902,23.443865,113.579915,90.148189,23.431727,3.230347,0.033201
112.901875,89.468245,23.433630,113.508464,90.160043,23.348422,3.192565,0.037165
112.689622,89.250910,23.438712,112.968985,89.623454,23.345530,3.434634,0.032132
112.598541,89.184559,23.413982,112.977406,89.678913,23.298494,3.330195,0.032720
112.495173,89.086061,23.409112,113.064672,89.652234,23.412439,3.346522,0.033824
112.341774,88.917347,23.424427,112.690931,89.284551,23.406380,3.140804,0.034859
112.193740,88.736706,23.457034,112.736937,89.421085,23.315852,3.563469,0.032599
112.119456,88.687361,23.432095,112.838013,89.466149,23.371864,3.444150,0.030540
111.930981,88.481941,23.449040,112.447325,89.018367,23.428957,3.438499,0.032311
111.879515,88.429217,23.450298,112.358492,89.010284,23.348208,3.380833,0.033097
111.740486,88.293842,23.446644,112.318685,88.829005,23.489679,3.234160,0.033148
111.655836,88.233016,23.422820,112.151677,88.823693,23.327985,3.440653,0.032513
111.570636,88.104499,23.466137,112.228125,88.800979,23.427146,3.355152,0.032644
111.431964,87.979040,23.452925,112.265298,88.809079,23.456220,3.354522,0.032076
111.351056,87.876938,23.474118,111.948470,88.525734,23.422736,3.438326,0.032965
111.310636,87.854619,23.456017,111.933372,88.495549,23.437822,3.298900,0.036390
111.151461,87.687924,23.463537,112.097138,88.617976,23.479161,3.182605,0.037976
111.085692,87.601460,23.484232,111.864420,88.363145,23.501276,3.224255,0.035566
110.961536,87.440170,23.521366,111.636160,88.100648,23.535512,3.287828,0.033693
110.835277,87.362166,23.473111,111.790303,88.421677,23.368625,3.225113,0.033911
110.810064,87.319505,23.490558,111.560393,87.995568,23.564825,3.365958,0.033697
110.674701,87.173706,23.500995,111.383568,87.998338,23.385231,3.354971,0.033445
110.626175,87.103797,23.522378,111.290146,87.858317,23.431829,3.531021,0.031222
110.580114,87.094349,23.485765,111.375694,87.842089,23.533605,3.209639,0.031529
110.491522,86.975646,23.515876,111.372025,87.921947,23.450078,3.396846,0.031368
110.377785,86.882317,23.495467,111.387319,87.863630,23.523690,3.175817,0.036080
110.348929,86.840463,23.508467,111.051163,87.573540,23.477623,3.373216,0.032332
110.244194,86.738638,23.505556,111.109075,87.738521,23.370555,3.261039,0.035547
110.169891,86.651612,23.518279,111.096505,87.569468,23.527037,3.410654,0.030678
110.080465,86.568760,23.511705,111.041733,87.577347,23.464386,3.430053,0.030468
110.021730,86.513913,23.507818,110.803398,87.355766,23.447631,3.384440,0.033095
109.917238,86.398254,23.518984,110.905800,87.472836,23.432964,3.404720,0.031067
109.829958,86.297735,23.532223,110.822357,87.328177,23.494179,3.563993,0.031553
109.827101,86.320783,23.506318,110.882233,87.369402,23.512831,3.390965,0.031874
109.703637,86.198459,23.505178,110.512957,87.165602,23.347355,3.434632,0.032151
109.632081,86.123250,23.508832,110.417781,87.035172,23.382609,3.387118,0.034699
109.630734,86.105413,23.525321,110.542998,87.008206,23.534792,3.350909,0.031691
109.561009,85.998026,23.562983,110.676727,87.238886,23.437841,3.287560,0.032795
109.442752,85.908282,23.534470,110.410443,86.905403,23.505040,3.322480,0.033302
109.364128,85.809702,23.554426,110.476750,86.988024,23.488727,3.365904,0.033388
109.339657,85.771509,23.568148,110.336833,86.792855,23.543978,3.562480,0.032298
109.227177,85.676201,23.550976,110.225064,86.722857,23.502207,3.469590,0.031451
109.266152,85.688954,23.577198,110.368064,86.897972,23.470091,3.682142,0.028493
109.116143,85.577057,23.539086,110.127327,86.592184,23.535144,3.132588,0.033027
109.070855,85.505600,23.565255,110.169742,86.621977,23.547766,3.381119,0.031425
109.026358,85.453018,23.573341,110.103630,86.518759,23.584870,3.473464,0.032142
108.938022,85.389491,23.548531,110.123608,86.546365,23.577243,3.423116,0.031385
108.950851,85.417443,23.533408,110.018711,86.490213,23.528498,3.217623,0.035226
108.798848,85.243855,23.554993,109.929987,86.449061,23.480926,3.452380,0.033304
108.791462,85.220574,23.570888,109.967314,86.430188,23.537126,3.430640,0.030808
108.765167,85.216987,23.548180,109.786636,86.301724,23.484913,3.310596,0.032177
108.664133,85.102411,23.561723,109.835209,86.270200,23.565010,3.568784,0.031046
108.643517,85.084063,23.559454,109.727863,86.159381,23.568482,3.662726,0.029990
108.537305,84.944844,23.592461,109.663682,86.150664,23.513018,3.369677,0.031307
108.473189,84.907335,23.565854,109.742331,86.199409,23.542922,3.519485,0.030925
108.428797,84.855044,23.573754,109.628654,86.185186,23.443468,3.248737,0.033993
108.399435,84.832728,23.566707,109.506580,86.007320,23.499260,3.380973,0.031152
108.336731,84.759233,23.577499,109.683284,86.118575,23.564710,3.431142,0.032681
108.264499,84.690131,23.574368,109.612962,86.138625,23.474337,3.410627,0.031397
108.234593,84.654782,23.579811,109.393147,85.763523,23.629624,3.436984,0.030897
108.175089,84.570759,23.604330,109.646257,86.090619,23.555638,3.134730,0.035080
108.194212,84.637968,23.556244,109.553381,85.996570,23.556812,3.347767,0.034271
108.070672,84.499141,23.571531,109.211092,85.673626,23.537465,3.460608,0.031218
108.027918,84.426672,23.601247,109.247481,85.669977,23.577504,3.233857,0.034688
108.045965,84.443186,23.602779,109.373082,85.792413,23.580670,3.332678,0.033665
107.937583,84.358092,23.579491,109.126722,85.560288,23.566434,3.529092,0.031390
107.888052,84.311197,23.576855,109.325632,85.811631,23.514001,3.439455,0.033266
107.847173,84.271117,23.576056,109.115571,85.604005,23.511566,3.320018,0.032850
107.812957,84.208319,23.604637,109.245720,85.652971,23.592749,3.296247,0.034152
107.771289,84.163773,23.607516,109.009198,85.399750,23.609448,3.352490,0.033998
107.726822,84.122945,23.603877,109.055874,85.466065,23.589809,3.428511,0.034022
107.659637,84.072177,23.587460,109.120538,85.673975,23.446563,3.291141,0.033181
107.648542,84.069098,23.579444,109.023384,85.494399,23.528986,3.401128,0.033987
107.588465,83.952935,23.635530,108.927618,85.382638,23.544981,3.504644,0.030832
107.537345,83.936476,23.600869,108.884196,85.365557,23.518640,3.439895,0.029854
107.448935,83.876501,23.572434,108.760967,85.224012,23.536954,3.356042,0.033595
107.381215,83.774692,23.606524,108.808070,85.188370,23.619700,3.574923,0.030469
107.420706,83.808069,23.612637,109.113963,85.500755,23.613207,3.284330,0.032627
107.336788,83.719029,23.617759,108.849231,85.318801,23.530431,3.154225,0.037859
107.320242,83.746258,23.573985,108.650337,85.096922,23.553415,3.537039,0.030742
107.318979,83.685737,23.633242,108.752150,85.147626,23.604524,3.359564,0.033145
107.264860,83.583272,23.681588,108.831356,85.276193,23.555162,3.528237,0.030865
107.236433,83.607176,23.629257,108.778437,85.248913,23.529525,3.391650,0.031552
107.148693,83.535509,23.613184,108.557429,84.969112,23.588317,3.470078,0.030746
107.124722,83.491366,23.633356,108.663561,85.063863,23.599698,3.269330,0.033353
107.107692,83.467076,23.640616,108.721398,85.154587,23.566812,3.437596,0.032813
107.045808,83.413187,23.632621,108.632836,85.076640,23.556196,3.389680,0.034699
107.071179,83.409191,23.661988,108.725858,85.075652,23.650206,3.428437,0.030857
106.965416,83.301658,23.663757,108.789535,85.096343,23.693192,3.430983,0.032926
106.919164,83.253871,23.665293,108.782752,85.188993,23.593759,3.493961,0.031025
106.892522,83.290092,23.602430,108.532124,84.862888,23.669237,3.421551,0.029629
106.904734,83.260416,23.644318,108.298940,84.685720,23.613220,3.542106,0.030752
106.871712,83.233684,23.638027,108.479397,84.908732,23.570665,3.437126,0.032993
106.860781,83.202047,23.658734,108.356676,84.763283,23.593393,3.460288,0.029823
106.767693,83.144750,23.622944,108.373549,84.764921,23.608628,3.445447,0.031497
106.740936,83.104473,23.636464,108.594487,85.009411,23.585077,3.358711,0.033059
106.712263,83.072083,23.640180,108.409927,84.805945,23.603982,3.256439,0.035243
106.675641,83.046440,23.629201,108.335663,84.770079,23.565583,3.632433,0.032889
106.638273,82.998705,23.639568,108.390287,84.791131,23.599157,3.475905,0.031917
106.626685,82.932884,23.693801,108.482688,84.820434,23.662254,3.378332,0.030700
106.586121,82.916352,23.669770,108.099608,84.480222,23.619385,3.413930,0.031931
