202.897212,193.661006,9.236205,170.824386,159.432464,11.391922,2.319076,0.020964
159.132650,144.176607,14.956043,150.060690,133.004627,17.056063,2.294292,0.031099
145.153157,126.229507,18.923650,140.266488,119.911106,20.355382,2.262771,0.035394
137.616107,116.655468,20.960639,134.309944,112.686831,21.623114,2.406908,0.035106
133.346068,111.413583,21.932485,130.772887,108.491213,22.281675,2.509984,0.037208
130.550220,108.073738,22.476482,128.691406,106.006900,22.684505,2.558212,0.036164
128.488832,105.693589,22.795242,126.694863,103.587974,23.106889,2.562330,0.036408
126.829188,103.766725,23.062463,125.983299,102.776333,23.206966,2.498535,0.043602
125.412302,102.224030,23.188272,124.295108,100.924263,23.370845,2.641750,0.038356
124.454749,101.121535,23.333215,123.169738,99.716346,23.453392,2.738082,0.039379
123.494878,100.071696,23.423183,122.830962,99.316757,23.514204,2.690958,0.040885
122.649841,99.185501,23.464341,121.906904,98.359121,23.547783,2.784279,0.037846
121.894626,98.364968,23.529658,121.062457,97.448356,23.614102,2.818723,0.037930
121.432109,97.828374,23.603735,120.879691,97.321612,23.558079,2.654002,0.039886
120.848397,97.252084,23.596313,120.239661,96.717518,23.522143,2.923589,0.035521
120.293541,96.632372,23.661169,119.874053,96.218664,23.655390,2.843347,0.037395
119.829046,96.188870,23.640176,119.860444,96.269899,23.590544,2.858636,0.039909
119.465887,95.759805,23.706082,119.085724,95.456790,23.628934,2.899445,0.039001
119.025493,95.334038,23.691455,119.106305,95.477752,23.628553,2.753942,0.039665
118.689930,94.996549,23.693381,118.564840,94.859055,23.705786,2.977854,0.040026
118.308609,94.587866,23.720743,118.426486,94.826116,23.600369,2.909223,0.039942
118.025224,94.263037,23.762188,118.096186,94.312859,23.783327,2.815294,0.037451
117.743954,93.990161,23.753793,117.895961,94.226858,23.669103,2.898269,0.040035
117.479329,93.716585,23.762744,117.738909,94.042884,23.696025,2.843313,0.042158
117.207255,93.437206,23.770049,117.177109,93.436528,23.740581,2.936050,0.042094
117.022222,93.270596,23.751626,117.057839,93.210530,23.847309,3.137658,0.041128
116.796537,93.025873,23.770664,117.002842,93.276406,23.726436,3.030552,0.039307
116.510155,92.682686,23.827469,117.004507,93.323326,23.681181,2.871974,0.040819
116.331091,92.529454,23.801637,116.654653,92.803690,23.850963,3.051840,0.036175
116.111066,92.277214,23.833852,116.681841,92.949837,23.732005,2.898221,0.042337
115.869980,92.094727,23.775253,116.264181,92.609243,23.654939,3.105189,0.039965
115.734628,91.964568,23.770059,116.209495,92.501096,23.708399,3.026737,0.040986
115.560741,91.763804,23.796937,116.227408,92.455680,23.771728,2.960778,0.038028
115.422855,91.618801,23.804054,115.765070,92.056810,23.708260,3.109763,0.040286
115.168797,91.406055,23.762742,115.788207,92.059720,23.728488,2.954768,0.043974
115.054872,91.262306,23.792566,115.513243,91.869331,23.643912,3.071223,0.037144
114.906982,91.117124,23.789857,115.592902,91.821965,23.770936,2.947825,0.041967
114.752320,90.949743,23.802577,115.375071,91.661200,23.713871,2.927773,0.040274
114.617548,90.828469,23.789080,115.285644,91.582403,23.703240,3.056306,0.037706
114.425690,90.632274,23.793417,115.399807,91.786749,23.613059,2.917062,0.041421
114.249877,90.497810,23.752067,114.988892,91.279948,23.708943,3.027692,0.044198
114.143359,90.386396,23.756964,115.183723,91.468576,23.715146,3.002361,0.038621
114.066591,90.310049,23.756541,114.830982,91.080555,23.750427,3.038523,0.037713
113.855155,90.117748,23.737406,114.890132,91.201263,23.688868,3.025414,0.041174
113.797374,90.032880,23.764493,114.731159,91.004061,23.727099,2.968983,0.040478
113.642652,89.891889,23.750763,114.930119,91.352191,23.577928,3.012636,0.043176
113.564726,89.830093,23.734633,114.387499,90.729720,23.657779,3.087370,0.039411
113.469122,89.699669,23.769454,114.315490,90.529050,23.786440,2.987186,0.045057
113.263158,89.491989,23.771169,114.552327,90.881074,23.671253,2.942008,0.037736
113.244284,89.483923,23.760361,114.282515,90.641210,23.641305,3.054226,0.036805
113.093606,89.367094,23.726512,114.184620,90.474641,23.709978,3.108543,0.037862
112.979195,89.242521,23.736674,114.248298,90.597062,23.651236,3.109910,0.040278
112.920547,89.173595,23.746952,114.022340,90.449706,23.572634,3.056143,0.041011
112.794348,89.075381,23.718968,113.912679,90.284884,23.627795,3.211063,0.037437
112.760801,89.066479,23.694321,113.859988,90.206099,23.653889,3.069312,0.038350
112.652609,88.898264,23.754345,113.739933,90.090150,23.649782,2.964639,0.040750
112.476856,88.744192,23.732664,113.654167,89.974496,23.679671,3.073619,0.035894
112.454420,88.720600,23.733820,113.645384,90.025428,23.619956,2.979411,0.037492
112.315387,88.610110,23.705277,113.673997,90.079915,23.594082,3.035450,0.039022
112.243857,88.526137,23.717720,113.661112,89.970653,23.690459,3.134155,0.036826
112.259338,88.537594,23.721744,113.325981,89.623306,23.702676,3.049733,0.039191
112.023914,88.285103,23.738811,113.356727,89.699649,23.657079,3.203378,0.037212
111.938545,88.216037,23.722508,113.225860,89.563202,23.662659,3.091376,0.037123
111.938197,88.249697,23.688500,113.323422,89.722579,23.600843,2.912684,0.042812
111.811142,88.129806,23.681336,113.327644,89.642283,23.685361,3.209461,0.036322
111.765354,88.065087,23.700268,113.081453,89.445268,23.636186,3.215178,0.037490
111.719248,88.015606,23.703642,113.098488,89.499061,23.599428,3.077989,0.041123
111.605512,87.915027,23.690484,113.026389,89.403886,23.622503,3.060856,0.038560
111.569826,87.851257,23.718570,112.829453,89.230812,23.598641,3.098773,0.039249
111.479643,87.792152,23.687491,113.002599,89.383892,23.618706,3.005180,0.041797
111.383090,87.664324,23.718766,112.810350,89.201927,23.608423,3.009167,0.040675
111.312052,87.617673,23.694380,112.765987,89.135996,23.629991,3.090530,0.042440
111.213433,87.525791,23.687643,112.506828,88.926186,23.580643,3.237728,0.037339
111.225614,87.525172,23.700442,112.689773,89.080895,23.608877,2.965153,0.039577
111.083588,87.386163,23.697425,112.667749,89.118076,23.549673,3.037732,0.040272
111.062560,87.350912,23.711648,112.728611,89.090089,23.638521,3.094855,0.039965
110.907297,87.224504,23.682793,112.502733,88.827077,23.675656,3.216541,0.035302
110.957897,87.250523,23.707373,112.343173,88.715348,23.627826,3.157230,0.036952
110.944338,87.256938,23.687400,112.489855,88.776039,23.713817,3.144186,0.037927
110.800805,87.136536,23.664269,112.771166,89.202536,23.568630,3.118165,0.036710
110.736471,87.105260,23.631211,112.456395,88.813650,23.642745,3.112584,0.036675
110.673761,87.030299,23.643462,112.276274,88.656515,23.619760,3.117936,0.040831
110.602711,86.945046,23.657665,112.344437,88.749354,23.595082,2.973641,0.040474
110.623747,86.973640,23.650108,112.324897,88.686374,23.638523,3.012025,0.038352
110.455696,86.800262,23.655434,112.140609,88.561882,23.578727,3.095088,0.038379
110.482049,86.861340,23.620709,112.270893,88.711020,23.559873,3.073838,0.042012
110.361518,86.759420,23.602097,111.951425,88.413553,23.537873,3.085000,0.040720
110.395926,86.756173,23.639752,111.907455,88.456024,23.451431,3.253432,0.037806
110.306810,86.655087,23.651723,111.809950,88.291645,23.518304,3.264539,0.034617
110.253653,86.663205,23.590448,112.062097,88.484146,23.577951,3.052688,0.041928
110.284890,86.659057,23.625833,111.890514,88.392828,23.497687,3.093735,0.042505
110.189693,86.572972,23.616721,111.920422,88.443373,23.477050,3.095956,0.039227
110.016115,86.399217,23.616898,111.895739,88.364179,23.531560,3.200815,0.039444
110.064675,86.426260,23.638416,111.980599,88.476958,23.503640,3.180159,0.041291
109.958942,86.336847,23.622095,111.854980,88.382413,23.472566,2.937557,0.040653
109.922385,86.328347,23.594038,111.604708,88.066561,23.538148,3.094007,0.038804
109.831350,86.218676,23.612675,111.659096,88.294945,23.364151,2.939065,0.041477
109.815549,86.238592,23.576958,111.492724,87.948927,23.543798,3.436820,0.035262
109.830763,86.227652,23.603111,111.553201,88.054460,23.498740,3.072006,0.043137
109.745719,86.163897,23.581822,111.370781,87.899610,23.471171,3.027442,0.040714
109.630670,86.051583,23.579087,111.538564,88.032573,23.505992,3.119096,0.038963
109.618225,86.018009,23.600215,111.399010,87.854221,23.544789,3.120231,0.039595
109.540204,85.936059,23.604145,111.580139,88.051770,23.528369,3.179117,0.037280
109.494229,85.911486,23.582743,111.354879,87.854011,23.500868,3.146387,0.038654
109.501607,85.909502,23.592105,111.198519,87.723077,23.475442,3.225861,0.036949
109.344677,85.753845,23.590832,111.526632,88.100353,23.426279,3.224533,0.036450
109.351241,85.795850,23.555391,111.228339,87.804322,23.424016,3.253218,0.037465
109.313100,85.707573,23.605528,111.251409,87.763767,23.487642,3.027375,0.043353
109.230387,85.663962,23.566425,111.159785,87.685453,23.474333,3.175824,0.036359
109.195603,85.636993,23.558611,111.049137,87.508067,23.541070,3.129169,0.035755
109.155714,85.582388,23.573327,110.910728,87.415834,23.494895,3.239408,0.040329
109.127864,85.584637,23.543226,111.059809,87.596610,23.463199,2.969669,0.041352
109.145399,85.598762,23.546637,110.832632,87.357821,23.474811,3.114390,0.037050
108.969010,85.431737,23.537274,111.199849,87.802489,23.397360,3.206263,0.039091
109.034482,85.575605,23.458877,110.959024,87.580054,23.378970,3.219916,0.040137
108.985962,85.467022,23.518940,110.808521,87.401167,23.407354,3.054630,0.039092
108.940161,85.399360,23.540801,110.953952,87.529385,23.424567,3.319293,0.034565
108.784853,85.273038,23.511815,110.854015,87.440178,23.413837,3.160459,0.040169
108.836645,85.307736,23.528910,110.667740,87.170916,23.496825,3.041250,0.039584
108.717768,85.222651,23.495117,110.760161,87.385410,23.374751,3.210924,0.035255
108.749106,85.211525,23.537581,110.735562,87.321072,23.414491,3.194830,0.035166
108.653165,85.169278,23.483887,110.642328,87.217133,23.425195,3.141081,0.036165
108.550535,85.058588,23.491947,110.529401,87.176683,23.352718,2.978024,0.039259
108.593826,85.125350,23.468476,110.555527,87.124160,23.431368,3.232178,0.034966
108.567734,85.069989,23.497746,110.690809,87.270798,23.420011,2.990270,0.041989
108.569087,85.125178,23.443909,110.488412,87.154322,23.334089,3.028277,0.040265
108.521662,85.049924,23.471738,110.512368,87.130814,23.381554,3.041901,0.038328
108.449012,84.979075,23.469937,110.350750,87.022519,23.328232,3.288479,0.037174
108.452632,84.969639,23.482992,110.300143,86.976539,23.323604,3.154403,0.039044
108.441285,84.978772,23.462514,110.610177,87.324531,23.285646,3.171185,0.042100
108.365557,84.911058,23.454500,110.388941,87.052679,23.336261,3.165855,0.039714
108.276419,84.825749,23.450670,110.464904,87.129994,23.334911,3.212523,0.037445
108.227864,84.794206,23.433658,110.330835,87.013695,23.317141,3.238195,0.040160
108.238100,84.791598,23.446502,110.408764,87.112328,23.296435,3.133978,0.038813
108.237273,84.823723,23.413550,110.474856,87.106925,23.367931,2.998285,0.038477
108.162867,84.698138,23.464730,110.335734,86.997740,23.337994,3.109622,0.039683
108.106448,84.627708,23.478741,109.991241,86.596679,23.394562,3.324476,0.037337
108.088146,84.619407,23.468739,110.266923,86.838413,23.428510,3.238938,0.037178
108.063019,84.613097,23.449923,110.100163,86.767636,23.332527,3.273748,0.037319
108.067739,84.635764,23.431975,110.354906,86.972141,23.382765,3.152136,0.037222
107.986864,84.523130,23.463734,110.222697,86.867068,23.355629,3.187579,0.037661
107.929772,84.507602,23.422170,110.012763,86.749599,23.263164,3.133442,0.037513
107.915272,84.480647,23.434625,109.948874,86.599827,23.349047,3.359686,0.035672
107.860031,84.418566,23.441466,109.998510,86.691955,23.306555,3.145409,0.039753
107.832452,84.431273,23.401179,109.894610,86.586672,23.307938,3.299331,0.037656
107.836762,84.428263,23.408499,109.762503,86.434625,23.327878,3.236135,0.039819
107.756542,84.341537,23.415006,109.918807,86.700522,23.218285,3.333945,0.035976
107.838293,84.424950,23.413343,110.118239,86.839866,23.278373,3.155345,0.035795
107.656697,84.247204,23.409493,109.830252,86.484527,23.345725,3.245685,0.035877
107.583853,84.174138,23.409715,109.881678,86.677755,23.203923,3.187369,0.036384
107.641423,84.296248,23.345176,109.877943,86.554599,23.323345,3.065971,0.038942
107.611531,84.227209,23.384322,109.919476,86.486874,23.432602,3.196298,0.040809
107.611049,84.217431,23.393618,110.019709,86.662572,23.357137,3.133267,0.037391
107.554398,84.124016,23.430382,109.793665,86.434998,23.358667,3.323961,0.032806
107.484770,84.073115,23.411655,109.864847,86.482952,23.381895,3.221364,0.038034
107.474432,84.076209,23.398223,109.671773,86.329272,23.342500,3.305403,0.035033
107.456291,84.053624,23.402667,109.650952,86.377111,23.273841,3.343499,0.036734
107.450245,84.071629,23.378616,109.749820,86.551891,23.197929,3.343289,0.036987
107.427292,84.059226,23.368066,109.601452,86.256714,23.344738,3.183208,0.037053
107.291165,83.930412,23.360753,109.733898,86.418622,23.315275,3.172233,0.039080
