267.608852,256.789578,10.819274,204.815257,193.230819,11.584438,2.811567,0.008592
191.910320,187.294353,4.615967,181.082855,175.863828,5.219028,2.783956,0.011418
170.863241,163.476123,7.387119,160.301376,150.881077,9.420299,2.825806,0.014359
155.700592,145.494345,10.206248,150.381250,139.598549,10.782700,3.079427,0.014805
147.800871,136.522600,11.278270,143.750094,131.986689,11.763406,2.932410,0.017788
142.002081,129.732166,12.269915,138.912778,126.182865,12.729913,3.088546,0.018269
137.907930,124.953539,12.954391,135.314301,122.112049,13.202252,3.328100,0.017655
134.986356,121.598576,13.387781,133.124679,119.478456,13.646223,3.156518,0.019552
132.695326,119.017919,13.677407,131.007160,117.320858,13.686303,3.260167,0.019452
130.870637,117.014386,13.856250,129.136606,115.129452,14.007153,3.203660,0.019101
129.359276,115.331963,14.027313,127.920783,113.758231,14.162552,3.419846,0.018683
127.933134,113.740890,14.192245,126.483923,112.212300,14.271622,3.333205,0.020192
126.711201,112.435254,14.275947,125.539255,111.156936,14.382319,3.308294,0.020690
125.569159,111.205729,14.363431,124.321565,109.877563,14.444002,3.482770,0.019165
124.771085,110.337005,14.434081,123.830948,109.339013,14.491935,3.381967,0.020204
123.966995,109.472465,14.494530,123.051220,108.470890,14.580331,3.440321,0.020167
123.238091,108.699738,14.538353,122.183426,107.571123,14.612302,3.618609,0.018880
122.493823,107.897642,14.596181,121.576270,106.910829,14.665442,3.651704,0.018715
121.916278,107.247898,14.668380,121.151853,106.461895,14.689957,3.252373,0.020442
121.360406,106.612770,14.747636,120.442385,105.708440,14.733945,3.750507,0.018712
120.805775,106.000579,14.805197,120.089675,105.223900,14.865776,3.395360,0.021222
120.337590,105.460834,14.876755,119.469995,104.539914,14.930080,3.704141,0.019224
119.826527,104.879468,14.947060,119.043577,104.040032,15.003545,3.539430,0.019315
119.286832,104.307761,14.979071,118.583396,103.544107,15.039289,3.519859,0.020352
118.811694,103.759163,15.052531,118.296241,103.267469,15.028772,3.705123,0.020214
118.436228,103.359843,15.076385,117.778299,102.639785,15.138514,3.715612,0.019503
118.015807,102.897331,15.118477,117.827981,102.733787,15.094195,3.550580,0.020451
117.703990,102.537663,15.166327,117.043356,101.845579,15.197777,3.732250,0.019060
117.352696,102.184526,15.168171,116.786842,101.627977,15.158865,3.720464,0.019658
117.086232,101.885174,15.201057,116.721383,101.540124,15.181258,3.883178,0.018231
116.756546,101.526284,15.230262,116.519456,101.297475,15.221981,3.628314,0.019408
116.460147,101.212278,15.247869,115.821006,100.502665,15.318341,3.654365,0.019469
116.152999,100.909448,15.243552,115.809903,100.570962,15.238941,3.794424,0.019256
115.953617,100.673911,15.279706,115.544276,100.254070,15.290206,3.643222,0.018452
115.775511,100.521975,15.253536,115.199625,99.910641,15.288984,3.723263,0.018229
115.461812,100.183451,15.278360,115.030028,99.737719,15.292309,3.871381,0.018101
115.224619,99.939199,15.285421,115.105635,99.793911,15.311724,3.557776,0.020762
114.943013,99.662603,15.280410,114.959781,99.648429,15.311352,3.634117,0.020309
114.849334,99.553481,15.295853,114.669691,99.398953,15.270738,3.583872,0.020329
114.517505,99.238141,15.279364,114.547384,99.302707,15.244677,3.718783,0.019316
114.307876,99.030360,15.277516,114.396327,99.086582,15.309745,3.748294,0.018481
114.150749,98.875268,15.275481,113.953160,98.687952,15.265208,3.921813,0.016584
113.960431,98.663837,15.296594,113.936964,98.660513,15.276451,3.888019,0.018882
113.708202,98.395483,15.312720,113.712599,98.389726,15.322873,3.861020,0.019374
113.558951,98.260554,15.298396,113.540969,98.242873,15.298096,3.727000,0.018389
113.319294,98.004475,15.314819,113.147619,97.799237,15.348383,3.709741,0.018861
113.141178,97.814204,15.326975,113.220422,97.868821,15.351601,3.755870,0.019732
112.963675,97.607583,15.356092,112.875373,97.483061,15.392312,3.816681,0.019133
112.759221,97.427206,15.332015,112.747334,97.468817,15.278516,3.955001,0.018602
112.632168,97.296729,15.335439,112.462689,97.114903,15.347786,3.805819,0.017833
112.491671,97.170304,15.321367,112.413511,97.067094,15.346418,3.851762,0.017205
112.327000,97.022666,15.304334,112.187613,96.855401,15.332212,3.865103,0.018740
112.143438,96.826001,15.317437,112.409333,97.017782,15.391551,3.805150,0.018841
112.036449,96.697117,15.339332,112.257575,96.904800,15.352774,3.786015,0.020144
111.801794,96.446696,15.355099,111.950250,96.588379,15.361871,3.778358,0.018663
111.718258,96.340888,15.377371,111.901959,96.544826,15.357133,3.846034,0.018762
111.540622,96.165358,15.375264,111.686485,96.330122,15.356364,3.701646,0.018770
111.265967,95.853765,15.412201,111.561589,96.106479,15.455110,3.780036,0.018928
111.213926,95.778937,15.434990,111.391590,95.848005,15.543585,3.904014,0.016755
111.090090,95.632285,15.457805,111.228159,95.794025,15.434134,3.838911,0.018245
110.888213,95.425168,15.463044,111.338561,95.940518,15.398043,3.544762,0.021039
110.814928,95.382949,15.431979,110.982555,95.606229,15.376326,3.772296,0.020048
110.701177,95.237974,15.463203,111.027296,95.553367,15.473930,3.900147,0.019022
110.556065,95.103505,15.452560,110.933350,95.506670,15.426681,3.947297,0.018208
110.424498,94.973447,15.451050,110.758282,95.383506,15.374776,3.813576,0.019924
110.340404,94.884411,15.455994,110.735031,95.298052,15.436978,3.859380,0.018730
110.281753,94.792262,15.489491,110.452599,94.929100,15.523499,3.815624,0.017907
110.132574,94.644531,15.488043,110.531638,95.018357,15.513281,3.938959,0.017175
110.070729,94.602550,15.468178,110.747370,95.363540,15.383829,3.825937,0.017489
109.951012,94.449100,15.501912,110.335942,94.853844,15.482098,3.789752,0.018724
109.893540,94.439981,15.453559,110.383464,94.909479,15.473986,3.752150,0.020435
109.693166,94.198969,15.494197,110.221985,94.678877,15.543108,3.831318,0.019576
109.632592,94.141426,15.491166,110.115318,94.576967,15.538351,3.810376,0.017568
109.555740,94.080497,15.475243,109.955890,94.450776,15.505114,3.870247,0.018652
109.428399,93.961168,15.467231,110.163933,94.737970,15.425963,3.813354,0.019821
109.412896,93.986876,15.426019,109.854079,94.420936,15.433143,3.955024,0.017998
109.334004,93.847225,15.486780,109.767744,94.243186,15.524558,3.890095,0.017920
109.252356,93.751486,15.500869,109.961335,94.445309,15.516026,3.890459,0.019605
109.123530,93.617191,15.506340,109.867625,94.398563,15.469062,3.928645,0.018308
109.085233,93.599541,15.485693,109.844740,94.350072,15.494668,3.933367,0.017699
108.980188,93.487686,15.492502,109.495774,93.991440,15.504335,3.891726,0.017791
108.922762,93.401015,15.521747,109.503066,94.033567,15.469499,3.845986,0.019311
108.878039,93.370377,15.507661,109.460466,94.007921,15.452546,3.833776,0.019251
108.793453,93.313100,15.480353,109.292457,93.800116,15.492341,3.843676,0.018356
108.765349,93.259828,15.505521,109.576965,94.058517,15.518448,4.077567,0.017962
108.663932,93.135495,15.528438,109.331090,93.805163,15.525928,3.808374,0.018190
108.610536,93.081051,15.529485,109.268056,93.706827,15.561229,3.779078,0.018283
108.521289,93.012461,15.508828,109.281609,93.754361,15.527248,4.045476,0.017084
108.477196,92.976300,15.500896,109.384442,93.902655,15.481787,3.708763,0.019310
108.385046,92.861477,15.523569,109.238283,93.781012,15.457271,3.811857,0.018792
108.407361,92.893961,15.513400,109.479628,93.993296,15.486332,3.896898,0.018749
108.264118,92.753927,15.510191,109.223362,93.756946,15.466416,3.996470,0.018655
108.234640,92.710071,15.524569,108.974741,93.507061,15.467681,4.084209,0.017122
108.231548,92.702625,15.528923,108.865627,93.290244,15.575383,4.026788,0.017398
108.136683,92.590217,15.546466,109.044199,93.438220,15.605979,3.790825,0.019066
108.024908,92.474237,15.550670,108.945475,93.469846,15.475629,4.018875,0.018158
108.007237,92.490596,15.516641,109.151581,93.650460,15.501121,3.820489,0.019454
107.945616,92.418495,15.527121,108.959487,93.438390,15.521098,3.804166,0.021020
107.913788,92.407116,15.506672,109.001561,93.483772,15.517789,3.881274,0.018514
107.815634,92.297492,15.518142,108.926961,93.417672,15.509289,3.825477,0.020540
107.798338,92.271605,15.526732,108.841774,93.369057,15.472718,3.862721,0.019214
107.723119,92.180835,15.542284,108.883621,93.387255,15.496366,4.044617,0.018273
107.789273,92.262247,15.527026,108.922305,93.393125,15.529180,3.964152,0.018903
107.647744,92.105734,15.542011,108.742422,93.185639,15.556783,4.074287,0.017099
107.624719,92.067780,15.556939,108.466841,92.916130,15.550711,3.944870,0.019185
107.569177,92.021061,15.548115,108.506045,92.970486,15.535560,4.054154,0.016887
107.483399,91.943777,15.539622,108.749433,93.228548,15.520886,4.066672,0.017743
107.478212,91.922424,15.555789,108.544215,93.034209,15.510006,4.009711,0.018175
107.377280,91.821067,15.556213,108.284256,92.718585,15.565671,4.010190,0.017946
107.401877,91.800075,15.601802,108.429184,92.815237,15.613946,3.840222,0.018781
107.286027,91.687537,15.598490,108.420230,92.926113,15.494117,3.965637,0.018536
107.308438,91.756650,15.551788,108.512597,92.988833,15.523764,4.044952,0.017619
107.229325,91.666585,15.562740,108.430235,92.901391,15.528845,4.032449,0.018055
107.218656,91.680678,15.537979,108.521052,92.995808,15.525244,3.839370,0.020254
107.153460,91.592193,15.561267,108.350148,92.842659,15.507489,3.894496,0.017353
107.134313,91.572314,15.562000,108.317301,92.772251,15.545051,4.098001,0.017376
107.009651,91.465025,15.544626,108.257409,92.790670,15.466739,4.096015,0.019009
107.076739,91.516667,15.560072,108.480253,92.912309,15.567944,3.974432,0.017071
107.028692,91.445809,15.582883,108.459439,92.945155,15.514283,3.965191,0.019173
107.023076,91.427968,15.595108,108.297871,92.679132,15.618740,3.948053,0.018629
106.913127,91.364721,15.548406,108.503819,93.072688,15.431131,4.101475,0.018215
106.939286,91.370650,15.568636,108.392026,92.913311,15.478716,3.732332,0.020589
106.867463,91.285949,15.581515,108.105998,92.637034,15.468963,3.846933,0.019114
106.873246,91.301207,15.572039,108.325446,92.833230,15.492216,3.822724,0.019533
106.753543,91.189946,15.563597,107.969681,92.407613,15.562068,3.835624,0.020010
106.750172,91.164034,15.586138,108.050797,92.536845,15.513951,4.155387,0.017400
106.724293,91.123527,15.600766,108.154267,92.624054,15.530213,3.992661,0.018982
106.705129,91.148562,15.556567,108.169238,92.630665,15.538572,3.938308,0.017189
106.654620,91.090046,15.564574,107.966851,92.439498,15.527353,4.019614,0.018077
106.634527,91.048742,15.585785,108.179088,92.609185,15.569903,4.025790,0.017656
106.596976,90.995374,15.601603,107.896439,92.326261,15.570177,4.088986,0.018357
106.567014,90.961008,15.606006,108.006482,92.451044,15.555438,4.293872,0.017579
106.562071,90.969208,15.592863,107.836847,92.208641,15.628206,3.992321,0.017739
106.442053,90.819072,15.622981,108.022927,92.496493,15.526434,4.035727,0.017050
106.449738,90.886616,15.563122,107.828399,92.249734,15.578665,4.119908,0.017029
106.341481,90.761786,15.579695,107.944300,92.428902,15.515398,3.824394,0.017916
106.405122,90.830477,15.574645,107.936359,92.356665,15.579694,3.882287,0.018858
106.366410,90.790557,15.575853,107.879102,92.377978,15.501124,4.041702,0.018102
106.366560,90.783988,15.582572,107.592089,91.990777,15.601312,4.049608,0.017444
106.317292,90.732454,15.584839,107.964504,92.485780,15.478724,3.986749,0.018506
106.279178,90.709539,15.569639,107.562888,92.053106,15.509782,4.068208,0.018612
106.233929,90.672589,15.561340,107.725261,92.170561,15.554700,3.948380,0.018223
106.238743,90.652140,15.586604,107.480736,91.884018,15.596718,3.840656,0.018100
106.158718,90.554626,15.604092,107.816577,92.297392,15.519185,4.044387,0.017931
106.112388,90.518727,15.593661,107.553942,92.012814,15.541128,3.981216,0.017130
106.063164,90.477909,15.585255,107.628152,92.096215,15.531937,4.040132,0.018430
106.135941,90.543671,15.592270,107.482137,91.900021,15.582117,3.756294,0.018803
105.996667,90.398894,15.597772,107.558359,91.972752,15.585607,3.916631,0.020820
106.020734,90.430928,15.589806,107.401222,91.851702,15.549520,3.954073,0.018925
105.927236,90.337972,15.589264,107.548397,91.947381,15.601016,3.879951,0.017971
105.967618,90.367385,15.600233,107.477281,91.908263,15.569018,3.952419,0.018952
105.851806,90.287684,15.564121,107.513465,91.980417,15.533048,3.841036,0.018996
105.925686,90.319636,15.606050,107.460921,91.891623,15.569298,3.910701,0.017935
105.828122,90.223074,15.605048,107.292214,91.718475,15.573739,3.850948,0.018660
105.784235,90.191417,15.592818,107.536814,92.036144,15.500670,4.125261,0.017924
105.819370,90.222187,15.597183,107.514511,91.932848,15.581663,4.018522,0.017687
105.775650,90.157774,15.617876,107.666792,92.119227,15.547565,4.202462,0.018452
105.707094,90.110865,15.596229,107.557363,91.975012,15.582351,3.950432,0.016933
105.703008,90.114603,15.588404,107.404895,91.861586,15.543309,4.011365,0.018329
105.682167,90.086267,15.595900,107.164773,91.539457,15.625317,3.975548,0.017926
