213.897445,211.488902,2.408544,192.178411,189.005649,3.172761,5.336545,0.004933
186.981082,182.650119,4.330964,179.503464,173.752480,5.750984,4.365649,0.007136
172.575624,165.365205,7.210418,164.446466,155.663614,8.782852,4.019816,0.010170
158.023427,148.246505,9.776923,151.547889,140.869658,10.678231,3.916774,0.012499
149.136545,138.111713,11.024831,145.381448,133.920716,11.460733,3.812883,0.013863
143.814933,131.996875,11.818058,140.704473,128.437845,12.266627,4.005643,0.014169
139.579238,126.939499,12.639739,137.271012,124.253271,13.017741,4.067634,0.014785
136.400372,123.191844,13.208528,134.450823,120.889174,13.561649,4.066647,0.015402
133.864820,120.216769,13.648051,131.980868,118.118294,13.862574,4.100518,0.014817
131.765999,117.795593,13.970406,130.191286,116.103671,14.087615,3.959006,0.016642
130.050041,115.796144,14.253896,128.433666,114.049184,14.384481,4.043414,0.015952
128.657508,114.168658,14.488850,127.326314,112.592599,14.733715,4.056108,0.016550
127.299941,112.613370,14.686572,125.684992,110.866071,14.818920,4.331908,0.015527
126.127494,111.314818,14.812676,124.787256,109.980619,14.806636,4.101012,0.016465
125.101514,110.172657,14.928857,123.953186,108.913893,15.039293,3.999668,0.016428
124.117826,108.992484,15.125342,122.881968,107.731416,15.150552,4.210983,0.015686
123.167017,107.925943,15.241074,122.212193,106.928699,15.283495,4.189666,0.015940
122.395742,107.055068,15.340675,121.610666,106.222099,15.388567,4.120992,0.015632
121.591170,106.118633,15.472537,120.688635,105.156671,15.531964,4.172978,0.015387
120.939762,105.387067,15.552695,119.987589,104.370791,15.616799,4.038175,0.017471
120.191800,104.524927,15.666874,119.318812,103.648546,15.670265,4.115140,0.016131
119.531771,103.841203,15.690568,118.627213,102.883981,15.743232,4.394891,0.015577
118.944281,103.141137,15.803144,118.100629,102.193199,15.907430,4.238497,0.016732
118.268767,102.398809,15.869958,117.556270,101.623921,15.932349,3.943595,0.016938
117.717019,101.786039,15.930979,116.974692,100.987855,15.986837,3.991001,0.018304
117.051815,101.095109,15.956706,116.521875,100.449521,16.072354,4.275738,0.015492
116.627274,100.640079,15.987195,115.930505,99.955005,15.975500,4.121948,0.015864
116.098130,100.065925,16.032205,115.433483,99.357235,16.076248,4.124861,0.016208
115.700305,99.644301,16.056004,115.039195,98.948956,16.090239,4.031929,0.015587
115.261039,99.203009,16.058030,114.779699,98.641309,16.138391,4.060649,0.015839
114.786174,98.722899,16.063275,114.559156,98.546760,16.012397,4.090660,0.017015
114.441404,98.327905,16.113500,114.042420,97.870339,16.172080,3.947757,0.016717
113.976662,97.861699,16.114964,113.679710,97.549929,16.129781,4.006607,0.016452
113.686362,97.542039,16.144323,113.197874,97.025780,16.172093,4.287954,0.015201
113.310519,97.118752,16.191767,112.765227,96.585684,16.179544,4.216959,0.014869
112.846229,96.654319,16.191910,112.418582,96.308415,16.110167,4.201653,0.015503
112.560548,96.317876,16.242672,112.179681,95.968264,16.211417,4.384790,0.014558
112.257568,96.048481,16.209087,112.104582,95.869942,16.234640,4.143856,0.015350
111.923430,95.671077,16.252354,111.385506,95.150368,16.235138,4.488000,0.014116
111.577500,95.343302,16.234198,111.540797,95.315183,16.225614,4.283717,0.015966
111.273048,94.999781,16.273268,110.935126,94.654176,16.280950,4.407457,0.014938
110.931233,94.651698,16.279535,110.964330,94.684773,16.279558,4.191789,0.015343
110.787141,94.490148,16.296993,110.787084,94.532579,16.254506,4.184888,0.015640
110.378043,94.077521,16.300522,110.168107,93.912724,16.255384,4.153569,0.014982
110.170303,93.856198,16.314105,110.187757,93.898009,16.289748,4.373667,0.016246
109.862849,93.558418,16.304431,109.618838,93.325096,16.293742,4.380872,0.014506
109.688909,93.370415,16.318494,109.680269,93.401435,16.278834,4.435639,0.014314
109.360731,93.046772,16.313959,109.436715,93.141662,16.295053,4.203555,0.016135
109.110291,92.788983,16.321308,109.018075,92.777356,16.240718,4.276379,0.015424
108.927419,92.607247,16.320173,108.971487,92.743987,16.227500,4.111245,0.016007
108.662851,92.351930,16.310922,108.703043,92.390785,16.312258,4.171803,0.015003
108.428922,92.153305,16.275617,108.357296,92.066619,16.290677,4.493016,0.013867
108.297768,91.998534,16.299234,108.247791,91.948504,16.299287,4.396871,0.014481
108.087028,91.756971,16.330057,107.914398,91.619979,16.294420,4.557336,0.013852
107.944799,91.574349,16.370450,107.899577,91.522253,16.377324,4.186368,0.014360
107.630836,91.246394,16.384442,107.633820,91.309694,16.324126,4.253820,0.015679
107.469133,91.056249,16.412884,107.303185,90.922116,16.381070,4.286088,0.014633
107.314009,90.894457,16.419552,107.542066,91.103965,16.438100,4.157734,0.014903
107.112046,90.696713,16.415333,107.192919,90.722432,16.470487,4.187657,0.014603
106.943510,90.504700,16.438810,106.905874,90.499340,16.406535,4.454953,0.014483
106.723763,90.268688,16.455075,107.031010,90.527878,16.503133,4.331329,0.013848
106.607790,90.177966,16.429824,106.711235,90.306655,16.404580,4.131162,0.015538
106.487223,90.032287,16.454936,106.486081,90.004251,16.481831,4.230132,0.015050
106.281985,89.779664,16.502322,106.481545,90.019814,16.461732,4.241039,0.014913
106.140301,89.636711,16.503590,106.325504,89.921178,16.404326,4.570157,0.014602
106.039464,89.504672,16.534792,106.259317,89.706237,16.553081,4.289969,0.015764
105.905366,89.376772,16.528594,106.289164,89.801782,16.487382,4.387088,0.015105
105.768368,89.217116,16.551251,105.858647,89.367252,16.491395,4.166389,0.014950
105.665864,89.091012,16.574852,105.651643,89.121533,16.530110,4.549175,0.013387
105.496342,88.924341,16.572001,105.682853,89.190913,16.491940,4.298606,0.013865
105.376207,88.807647,16.568560,105.558307,89.007480,16.550828,4.282185,0.014986
105.235547,88.629414,16.606133,105.540953,89.006775,16.534179,4.250212,0.013644
105.171970,88.605976,16.565994,105.505070,88.938980,16.566090,4.402802,0.014264
105.014653,88.398192,16.616460,105.311778,88.798862,16.512916,4.218000,0.015340
104.917666,88.303914,16.613751,105.272069,88.725674,16.546396,4.303036,0.014402
104.816748,88.208239,16.608509,105.234080,88.613834,16.620247,4.373004,0.014196
104.740724,88.090781,16.649942,104.970860,88.395452,16.575408,4.191928,0.014945
104.655589,87.991231,16.664358,105.048555,88.426017,16.622538,4.379030,0.013644
104.507287,87.828672,16.678615,105.078593,88.394692,16.683901,4.310499,0.013728
104.410103,87.742800,16.667304,104.816190,88.151988,16.664202,4.219000,0.013737
104.383635,87.705937,16.677698,104.804870,88.178276,16.626594,4.230019,0.013846
104.300951,87.627990,16.672961,104.592702,87.988644,16.604058,4.452270,0.013791
104.165465,87.487717,16.677747,104.742878,88.167138,16.575740,4.417306,0.014285
104.100407,87.429923,16.670483,104.467416,87.795866,16.671550,4.259584,0.014271
104.009348,87.297634,16.711714,104.507298,87.810600,16.696699,4.182281,0.014957
103.901410,87.157241,16.744170,104.501228,87.790523,16.710704,4.242735,0.013475
103.865725,87.104913,16.760811,104.557297,87.875976,16.681321,4.129938,0.014707
103.718321,86.984608,16.733713,104.305359,87.656273,16.649086,4.172056,0.014702
103.606546,86.852970,16.753576,104.216929,87.507059,16.709870,4.290671,0.014388
103.592958,86.842842,16.750116,104.228198,87.520637,16.707562,4.188643,0.014659
103.499975,86.708192,16.791784,104.153083,87.432082,16.721002,4.376707,0.014162
103.406287,86.637710,16.768577,103.979548,87.276298,16.703250,4.364657,0.014136
103.367745,86.585878,16.781867,104.110013,87.413983,16.696030,4.359096,0.014315
103.310561,86.518184,16.792377,104.063176,87.322069,16.741107,4.088409,0.014236
103.182032,86.366999,16.815033,103.823831,87.016722,16.807109,4.327996,0.013815
103.128669,86.316735,16.811934,103.778755,87.042979,16.735776,4.381577,0.013606
103.094763,86.257918,16.836845,103.691743,86.927716,16.764028,4.461170,0.013522
103.028425,86.188687,16.839738,103.822212,87.002231,16.819982,4.432256,0.013821
103.046174,86.204232,16.841942,103.621237,86.869056,16.752181,4.376707,0.013642
102.869569,86.023408,16.846161,103.860590,87.073956,16.786633,4.511662,0.013360
102.875767,86.003183,16.872584,103.694162,86.838721,16.855442,4.138294,0.014023
102.709255,85.817471,16.891784,103.528059,86.657601,16.870458,4.296628,0.014646
102.714294,85.822890,16.891405,103.371621,86.537779,16.833842,4.334391,0.013649
102.703458,85.796068,16.907390,103.427124,86.574969,16.852155,4.263055,0.014435
102.576233,85.637601,16.938632,103.274218,86.407155,16.867063,4.443266,0.014133
102.526181,85.590611,16.935570,103.397787,86.494269,16.903518,4.014481,0.015510
102.457682,85.485949,16.971734,103.494851,86.611102,16.883748,4.393994,0.014569
102.376635,85.406409,16.970226,103.314223,86.416898,16.897324,4.501303,0.013540
102.332172,85.327654,17.004518,103.144518,86.185007,16.959510,4.234620,0.014783
102.257431,85.298170,16.959261,103.177973,86.318219,16.859753,4.208745,0.013961
102.249241,85.280785,16.968456,103.285776,86.390021,16.895755,4.271981,0.013983
102.145666,85.169606,16.976060,103.169959,86.274344,16.895616,4.288464,0.014287
102.144541,85.180370,16.964172,102.982255,86.071749,16.910507,4.195325,0.014558
102.088384,85.092958,16.995426,102.850429,85.890974,16.959455,4.425529,0.014145
102.079952,85.087918,16.992035,103.040167,86.153212,16.886955,4.365122,0.013040
102.029694,85.029068,17.000626,102.910665,85.923113,16.987553,4.215452,0.013996
101.936716,84.911107,17.025609,102.985705,85.986821,16.998884,4.121469,0.014731
101.893761,84.863459,17.030302,102.940537,86.015712,16.924825,4.355766,0.014165
101.830245,84.835529,16.994717,102.755091,85.791863,16.963228,4.224388,0.013981
101.790729,84.804223,16.986507,102.885312,85.898206,16.987106,4.511936,0.013654
101.811675,84.809231,17.002443,102.907198,85.911664,16.995534,4.277483,0.014632
101.780609,84.791820,16.988789,102.675580,85.688088,16.987492,4.306535,0.013998
101.765277,84.726242,17.039035,102.445005,85.455743,16.989261,4.638275,0.012060
101.611160,84.556120,17.055040,102.735018,85.717270,17.017747,4.521204,0.013148
101.619224,84.583630,17.035594,102.635775,85.621546,17.014229,4.277569,0.013858
101.586072,84.530606,17.055467,102.664449,85.681450,16.982999,4.249000,0.013918
101.459962,84.403840,17.056123,102.602154,85.586826,17.015329,4.236056,0.013674
101.476598,84.421786,17.054811,102.601544,85.601434,17.000109,4.201773,0.015178
101.432249,84.402651,17.029597,102.456570,85.439756,17.016814,4.465405,0.013980
101.432967,84.404951,17.028016,102.529687,85.562304,16.967383,4.597953,0.013066
101.400148,84.371257,17.028891,102.524738,85.602553,16.922185,4.306384,0.014329
101.345037,84.313623,17.031414,102.340212,85.401442,16.938770,4.216183,0.013654
101.269584,84.233902,17.035682,102.479971,85.464375,17.015596,4.212107,0.013988
101.289930,84.227748,17.062182,102.280405,85.222412,17.057993,4.308539,0.013554
101.247458,84.193405,17.054053,102.439520,85.435876,17.003644,4.183235,0.014346
101.287748,84.292774,16.994974,102.460020,85.487521,16.972498,4.222183,0.014451
101.213194,84.162792,17.050403,102.475771,85.473577,17.002194,4.317775,0.013927
101.153170,84.078891,17.074279,102.190987,85.146531,17.044457,4.315550,0.013510
101.085944,84.001940,17.084003,102.276458,85.238497,17.037961,4.307182,0.014266
101.042783,83.931058,17.111726,102.377619,85.349619,17.028000,4.430671,0.012927
101.062943,83.968145,17.094798,102.146698,85.118946,17.027751,4.440779,0.013146
100.996072,83.915591,17.080481,102.191254,85.037582,17.153672,4.408618,0.012791
100.966600,83.851417,17.115183,102.200515,85.062852,17.137664,4.080811,0.013989
100.950161,83.848530,17.101631,102.259983,85.236727,17.023255,4.247794,0.014345
100.883508,83.822914,17.060594,102.062960,85.035710,17.027250,4.272599,0.013538
100.863171,83.771027,17.092144,102.061188,85.004179,17.057009,4.311362,0.014211
100.798252,83.693692,17.104560,102.151575,85.125782,17.025793,4.250428,0.013822
100.810518,83.700510,17.110008,101.977965,84.923292,17.054673,4.214313,0.014999
100.758168,83.654869,17.103300,102.134506,85.126201,17.008305,4.378548,0.013628
100.789558,83.720832,17.068726,101.956441,84.940490,17.015950,4.385263,0.014272
100.715768,83.610573,17.105195,101.965808,84.925117,17.040691,4.420302,0.013905
100.660491,83.540059,17.120433,101.950322,84.846664,17.103658,4.259536,0.013864
100.630651,83.510065,17.120585,102.090484,85.056656,17.033828,4.539179,0.013179
100.625187,83.518495,17.106692,102.039748,84.991113,17.048635,4.268815,0.014090
100.628864,83.467795,17.161068,101.965837,84.833713,17.132124,4.504982,0.013271
100.558958,83.463242,17.095715,101.926960,84.841687,17.085273,4.413221,0.014180
100.558482,83.419803,17.138679,101.967535,84.855013,17.112521,4.270797,0.013896
100.502769,83.365113,17.137656,101.959981,84.887120,17.072861,4.240573,0.014380
100.461888,83.324483,17.137406,102.035722,84.982129,17.053593,4.243472,0.014555
100.473562,83.366366,17.107196,101.772509,84.696018,17.076491,4.462914,0.013355
