239.021269,234.863979,4.157290,191.683123,188.495946,3.187177,4.550834,0.006378
181.711529,176.212157,5.499372,166.911800,158.426724,8.485075,3.414355,0.012291
157.363726,147.388412,9.975314,149.680307,138.963176,10.717132,3.105103,0.016537
145.905325,134.294131,11.611194,140.872253,128.532367,12.339886,3.312632,0.016959
138.384993,125.241628,13.143365,134.530931,120.673079,13.857850,3.280309,0.018892
132.912443,118.691862,14.220581,130.041559,115.362461,14.679097,3.172602,0.019882
129.111837,114.118437,14.993400,126.132859,110.762013,15.370846,3.384770,0.019890
125.967737,110.511522,15.456215,123.673441,108.115323,15.558118,3.544063,0.019158
123.587343,107.750325,15.837018,121.798177,105.885754,15.912423,3.514632,0.018318
121.513163,105.390576,16.122587,120.078366,103.766356,16.312011,3.287245,0.020258
119.848352,103.521778,16.326574,118.573117,102.254585,16.318532,3.389067,0.019486
118.365668,101.900530,16.465138,117.138095,100.530710,16.607386,3.320972,0.019780
116.931682,100.375387,16.556296,115.440105,98.961653,16.478453,3.462813,0.018477
115.700568,99.085051,16.615517,114.627705,97.956911,16.670794,3.475373,0.018807
114.577422,97.848671,16.728751,113.738941,97.062191,16.676750,3.287028,0.019796
113.553220,96.839608,16.713611,112.866181,96.218274,16.647907,3.419208,0.019519
112.705136,95.926400,16.778736,112.018315,95.163878,16.854437,3.611682,0.017492
111.824899,94.988845,16.836054,111.336439,94.586130,16.750309,3.483895,0.017436
111.153212,94.266976,16.886235,111.028564,94.172422,16.856142,3.319351,0.018130
110.365739,93.443453,16.922286,109.970208,92.909413,17.060795,3.437156,0.017087
109.650824,92.647352,17.003472,109.171021,92.173885,16.997136,3.417108,0.017961
109.044514,91.980366,17.064148,108.889926,91.785573,17.104353,3.314688,0.018237
108.450415,91.359374,17.091041,108.147845,91.096321,17.051524,3.406231,0.017658
107.908603,90.775637,17.132966,107.493215,90.258389,17.234826,3.399367,0.017746
107.458043,90.311826,17.146217,107.343942,90.220201,17.123741,3.374388,0.016911
106.949160,89.739992,17.209168,107.156812,90.059923,17.096889,3.400354,0.017419
106.608666,89.392368,17.216298,106.446958,89.192496,17.254463,3.375651,0.017462
106.140759,88.888562,17.252197,106.253077,89.119801,17.133276,3.303521,0.018376
105.862750,88.650202,17.212549,106.212798,88.830688,17.382110,3.312870,0.017186
105.544160,88.319618,17.224543,105.682599,88.507272,17.175327,3.491452,0.017192
105.272237,88.009708,17.262529,105.213175,87.890632,17.322543,3.225512,0.017453
104.840934,87.538204,17.302730,104.954415,87.617168,17.337247,3.427871,0.016513
104.576701,87.243720,17.332981,104.865699,87.621752,17.243948,3.366078,0.016911
104.353911,87.032649,17.321263,104.672119,87.350491,17.321629,3.598220,0.018144
104.127223,86.752829,17.374395,104.328288,87.090508,17.237781,3.541874,0.016456
103.854553,86.472692,17.381861,104.339494,87.048911,17.290584,3.313059,0.017600
103.738109,86.325787,17.412322,104.268185,86.976505,17.291679,3.470298,0.016628
103.508793,86.039539,17.469255,103.998334,86.603019,17.395316,3.381025,0.018099
103.441126,85.913251,17.527875,104.022458,86.478777,17.543681,3.457280,0.016217
103.200613,85.632233,17.568381,103.770864,86.205241,17.565624,3.270563,0.017150
102.972147,85.377512,17.594635,103.886450,86.418152,17.468298,3.335428,0.016728
102.934220,85.322524,17.611696,103.568576,85.970409,17.598166,3.349639,0.016310
102.723439,85.086593,17.636846,103.384282,85.670307,17.713974,3.430008,0.016055
102.632150,84.998742,17.633408,103.495356,85.979883,17.515472,3.448051,0.016193
102.528230,84.890897,17.637334,103.074850,85.500362,17.574488,3.329735,0.016615
102.410519,84.718004,17.692514,103.042296,85.373118,17.669179,3.323234,0.016879
102.312778,84.596856,17.715922,103.092395,85.293347,17.799048,3.468604,0.015383
102.134692,84.357361,17.777332,103.194820,85.515341,17.679479,3.136146,0.017666
102.075814,84.324734,17.751080,103.175764,85.516160,17.659604,3.283061,0.017776
101.961654,84.189638,17.772016,102.871366,85.310734,17.560632,3.423522,0.016363
101.912458,84.143610,17.768848,102.751143,84.938333,17.812810,3.464117,0.016739
101.755531,83.942571,17.812960,102.852877,85.101296,17.751581,3.292295,0.016205
101.707634,83.881221,17.826413,102.590264,84.815262,17.775001,3.363621,0.015945
101.590787,83.780572,17.810215,102.567296,84.808415,17.758880,3.551698,0.017287
101.499870,83.672228,17.827641,102.727764,84.940048,17.787716,3.319229,0.017458
101.477462,83.611314,17.866148,102.577714,84.841781,17.735933,3.447886,0.016232
101.387103,83.538094,17.849009,102.516665,84.735711,17.780953,3.318601,0.017570
101.357679,83.514984,17.842695,102.320449,84.447015,17.873434,3.367416,0.015416
101.242837,83.442729,17.800109,102.491655,84.695808,17.795847,3.263370,0.017432
101.247249,83.327384,17.919865,102.707402,84.821922,17.885480,3.399942,0.016083
101.109697,83.230372,17.879325,102.343930,84.583241,17.760690,3.413719,0.015809
101.126580,83.269654,17.856926,102.374890,84.667757,17.707134,3.429229,0.017257
101.018956,83.163944,17.855013,102.378755,84.526913,17.851842,3.384571,0.016943
100.992713,83.041338,17.951375,102.256626,84.394070,17.862556,3.351665,0.016549
100.866017,82.974049,17.891967,101.855040,83.970016,17.885024,3.502639,0.015296
100.806423,82.847334,17.959090,102.100514,84.154393,17.946121,3.322731,0.017308
100.772102,82.805979,17.966123,102.098626,84.220138,17.878488,3.413354,0.016989
100.816705,82.836370,17.980335,101.979055,83.929935,18.049120,3.352568,0.015813
100.710318,82.746172,17.964145,102.099725,84.255245,17.844480,3.497009,0.016482
100.675243,82.688464,17.986779,102.164910,84.241561,17.923349,3.407031,0.016953
100.623929,82.652349,17.971579,102.243739,84.407472,17.836267,3.310510,0.016514
100.627047,82.618136,18.008911,101.975000,83.980332,17.994668,3.502631,0.015198
100.499818,82.494100,18.005719,101.761191,83.810513,17.950677,3.573327,0.016693
100.507877,82.484351,18.023525,101.804456,83.869744,17.934712,3.483683,0.016002
100.496791,82.471693,18.025098,102.036724,83.844737,18.191987,3.343304,0.015730
100.403687,82.391920,18.011767,101.926703,83.986223,17.940479,3.394650,0.016054
100.438441,82.410458,18.027983,102.199727,84.210817,17.988909,3.289621,0.016781
100.325804,82.252928,18.072876,101.822001,83.808934,18.013068,3.360139,0.016775
100.376118,82.291277,18.084842,101.860194,83.883351,17.976844,3.428179,0.016043
100.376856,82.272331,18.104525,101.730174,83.710407,18.019766,3.432022,0.016912
100.298193,82.222634,18.075559,102.062942,84.136991,17.925950,3.316092,0.017608
100.273166,82.204889,18.068277,101.787623,83.786713,18.000910,3.393449,0.016533
100.222808,82.137861,18.084948,102.031135,84.049856,17.981279,3.643777,0.015955
100.267145,82.172905,18.094241,101.926287,83.957265,17.969021,3.367005,0.017415
100.243101,82.116613,18.126488,101.780666,83.616926,18.163740,3.385784,0.015649
100.131960,81.997931,18.134028,101.805114,83.747150,18.057964,3.314843,0.016314
100.080153,81.945821,18.134331,101.930840,83.834035,18.096806,3.399855,0.015857
100.026555,81.878855,18.147700,101.892233,83.773853,18.118381,3.443934,0.016534
100.079383,81.953800,18.125584,101.656632,83.611180,18.045452,3.459339,0.016011
99.986706,81.860844,18.125862,101.780721,83.646053,18.134668,3.499200,0.015750
99.898127,81.689271,18.208856,101.675035,83.545339,18.129696,3.229850,0.016969
99.866395,81.665978,18.200416,101.805544,83.642283,18.163261,3.308678,0.016551
99.825316,81.651302,18.174014,101.378547,83.320006,18.058541,3.423613,0.016493
99.812304,81.637779,18.174525,101.559905,83.497208,18.062698,3.416138,0.016206
99.772195,81.596931,18.175265,101.843887,83.707005,18.136883,3.432539,0.016020
99.744378,81.552453,18.191925,101.681880,83.540163,18.141717,3.721616,0.015676
99.753785,81.518458,18.235327,101.560147,83.464063,18.096083,3.406871,0.015993
99.682062,81.498454,18.183609,101.492948,83.265362,18.227585,3.535179,0.016686
99.629624,81.414646,18.214978,101.468576,83.231240,18.237336,3.342001,0.016378
99.608119,81.414802,18.193316,101.557402,83.455593,18.101810,3.514952,0.016557
99.537142,81.314626,18.222516,101.397129,83.199790,18.197338,3.470781,0.016021
99.583607,81.406912,18.176695,101.571211,83.488263,18.082947,3.446923,0.016210
99.553435,81.328216,18.225219,101.444962,83.302956,18.142006,3.642421,0.015402
99.500750,81.267253,18.233497,101.542636,83.388492,18.154144,3.449355,0.016290
99.467880,81.226074,18.241806,101.310306,83.207654,18.102652,3.356069,0.017338
99.436790,81.142726,18.294064,101.424251,83.256026,18.168225,3.532292,0.016317
99.474107,81.241418,18.232688,101.483774,83.323941,18.159833,3.334008,0.017260
99.408738,81.170924,18.237813,101.288981,83.129315,18.159665,3.446511,0.016560
99.414293,81.180076,18.234217,101.598211,83.400146,18.198064,3.285239,0.017046
99.323426,81.061752,18.261674,101.602716,83.488956,18.113760,3.384072,0.017511
99.345287,81.060282,18.285005,101.342393,83.186723,18.155670,3.475075,0.015988
99.347882,81.120534,18.227347,101.240203,83.054019,18.186184,3.515956,0.016042
99.271271,81.021587,18.249684,101.433297,83.284504,18.148793,3.335768,0.016884
99.214625,80.925426,18.289199,101.265017,83.027059,18.237959,3.260633,0.017035
99.190692,80.904701,18.285991,101.361834,83.289173,18.072661,3.537500,0.016055
99.237792,80.936071,18.301721,101.361453,83.067044,18.294410,3.328387,0.016390
99.145798,80.800355,18.345443,101.433871,83.084822,18.349050,3.400904,0.016134
99.121189,80.783883,18.337306,101.408036,83.152607,18.255428,3.452139,0.015286
99.215834,80.909244,18.306590,101.355513,83.134801,18.220712,3.484407,0.015317
99.128115,80.822674,18.305441,101.241285,83.086214,18.155071,3.402433,0.015903
99.070826,80.746205,18.324621,101.181996,82.968216,18.213780,3.365298,0.016714
98.984109,80.664104,18.320005,101.305283,83.135991,18.169293,3.390899,0.016011
98.993892,80.669315,18.324576,101.393368,83.177564,18.215803,3.472647,0.016138
99.054878,80.721266,18.333612,101.128398,82.831919,18.296479,3.302408,0.016605
99.012913,80.691180,18.321733,101.089332,82.831188,18.258144,3.409826,0.015772
98.961533,80.627499,18.334034,101.073036,82.810344,18.262692,3.453959,0.015081
98.981553,80.638808,18.342745,101.185704,82.920507,18.265197,3.306961,0.016973
98.919125,80.599260,18.319866,101.256481,83.025240,18.231241,3.424158,0.016212
98.918407,80.584668,18.333739,101.350379,83.172546,18.177833,3.517836,0.015775
98.919527,80.596628,18.322899,101.414460,83.229323,18.185136,3.509004,0.015741
98.931354,80.567908,18.363447,101.035859,82.782784,18.253075,3.420329,0.015467
98.805952,80.470051,18.335901,101.098382,82.837911,18.260470,3.509750,0.015707
98.876139,80.537039,18.339100,101.255919,82.987952,18.267967,3.465151,0.015938
98.856577,80.493842,18.362735,101.006213,82.801296,18.204917,3.381874,0.015876
98.783357,80.469348,18.314008,101.105082,82.973499,18.131583,3.631280,0.014935
98.779364,80.444396,18.334968,101.238441,82.959092,18.279349,3.417913,0.015782
98.742624,80.423396,18.319228,100.917563,82.643150,18.274413,3.389077,0.017116
98.796692,80.445919,18.350773,101.127777,82.909212,18.218566,3.416906,0.017016
98.716286,80.393838,18.322448,101.158724,82.962328,18.196396,3.547087,0.017473
98.817036,80.448675,18.368360,101.192601,82.962126,18.230474,3.275789,0.016791
98.742494,80.387341,18.355152,101.056664,82.876134,18.180530,3.540052,0.016093
98.680520,80.344689,18.335831,101.002195,82.704059,18.298136,3.301114,0.016009
98.713658,80.343179,18.370479,101.259844,82.875494,18.384349,3.380968,0.015815
98.632034,80.257888,18.374147,101.147391,82.888212,18.259179,3.392955,0.016301
98.635723,80.271090,18.364633,101.221287,82.909114,18.312174,3.373636,0.016710
98.644696,80.263395,18.381301,101.224003,82.945403,18.278600,3.185087,0.016681
98.558109,80.163149,18.394960,101.247235,83.077619,18.169616,3.372035,0.016943
98.646661,80.296177,18.350484,101.337880,83.073790,18.264090,3.518552,0.016396
98.582780,80.181570,18.401209,101.251522,82.957737,18.293785,3.507758,0.015910
98.602809,80.167320,18.435489,100.936394,82.640044,18.296350,3.378314,0.016381
98.530529,80.150957,18.379573,101.361800,83.100742,18.261059,3.204751,0.017319
98.462971,80.100802,18.362169,101.068456,82.801954,18.266502,3.357325,0.016989
98.507709,80.129973,18.377736,100.941887,82.605519,18.336367,3.592840,0.015674
98.439651,80.041408,18.398242,101.014218,82.718964,18.295255,3.409208,0.016805
98.486694,80.113582,18.373112,101.248856,83.020514,18.228342,3.487048,0.016109
98.495007,80.142086,18.352921,100.963373,82.630664,18.332709,3.549563,0.015269
98.504282,80.102272,18.402010,101.059303,82.762837,18.296466,3.388331,0.016766
98.480358,80.076301,18.404057,101.074053,82.768337,18.305715,3.397753,0.016239
98.402345,80.020574,18.381771,100.993062,82.790261,18.202800,3.479004,0.016137
98.444373,80.049741,18.394632,101.292203,83.000718,18.291486,3.222700,0.017647
