199.186203,193.952144,5.234059,173.815633,162.274948,11.540684,2.279401,0.021501
161.713922,146.164729,15.549193,151.488736,132.790544,18.698193,2.440784,0.030778
148.489666,128.769667,19.719999,143.951626,123.039216,20.912409,2.375898,0.032101
141.460082,119.681248,21.778834,137.708583,114.762517,22.946067,2.469871,0.029812
136.631525,113.252623,23.378902,134.096318,109.767102,24.329216,2.559215,0.030766
133.377899,108.859785,24.518114,131.006108,106.156295,24.849814,2.687961,0.030386
130.868266,105.580222,25.288044,129.524100,103.835121,25.688979,2.516688,0.033062
128.998836,103.049522,25.949314,127.408135,101.001095,26.407040,2.589171,0.031445
127.364374,100.873400,26.490974,126.252122,99.481043,26.771079,2.479293,0.033193
126.068141,99.143978,26.924163,124.929729,97.946413,26.983316,2.597281,0.033043
124.973516,97.843216,27.130300,124.344611,97.015174,27.329437,2.548379,0.033139
124.007727,96.657776,27.349951,123.289895,95.780073,27.509823,2.649451,0.032102
123.155895,95.649708,27.506187,122.167288,94.587152,27.580135,2.830562,0.031537
122.447073,94.696358,27.750715,121.662853,93.941145,27.721709,2.698539,0.032470
121.705164,93.872608,27.832556,121.108759,93.290133,27.818626,2.541203,0.033273
121.001308,93.080780,27.920527,120.615711,92.527283,28.088427,2.723041,0.033589
120.536671,92.565752,27.970919,120.159688,92.428397,27.731292,2.556185,0.035817
120.000219,91.969741,28.030479,119.632533,91.537906,28.094627,2.846752,0.029815
119.460252,91.412594,28.047658,119.110013,91.093058,28.016955,2.983082,0.028121
119.033453,90.959578,28.073875,118.877996,90.635667,28.242329,2.800513,0.029729
118.653478,90.525304,28.128173,118.356485,90.503210,27.853274,2.865995,0.031547
118.210587,90.134968,28.075619,118.230710,90.360150,27.870560,2.645900,0.033398
117.844492,89.815681,28.028811,117.697343,89.853869,27.843474,2.755187,0.030759
117.389068,89.360491,28.028577,117.509535,89.540065,27.969471,2.818787,0.030983
117.037851,89.094429,27.943422,117.114635,89.324122,27.790512,2.685520,0.031142
116.716234,88.755997,27.960238,116.664875,88.856907,27.807969,2.914447,0.030084
116.351229,88.445412,27.905817,116.269732,88.808264,27.461468,2.740992,0.031690
116.069637,88.205847,27.863790,116.088448,88.321925,27.766523,2.885866,0.028853
115.793136,87.981185,27.811951,115.868146,88.178730,27.689417,2.799384,0.031133
115.468704,87.701632,27.767072,115.589400,88.010749,27.578651,2.790888,0.031848
115.189486,87.487790,27.701696,115.424219,87.777637,27.646582,2.716508,0.029759
114.917335,87.236156,27.681179,115.425208,87.893931,27.531277,2.783604,0.030503
114.686526,87.081009,27.605518,115.072719,87.597904,27.474815,2.708251,0.031516
114.350918,86.813112,27.537806,114.520281,87.384548,27.135733,2.970864,0.028985
114.172786,86.681904,27.490882,114.307574,86.830405,27.477169,2.945353,0.028410
113.874621,86.380813,27.493807,114.329509,86.876654,27.452855,2.815626,0.029717
113.650443,86.202362,27.448080,114.095514,86.734777,27.360736,2.996494,0.028533
113.479813,86.050862,27.428952,113.693727,86.286608,27.407118,2.945306,0.027792
113.214110,85.823347,27.390763,113.897683,86.681705,27.215977,2.808158,0.029740
112.968540,85.646752,27.321788,113.947218,86.766193,27.181025,2.669827,0.032640
112.731731,85.474874,27.256858,113.269959,86.099369,27.170590,2.785062,0.030065
112.550631,85.354583,27.196048,113.440903,86.005265,27.435638,2.750518,0.028930
112.286974,85.153495,27.133479,113.026003,85.965810,27.060193,2.963687,0.028368
112.210575,85.064124,27.146451,112.744926,85.753620,26.991306,2.840840,0.029852
111.993417,84.867488,27.125930,112.508304,85.734110,26.774194,2.727555,0.030142
111.750034,84.736149,27.013885,112.350572,85.542105,26.808467,2.877440,0.027795
111.510927,84.558626,26.952300,111.978894,85.085066,26.893828,2.870841,0.030601
111.387190,84.404242,26.982948,111.983193,85.137918,26.845276,2.985367,0.028295
111.160874,84.299382,26.861492,111.791170,84.869274,26.921897,3.018254,0.027562
110.929640,84.066935,26.862705,111.607653,84.780931,26.826721,3.119308,0.025932
110.756163,83.982488,26.773675,111.667680,84.956898,26.710783,2.772649,0.029873
110.547585,83.812859,26.734725,111.152460,84.660773,26.491688,2.999779,0.028438
110.378757,83.750289,26.628468,111.081965,84.492361,26.589604,3.149146,0.026420
110.198343,83.643861,26.554481,110.982613,84.543308,26.439305,2.877671,0.028554
110.029941,83.474265,26.555676,110.756892,84.137733,26.619158,3.035962,0.027611
109.786390,83.364562,26.421828,110.780504,84.411906,26.368598,3.119627,0.027166
109.647630,83.287638,26.359992,110.169340,84.018012,26.151328,2.920876,0.027829
109.503186,83.118021,26.385165,110.354834,84.197228,26.157606,2.847955,0.028950
109.343421,83.066681,26.276740,110.179413,83.997207,26.182207,3.029196,0.026680
109.065884,82.880104,26.185781,109.890864,83.848732,26.042132,3.021103,0.027873
108.914202,82.711169,26.203033,109.875688,83.355422,26.520266,2.987814,0.027114
108.747642,82.592698,26.154944,109.557746,83.577555,25.980191,3.056346,0.026038
108.637500,82.540770,26.096730,109.268968,83.362895,25.906073,2.927157,0.029134
108.499200,82.492135,26.007065,109.240139,83.221702,26.018438,3.090472,0.025499
108.304772,82.352768,25.952004,109.154845,83.428035,25.726810,2.840451,0.027124
108.109739,82.172767,25.936972,109.187910,83.386715,25.801195,2.994670,0.027492
107.930811,82.068653,25.862158,108.651261,82.981862,25.669400,3.115908,0.027378
107.802886,82.011357,25.791528,108.613065,83.074854,25.538211,2.949908,0.026756
107.623418,81.821846,25.801572,108.414668,82.856338,25.558330,3.199922,0.024843
107.445102,81.727085,25.718017,108.278134,82.585193,25.692941,2.951572,0.027606
107.339367,81.602795,25.736572,108.193241,82.573491,25.619749,3.139119,0.028365
107.172509,81.452732,25.719777,108.344466,82.645304,25.699162,3.015554,0.026913
107.073634,81.427220,25.646414,108.039098,82.467901,25.571197,2.863043,0.027957
106.965207,81.239603,25.725604,107.718026,82.176337,25.541688,3.206382,0.023324
106.815496,81.177882,25.637614,107.577361,82.089476,25.487885,3.137808,0.024816
106.734817,81.112411,25.622406,107.506539,82.015186,25.491352,2.960922,0.027836
106.444427,80.912841,25.531587,107.526381,82.199266,25.327115,2.954216,0.025088
106.457101,80.890594,25.566507,107.461569,81.946659,25.514910,2.981673,0.025789
106.294458,80.754099,25.540360,107.194730,81.685598,25.509132,2.984002,0.026217
106.221661,80.683467,25.538194,107.151624,81.751913,25.399711,3.036398,0.025660
106.191950,80.641672,25.550278,107.057314,81.494401,25.562913,2.956029,0.026481
105.970827,80.517792,25.453035,106.897150,81.565210,25.331939,3.114004,0.024423
105.895606,80.496106,25.399500,106.861580,81.705545,25.156035,3.070581,0.025008
105.830416,80.418536,25.411880,106.913385,81.400135,25.513250,3.106193,0.027550
105.711353,80.300556,25.410798,106.632845,81.360066,25.272779,3.024525,0.026936
105.569666,80.138876,25.430790,106.563534,81.269251,25.294283,3.042045,0.025736
105.438863,80.048169,25.390694,106.351022,81.033601,25.317421,3.086822,0.026729
105.414301,80.068106,25.346196,106.708361,81.355451,25.352911,3.034781,0.026289
105.426416,80.064285,25.362131,106.350009,81.205758,25.144251,3.063318,0.025809
105.278358,79.914900,25.363458,106.535872,81.168982,25.366890,2.962776,0.026314
105.172564,79.888251,25.284313,106.326388,81.227521,25.098867,2.891099,0.025950
105.083332,79.738122,25.345210,105.974345,80.666419,25.307926,3.048340,0.026216
104.997849,79.671445,25.326404,105.966495,80.709065,25.257431,2.972961,0.025018
104.837122,79.558706,25.278416,106.301940,80.856967,25.444973,2.989250,0.025640
104.845838,79.561042,25.284797,106.112584,80.758135,25.354450,3.087097,0.025457
104.736103,79.461088,25.275015,105.717366,80.561117,25.156249,3.056372,0.025372
104.664307,79.376262,25.288045,105.871112,80.575531,25.295581,3.017689,0.026695
104.531360,79.313653,25.217707,105.728023,80.804207,24.923816,2.944305,0.025439
104.570923,79.399277,25.171646,105.631291,80.555420,25.075871,2.983360,0.026997
104.453093,79.229123,25.223971,105.623207,80.382511,25.240695,3.020844,0.026511
104.346392,79.172774,25.173618,105.675834,80.519181,25.156654,3.198917,0.024716
104.260919,79.098916,25.162003,105.335786,80.145270,25.190515,3.212830,0.024573
104.217240,79.073560,25.143680,106.163520,80.962774,25.200745,2.864568,0.025551
104.208814,79.036626,25.172188,105.476281,80.415512,25.060769,3.082846,0.025415
104.141716,79.009783,25.131933,105.400849,80.278132,25.122718,3.055793,0.023824
104.063623,78.932250,25.131373,105.230786,80.181278,25.049508,3.018934,0.024960
104.013280,78.879325,25.133956,104.996913,79.857459,25.139455,3.078627,0.023260
103.928175,78.789680,25.138495,105.083356,80.225585,24.857770,2.955132,0.026278
103.845601,78.716686,25.128914,105.145825,80.068863,25.076961,2.935302,0.026224
103.734123,78.628069,25.106054,105.519765,80.198195,25.321570,2.896258,0.024843
103.713113,78.650993,25.062120,105.078530,80.144171,24.934359,3.063602,0.024414
103.631283,78.581048,25.050235,105.042719,80.194330,24.848389,3.064913,0.025197
103.595824,78.565072,25.030752,104.662422,79.707073,24.955348,3.119577,0.025475
103.607706,78.512090,25.095616,105.122739,79.997155,25.125584,3.194543,0.023047
103.514629,78.449316,25.065314,104.794450,79.728101,25.066349,2.962208,0.026818
103.473427,78.338492,25.134935,104.796070,79.800283,24.995787,3.058922,0.023530
103.420051,78.341508,25.078543,104.533258,79.674108,24.859149,2.941264,0.025279
103.371906,78.263925,25.107981,104.754366,79.723925,25.030441,3.008519,0.026242
103.410927,78.305684,25.105243,104.770611,79.775537,24.995074,3.031343,0.023905
103.539602,78.194412,25.345191,104.863429,79.872017,24.991412,2.937716,0.026830
103.352202,78.161491,25.190712,104.705781,79.612983,25.092798,2.954979,0.024166
103.216558,78.084981,25.131576,104.663734,79.477196,25.186538,3.175679,0.025853
103.177138,78.018496,25.158643,104.452392,79.433700,25.018691,3.132402,0.023246
103.150997,77.989314,25.161683,104.483607,79.558485,24.925123,3.085770,0.027175
103.175409,78.044704,25.130705,104.548924,79.410158,25.138767,3.070535,0.024393
103.136431,77.977678,25.158752,104.414103,79.374077,25.040025,3.018667,0.024729
103.027042,77.891915,25.135128,104.289553,79.478925,24.810628,3.104404,0.026448
103.129203,77.985955,25.143248,104.549312,79.407871,25.141440,3.148055,0.027181
102.938694,77.802517,25.136177,104.439187,79.440719,24.998468,3.128263,0.026402
102.985047,77.836602,25.148445,104.394530,79.407887,24.986644,3.345314,0.023930
102.964121,77.816234,25.147887,104.273433,79.243942,25.029490,3.282275,0.023407
102.944613,77.784043,25.160569,104.130985,79.158766,24.972219,2.885427,0.025769
102.898005,77.740834,25.157171,104.550612,79.345531,25.205082,3.152897,0.022650
102.869559,77.677416,25.192144,104.140312,79.087797,25.052515,2.993389,0.024690
102.751751,77.635845,25.115906,104.340572,79.297523,25.043048,3.221028,0.023687
102.778453,77.604816,25.173637,104.278043,79.204816,25.073227,3.092630,0.025646
102.796245,77.592285,25.203961,104.176597,79.288901,24.887696,2.957728,0.025699
102.742632,77.571922,25.170710,104.190353,79.216675,24.973679,2.995316,0.023191
102.659797,77.564663,25.095134,104.193575,79.116652,25.076923,2.992471,0.026468
102.714986,77.494188,25.220798,104.274707,78.999705,25.275002,3.091546,0.023826
102.691987,77.435135,25.256852,104.109856,79.003888,25.105968,2.963077,0.025984
102.629286,77.399576,25.229710,104.082758,78.992585,25.090173,3.197419,0.025828
102.715891,77.368582,25.347309,104.237699,78.889787,25.347913,3.077784,0.022983
102.877495,77.431766,25.445730,104.550522,79.143043,25.407478,2.822625,0.026771
102.686125,77.396057,25.290068,104.171549,78.965604,25.205945,2.918369,0.025674
102.624956,77.346355,25.278601,104.168777,78.922054,25.246723,2.932492,0.025973
102.647182,77.342999,25.304182,104.307330,78.848121,25.459209,3.009165,0.024873
102.662285,77.311844,25.350441,104.292228,78.992465,25.299764,3.028660,0.025515
102.613364,77.245721,25.367643,104.210453,78.936382,25.274071,2.904075,0.024912
102.534062,77.230267,25.303795,104.142348,78.891397,25.250950,2.925159,0.024647
102.540340,77.172991,25.367349,104.209030,79.012710,25.196320,3.171363,0.023774
102.553832,77.183153,25.370679,104.170743,79.124102,25.046641,3.331203,0.023552
102.501990,77.224163,25.277827,104.366652,79.154094,25.212558,2.802468,0.025942
102.487180,77.148387,25.338793,104.017248,78.806640,25.210608,3.111647,0.022965
102.417010,77.078191,25.338818,103.872077,78.624519,25.247558,2.961125,0.023842
102.357549,77.077796,25.279753,104.092031,78.816102,25.275930,2.934183,0.025252
102.402752,77.115393,25.287359,103.929676,78.781422,25.148254,3.017185,0.025049
102.435797,77.137699,25.298098,104.203769,78.877187,25.326582,2.933184,0.025428
102.387065,77.060067,25.326998,104.209065,79.027135,25.181930,2.964141,0.023328
102.399928,77.064066,25.335863,104.161844,78.810281,25.351563,2.785460,0.026774
