201.671797,198.653654,3.018143,177.291480,171.194262,6.097217,3.085428,0.011707
162.404321,153.565368,8.838953,150.865085,140.374806,10.490278,2.926061,0.017566
147.026776,135.928662,11.098114,143.067632,131.532150,11.535482,2.976915,0.018910
140.397832,128.280439,12.117393,136.833737,124.200811,12.632926,2.967273,0.020147
135.621823,122.655657,12.966167,133.077040,119.744056,13.332984,2.939295,0.020607
132.369939,118.876210,13.493729,130.185994,116.377525,13.808469,2.959202,0.022374
129.541957,115.547281,13.994677,127.433210,113.324672,14.108538,3.113628,0.021456
127.313313,112.993482,14.319831,125.472354,110.998574,14.473779,3.264714,0.019324
125.410106,110.865051,14.545055,124.280390,109.562716,14.717675,3.172125,0.021317
123.863542,109.127694,14.735847,122.394280,107.608799,14.785481,3.402337,0.019454
122.581483,107.757991,14.823492,121.407872,106.473808,14.934064,3.273920,0.022003
121.429516,106.430009,14.999507,120.179221,105.171584,15.007637,3.349439,0.020738
120.537046,105.502281,15.034765,119.772434,104.671947,15.100487,3.149556,0.023328
119.685549,104.484125,15.201425,118.822594,103.602459,15.220135,3.157714,0.021632
118.935924,103.661680,15.274244,117.899869,102.529395,15.370474,3.514399,0.018913
118.301990,102.899974,15.402016,117.541675,102.145424,15.396251,3.476732,0.019610
117.721215,102.309079,15.412135,117.034411,101.647671,15.386740,3.340390,0.020634
117.268057,101.798970,15.469088,116.757823,101.378714,15.379109,3.312331,0.021210
116.660893,101.147940,15.512953,116.368547,100.856765,15.511782,3.562806,0.019897
116.239540,100.682245,15.557295,115.954170,100.460645,15.493525,3.422894,0.019880
115.843464,100.265315,15.578149,115.402015,99.884466,15.517549,3.538713,0.020018
115.410037,99.809958,15.600079,114.819423,99.224451,15.594972,3.736345,0.018516
115.089511,99.447304,15.642207,114.687503,99.054541,15.632961,3.626157,0.019465
114.709719,99.082922,15.626797,114.300974,98.596115,15.704858,3.362334,0.020248
114.446002,98.799987,15.646015,114.214023,98.580775,15.633248,3.633777,0.019198
114.122985,98.465664,15.657322,113.771522,98.185925,15.585598,3.546329,0.020332
113.868232,98.185579,15.682653,113.621402,97.977646,15.643755,3.674375,0.018377
113.483764,97.776218,15.707546,113.459177,97.716047,15.743130,3.500446,0.020529
113.314661,97.609022,15.705639,113.097000,97.420789,15.676211,3.721202,0.019434
113.097362,97.395571,15.701791,113.047017,97.480721,15.566297,3.555462,0.020806
112.822911,97.101403,15.721508,112.807361,97.120415,15.686946,3.608135,0.021058
112.612003,96.863546,15.748457,112.711621,97.112273,15.599348,3.655681,0.020192
112.330532,96.595452,15.735080,112.733395,96.978326,15.755069,3.575279,0.021303
112.193388,96.435435,15.757953,112.213197,96.488824,15.724373,3.719155,0.018860
112.056424,96.290614,15.765809,112.496781,96.924528,15.572253,3.601695,0.020972
111.870053,96.102256,15.767797,112.115500,96.420100,15.695400,3.697637,0.020015
111.700045,95.899008,15.801037,111.850896,96.093855,15.757041,3.629183,0.019345
111.426752,95.602416,15.824336,111.903273,96.177844,15.725429,3.640810,0.019408
111.293157,95.470486,15.822671,111.584731,95.811286,15.773446,3.692479,0.018718
111.185599,95.379517,15.806082,111.515156,95.717360,15.797797,3.700720,0.019164
110.989664,95.140659,15.849005,111.372395,95.670883,15.701512,3.633634,0.018502
110.867134,95.046622,15.820512,111.287340,95.465254,15.822086,3.588256,0.020994
110.676042,94.820979,15.855063,111.223149,95.468005,15.755144,3.716986,0.019487
110.602435,94.767815,15.834621,110.950940,95.182007,15.768934,3.548237,0.021383
110.361614,94.501610,15.860004,111.200517,95.473497,15.727020,3.662935,0.020910
110.313100,94.462063,15.851038,110.606876,94.798086,15.808789,3.699343,0.018493
110.100050,94.222412,15.877638,110.631918,94.891894,15.740024,3.768624,0.019201
110.055044,94.187361,15.867683,110.777662,94.984476,15.793186,3.648999,0.019535
109.877160,94.026487,15.850673,110.552935,94.805456,15.747480,3.904391,0.018788
109.781913,93.930616,15.851298,110.541077,94.844936,15.696142,3.788678,0.019707
109.675361,93.851282,15.824079,110.711564,95.003404,15.708160,3.667166,0.019937
109.551867,93.742720,15.809147,110.516367,94.801571,15.714796,3.793347,0.018387
109.415915,93.564756,15.851159,110.176323,94.335668,15.840655,3.729987,0.018970
109.256614,93.398275,15.858339,110.162741,94.432302,15.730438,3.692311,0.019767
109.187703,93.295596,15.892107,109.980829,94.196278,15.784552,3.565320,0.020498
109.060957,93.192753,15.868204,109.838554,94.073624,15.764931,3.941925,0.018799
109.024254,93.188528,15.835726,109.762955,93.977003,15.785952,3.502892,0.020809
108.882523,93.033488,15.849036,109.536582,93.743889,15.792694,3.903486,0.017831
108.827203,92.965203,15.862000,109.966235,94.211915,15.754320,3.503781,0.019902
108.774418,92.914161,15.860257,109.611143,93.888955,15.722189,3.937041,0.019632
108.652203,92.796974,15.855229,109.513576,93.709031,15.804545,3.703916,0.020019
108.604795,92.721259,15.883535,109.472673,93.687068,15.785605,3.882196,0.018574
108.459510,92.575431,15.884079,109.540669,93.782636,15.758033,3.758124,0.019904
108.390062,92.513432,15.876630,109.560160,93.803058,15.757102,3.784077,0.020027
108.316766,92.464161,15.852605,109.503867,93.738398,15.765469,3.751159,0.019192
108.227235,92.349380,15.877855,109.427943,93.694680,15.733263,3.665592,0.019807
108.145793,92.304616,15.841177,109.411493,93.641233,15.770260,3.815894,0.018893
108.151413,92.297959,15.853454,109.223801,93.449956,15.773845,3.748271,0.020477
108.076736,92.236388,15.840348,109.306801,93.572754,15.734047,3.831209,0.019823
108.023340,92.171365,15.851976,108.961722,93.138491,15.823232,3.802639,0.020373
107.910495,92.030403,15.880092,108.874808,93.094930,15.779879,3.819984,0.017929
107.846963,91.972818,15.874146,109.115909,93.359840,15.756069,3.875531,0.019959
107.741877,91.879928,15.861948,108.919072,93.155262,15.763810,3.756838,0.020101
107.725798,91.814416,15.911382,108.735513,92.941136,15.794376,3.635399,0.020091
107.670446,91.799764,15.870682,109.010205,93.239168,15.771036,3.785293,0.020130
107.606767,91.729687,15.877081,108.937279,93.158422,15.778858,3.800518,0.018981
107.586253,91.707626,15.878627,108.790472,92.959273,15.831199,3.851196,0.019086
107.524475,91.660876,15.863600,108.904419,93.110087,15.794332,3.832166,0.019607
107.555435,91.659307,15.896128,108.618832,92.723928,15.894904,3.745742,0.019179
107.406230,91.534621,15.871609,108.807170,93.058057,15.749112,3.902113,0.019737
107.389027,91.501284,15.887743,108.647724,92.879401,15.768323,4.048140,0.017486
107.350016,91.465776,15.884241,108.756594,92.972043,15.784551,3.850949,0.019611
107.322823,91.441208,15.881615,108.470130,92.710251,15.759879,3.803017,0.020959
107.211022,91.355147,15.855875,108.747420,93.019120,15.728300,3.799370,0.020092
107.153256,91.286593,15.866663,108.618122,92.841198,15.776924,3.822005,0.021368
107.173637,91.322341,15.851296,108.402057,92.634696,15.767362,3.894928,0.019689
107.090990,91.229994,15.860996,108.443082,92.648837,15.794246,4.134376,0.019449
107.099187,91.257575,15.841611,108.497511,92.752478,15.745033,3.955817,0.018862
107.055546,91.214501,15.841045,108.631894,92.887092,15.744802,3.847725,0.019393
106.887352,91.051525,15.835827,108.552751,92.847386,15.705365,3.795105,0.021306
106.905798,91.071406,15.834392,108.431099,92.704638,15.726462,3.986907,0.019342
106.902502,91.078514,15.823988,108.462769,92.755147,15.707621,3.926815,0.020256
106.845873,91.029117,15.816756,108.600012,92.844902,15.755111,3.784396,0.019330
106.809787,90.957141,15.852646,108.530985,92.813054,15.717931,3.790064,0.018367
106.742504,90.874566,15.867938,108.180136,92.439332,15.740804,4.042441,0.018469
106.716489,90.861997,15.854493,108.129895,92.344968,15.784927,3.937372,0.019018
106.665444,90.820390,15.845055,108.332102,92.613739,15.718364,4.032115,0.019217
106.622696,90.795721,15.826976,108.322169,92.632784,15.689386,4.035634,0.018908
106.592722,90.737620,15.855102,108.364652,92.664221,15.700431,3.705702,0.021599
106.621537,90.762635,15.858902,108.124547,92.316773,15.807774,3.803452,0.018800
106.551912,90.660959,15.890953,108.319626,92.512836,15.806790,3.886946,0.020265
106.515781,90.681829,15.833951,108.312971,92.671996,15.640975,3.998817,0.019429
106.533172,90.679347,15.853826,108.307561,92.529971,15.777590,3.739430,0.020514
106.428764,90.570551,15.858212,108.179614,92.366300,15.813315,3.749070,0.020057
106.421991,90.562251,15.859740,108.293424,92.585436,15.707988,3.852813,0.019561
106.420365,90.550701,15.869664,107.940944,92.094109,15.846835,4.099349,0.018437
106.344544,90.451014,15.893530,107.982768,92.110480,15.872288,3.831743,0.019895
106.243463,90.391117,15.852346,108.029632,92.245354,15.784278,3.859211,0.018964
106.288876,90.395396,15.893479,107.825229,92.039970,15.785258,3.962548,0.018928
106.242848,90.383978,15.858870,108.388063,92.571467,15.816596,3.694911,0.020306
106.208183,90.323819,15.884364,107.990797,92.239674,15.751123,3.980239,0.019720
106.158432,90.306933,15.851499,107.998146,92.177714,15.820432,3.757500,0.020423
106.151918,90.275331,15.876587,107.914036,92.159603,15.754434,3.938661,0.019292
106.132618,90.249008,15.883610,107.681418,91.843840,15.837578,3.822297,0.020739
106.172702,90.286660,15.886042,107.798136,91.949712,15.848424,3.726786,0.020705
106.082554,90.201106,15.881448,107.978978,92.197712,15.781266,3.765251,0.020371
106.052970,90.169488,15.883483,107.977848,92.120469,15.857379,3.939742,0.018587
106.019780,90.134537,15.885243,107.518135,91.669659,15.848476,4.095773,0.018056
105.984169,90.119686,15.864483,107.849089,92.034988,15.814101,3.816470,0.019542
106.007094,90.124055,15.883040,107.834464,91.989191,15.845274,3.985785,0.018189
105.931454,90.040304,15.891151,107.704215,91.912281,15.791935,4.020088,0.019127
105.914412,90.038420,15.875993,107.688248,91.839368,15.848880,3.973757,0.019194
105.913325,90.003709,15.909616,107.737402,91.849435,15.887968,3.918607,0.021402
105.891688,90.032040,15.859648,107.742750,91.938590,15.804160,3.942159,0.018827
105.791251,89.913919,15.877332,107.502156,91.675808,15.826348,3.936161,0.019404
105.829546,89.952030,15.877515,107.720400,91.946358,15.774042,4.122910,0.019624
105.849059,89.968988,15.880072,107.641738,91.835522,15.806216,4.138056,0.018251
105.861032,89.961591,15.899441,107.780279,91.923030,15.857249,3.842905,0.020172
105.755105,89.827584,15.927522,107.788192,91.875745,15.912447,4.014653,0.020597
105.740509,89.834554,15.905955,107.601750,91.820647,15.781104,4.168218,0.020192
105.652990,89.753966,15.899024,107.706748,91.826113,15.880635,3.770552,0.019413
105.696510,89.786814,15.909697,107.709155,91.863329,15.845826,4.001196,0.019293
105.689843,89.789314,15.900529,107.742336,91.994970,15.747365,3.786452,0.021039
105.626485,89.709775,15.916710,107.572318,91.679933,15.892385,3.706149,0.020599
105.607551,89.687605,15.919946,107.860342,92.044190,15.816151,4.070568,0.019355
105.535354,89.617012,15.918342,107.653082,91.902402,15.750681,4.122853,0.018833
105.630758,89.752037,15.878721,107.803142,91.965146,15.837996,3.907893,0.018030
105.510047,89.597411,15.912637,107.648208,91.767495,15.880714,3.787305,0.019901
105.472754,89.560616,15.912138,107.491795,91.680918,15.810877,4.006085,0.020236
105.524239,89.586524,15.937715,107.629324,91.796473,15.832851,3.848383,0.020374
105.422594,89.502608,15.919986,107.630613,91.804049,15.826564,4.015925,0.019717
105.433104,89.499001,15.934103,107.588048,91.714281,15.873768,4.013597,0.019015
105.478227,89.580694,15.897533,107.427484,91.576737,15.850746,3.741068,0.019932
105.401537,89.484114,15.917423,107.526246,91.729841,15.796406,4.130600,0.018713
105.361707,89.452897,15.908810,107.503203,91.674510,15.828694,4.136908,0.020049
105.487411,89.579911,15.907500,107.464150,91.572196,15.891955,3.984412,0.019287
105.348724,89.401000,15.947724,107.618029,91.654752,15.963276,3.720522,0.020981
105.338391,89.378076,15.960314,107.623059,91.796284,15.826775,3.953411,0.020151
105.247219,89.322755,15.924464,107.676021,91.832365,15.843656,3.823775,0.020164
105.342370,89.437758,15.904611,107.693093,91.869772,15.823321,3.980137,0.019763
105.337875,89.431415,15.906460,107.106625,91.165378,15.941247,4.217115,0.019025
105.205618,89.265829,15.939789,107.319403,91.422360,15.897043,3.918780,0.019299
105.206979,89.275811,15.931168,107.639874,91.750387,15.889488,3.953850,0.021089
105.260730,89.347485,15.913246,107.538729,91.657603,15.881126,4.113272,0.019305
105.237811,89.300883,15.936928,107.507536,91.615274,15.892263,4.083514,0.019859
105.175842,89.208317,15.967525,107.579892,91.641443,15.938449,3.917006,0.019170
105.195955,89.254008,15.941947,107.307523,91.425907,15.881616,4.024332,0.019935
105.151485,89.209812,15.941672,107.454532,91.637714,15.816818,4.019150,0.020118
105.206429,89.310829,15.895600,107.488511,91.719769,15.768742,3.788184,0.020533
105.236409,89.296560,15.939849,107.257549,91.382937,15.874612,3.970400,0.019740
