236.087508,234.120126,1.967381,193.105373,189.903371,3.202003,4.415756,0.008013
185.319751,180.209983,5.109768,171.779657,164.078629,7.701026,4.243277,0.011427
161.943764,151.788293,10.155471,153.486444,141.872850,11.613594,4.020566,0.014312
149.442955,137.305254,12.137701,144.904408,132.423519,12.480889,3.853526,0.014209
142.599113,129.518230,13.080884,138.788548,125.108516,13.680031,3.690381,0.016405
137.104204,122.762513,14.341691,134.247559,119.472677,14.774883,3.568885,0.018609
132.983295,117.778422,15.204872,130.637589,115.024231,15.613358,3.771777,0.017526
129.968724,114.027953,15.940770,127.918730,111.511080,16.407651,3.840753,0.017373
127.489168,111.053730,16.435438,125.755330,109.104526,16.650803,3.863676,0.015915
125.506554,108.669634,16.836920,123.726970,106.740132,16.986838,3.835261,0.017670
123.701233,106.618026,17.083206,122.379545,105.353436,17.026109,3.879243,0.018363
122.223619,104.836708,17.386911,121.184647,103.644240,17.540407,3.821118,0.016527
120.769641,103.145222,17.624419,120.077862,102.419158,17.658704,3.791788,0.017276
119.707123,101.859435,17.847688,118.687902,100.791041,17.896861,3.906486,0.017043
118.692193,100.693328,17.998864,117.582280,99.560519,18.021762,3.814351,0.017138
117.762119,99.636020,18.126099,116.489621,98.255421,18.234199,3.835153,0.016557
116.893470,98.690964,18.202506,115.889774,97.565020,18.324753,3.710492,0.017628
116.090495,97.767541,18.322954,115.354586,96.846334,18.508252,3.735115,0.017671
115.401033,96.993365,18.407668,114.679985,96.368142,18.311843,3.746825,0.017629
114.727236,96.262074,18.465162,114.005273,95.427115,18.578158,3.824319,0.017604
114.062915,95.567251,18.495664,113.479345,95.082882,18.396462,3.862295,0.016489
113.522754,94.858808,18.663946,113.153259,94.500328,18.652931,3.766421,0.016927
112.853087,94.198926,18.654161,112.527162,93.901117,18.626045,4.014877,0.015964
112.445139,93.695534,18.749606,112.188505,93.666541,18.521964,3.880863,0.017286
111.924107,93.199735,18.724372,111.792925,92.961817,18.831108,3.930604,0.015939
111.413504,92.673614,18.739890,111.185664,92.571458,18.614206,3.819383,0.016831
110.948190,92.132801,18.815390,111.057853,92.261808,18.796046,3.887754,0.016258
110.646353,91.785125,18.861228,110.602611,91.810111,18.792500,3.706000,0.016837
110.276690,91.379762,18.896929,110.306164,91.486145,18.820020,4.023893,0.014983
109.852641,90.880595,18.972046,110.382307,91.447805,18.934503,3.782893,0.016562
109.566465,90.611683,18.954782,109.716794,90.681827,19.034967,3.878442,0.016056
109.211027,90.265473,18.945554,109.423892,90.614277,18.809615,4.080242,0.015496
108.952400,90.035417,18.916984,109.087109,90.132027,18.955081,3.910031,0.016732
108.693001,89.728119,18.964882,108.756319,89.779943,18.976375,3.879338,0.015745
108.391930,89.435737,18.956193,108.651585,89.697107,18.954478,3.606474,0.016767
108.109973,89.167266,18.942707,108.583638,89.812805,18.770833,3.919854,0.016342
107.867861,88.864727,19.003133,108.532393,89.794265,18.738128,3.857782,0.016659
107.563047,88.582419,18.980628,107.993129,89.094943,18.898186,3.669189,0.016974
107.308899,88.333891,18.975009,107.873314,89.014717,18.858597,3.967158,0.015821
107.167948,88.159402,19.008545,107.905867,89.029915,18.875952,3.730932,0.016563
106.961168,87.951969,19.009199,107.398218,88.520165,18.878053,3.915829,0.016295
106.726365,87.725530,19.000835,107.312327,88.330629,18.981698,3.678264,0.016564
106.535009,87.520335,19.014674,107.248817,88.367532,18.881285,4.021728,0.015184
106.377298,87.352299,19.024999,107.083622,88.186913,18.896708,3.832034,0.016473
106.183572,87.138520,19.045052,107.005557,88.019040,18.986517,3.859657,0.016374
106.108363,87.064727,19.043636,106.798025,87.894280,18.903744,3.830646,0.016680
105.873746,86.777415,19.096331,106.764330,87.705481,19.058848,3.715171,0.016717
105.726632,86.627912,19.098720,106.728790,87.749608,18.979182,3.513001,0.017473
105.617838,86.497954,19.119884,106.194330,87.220015,18.974314,3.915404,0.015246
105.420083,86.301354,19.118729,106.133870,87.079033,19.054838,3.959952,0.015636
105.281729,86.163872,19.117857,106.183615,87.078640,19.104975,3.697199,0.016557
105.171866,86.057884,19.113983,105.995347,86.866853,19.128493,3.874675,0.016094
104.949672,85.834290,19.115381,105.879289,86.841765,19.037524,3.827059,0.016179
104.844975,85.697318,19.147657,105.970874,86.914894,19.055979,3.994585,0.014496
104.738117,85.585644,19.152473,105.770163,86.755992,19.014171,4.001810,0.015182
104.565545,85.439842,19.125703,105.577525,86.512041,19.065483,3.852999,0.016083
104.517789,85.331604,19.186185,105.542364,86.364284,19.178080,3.947805,0.015526
104.369903,85.123923,19.245980,105.267591,86.131552,19.136039,4.161571,0.015647
104.265956,85.005356,19.260599,105.327935,86.127326,19.200609,3.960720,0.014970
104.155691,84.916037,19.239654,105.415556,86.275225,19.140332,3.895478,0.015425
104.040706,84.855603,19.185103,105.362089,86.231485,19.130604,3.761803,0.015519
103.933011,84.695200,19.237811,105.079214,85.917721,19.161493,3.619918,0.016813
103.774963,84.527543,19.247419,104.912782,85.742692,19.170091,3.807374,0.015341
103.743321,84.520294,19.223027,105.033145,85.843690,19.189456,3.941081,0.015502
103.601130,84.369911,19.231219,104.891562,85.766017,19.125545,3.759469,0.015584
103.545853,84.269465,19.276388,104.697815,85.542699,19.155116,3.836077,0.015037
103.429063,84.129173,19.299889,104.700925,85.500719,19.200206,3.920291,0.015741
103.365375,84.086028,19.279346,104.556044,85.339941,19.216102,3.852101,0.015360
103.242396,83.924202,19.318194,104.507046,85.279172,19.227875,3.830168,0.015775
103.152962,83.833969,19.318994,104.540364,85.361454,19.178910,3.830907,0.015591
103.125282,83.836344,19.288938,104.691844,85.453621,19.238223,3.822145,0.015415
103.031835,83.696487,19.335348,104.404546,85.206079,19.198467,3.811740,0.015800
102.915107,83.573431,19.341676,104.134656,84.887169,19.247487,3.863754,0.015041
102.833488,83.518580,19.314908,104.318040,85.179843,19.138197,3.721574,0.016218
102.749670,83.487433,19.262238,104.251202,85.125522,19.125681,3.791965,0.016103
102.720790,83.450683,19.270107,103.959395,84.734639,19.224756,3.898802,0.014828
102.607298,83.296665,19.310634,103.947520,84.796004,19.151516,3.994610,0.014147
102.618735,83.300088,19.318648,103.881744,84.630848,19.250897,4.017941,0.016008
102.526241,83.215409,19.310832,103.885718,84.641588,19.244130,3.894268,0.014702
102.445888,83.166422,19.279466,104.094333,84.815504,19.278829,3.818283,0.016093
102.361440,83.059928,19.301512,103.973150,84.835450,19.137701,3.894169,0.015023
102.302267,82.980122,19.322144,103.879098,84.547801,19.331297,3.772938,0.015122
102.197002,82.837980,19.359022,103.740846,84.437193,19.303653,3.901294,0.015250
102.211108,82.874562,19.336546,103.763784,84.471444,19.292340,3.804581,0.016793
102.186906,82.778287,19.408619,103.834755,84.499208,19.335548,3.770151,0.015360
102.060955,82.677188,19.383766,103.934899,84.639445,19.295454,3.682381,0.016531
102.041545,82.677048,19.364497,103.783701,84.426994,19.356707,3.863430,0.014452
101.971278,82.587909,19.383369,103.749029,84.510756,19.238273,3.848486,0.015121
101.934514,82.549035,19.385479,103.666014,84.310609,19.355405,3.725844,0.016066
101.900657,82.476757,19.423899,103.421251,84.134036,19.287216,4.039228,0.016249
101.901467,82.433359,19.468108,103.470043,84.166195,19.303847,3.812279,0.014837
101.835654,82.434575,19.401079,103.657900,84.263985,19.393915,3.665706,0.015515
101.685762,82.235548,19.450213,103.425731,84.093244,19.332487,3.910019,0.014746
101.714736,82.313529,19.401207,103.504281,84.119697,19.384584,3.736504,0.015771
101.672090,82.255124,19.416966,103.782629,84.557237,19.225391,3.776010,0.016107
101.635412,82.263083,19.372329,103.353332,83.960638,19.392694,3.906324,0.016124
101.581794,82.184909,19.396885,103.564330,84.310262,19.254068,3.671763,0.015367
101.508996,82.171509,19.337487,103.227864,83.994434,19.233430,3.662035,0.015825
101.405413,82.051926,19.353487,103.320200,84.012166,19.308035,3.791168,0.014642
101.429356,82.064328,19.365028,103.547077,84.316900,19.230177,3.769448,0.015718
101.408804,82.004560,19.404243,103.295255,84.040845,19.254410,3.946334,0.015346
101.354277,81.928845,19.425432,103.432574,83.974511,19.458063,3.704914,0.015488
101.295142,81.833710,19.461432,103.184238,83.795304,19.388934,3.890986,0.015589
101.252765,81.796888,19.455877,103.174114,83.865517,19.308597,3.777896,0.015840
101.304653,81.855230,19.449423,103.578542,84.097244,19.481298,3.866431,0.014736
101.249703,81.769695,19.480008,103.113221,83.704498,19.408723,3.522145,0.016205
101.171271,81.709259,19.462011,103.172057,83.832857,19.339200,3.888287,0.015171
101.082132,81.629789,19.452343,103.238352,83.821492,19.416859,3.841374,0.015148
101.090884,81.560424,19.530460,103.243603,83.753735,19.489868,3.808084,0.015099
101.031773,81.548341,19.483432,103.041366,83.651906,19.389461,3.951001,0.014655
101.016103,81.540105,19.475998,103.123810,83.631065,19.492744,3.982610,0.015332
100.939798,81.495693,19.444105,103.165333,83.791629,19.373704,3.722354,0.016485
100.987775,81.486067,19.501707,103.119951,83.694720,19.425231,3.768241,0.015102
100.999876,81.473120,19.526756,103.174601,83.655457,19.519144,3.892361,0.014911
100.981971,81.446913,19.535058,103.027104,83.573787,19.453317,3.852384,0.015164
100.922933,81.406642,19.516291,103.060883,83.507607,19.553275,3.922262,0.015383
100.841386,81.276540,19.564845,103.132198,83.521720,19.610479,3.796944,0.016020
100.841793,81.298603,19.543189,102.934390,83.454986,19.479405,3.695109,0.015620
100.884644,81.349014,19.535629,103.136840,83.671140,19.465700,3.772666,0.017189
100.848290,81.300883,19.547407,103.376794,83.892573,19.484221,3.667768,0.016206
100.837726,81.264425,19.573301,103.021350,83.393492,19.627859,3.760684,0.015604
100.847735,81.226300,19.621436,103.030880,83.523825,19.507054,4.018529,0.014852
100.753456,81.142821,19.610635,102.929637,83.498353,19.431284,3.647887,0.016540
100.737192,81.150637,19.586555,102.904151,83.353508,19.550642,3.768784,0.016613
100.712469,81.120964,19.591505,103.014902,83.573376,19.441525,3.820148,0.014675
100.709500,81.115681,19.593819,103.002043,83.368445,19.633598,3.661704,0.015673
100.652732,81.016709,19.636023,102.867020,83.391140,19.475879,3.639829,0.016890
100.753264,81.158716,19.594548,103.126005,83.585289,19.540717,3.843508,0.015772
100.668155,81.045430,19.622726,102.848849,83.309296,19.539553,3.889191,0.014906
100.618204,81.013490,19.604714,103.118449,83.558070,19.560379,4.028381,0.014745
100.598662,80.914582,19.684080,102.973604,83.337713,19.635891,3.827013,0.015365
100.643775,80.984492,19.659283,102.889997,83.302098,19.587899,3.892996,0.014602
100.601161,80.929889,19.671271,102.922117,83.367102,19.555015,3.778540,0.015266
100.602530,80.965202,19.637328,103.181613,83.601886,19.579726,3.775245,0.016172
100.577757,80.938609,19.639148,102.897798,83.259778,19.638020,3.748073,0.016043
100.512978,80.897073,19.615905,102.970873,83.492643,19.478230,3.746509,0.017340
100.512473,80.856409,19.656063,102.876037,83.314349,19.561688,3.666002,0.016282
100.509672,80.834415,19.675257,102.789807,83.082646,19.707161,3.537412,0.016322
100.424350,80.693014,19.731336,102.927972,83.353560,19.574412,3.793005,0.015803
100.535814,80.842970,19.692844,102.863105,83.231416,19.631689,3.812299,0.016086
100.419802,80.744463,19.675339,102.858177,83.290847,19.567330,3.751666,0.015825
100.413976,80.755461,19.658516,102.822714,83.363023,19.459691,3.905563,0.015672
100.387560,80.743722,19.643838,102.724255,83.121784,19.602471,3.847832,0.015055
100.369402,80.649262,19.720141,102.902693,83.349676,19.553017,3.679072,0.015760
100.361143,80.679327,19.681816,102.633350,83.062348,19.571003,3.875973,0.015858
100.359168,80.668267,19.690901,102.820138,83.111013,19.709125,3.833907,0.014999
100.435637,80.720218,19.715419,102.932642,83.389921,19.542721,3.842620,0.015670
100.414403,80.659524,19.754879,102.830617,83.101694,19.728922,3.774864,0.015221
100.308806,80.563330,19.745476,102.771911,83.088619,19.683292,3.943712,0.014966
100.298617,80.520975,19.777642,102.719946,83.097839,19.622106,3.686925,0.015581
100.248980,80.522150,19.726831,102.705300,83.043859,19.661441,3.711352,0.015315
100.245687,80.513776,19.731911,102.751832,83.110217,19.641616,3.790340,0.015957
100.208726,80.484033,19.724693,102.748843,83.004632,19.744211,3.772847,0.016487
100.289686,80.543174,19.746511,102.957503,83.247940,19.709564,3.561553,0.016454
100.206012,80.415675,19.790337,102.699660,82.884225,19.815436,3.899858,0.014930
100.164762,80.361132,19.803629,102.669683,82.894875,19.774807,3.682206,0.015713
100.205172,80.469632,19.735540,102.978104,83.405924,19.572180,3.749615,0.016468
100.152207,80.438788,19.713419,102.903441,83.263326,19.640115,3.849390,0.015766
100.214864,80.454144,19.760721,102.663880,82.969032,19.694848,3.711916,0.016671
100.148483,80.338397,19.810086,102.743861,83.044632,19.699229,3.845581,0.015324
