243.863289,239.940971,3.922317,192.774839,188.367826,4.407013,2.973044,0.011041
184.682469,177.215856,7.466613,172.136478,160.858575,11.277904,2.759495,0.018576
163.585100,149.185482,14.399618,155.138637,138.757319,16.381318,2.441221,0.026074
151.179290,133.536138,17.643151,146.109415,126.743305,19.366109,2.525164,0.027506
143.276308,123.343802,19.932507,139.380361,118.413889,20.966472,2.656736,0.029276
138.159867,116.543620,21.616246,135.036619,112.409264,22.627356,2.723056,0.028974
134.538962,111.643047,22.895915,132.201510,108.680031,23.521479,2.855088,0.028728
131.693588,107.917453,23.776135,129.574550,105.637991,23.936560,2.593690,0.031993
129.640594,105.076471,24.564122,127.544542,102.720879,24.823663,2.846731,0.029836
127.833629,102.816240,25.017389,125.912969,100.728294,25.184675,2.941388,0.030245
126.461155,101.012019,25.449135,125.127439,99.518505,25.608934,2.860860,0.029797
125.198173,99.446121,25.752052,124.127400,98.417676,25.709725,2.927870,0.030028
124.220164,98.220920,25.999244,123.167487,97.058439,26.109048,2.974836,0.031249
123.373154,97.222600,26.150554,122.523014,96.472999,26.050015,2.819810,0.031257
122.605104,96.289195,26.315910,121.806931,95.417230,26.389701,2.887071,0.030870
121.809252,95.381626,26.427626,121.004955,94.359439,26.645516,2.899307,0.029653
121.148059,94.613340,26.534719,120.351770,93.811752,26.540018,2.845544,0.029564
120.600838,93.966174,26.634663,119.959821,93.481082,26.478740,2.900853,0.030504
120.010093,93.323052,26.687041,119.352892,92.556678,26.796214,2.909643,0.030681
119.489659,92.694205,26.795454,118.898896,92.319180,26.579715,2.930506,0.031314
119.038896,92.192999,26.845897,118.932910,92.180815,26.752095,2.936749,0.030808
118.503715,91.603805,26.899910,118.380999,91.484336,26.896663,2.976588,0.029524
118.087884,91.219521,26.868363,117.589951,90.954635,26.635317,3.034681,0.030295
117.676485,90.847862,26.828623,117.547046,90.671185,26.875861,2.934268,0.030356
117.297987,90.408513,26.889475,116.845607,90.114664,26.730943,2.978529,0.029273
116.876296,89.990802,26.885494,116.549228,89.853843,26.695384,3.103537,0.029702
116.540725,89.651570,26.889155,116.426505,89.724442,26.702063,2.961083,0.031091
116.155624,89.342244,26.813379,115.993177,89.392774,26.600403,2.862171,0.030600
115.766847,88.980418,26.786430,115.887394,89.146298,26.741095,2.979956,0.029421
115.427950,88.652584,26.775366,115.290265,88.716134,26.574131,2.917718,0.028304
115.152675,88.422203,26.730472,114.895010,88.212875,26.682135,3.032303,0.028448
114.784100,88.083300,26.700800,114.991704,88.501249,26.490454,2.971466,0.027637
114.413701,87.771857,26.641844,114.208219,87.589087,26.619131,2.905826,0.029155
114.234877,87.579317,26.655560,114.291184,87.770341,26.520844,3.035084,0.029226
113.842099,87.247757,26.594342,113.756321,87.414800,26.341521,3.066227,0.028179
113.454946,86.968126,26.486820,113.704979,87.418424,26.286556,3.014993,0.027930
113.239871,86.783510,26.456361,113.358585,87.102414,26.256171,3.105087,0.027370
112.947754,86.568631,26.379123,113.002953,86.877228,26.125725,3.028953,0.029429
112.552405,86.278490,26.273915,112.624442,86.679816,25.944626,3.077884,0.027019
112.366198,86.104785,26.261413,112.414622,86.469304,25.945319,3.123857,0.027539
112.127380,85.847734,26.279647,112.398145,86.275774,26.122371,2.959445,0.029014
111.807715,85.640069,26.167646,112.340388,86.204512,26.135876,3.013667,0.028692
111.564801,85.447818,26.116983,111.680192,85.648602,26.031589,3.093934,0.027126
111.271813,85.271660,26.000153,111.576545,85.644875,25.931670,3.136156,0.025674
111.048725,85.081918,25.966806,111.410028,85.727220,25.682808,3.185007,0.026711
110.751141,84.867037,25.884103,111.099679,85.515813,25.583867,2.942484,0.030533
110.536971,84.693940,25.843031,110.624267,85.152380,25.471887,3.162516,0.028878
110.239859,84.465836,25.774023,110.622019,84.951569,25.670450,3.187539,0.025669
110.038885,84.253172,25.785713,110.190939,84.720439,25.470500,3.017986,0.027244
109.831705,84.153508,25.678197,110.509637,84.835163,25.674475,2.952032,0.028053
109.558004,84.001318,25.556686,110.009349,84.577458,25.431891,2.988637,0.029020
109.327151,83.750596,25.576555,109.857419,84.381130,25.476289,3.038314,0.025621
109.052826,83.591612,25.461214,109.812400,84.540709,25.271691,3.055414,0.026509
108.932192,83.506451,25.425740,109.141035,83.929486,25.211550,3.106078,0.025932
108.669473,83.331067,25.338405,109.201305,84.115031,25.086274,3.089294,0.026881
108.457914,83.153284,25.304630,108.908375,83.973459,24.934916,2.877843,0.028470
108.167815,82.939770,25.228045,108.754834,83.814468,24.940365,2.948795,0.029198
108.020433,82.868779,25.151654,108.823624,83.780946,25.042678,3.028234,0.027768
107.817824,82.718656,25.099168,108.467737,83.443692,25.024045,3.145565,0.025190
107.626903,82.572190,25.054713,107.953509,83.150303,24.803206,3.114837,0.025803
107.458011,82.427324,25.030687,108.028631,83.253988,24.774643,3.093774,0.025128
107.216609,82.219679,24.996930,107.887212,83.145585,24.741627,3.076951,0.028261
107.082382,82.143377,24.939005,107.759781,82.991564,24.768217,3.072026,0.026172
106.882000,82.001354,24.880647,107.663340,82.819649,24.843691,3.121821,0.025407
106.783655,81.932528,24.851128,107.650220,82.901017,24.749204,3.296001,0.024003
106.624546,81.819793,24.804753,107.256819,82.606056,24.650763,3.091084,0.026267
106.327238,81.583694,24.743544,107.121740,82.597629,24.524111,3.272329,0.023745
106.271254,81.548295,24.722959,106.935860,82.522161,24.413700,3.078451,0.026992
106.080291,81.392664,24.687627,107.018923,82.582137,24.436786,3.051881,0.028600
105.940615,81.332739,24.607876,106.699079,82.106952,24.592127,3.186748,0.023859
105.781784,81.186483,24.595300,106.634540,82.314182,24.320358,3.006906,0.026684
105.646267,81.066157,24.580110,106.309966,81.934177,24.375790,3.264909,0.023379
105.504674,80.947452,24.557222,106.127591,81.676524,24.451066,2.988868,0.026786
105.359699,80.839365,24.520334,106.088704,81.797065,24.291640,3.086232,0.026486
105.215856,80.728247,24.487609,106.014838,81.628223,24.386615,3.174697,0.025091
105.072913,80.613849,24.459064,105.955972,81.683686,24.272286,3.165982,0.025098
104.910440,80.555163,24.355277,106.022667,81.614679,24.407988,3.113429,0.025687
104.872035,80.465286,24.406749,105.931162,81.602111,24.329051,3.072438,0.026027
104.701571,80.339398,24.362173,105.548799,81.431725,24.117075,3.085464,0.025813
104.578675,80.251770,24.326905,105.465048,81.186749,24.278299,3.003167,0.024484
104.441903,80.066798,24.375105,105.224373,81.040810,24.183562,3.207764,0.024929
104.292328,79.998849,24.293480,105.512451,81.357866,24.154585,3.150364,0.024262
104.221871,79.922729,24.299142,105.181646,81.094377,24.087269,3.252236,0.024465
104.126388,79.824749,24.301639,105.068120,80.939849,24.128271,3.167008,0.023634
104.009276,79.745800,24.263476,105.366231,80.989556,24.376675,2.951656,0.026104
103.909569,79.632625,24.276944,104.863995,80.707243,24.156752,3.202155,0.023702
103.829646,79.593673,24.235974,104.938552,80.773419,24.165132,3.027020,0.025559
103.633202,79.464121,24.169082,104.718894,80.626954,24.091941,3.193584,0.024341
103.638826,79.411556,24.227270,104.710393,80.664682,24.045711,3.048205,0.023821
103.441045,79.277740,24.163305,104.761574,80.439667,24.321908,3.302876,0.021816
103.471043,79.229717,24.241326,104.462906,80.439509,24.023397,3.054614,0.025564
103.304125,79.112331,24.191794,104.619231,80.681798,23.937432,3.048636,0.023601
103.191309,79.013758,24.177551,104.702423,80.595245,24.107178,3.133945,0.023982
103.137388,78.944893,24.192494,104.280300,80.234103,24.046197,2.896574,0.025235
103.084723,78.923398,24.161325,104.404135,80.282807,24.121328,3.110704,0.023935
103.047611,78.875740,24.171871,104.116370,80.143089,23.973281,3.190159,0.024036
102.841605,78.736024,24.105581,103.909001,79.966595,23.942406,3.288069,0.022797
102.839419,78.729241,24.110178,104.177165,79.808711,24.368454,3.216533,0.021985
102.733838,78.611609,24.122229,104.186152,79.964004,24.222148,3.004060,0.026282
102.737228,78.567339,24.169889,104.097457,80.097560,23.999897,3.220202,0.023155
102.580568,78.484048,24.096519,103.652633,79.502864,24.149769,3.201148,0.024140
102.533210,78.416850,24.116360,103.586037,79.600498,23.985540,3.208747,0.022541
102.465164,78.336951,24.128213,103.732817,79.572440,24.160377,3.000120,0.025806
102.490907,78.358372,24.132535,103.795282,79.815122,23.980160,3.227515,0.023589
102.399239,78.256400,24.142839,103.835934,79.891031,23.944903,2.995745,0.024541
102.372054,78.231763,24.140291,103.420673,79.394045,24.026629,3.347938,0.022673
102.304123,78.180490,24.123633,103.556729,79.531289,24.025440,3.157498,0.023801
102.172432,78.056891,24.115540,103.523763,79.465866,24.057896,3.315079,0.023160
102.190317,78.089821,24.100496,103.431074,79.489884,23.941191,3.162496,0.022946
102.113140,78.043703,24.069437,103.561677,79.493612,24.068065,3.088125,0.024787
102.035617,77.943928,24.091690,103.457602,79.463754,23.993848,3.231301,0.022823
101.960365,77.860459,24.099906,103.263720,79.261490,24.002230,3.330607,0.022067
101.909936,77.863230,24.046706,103.449334,79.578078,23.871256,3.152016,0.022034
101.863413,77.812959,24.050455,103.263330,79.321740,23.941589,3.137154,0.023914
101.812227,77.744208,24.068019,103.097516,79.341947,23.755569,3.236541,0.021872
101.778109,77.707915,24.070194,103.295644,79.301839,23.993805,3.033794,0.025116
101.749430,77.668540,24.080891,103.527439,79.400004,24.127435,3.031474,0.025456
101.686927,77.598508,24.088419,103.416959,79.305900,24.111059,3.167517,0.023566
101.680194,77.533812,24.146382,103.101406,79.121206,23.980200,3.341869,0.021562
101.526123,77.481089,24.045034,103.063339,79.196495,23.866844,3.216306,0.021533
101.521228,77.455971,24.065258,102.898407,78.863111,24.035295,3.173797,0.023285
101.505511,77.402816,24.102695,102.980144,78.936680,24.043464,3.260353,0.024642
101.478576,77.371847,24.106728,102.898834,78.927183,23.971650,3.038009,0.025338
101.410273,77.335693,24.074579,102.998315,78.763277,24.235038,3.107507,0.023502
101.370292,77.210864,24.159428,102.857413,78.911153,23.946261,2.956432,0.025387
101.318875,77.270388,24.048487,103.089744,78.965905,24.123839,3.060447,0.025114
101.304607,77.217634,24.086973,102.783250,78.675918,24.107333,3.182720,0.022839
101.249612,77.181753,24.067859,102.836139,78.806941,24.029198,3.174888,0.022954
101.185031,77.102523,24.082508,102.950332,78.740533,24.209799,3.128207,0.023532
101.206693,77.114019,24.092674,102.606364,78.681437,23.924927,3.077436,0.024382
101.204591,77.083950,24.120642,102.615772,78.592243,24.023529,3.275207,0.022667
101.094172,76.999322,24.094850,102.737860,78.695350,24.042511,3.245150,0.022875
101.105937,77.068212,24.037725,102.833553,78.789695,24.043858,3.145555,0.022937
101.132528,77.054287,24.078241,102.799277,78.821704,23.977573,3.167591,0.025893
100.993867,76.939691,24.054175,102.470765,78.458651,24.012114,3.204037,0.022965
100.953320,76.888363,24.064957,102.918774,78.686992,24.231782,3.122480,0.022951
100.989168,76.907668,24.081500,102.697780,78.643623,24.054157,3.176527,0.022603
100.966543,76.852315,24.114228,102.289385,78.449571,23.839814,3.234999,0.023072
100.909920,76.829372,24.080549,102.816893,78.900861,23.916033,3.218774,0.022129
100.889129,76.785418,24.103711,102.646789,78.503203,24.143586,3.133939,0.023864
100.893961,76.746342,24.147619,102.622425,78.637552,23.984874,3.061628,0.023720
100.825873,76.666483,24.159390,102.369256,78.243788,24.125468,3.157719,0.025283
100.773780,76.650935,24.122844,102.557631,78.412750,24.144881,3.188949,0.024319
100.778219,76.662839,24.115380,102.494901,78.485675,24.009225,3.132281,0.025019
100.758179,76.623730,24.134448,102.358437,78.299173,24.059264,3.050841,0.026122
100.785805,76.612685,24.173120,102.524187,78.410523,24.113663,3.229997,0.023270
100.715405,76.607851,24.107553,102.303661,78.250480,24.053181,3.128751,0.023838
100.588225,76.480375,24.107850,102.376240,78.289793,24.086447,3.131377,0.023153
100.650649,76.493600,24.157049,102.411989,78.391219,24.020770,3.115657,0.022556
100.598380,76.514592,24.083787,102.466876,78.392512,24.074364,3.145417,0.023694
100.630573,76.500564,24.130009,102.336393,78.248952,24.087441,2.934236,0.025122
100.549528,76.448744,24.100784,102.631441,78.783468,23.847974,3.115815,0.024654
100.503162,76.405974,24.097188,102.389133,78.388002,24.001131,3.116512,0.025594
100.507539,76.343801,24.163738,102.380749,78.223261,24.157487,3.250580,0.022514
100.484347,76.317028,24.167318,102.435679,78.308208,24.127471,3.198551,0.023931
100.515965,76.302411,24.213554,102.331810,78.351093,23.980717,3.205811,0.023292
100.431037,76.217160,24.213877,102.333969,78.119176,24.214794,3.104015,0.022345
100.828718,76.139486,24.689232,102.595968,78.006388,24.589580,3.066994,0.025410
100.594495,76.180442,24.414053,102.136206,78.059117,24.077088,2.985613,0.024533
100.480543,76.155907,24.324636,102.457648,78.131000,24.326649,3.229006,0.022528
