236.017282,234.036024,1.981258,192.906575,189.858663,3.047913,5.526493,0.006458
185.111522,179.898796,5.212726,173.039421,164.947750,8.091670,4.254547,0.011253
163.496747,153.649336,9.847411,154.211191,142.759958,11.451233,4.253974,0.013896
150.266453,138.277759,11.988694,145.644658,133.320035,12.324624,4.300247,0.013811
143.538088,130.726296,12.811792,140.057281,126.694357,13.362924,3.947687,0.015347
138.253931,124.468783,13.785147,134.880296,120.681469,14.198827,3.985033,0.016044
133.966976,119.425417,14.541560,131.665186,116.860716,14.804469,3.872133,0.017690
130.687993,115.486624,15.201369,127.987797,112.332564,15.655233,3.811679,0.016755
127.751735,111.825454,15.926282,125.406935,109.029780,16.377155,3.790822,0.016942
125.351181,108.886742,16.464439,123.674252,107.060459,16.613793,3.816375,0.016873
123.307178,106.475984,16.831193,121.947511,105.107799,16.839712,3.922149,0.017254
121.678593,104.514692,17.163901,120.224305,102.809233,17.415071,3.819222,0.016399
120.162852,102.763256,17.399596,118.686558,101.196296,17.490261,3.778004,0.016566
118.853935,101.241525,17.612410,117.433100,99.730906,17.702194,3.783547,0.016817
117.597461,99.799376,17.798086,116.650544,98.819705,17.830838,3.804070,0.016242
116.625683,98.689414,17.936269,115.792037,97.945509,17.846528,3.802886,0.016648
115.668227,97.621792,18.046435,114.901549,96.706230,18.195319,3.780033,0.016301
114.927535,96.704634,18.222901,114.162102,95.798084,18.364018,3.839349,0.016233
114.224297,95.920414,18.303882,113.374797,95.046684,18.328113,3.746455,0.016644
113.553205,95.174660,18.378544,113.327361,95.068434,18.258927,3.777222,0.016639
112.914582,94.492381,18.422200,112.901969,94.510205,18.391764,3.720563,0.017305
112.418137,93.937766,18.480370,112.177779,93.637594,18.540185,3.817751,0.017065
111.848659,93.243187,18.605472,111.571170,93.021072,18.550098,4.070004,0.014740
111.364185,92.735369,18.628815,111.260892,92.655552,18.605340,3.942704,0.015914
110.878765,92.157156,18.721609,110.759849,92.114943,18.644906,3.880253,0.016415
110.563912,91.790844,18.773068,110.308083,91.573155,18.734928,3.991427,0.015610
110.165636,91.286292,18.879344,110.322801,91.545323,18.777478,3.982121,0.015320
109.779440,90.816629,18.962811,109.872289,91.031596,18.840692,3.891431,0.016551
109.440973,90.434662,19.006310,109.437896,90.602675,18.835221,3.875834,0.016200
109.042316,90.073804,18.968512,108.819868,89.812322,19.007546,3.837942,0.015554
108.663583,89.630681,19.032902,109.029686,90.091290,18.938396,3.816337,0.016154
108.455795,89.378097,19.077698,108.480445,89.548176,18.932270,3.816585,0.015488
108.114525,89.019125,19.095400,108.659356,89.588259,19.071097,3.774237,0.016121
107.903229,88.794586,19.108642,108.213987,89.281006,18.932981,3.789759,0.016334
107.566791,88.447255,19.119536,107.777080,88.781569,18.995512,3.699157,0.016175
107.432737,88.298965,19.133771,107.467098,88.449558,19.017540,3.929243,0.015661
107.049640,87.972559,19.077081,107.374694,88.375005,18.999689,3.958531,0.015374
106.862588,87.716255,19.146332,107.357921,88.199788,19.158133,3.765346,0.016147
106.695458,87.505611,19.189847,107.200868,88.085404,19.115464,3.726221,0.016831
106.456913,87.335564,19.121349,106.956983,87.933211,19.023771,3.932321,0.015363
106.257449,87.107225,19.150224,106.831826,87.789418,19.042408,3.988251,0.014625
106.120701,86.984218,19.136483,106.636507,87.494061,19.142446,3.901247,0.015458
105.934899,86.807526,19.127373,106.278855,87.233481,19.045373,3.929896,0.014999
105.768450,86.606114,19.162336,106.226421,87.202306,19.024115,3.850278,0.015964
105.528490,86.406092,19.122398,106.216967,86.975888,19.241080,4.116957,0.013928
105.415114,86.304037,19.111077,106.243765,87.271996,18.971768,3.770901,0.016460
105.235165,86.111237,19.123928,106.181303,87.279873,18.901430,3.791261,0.016565
105.147557,86.043880,19.103677,106.054651,87.017355,19.037296,3.771918,0.016111
105.051772,85.910922,19.140850,106.124425,87.094355,19.030070,3.830992,0.015788
104.940174,85.842520,19.097654,105.735923,86.726069,19.009854,3.819808,0.016618
104.839733,85.730178,19.109554,105.616960,86.496205,19.120755,4.017756,0.014435
104.722864,85.525094,19.197770,105.538948,86.432285,19.106662,3.624067,0.016857
104.608226,85.406702,19.201523,105.337142,86.337780,18.999361,4.028098,0.014760
104.544524,85.323739,19.220785,105.539056,86.463713,19.075343,4.003114,0.015169
104.464773,85.291504,19.173268,105.374790,86.410372,18.964418,4.090436,0.015102
104.353463,85.155470,19.197993,105.458740,86.358504,19.100237,3.756266,0.016810
104.277518,85.026559,19.250960,105.456496,86.307144,19.149352,3.949557,0.015531
104.219549,85.016813,19.202736,105.255393,86.211122,19.044271,3.956888,0.015075
104.082433,84.847474,19.234960,105.155806,85.995706,19.160101,3.954937,0.015864
103.970673,84.714678,19.255995,104.984898,85.804076,19.180822,4.081406,0.014681
103.880805,84.659736,19.221069,105.099125,85.978881,19.120244,3.981362,0.014406
103.836365,84.580489,19.255875,105.102486,85.920660,19.181826,3.808062,0.015730
103.748666,84.496821,19.251845,104.994011,85.783014,19.210997,3.771918,0.015910
103.602431,84.330315,19.272116,105.056780,86.035481,19.021299,3.824463,0.015937
103.604551,84.317880,19.286671,104.816329,85.601570,19.214758,3.990649,0.015737
103.490007,84.286229,19.203778,104.800771,85.721878,19.078893,3.901761,0.016128
103.420416,84.194503,19.225913,104.818973,85.720604,19.098369,3.927917,0.015469
103.370512,84.103013,19.267499,104.846914,85.681581,19.165333,3.900355,0.015384
103.373064,84.094391,19.278673,104.713253,85.403029,19.310224,3.839998,0.016676
103.231199,83.990707,19.240492,104.646276,85.459724,19.186552,3.910906,0.015703
103.146011,83.855569,19.290441,104.881839,85.739592,19.142247,3.781197,0.015709
103.146940,83.786150,19.360790,104.650124,85.215742,19.434381,3.720039,0.015006
103.067392,83.706632,19.360760,104.323047,84.998569,19.324478,3.797636,0.015643
102.981965,83.636147,19.345818,104.490062,85.191542,19.298520,3.787001,0.015678
102.942462,83.578741,19.363721,104.465277,85.187011,19.278266,3.942208,0.016266
102.799334,83.413249,19.386084,104.182136,84.799794,19.382342,3.920943,0.015075
102.824844,83.419974,19.404871,104.097782,84.859293,19.238488,3.910928,0.015244
102.714705,83.285210,19.429495,104.206538,84.831820,19.374718,3.818663,0.014868
102.633994,83.189717,19.444277,104.000503,84.604026,19.396477,3.927927,0.016181
102.564157,83.112135,19.452022,103.998073,84.748859,19.249214,4.065611,0.014637
102.492057,83.052188,19.439870,104.110934,84.777284,19.333650,3.691818,0.017062
102.552952,83.113015,19.439937,104.329001,84.860682,19.468319,3.996166,0.015175
102.407174,82.935981,19.471193,104.060659,84.650195,19.410463,3.971992,0.014407
102.301075,82.853879,19.447197,103.804018,84.438394,19.365624,4.060298,0.014401
102.282642,82.869361,19.413281,103.800011,84.461643,19.338368,4.041003,0.014900
102.309085,82.833647,19.475438,104.064487,84.573792,19.490696,3.965213,0.014240
102.143434,82.691198,19.452236,103.836826,84.391582,19.445244,4.013535,0.015279
102.118108,82.647325,19.470783,103.934900,84.613284,19.321617,3.725080,0.017201
102.031170,82.538893,19.492277,103.872631,84.474527,19.398104,3.972087,0.015199
102.010383,82.593431,19.416952,103.878405,84.507169,19.371235,3.826838,0.016199
102.009238,82.539454,19.469783,103.832047,84.436971,19.395075,3.868706,0.015045
101.935943,82.397227,19.538717,103.689812,84.184224,19.505589,3.814007,0.016107
101.858440,82.339592,19.518848,103.713046,84.203822,19.509224,3.716146,0.016174
101.829380,82.352995,19.476386,103.583574,84.089062,19.494512,4.050159,0.015357
101.778728,82.227104,19.551624,103.420568,84.010239,19.410329,3.783348,0.016382
101.690220,82.134073,19.556147,103.604066,84.156476,19.447591,3.934362,0.015304
101.605692,82.075377,19.530315,103.530764,84.025778,19.504986,3.741960,0.017069
101.562630,82.028083,19.534547,103.554481,84.212442,19.342039,3.918991,0.015405
101.555007,82.010395,19.544612,103.259882,83.859622,19.400260,3.986314,0.015151
101.515770,81.987554,19.528216,103.401340,83.845482,19.555858,3.926229,0.015128
101.502922,81.921645,19.581277,103.439565,83.914945,19.524620,3.764833,0.015526
101.466942,81.888137,19.578805,103.281889,83.686921,19.594969,3.983239,0.015014
101.454211,81.856756,19.597456,103.266889,83.661697,19.605192,3.742405,0.015918
101.396451,81.751861,19.644590,103.318510,83.676822,19.641688,3.802892,0.015449
101.353069,81.750419,19.602650,103.190970,83.629619,19.561351,4.055761,0.014803
101.323866,81.657907,19.665959,103.188931,83.609784,19.579147,3.721131,0.016144
101.234229,81.594764,19.639465,103.241960,83.572654,19.669306,3.893644,0.014970
101.195244,81.574053,19.621192,103.311588,83.723049,19.588539,3.727539,0.016171
101.178821,81.561902,19.616919,103.191768,83.611075,19.580694,3.666414,0.016545
101.186836,81.515211,19.671625,103.166808,83.679335,19.487474,3.845176,0.015027
101.174933,81.516673,19.658260,103.087977,83.436697,19.651280,3.913348,0.015118
101.124335,81.445193,19.679143,103.062282,83.560509,19.501773,3.892884,0.015714
101.094365,81.405513,19.688852,103.006615,83.377805,19.628810,3.941749,0.014421
101.017911,81.418587,19.599324,103.067565,83.587340,19.480225,3.831935,0.015091
101.021809,81.359586,19.662223,102.833260,83.281488,19.551773,4.051447,0.014057
100.971756,81.351325,19.620431,102.910817,83.283609,19.627207,3.973683,0.014811
101.049370,81.407417,19.641953,103.246256,83.583622,19.662634,3.693616,0.015051
101.027142,81.409884,19.617259,103.042338,83.419724,19.622614,3.855079,0.016094
100.999801,81.338777,19.661024,102.983977,83.343535,19.640442,3.933481,0.015359
100.908023,81.213980,19.694043,103.029987,83.451283,19.578705,3.793389,0.015416
100.904588,81.245750,19.658837,103.176892,83.600743,19.576148,3.809772,0.015620
100.893136,81.196610,19.696526,102.842805,83.370188,19.472616,3.977633,0.014708
100.909582,81.253665,19.655917,103.084979,83.377554,19.707425,3.813738,0.014865
100.988522,81.307518,19.681005,103.044993,83.449712,19.595281,3.830062,0.016114
100.961970,81.306104,19.655865,103.108210,83.471085,19.637125,3.736226,0.015739
100.868066,81.210798,19.657268,103.264637,83.654954,19.609684,3.842078,0.015698
100.972827,81.326712,19.646115,103.281167,83.634405,19.646762,4.034068,0.014887
101.027960,81.316680,19.711279,103.449997,83.832395,19.617603,3.970905,0.015752
101.026449,81.300839,19.725610,103.064629,83.461699,19.602930,3.706258,0.016145
101.054340,81.351450,19.702889,103.337128,83.688230,19.648897,3.810925,0.015609
101.004404,81.310143,19.694261,103.408601,83.947387,19.461213,3.773884,0.016452
101.002787,81.379800,19.622987,103.316564,83.856171,19.460393,3.912331,0.015323
101.049907,81.376745,19.673162,103.241975,83.667016,19.574959,4.046478,0.014808
101.136455,81.520740,19.615715,103.467459,83.825924,19.641535,4.178280,0.014074
100.995659,81.318427,19.677233,103.395646,83.730927,19.664719,3.861105,0.015454
100.977782,81.279845,19.697938,103.151750,83.559743,19.592007,3.859990,0.015948
100.919044,81.241822,19.677222,103.095316,83.485491,19.609825,3.813743,0.015168
100.808118,81.104453,19.703665,102.998397,83.444790,19.553606,3.785996,0.015528
100.740916,81.068906,19.672011,103.035818,83.323521,19.712297,3.773927,0.015923
100.621875,80.969321,19.652554,103.003738,83.401007,19.602731,4.107355,0.014891
100.559847,80.919850,19.639997,103.039121,83.589280,19.449841,3.963010,0.015405
100.562398,80.941257,19.621141,102.803773,83.298524,19.505250,3.971547,0.015112
100.612233,80.984684,19.627549,102.879124,83.317462,19.561662,4.124443,0.015080
100.551051,80.832655,19.718395,103.760944,84.143354,19.617591,3.690810,0.016565
100.620185,80.909795,19.710390,102.737197,83.121310,19.615887,3.868429,0.016363
100.486648,80.786194,19.700454,102.825631,83.213765,19.611866,3.965411,0.015736
100.530697,80.796082,19.734615,102.890734,83.351127,19.539607,3.964187,0.015347
100.422727,80.756968,19.665759,102.871621,83.321679,19.549942,3.669456,0.017298
100.411916,80.742392,19.669524,102.935161,83.428134,19.507028,4.133468,0.015063
100.399753,80.704325,19.695429,103.103109,83.591925,19.511184,3.938971,0.016186
100.360868,80.677414,19.683454,102.726552,83.101123,19.625429,3.786149,0.015791
100.356162,80.643932,19.712230,102.799599,83.264778,19.534822,3.801582,0.015751
100.343962,80.664836,19.679126,103.131484,83.574590,19.556894,3.841768,0.015900
100.375041,80.710652,19.664389,102.635339,83.045584,19.589754,3.869800,0.015828
100.276369,80.602347,19.674022,102.585765,82.980184,19.605581,3.788566,0.016389
100.247794,80.604598,19.643196,102.746414,83.209695,19.536719,3.935328,0.015751
100.243644,80.643479,19.600165,102.767260,83.225150,19.542110,3.835286,0.015198
100.342140,80.638961,19.703179,102.833507,83.224136,19.609370,3.915482,0.015734
100.284973,80.610143,19.674830,102.884433,83.349798,19.534635,3.777607,0.015826
100.282401,80.625633,19.656768,102.669199,83.158156,19.511043,3.955055,0.016298
