257.787649,251.117759,6.669891,206.289201,198.137491,8.151711,2.504112,0.008019
203.080465,194.986732,8.093733,199.824495,191.801916,8.022579,8.005161,0.004618
192.742466,185.022615,7.719851,186.764706,178.911738,7.852969,8.166558,0.008987
183.507106,175.726152,7.780955,177.238349,169.523722,7.714627,7.728305,0.014427
175.557637,167.919378,7.638258,175.911219,168.328391,7.582827,8.270250,0.017266
165.113566,157.831169,7.282397,157.060969,149.939503,7.121465,5.530195,0.018203
153.327218,146.354707,6.972512,150.264563,143.306554,6.958009,6.037954,0.018988
148.783886,141.903814,6.880072,146.533691,139.646457,6.887233,5.210382,0.020769
145.853003,139.117005,6.735997,144.334148,137.694838,6.639310,5.365906,0.020652
143.447458,136.895333,6.552125,141.782381,135.218353,6.564027,4.755010,0.020433
141.056081,134.479539,6.576542,139.942998,133.382108,6.560889,5.403828,0.020675
139.675599,133.054433,6.621165,138.454190,131.829480,6.624711,5.373837,0.022592
138.311919,131.692462,6.619457,137.303719,130.638291,6.665427,5.482131,0.020548
137.386202,130.757037,6.629165,136.848969,130.197039,6.651929,5.355588,0.020269
136.732500,130.098223,6.634277,135.873500,129.164085,6.709415,5.391160,0.019931
136.036164,129.399316,6.636848,135.141790,128.477144,6.664646,4.981708,0.020673
135.245171,128.621656,6.623515,134.620043,128.060807,6.559236,5.559063,0.021959
134.715921,128.127073,6.588849,134.006512,127.436570,6.569942,5.511753,0.022266
134.163107,127.587700,6.575406,133.063223,126.470636,6.592587,5.328430,0.020344
133.615355,127.066911,6.548444,132.610963,126.018698,6.592265,5.665659,0.022037
133.132367,126.587586,6.544782,132.806745,126.280465,6.526280,5.400754,0.024236
132.779096,126.247660,6.531436,132.572563,126.065986,6.506578,5.893680,0.020293
132.529850,125.988995,6.540855,132.184978,125.648382,6.536597,5.419901,0.020378
132.180719,125.617952,6.562767,132.070489,125.537071,6.533417,5.730308,0.021845
131.921568,125.354301,6.567267,131.555508,125.010229,6.545281,5.768427,0.022388
131.593136,125.031022,6.562115,131.344616,124.758239,6.586377,5.553257,0.022828
131.260484,124.671366,6.589118,130.921966,124.344258,6.577708,5.680706,0.022005
131.069514,124.494923,6.574591,131.003530,124.438034,6.565496,5.835012,0.021725
130.842928,124.264138,6.578790,130.591840,123.993852,6.597989,5.805089,0.019919
130.679341,124.091109,6.588232,131.007110,124.426875,6.580235,6.077509,0.021351
130.445410,123.851262,6.594148,130.337167,123.739569,6.597598,5.878109,0.021042
130.377263,123.790386,6.586877,130.529111,123.936338,6.592773,5.667610,0.021405
130.263085,123.658256,6.604829,130.373108,123.780182,6.592926,5.791258,0.022230
130.079940,123.489856,6.590084,130.560454,123.999048,6.561406,5.314927,0.023351
129.941993,123.336697,6.605296,130.142478,123.562766,6.579712,5.589248,0.024090
129.778033,123.182067,6.595965,129.959642,123.376557,6.583086,5.658336,0.020848
129.686492,123.062421,6.624071,129.994621,123.376257,6.618363,5.824538,0.020337
129.635617,123.020245,6.615372,130.230902,123.601426,6.629477,5.439892,0.023248
129.579546,122.964136,6.615410,129.825864,123.205600,6.620264,5.761202,0.020809
129.421764,122.817666,6.604097,129.397828,122.833295,6.564532,6.266018,0.020367
129.288097,122.659053,6.629044,129.366334,122.772897,6.593437,6.007866,0.019614
129.251015,122.631920,6.619096,129.523024,122.919194,6.603830,6.418204,0.019924
129.296991,122.685287,6.611704,129.294994,122.682903,6.612091,5.629676,0.023636
129.189090,122.545629,6.643462,129.450925,122.833869,6.617056,5.486854,0.024087
128.998766,122.364731,6.634035,129.484948,122.860228,6.624720,6.470656,0.023979
128.878343,122.236716,6.641627,129.543240,122.928491,6.614749,5.559695,0.023566
128.979202,122.341429,6.637773,129.086002,122.481737,6.604265,6.044961,0.023200
128.833093,122.213113,6.619980,129.114750,122.487364,6.627386,6.501090,0.021276
128.728441,122.091090,6.637351,129.080249,122.419709,6.660541,5.891602,0.024624
128.782798,122.147759,6.635039,128.704179,122.077150,6.627029,5.325319,0.023567
128.678417,122.057377,6.621040,129.340178,122.747775,6.592404,6.050510,0.021229
128.657555,122.016812,6.640743,128.972608,122.324134,6.648474,6.110942,0.022075
128.558429,121.911370,6.647059,128.771638,122.120026,6.651612,6.108607,0.021700
128.498279,121.849030,6.649250,129.338619,122.747116,6.591504,6.041140,0.022202
128.532008,121.912743,6.619265,128.787562,122.182600,6.604963,6.099089,0.023267
128.492600,121.866846,6.625753,129.273966,122.671710,6.602256,5.663749,0.023581
128.441307,121.814158,6.627149,128.658677,122.035208,6.623469,6.605230,0.023045
128.520554,121.911741,6.608813,128.786282,122.126885,6.659396,5.785044,0.024370
128.368134,121.733319,6.634815,128.655319,122.056043,6.599277,5.912866,0.023254
128.421785,121.793604,6.628181,129.058002,122.429704,6.628297,5.505057,0.020833
128.337379,121.695256,6.642123,128.469442,121.833422,6.636020,6.506899,0.022650
128.207563,121.569440,6.638123,128.862469,122.238097,6.624372,5.994416,0.023131
128.307323,121.667479,6.639844,128.755099,122.138726,6.616372,6.349474,0.024561
128.217646,121.568947,6.648700,128.638202,121.989596,6.648606,5.686460,0.021639
128.152912,121.506499,6.646412,128.721694,122.128706,6.592988,5.852626,0.021117
128.071062,121.420332,6.650730,128.671791,122.051543,6.620247,6.403950,0.022233
128.113641,121.473715,6.639926,129.196127,122.584806,6.611321,5.823965,0.023228
128.004550,121.351058,6.653492,128.568299,121.971640,6.596659,5.864690,0.022710
128.059555,121.416914,6.642640,128.729841,122.086207,6.643634,6.101130,0.021536
127.990281,121.350655,6.639626,128.759498,122.169652,6.589846,6.692893,0.021560
128.093361,121.453909,6.639451,128.354032,121.709323,6.644709,6.208540,0.021308
127.998119,121.340288,6.657831,128.641996,121.985925,6.656070,5.870776,0.020087
127.880852,121.202025,6.678827,128.699414,122.052201,6.647213,6.743889,0.019144
127.980296,121.332550,6.647746,128.326635,121.706352,6.620283,6.239731,0.023056
127.837888,121.182480,6.655407,128.304209,121.664304,6.639905,5.870959,0.022425
127.822109,121.174413,6.647696,128.392861,121.749050,6.643811,6.554754,0.020601
127.721769,121.072285,6.649484,129.021706,122.411562,6.610144,6.246829,0.024249
127.981385,121.341272,6.640113,128.649563,122.035428,6.614135,6.502133,0.023071
127.807419,121.148197,6.659222,128.106596,121.445667,6.660929,5.718942,0.021518
127.789907,121.147049,6.642858,128.568096,121.934007,6.634090,6.113501,0.023082
127.784478,121.147963,6.636515,128.555939,121.963034,6.592904,6.091764,0.023568
127.861576,121.215316,6.646260,127.966849,121.295707,6.671142,5.848320,0.024708
127.753205,121.080687,6.672518,128.145306,121.515244,6.630061,5.915898,0.022229
127.711179,121.060580,6.650599,128.523991,121.881000,6.642992,6.742705,0.022060
127.664603,120.995703,6.668901,128.386875,121.764603,6.622272,6.256548,0.021876
127.750581,121.105843,6.644737,128.167427,121.514005,6.653422,6.185069,0.020793
127.677191,121.006720,6.670471,128.379971,121.734742,6.645228,6.388151,0.022910
127.562976,120.906478,6.656498,128.120482,121.464742,6.655740,6.043906,0.024887
127.729760,121.093790,6.635970,128.439846,121.783639,6.656207,6.484360,0.022854
127.562622,120.891356,6.671266,127.948107,121.288927,6.659181,6.145976,0.019168
127.412116,120.729144,6.682972,128.422358,121.770808,6.651550,5.788795,0.023382
127.520873,120.870640,6.650233,128.421104,121.757049,6.664056,6.004111,0.025159
127.588145,120.934188,6.653957,128.033660,121.387218,6.646442,5.614664,0.022043
127.424201,120.758009,6.666192,128.248565,121.595459,6.653106,6.606946,0.022208
127.500301,120.842736,6.657565,128.118500,121.476426,6.642073,6.796709,0.020003
127.500412,120.839357,6.661055,128.516928,121.881056,6.635873,5.848672,0.021474
127.368107,120.688142,6.679965,127.788857,121.124127,6.664731,6.307603,0.022229
127.510403,120.849475,6.660929,128.312751,121.671234,6.641518,6.273664,0.023474
127.427861,120.765425,6.662436,127.819344,121.168755,6.650589,6.180078,0.023277
127.430914,120.758362,6.672552,128.364557,121.724748,6.639809,6.220451,0.022898
127.470915,120.805743,6.665173,127.984137,121.335865,6.648272,6.177324,0.022170
127.509505,120.850341,6.659164,128.559125,121.925088,6.634037,6.158281,0.020923
127.426993,120.769312,6.657681,128.082516,121.441394,6.641122,6.212252,0.024242
127.383688,120.716443,6.667245,128.355926,121.759693,6.596232,6.788812,0.021212
127.400123,120.728889,6.671234,128.583936,121.936538,6.647398,6.060802,0.023035
127.312788,120.635214,6.677573,128.223116,121.567362,6.655754,6.337824,0.021482
127.261409,120.581069,6.680339,128.049865,121.408500,6.641366,5.880262,0.026080
127.318881,120.660336,6.658545,127.901409,121.255639,6.645770,6.262375,0.024495
127.349484,120.672168,6.677316,128.325660,121.669663,6.655997,6.049583,0.020910
127.162336,120.484683,6.677653,128.440577,121.775445,6.665131,6.106816,0.022481
127.220858,120.560751,6.660107,128.344191,121.727118,6.617073,6.597757,0.022078
127.320479,120.660712,6.659767,127.767488,121.097341,6.670147,5.655848,0.026973
127.154805,120.469987,6.684818,128.038346,121.397835,6.640510,6.384327,0.023977
127.157499,120.497302,6.660197,128.221658,121.573312,6.648347,6.097090,0.024182
127.223703,120.539017,6.684686,127.975706,121.318138,6.657569,5.826320,0.024270
127.219777,120.563438,6.656340,128.370573,121.757373,6.613199,6.094194,0.024149
127.262091,120.595381,6.666710,128.468590,121.828821,6.639770,6.055193,0.023787
127.399114,120.726926,6.672188,128.246179,121.599114,6.647065,6.236284,0.024337
127.269746,120.608952,6.660794,127.904661,121.239019,6.665641,6.540037,0.022621
127.173612,120.491500,6.682112,128.209085,121.576143,6.632942,6.670293,0.022977
127.263515,120.591905,6.671610,128.376893,121.736630,6.640263,6.138320,0.022669
127.220009,120.557421,6.662588,128.405327,121.781241,6.624087,5.686409,0.023724
127.213284,120.547473,6.665811,127.839187,121.187072,6.652114,6.332728,0.023615
127.161806,120.500329,6.661478,128.498286,121.884210,6.614077,6.355093,0.024311
127.176636,120.517594,6.659042,127.971135,121.326519,6.644617,5.938962,0.022064
127.256781,120.598171,6.658611,128.218970,121.602181,6.616790,6.184625,0.021989
127.198687,120.528974,6.669713,128.130257,121.507230,6.623028,6.273310,0.024001
127.299329,120.640791,6.658538,128.214456,121.561231,6.653224,5.848853,0.023238
127.169746,120.512830,6.656916,128.426189,121.804314,6.621875,5.845442,0.023396
127.230917,120.575463,6.655454,127.955785,121.328156,6.627629,6.058370,0.023481
127.241508,120.595484,6.646024,128.112972,121.448520,6.664452,5.985343,0.021940
127.050342,120.372498,6.677845,128.534331,121.902352,6.631979,5.870974,0.026465
127.247505,120.580749,6.666757,127.732634,121.071797,6.660837,5.801401,0.024080
127.056569,120.383529,6.673040,128.253137,121.637296,6.615841,6.467457,0.021439
127.215852,120.575093,6.640758,128.477059,121.870729,6.606330,6.236544,0.022182
127.153346,120.488369,6.664977,128.253064,121.634515,6.618550,6.623617,0.023879
127.031763,120.349863,6.681900,128.310656,121.695530,6.615126,6.524059,0.020660
127.066333,120.390017,6.676316,128.155322,121.520411,6.634911,6.262533,0.021389
127.187517,120.524600,6.662917,127.980746,121.335776,6.644971,6.119628,0.023584
127.121584,120.447753,6.673830,127.810691,121.141180,6.669511,5.936603,0.026262
127.108561,120.444385,6.664176,128.198794,121.563461,6.635333,6.417805,0.022133
127.103010,120.442291,6.660719,128.220054,121.541484,6.678570,6.118145,0.022446
127.017475,120.337413,6.680062,128.333802,121.684301,6.649501,5.764399,0.023245
127.128017,120.466373,6.661644,128.395314,121.755263,6.640051,6.234651,0.021834
127.076442,120.422061,6.654381,128.340835,121.710830,6.630005,6.265501,0.022291
127.014308,120.341371,6.672937,128.365663,121.740360,6.625303,5.852225,0.021886
127.069739,120.408285,6.661454,128.360930,121.760720,6.600210,5.878159,0.022015
127.142787,120.483798,6.658989,128.351357,121.704398,6.646958,5.810271,0.022525
127.139022,120.477591,6.661430,128.164073,121.527465,6.636608,6.384573,0.020111
127.006902,120.314461,6.692441,128.225987,121.571820,6.654166,6.914197,0.019258
127.109625,120.442583,6.667042,128.508593,121.882699,6.625894,5.880613,0.024218
127.098603,120.432698,6.665905,128.504812,121.883937,6.620874,6.309368,0.020457
127.126383,120.446544,6.679840,128.742968,122.104516,6.638452,5.970759,0.021177
126.984615,120.306332,6.678283,127.956134,121.294754,6.661380,6.015237,0.021780
127.004988,120.324711,6.680277,128.145143,121.483690,6.661453,6.292864,0.025238
126.993163,120.315823,6.677341,127.904724,121.249278,6.655446,6.216140,0.023004
126.921846,120.232294,6.689552,128.077336,121.422847,6.654490,6.238867,0.021236
127.065272,120.397572,6.667700,127.739877,121.098187,6.641690,5.724176,0.021352
126.956963,120.286869,6.670095,128.079441,121.437892,6.641549,5.888741,0.024799
126.972923,120.303396,6.669527,128.067006,121.392602,6.674404,5.877743,0.024546
