246.040139,240.024810,6.015329,193.835071,188.959482,4.875588,3.221932,0.008702
185.036099,177.106165,7.929934,175.051378,164.146108,10.905270,2.567586,0.017032
164.631961,149.782086,14.849875,155.010123,136.973264,18.036859,2.266599,0.025647
151.454425,132.682013,18.772412,145.866574,126.018041,19.848532,2.468939,0.027551
143.390039,122.104311,21.285729,139.229171,116.831650,22.397521,2.554842,0.028925
137.911346,114.526555,23.384791,134.886765,110.335052,24.551714,2.560581,0.028307
134.270597,109.566405,24.704192,131.987835,106.647791,25.340045,2.622916,0.031826
131.756958,106.088072,25.668886,129.786311,104.053175,25.733135,2.444595,0.033560
129.823449,103.524242,26.299207,128.026081,101.425208,26.600872,2.574010,0.033629
128.263784,101.480913,26.782871,126.970641,99.803087,27.167555,2.715287,0.031638
127.018227,99.882631,27.135596,125.513934,98.196568,27.317367,2.767134,0.031744
125.924270,98.532652,27.391619,124.692316,97.137142,27.555174,2.728582,0.031413
125.012146,97.336087,27.676058,124.041756,96.324049,27.717707,2.738174,0.031916
124.106403,96.232667,27.873737,123.368797,95.089131,28.279667,2.780488,0.034165
123.468249,95.291383,28.176866,122.998259,94.924563,28.073696,2.721686,0.032978
122.711094,94.447244,28.263849,121.986294,93.698380,28.287913,2.774741,0.033130
122.133449,93.687515,28.445935,121.521019,93.116243,28.404777,2.742428,0.032071
121.603773,93.050496,28.553277,121.132928,92.340635,28.792292,2.801185,0.032149
121.064534,92.458451,28.606082,120.761514,92.156817,28.604697,2.736368,0.035069
120.602050,91.875964,28.726086,120.244239,91.572729,28.671510,2.826464,0.031229
120.117255,91.331694,28.785561,119.956064,91.188773,28.767291,2.693712,0.034216
119.772375,90.911981,28.860394,119.224546,90.666246,28.558300,3.045079,0.029335
119.349403,90.463552,28.885851,118.943584,90.184630,28.758954,2.879026,0.031379
119.020230,90.073640,28.946590,118.802035,89.909311,28.892725,2.802932,0.031951
118.649141,89.667466,28.981675,118.631710,89.824196,28.807514,2.866397,0.030494
118.346264,89.377380,28.968885,118.390721,89.467736,28.922985,2.632226,0.035513
117.977277,89.058279,28.918998,117.963109,88.978228,28.984882,2.828513,0.032698
117.662277,88.701456,28.960821,117.762286,88.819545,28.942742,2.850419,0.031803
117.340395,88.386454,28.953941,117.520077,88.714460,28.805617,2.797734,0.035558
117.139770,88.166942,28.972828,118.021564,89.197960,28.823603,2.551495,0.034964
116.877504,87.917221,28.960283,116.690857,87.854948,28.835908,2.903939,0.031575
116.529264,87.602223,28.927041,116.846703,87.989504,28.857199,2.888615,0.031248
116.282129,87.384661,28.897468,116.511110,87.798121,28.712990,2.922151,0.030538
116.002298,87.123086,28.879213,116.435607,87.743719,28.691887,2.892775,0.032578
115.749935,86.882205,28.867730,116.000814,87.333363,28.667450,3.047311,0.028563
115.515308,86.704801,28.810507,116.024050,87.222456,28.801594,2.896694,0.030337
115.279351,86.462108,28.817243,115.640913,86.977244,28.663669,2.832829,0.034014
115.028786,86.272732,28.756054,115.441926,86.788627,28.653300,2.896262,0.031173
114.896361,86.165538,28.730823,115.199079,86.490534,28.708545,2.894739,0.030690
114.681211,85.992466,28.688745,115.184821,86.538145,28.646676,2.926227,0.030792
114.362739,85.717096,28.645643,114.802578,86.111986,28.690592,3.005783,0.029293
114.200579,85.552158,28.648421,114.751985,86.417596,28.334389,2.846683,0.033037
113.982479,85.387248,28.595231,114.308020,85.879428,28.428592,2.962379,0.030585
113.881915,85.314092,28.567823,114.412623,85.710965,28.701658,3.047614,0.030060
113.675239,85.129662,28.545577,114.246375,86.054275,28.192100,2.847812,0.029820
113.446861,84.887087,28.559774,113.719659,85.500661,28.218997,3.027951,0.028356
113.246161,84.755022,28.491139,113.648183,85.299511,28.348671,2.897172,0.032885
113.072705,84.613539,28.459165,113.711206,85.283398,28.427807,2.841955,0.032121
112.903275,84.479046,28.424229,113.429523,85.131716,28.297808,2.904050,0.030593
112.712213,84.346407,28.365806,113.337148,85.113361,28.223787,2.970054,0.030474
112.597155,84.239222,28.357934,113.030468,84.854017,28.176451,3.022851,0.029351
112.474854,84.131887,28.342967,112.943049,84.903638,28.039411,3.010376,0.028805
112.236573,83.948455,28.288118,112.987380,84.878958,28.108421,2.872291,0.031218
112.033594,83.804804,28.228790,112.829182,84.625950,28.203232,2.932910,0.029840
111.933222,83.643339,28.289883,112.582234,84.529608,28.052625,3.051702,0.029691
111.717908,83.500784,28.217125,112.521836,84.266503,28.255333,3.019923,0.028322
111.582716,83.425831,28.156885,111.927745,84.021730,27.906016,3.081590,0.027530
111.462166,83.338716,28.123450,112.208800,84.480804,27.727996,2.974645,0.027405
111.293943,83.177423,28.116520,111.861653,83.884349,27.977304,3.007795,0.029185
111.179673,83.091498,28.088175,111.808059,83.906841,27.901218,3.052173,0.027799
111.005631,82.941565,28.064066,112.076783,84.167894,27.908889,2.981351,0.027474
110.904969,82.877822,28.027147,111.612162,83.762002,27.850160,3.097226,0.026543
110.735956,82.714610,28.021346,111.628746,83.933858,27.694888,2.897274,0.031724
110.574474,82.610919,27.963556,111.438979,83.631457,27.807522,3.143863,0.026933
110.479161,82.472677,28.006484,111.284699,83.534538,27.750161,3.000726,0.028545
110.356601,82.456501,27.900100,111.286569,83.484521,27.802048,2.861293,0.030271
110.236625,82.323608,27.913018,111.277787,83.512085,27.765703,3.007795,0.028730
110.050011,82.233091,27.816921,111.090414,83.358746,27.731668,2.861767,0.028834
109.939570,82.115003,27.824567,110.993426,83.208928,27.784498,3.067576,0.027878
109.844399,82.050050,27.794349,110.638042,83.238611,27.399431,2.962521,0.027203
109.652577,81.927977,27.724600,110.656047,83.247766,27.408281,2.833664,0.030847
109.651317,81.910485,27.740833,110.711409,83.040126,27.671283,3.091563,0.028011
109.415788,81.763733,27.652055,110.335969,82.855080,27.480889,3.030974,0.030660
109.258117,81.651224,27.606893,110.169609,82.828276,27.341333,3.143947,0.027396
109.156322,81.593101,27.563221,110.108678,82.669333,27.439345,3.033542,0.029018
109.020873,81.493800,27.527074,110.147435,82.641465,27.505970,2.926042,0.029317
108.941967,81.450116,27.491851,110.322859,82.855729,27.467130,3.106943,0.026039
108.907608,81.375196,27.532413,110.004428,82.679627,27.324801,2.882282,0.028986
108.776262,81.285670,27.490592,109.833138,82.721468,27.111670,2.996324,0.027490
108.580904,81.212846,27.368057,109.958252,82.777740,27.180512,3.097576,0.029401
108.545890,81.186291,27.359599,109.557583,82.115867,27.441716,2.995670,0.026896
108.455886,81.103440,27.352446,109.557456,82.377941,27.179515,2.930881,0.028367
108.327318,81.038431,27.288887,109.644805,82.378229,27.266576,3.062174,0.026845
108.190776,80.902805,27.287970,109.293787,82.151078,27.142709,3.069814,0.027939
108.056020,80.847148,27.208871,109.410903,82.360139,27.050764,3.049616,0.029414
108.075396,80.860871,27.214525,109.493187,82.327671,27.165515,2.818125,0.030698
107.931023,80.753785,27.177237,108.967832,82.038271,26.929561,3.124913,0.025598
107.789446,80.666031,27.123416,109.122348,82.148679,26.973670,3.046430,0.027148
107.686108,80.590101,27.096006,108.844769,81.987324,26.857445,2.963264,0.028971
107.548445,80.544663,27.003781,108.408286,81.558590,26.849696,3.303211,0.025025
107.461461,80.436690,27.024771,108.578255,81.817438,26.760817,3.148057,0.025182
107.450115,80.486461,26.963654,108.565745,81.897915,26.667831,3.065848,0.028048
107.399606,80.397997,27.001610,108.347586,81.497480,26.850106,3.027581,0.026783
107.145953,80.247747,26.898206,108.248748,81.659303,26.589445,3.127079,0.027136
107.050255,80.176295,26.873960,108.323930,81.680042,26.643888,2.994306,0.028909
107.016896,80.228398,26.788498,108.072951,81.444993,26.627958,3.196353,0.026579
106.926685,80.114447,26.812238,108.114293,81.550139,26.564154,3.158991,0.026948
106.845088,80.087082,26.758006,107.937810,81.245698,26.692112,3.045713,0.025833
106.819269,80.025796,26.793473,107.889621,81.241984,26.647637,3.117978,0.025333
106.664871,79.941603,26.723268,107.753110,81.289087,26.464022,2.951807,0.029724
106.544557,79.879088,26.665468,107.796966,81.341187,26.455779,3.262239,0.027625
106.456195,79.818033,26.638162,107.622944,81.223159,26.399785,3.251509,0.028352
106.414580,79.742857,26.671723,107.694643,81.177779,26.516864,3.319375,0.026338
106.287872,79.650492,26.637381,107.329242,80.840897,26.488346,3.112706,0.025815
106.202868,79.575593,26.627275,107.447207,80.861852,26.585355,3.233236,0.026110
106.091766,79.475007,26.616759,107.423884,80.840418,26.583466,3.092950,0.026366
106.009113,79.491214,26.517899,107.373611,80.954677,26.418934,3.233719,0.027022
105.934387,79.418395,26.515991,107.504059,80.880711,26.623348,3.134242,0.026308
105.838094,79.344339,26.493755,106.979441,80.710269,26.269173,3.446924,0.026420
105.789436,79.326704,26.462732,107.156200,80.772039,26.384161,3.267092,0.025678
105.709405,79.291248,26.418156,107.114569,80.804482,26.310088,3.013547,0.025666
105.639356,79.248330,26.391026,106.773466,80.689837,26.083629,3.096169,0.028413
105.579732,79.145427,26.434305,106.747618,80.448935,26.298683,3.212558,0.027692
105.381333,79.079871,26.301461,106.559879,80.409972,26.149907,3.196793,0.026021
105.386729,79.091749,26.294980,106.848100,80.822861,26.025238,3.310603,0.027091
105.369613,79.075292,26.294321,106.633123,80.408014,26.225109,2.934755,0.027225
105.208340,78.927333,26.281008,106.745506,80.496647,26.248860,3.290972,0.024532
105.187508,78.922606,26.264902,106.507525,80.449275,26.058250,3.280308,0.025503
105.131143,78.868140,26.263003,106.601528,80.307709,26.293820,3.049494,0.025006
105.056371,78.782903,26.273468,106.314738,80.094277,26.220461,3.142703,0.024504
104.977589,78.729936,26.247652,106.222305,80.269644,25.952661,3.112472,0.026973
104.903015,78.735163,26.167852,106.257912,80.160120,26.097792,3.176841,0.024904
104.887034,78.698628,26.188406,106.351884,80.155665,26.196220,3.100659,0.026229
104.796543,78.613537,26.183006,106.142346,80.132013,26.010333,3.150015,0.024549
104.736204,78.548389,26.187815,105.926206,79.956489,25.969717,3.152404,0.025911
104.641855,78.545074,26.096782,106.276383,80.345574,25.930809,3.098139,0.025909
104.652442,78.487460,26.164981,105.853286,79.945481,25.907805,3.293733,0.026759
104.510730,78.417116,26.093614,105.924861,79.939701,25.985160,3.094471,0.027289
104.485898,78.376093,26.109805,106.025351,79.995969,26.029382,3.386049,0.025360
104.451691,78.306692,26.144999,105.944240,79.864009,26.080231,3.284788,0.024997
104.432515,78.306366,26.126148,105.836871,79.746039,26.090831,3.314740,0.024277
104.601815,78.138667,26.463148,105.932761,79.596363,26.336398,3.092477,0.027395
104.469345,78.242720,26.226625,105.749991,79.819903,25.930089,3.318617,0.024172
104.339627,78.191418,26.148209,105.509992,79.680231,25.829761,3.293627,0.024776
104.296317,78.178579,26.117738,105.700869,79.603788,26.097080,3.185436,0.025522
104.242597,78.099874,26.142723,105.639708,79.685285,25.954424,3.083564,0.025293
104.082314,78.029789,26.052525,105.452152,79.477942,25.974210,3.024882,0.026643
104.073294,78.000498,26.072796,105.413317,79.447093,25.966224,3.095999,0.024689
104.055867,77.978955,26.076912,105.449702,79.510696,25.939005,3.146803,0.026282
104.027638,77.956170,26.071468,105.452887,79.559478,25.893409,3.120411,0.029299
103.931790,77.863233,26.068557,105.333152,79.413295,25.919857,3.131226,0.023552
103.909132,77.817534,26.091598,105.219954,79.236949,25.983006,3.245321,0.022405
103.846672,77.787641,26.059031,105.352320,79.450024,25.902296,3.222811,0.024645
103.793956,77.765402,26.028554,105.496688,79.572294,25.924394,3.221906,0.024633
103.761998,77.738700,26.023298,105.095656,79.140831,25.954824,3.086302,0.027241
103.781559,77.752912,26.028647,105.151796,79.236350,25.915445,3.048007,0.025589
103.745647,77.725162,26.020486,105.010888,79.159881,25.851008,3.200891,0.024864
103.667635,77.703882,25.963753,105.150137,79.178501,25.971636,3.038796,0.028294
103.557056,77.539152,26.017904,104.970760,79.237093,25.733668,3.218798,0.025960
103.590101,77.562375,26.027726,104.839665,79.127316,25.712349,3.201491,0.027844
103.516544,77.498697,26.017847,104.972106,79.182873,25.789233,3.054630,0.025997
103.435823,77.458116,25.977706,104.865675,79.013945,25.851730,3.151043,0.024334
103.429776,77.443068,25.986708,104.895428,78.994929,25.900500,3.261531,0.025141
103.487400,77.481685,26.005715,104.893838,78.988687,25.905151,3.342657,0.025225
103.331400,77.341689,25.989712,104.881931,78.976332,25.905599,3.388838,0.024205
103.319258,77.312682,26.006575,105.177813,79.060119,26.117693,3.268878,0.025373
103.322689,77.273311,26.049378,104.735231,78.906492,25.828738,3.267674,0.024659
103.291578,77.298329,25.993249,104.841966,79.080920,25.761046,3.190644,0.027275
103.276316,77.244727,26.031589,104.853070,79.110001,25.743069,3.316631,0.024915
103.278758,77.298552,25.980206,104.908284,78.945069,25.963214,3.292638,0.022270
