213.976155,212.165373,1.810783,192.011269,188.973435,3.037834,7.818624,0.005812
187.092117,182.681259,4.410858,179.064708,172.598126,6.466581,4.831975,0.010670
170.772439,162.432168,8.340271,162.885728,153.073797,9.811932,4.424849,0.013761
157.020238,146.009196,11.011042,151.209273,139.049198,12.160074,3.959913,0.016830
148.787359,136.249789,12.537571,144.806368,131.686077,13.120290,3.834160,0.016947
143.283711,129.647860,13.635851,140.443883,126.048161,14.395722,3.832101,0.017168
139.041848,124.287191,14.754657,136.582059,121.585050,14.997009,3.976479,0.018348
136.067024,120.587180,15.479844,134.240438,118.233284,16.007155,3.815212,0.017860
133.627481,117.492673,16.134808,131.965629,115.348985,16.616645,3.918892,0.017982
131.812323,115.087396,16.724927,130.275006,113.346651,16.928355,3.801332,0.018487
130.108718,112.948493,17.160225,128.808232,111.386787,17.421445,3.905959,0.017830
128.813839,111.287236,17.526603,127.761597,110.083607,17.677992,3.883301,0.019028
127.723338,109.838024,17.885314,126.757277,108.569765,18.187512,3.786777,0.017769
126.686455,108.484227,18.202229,125.823961,107.378959,18.445002,3.884806,0.017738
125.868096,107.352730,18.515366,124.831703,106.054072,18.777632,3.771245,0.018307
124.993543,106.220020,18.773523,124.152677,105.212318,18.940359,3.712759,0.019522
124.181300,105.151704,19.029596,123.384750,104.159624,19.225126,3.629299,0.018813
123.469364,104.252448,19.216916,122.585491,103.171572,19.413920,3.865535,0.017071
122.857687,103.414236,19.443451,122.105497,102.586820,19.518677,3.756800,0.018753
122.292715,102.647280,19.645435,121.740643,101.969094,19.771549,3.685471,0.018763
121.766608,101.956161,19.810448,121.070973,101.301492,19.769481,3.821066,0.017769
121.289245,101.302940,19.986306,120.532503,100.524628,20.007875,3.738686,0.018292
120.690135,100.646295,20.043839,120.124850,99.933559,20.191291,3.732596,0.018955
120.359830,100.177963,20.181867,119.694178,99.407956,20.286222,3.739131,0.018325
119.932725,99.587061,20.345665,119.651955,99.231107,20.420848,3.736567,0.018970
119.528219,99.082182,20.446037,119.272642,98.751713,20.520929,3.821656,0.018304
119.119038,98.530697,20.588342,118.859773,98.032652,20.827121,3.795163,0.017758
118.655491,97.990581,20.664910,118.247413,97.507628,20.739785,3.757385,0.017777
118.460726,97.722092,20.738633,118.002385,97.191938,20.810448,3.624596,0.017159
118.099237,97.269232,20.830004,117.834213,96.817611,21.016602,3.711342,0.018049
117.740901,96.784705,20.956196,117.437915,96.454287,20.983628,3.585963,0.018395
117.441086,96.391655,21.049431,117.574040,96.433606,21.140434,3.673465,0.018866
117.079346,95.979367,21.099979,116.939930,95.822910,21.117020,3.794504,0.017180
116.896890,95.663401,21.233489,116.741570,95.462000,21.279570,3.816198,0.017358
116.569440,95.330105,21.239335,116.405955,95.036823,21.369132,3.878729,0.016630
116.266000,94.972481,21.293519,116.257528,94.877773,21.379755,3.756695,0.017618
115.969779,94.617536,21.352243,116.054643,94.648553,21.406091,3.603014,0.018132
115.813545,94.410493,21.403052,115.585183,94.155169,21.430014,3.790545,0.016830
115.520330,94.052313,21.468017,115.495761,93.999146,21.496615,3.874093,0.015955
115.402658,93.871527,21.531131,115.411660,93.828368,21.583292,3.828244,0.016886
115.146163,93.550878,21.595285,115.156143,93.620395,21.535748,3.779474,0.016561
114.889781,93.268758,21.621023,115.156282,93.451911,21.704371,4.000503,0.016379
114.616109,92.975622,21.640487,114.903033,93.276466,21.626568,3.741497,0.017207
114.483821,92.782649,21.701173,114.630069,92.930632,21.699436,3.765419,0.016513
114.305629,92.562644,21.742985,114.624934,92.825184,21.799750,3.788668,0.017080
114.159578,92.336024,21.823554,114.720756,92.887355,21.833401,3.871814,0.016284
114.000315,92.093042,21.907273,114.339893,92.319777,22.020116,3.614954,0.016986
113.778075,91.819092,21.958983,114.186689,92.249252,21.937437,3.599086,0.017703
113.522134,91.563478,21.958657,113.998553,92.070371,21.928182,3.771294,0.016340
113.487423,91.475210,22.012213,113.951235,92.025382,21.925853,3.752970,0.017053
113.278395,91.250222,22.028173,113.602506,91.497615,22.104892,3.873662,0.016567
113.155366,91.052784,22.102582,113.721726,91.635096,22.086630,3.566981,0.017432
113.004083,90.879132,22.124952,113.418302,91.312006,22.106296,3.745945,0.016273
112.768356,90.634782,22.133574,113.503378,91.419231,22.084147,3.694359,0.016908
112.737490,90.527533,22.209957,113.205935,91.011568,22.194367,3.783961,0.015702
112.578931,90.320970,22.257961,113.129902,90.933836,22.196066,3.659047,0.017288
112.393204,90.128751,22.264454,112.902746,90.646692,22.256054,3.789128,0.016062
112.305055,90.045860,22.259196,112.766143,90.485536,22.280606,3.704371,0.016844
112.124635,89.818510,22.306125,112.906650,90.588996,22.317654,3.671343,0.016575
112.008061,89.706540,22.301521,112.833530,90.508587,22.324944,3.623726,0.017695
111.896785,89.539389,22.357396,112.538501,90.186893,22.351609,3.686454,0.016704
111.743375,89.371008,22.372367,112.706161,90.301186,22.404975,3.660276,0.017512
111.628504,89.216990,22.411514,112.396808,89.970114,22.426695,3.821620,0.015961
111.512724,89.083888,22.428836,112.511963,90.095401,22.416563,3.880468,0.016560
111.349542,88.903877,22.445665,112.260213,89.781008,22.479205,3.702276,0.016796
111.336463,88.825354,22.511109,112.220390,89.704261,22.516129,3.848009,0.016172
111.178909,88.657075,22.521834,112.178890,89.595414,22.583477,3.675164,0.016056
111.034528,88.470818,22.563710,111.930506,89.373622,22.556884,3.726476,0.016396
110.982612,88.455406,22.527206,111.911778,89.358293,22.553485,3.837403,0.016145
110.876873,88.300417,22.576456,111.820785,89.271981,22.548805,3.426966,0.017170
110.777632,88.222705,22.554928,111.711077,89.175919,22.535158,3.530162,0.017304
110.666078,88.067427,22.598651,111.740635,89.196662,22.543974,3.770410,0.015024
110.537176,87.880007,22.657169,111.202114,88.596602,22.605511,3.922242,0.015148
110.389645,87.749839,22.639806,111.457234,88.847409,22.609825,3.751471,0.015679
110.249146,87.623612,22.625534,111.471478,88.830985,22.640493,3.730497,0.015918
110.141384,87.494477,22.646907,111.179212,88.556582,22.622631,3.723348,0.015817
110.108982,87.468169,22.640813,111.321723,88.753936,22.567788,3.573928,0.016934
110.041329,87.347033,22.694296,111.337237,88.655159,22.682078,3.747574,0.016247
109.922154,87.206729,22.715424,111.014501,88.343448,22.671053,3.763043,0.015735
109.799912,87.076313,22.723599,111.262275,88.567559,22.694716,3.574194,0.017073
109.741146,86.974132,22.767014,111.056448,88.269807,22.786642,3.842047,0.014773
109.514475,86.751930,22.762545,110.613823,87.904062,22.709761,3.797815,0.015605
109.632945,86.870859,22.762086,110.890708,88.075163,22.815545,3.579811,0.016567
109.450004,86.646822,22.803181,111.089121,88.306416,22.782704,3.656727,0.015525
109.427723,86.616483,22.811240,110.874777,88.023725,22.851052,3.616649,0.016453
109.323287,86.478237,22.845050,110.531327,87.638321,22.893006,3.790890,0.014901
109.210767,86.357130,22.853638,110.653529,87.866916,22.786614,3.622443,0.016948
109.100218,86.236219,22.863998,110.471382,87.685108,22.786274,3.882977,0.015575
109.068663,86.176293,22.892371,110.310721,87.446929,22.863792,3.685923,0.016312
109.002544,86.097844,22.904700,110.543792,87.762532,22.781261,3.687656,0.016161
108.939043,86.047651,22.891392,110.316829,87.458199,22.858630,3.534877,0.016446
108.894737,85.972238,22.922500,110.250442,87.390084,22.860358,3.760636,0.015351
108.781063,85.850078,22.930985,110.320415,87.389158,22.931257,3.656530,0.015818
108.734282,85.760189,22.974093,110.184274,87.273797,22.910477,3.707713,0.014765
108.672055,85.707558,22.964497,110.392002,87.344881,23.047121,3.599696,0.016038
108.552609,85.579783,22.972826,109.862055,86.932830,22.929225,3.727886,0.015393
108.477482,85.488431,22.989051,109.978077,87.060440,22.917638,3.877593,0.014785
108.464015,85.453498,23.010517,109.725142,86.716774,23.008368,3.756759,0.014613
108.391757,85.382291,23.009466,110.173008,87.271249,22.901759,3.799906,0.015202
108.305870,85.300017,23.005853,109.819736,86.843108,22.976628,3.878016,0.014319
108.059191,85.057010,23.002180,109.634223,86.690355,22.943868,3.885535,0.014639
108.133256,85.081997,23.051259,109.766817,86.716265,23.050552,3.747272,0.015037
108.071018,84.965105,23.105913,109.580715,86.543542,23.037174,3.885390,0.015141
108.007850,84.943088,23.064762,109.654133,86.672223,22.981910,3.820798,0.014541
107.914755,84.836134,23.078622,109.429726,86.456248,22.973479,3.715547,0.015766
107.819278,84.759775,23.059503,109.607710,86.493547,23.114163,3.774323,0.015228
107.843595,84.735598,23.107998,109.807147,86.614020,23.193127,3.758775,0.015815
107.783874,84.634570,23.149304,109.476441,86.442412,23.034030,3.800466,0.014688
107.650771,84.544288,23.106483,109.484909,86.405560,23.079349,3.794785,0.015597
107.541241,84.459236,23.082005,109.152141,86.123293,23.028848,3.886270,0.015424
107.612327,84.517486,23.094841,109.349851,86.247403,23.102448,3.694317,0.014649
107.446786,84.311653,23.135133,109.257771,86.120190,23.137582,3.766737,0.014978
107.458368,84.302237,23.156131,109.444343,86.348270,23.096074,3.641904,0.015307
107.352394,84.199584,23.152811,109.205244,86.099503,23.105742,3.810113,0.014507
107.254732,84.083623,23.171109,109.198870,86.037474,23.161396,3.710337,0.014782
107.285283,84.106046,23.179237,109.179083,86.039032,23.140052,3.788865,0.014363
107.244032,84.037018,23.207013,109.055158,85.875660,23.179498,3.581086,0.015032
107.082270,83.858444,23.223826,109.102274,85.968222,23.134053,3.941658,0.014655
107.008998,83.815641,23.193357,108.928705,85.803242,23.125462,3.727582,0.015204
107.045278,83.834415,23.210863,109.003590,85.784607,23.218983,3.726420,0.015950
106.991433,83.783542,23.207890,108.905720,85.774169,23.131550,3.750490,0.016145
106.979082,83.756881,23.222202,108.838143,85.536137,23.302006,3.846208,0.014509
106.886281,83.621010,23.265271,109.015797,85.710691,23.305106,3.833087,0.014379
106.869405,83.614726,23.254679,108.800675,85.509937,23.290738,3.706495,0.014304
106.843824,83.552586,23.291238,108.869554,85.658756,23.210798,3.756975,0.013931
106.761555,83.499932,23.261624,108.800793,85.558885,23.241909,3.797453,0.015183
106.648663,83.360834,23.287828,108.633956,85.390660,23.243296,3.793441,0.014578
106.564760,83.273382,23.291378,108.699572,85.462693,23.236878,3.843349,0.014970
106.590310,83.296565,23.293745,108.814590,85.534208,23.280382,3.778318,0.014717
106.623069,83.335003,23.288067,108.615728,85.425051,23.190676,3.770798,0.014448
106.500140,83.216234,23.283906,108.598053,85.346893,23.251160,3.679369,0.015089
106.446364,83.117405,23.328959,108.509671,85.273472,23.236199,3.607255,0.015846
106.385850,83.076539,23.309312,108.518358,85.219744,23.298614,3.764767,0.014221
106.346355,82.994390,23.351965,108.534484,85.216915,23.317569,3.644439,0.015109
106.294966,82.948130,23.346836,108.324001,85.032211,23.291790,3.858577,0.015143
106.199740,82.876426,23.323313,108.442901,85.135218,23.307683,3.617574,0.015119
106.170869,82.846541,23.324329,108.373853,85.102826,23.271028,3.688296,0.014896
106.195700,82.851602,23.344098,108.417033,85.156254,23.260779,3.717695,0.015745
106.146701,82.830818,23.315883,108.211962,84.987690,23.224273,3.743647,0.015298
106.106176,82.760886,23.345290,108.240597,84.895733,23.344865,3.813369,0.013901
105.975515,82.597097,23.378418,108.195096,84.879489,23.315607,3.866452,0.014640
106.003216,82.626564,23.376652,108.189640,84.813809,23.375831,3.761176,0.013726
105.950360,82.575186,23.375174,108.097970,84.797731,23.300238,3.859925,0.013713
105.912343,82.533984,23.378359,108.264417,84.919624,23.344793,3.698645,0.014827
105.866992,82.490060,23.376932,108.102826,84.805864,23.296962,3.954443,0.013971
105.879663,82.500889,23.378774,108.019516,84.668348,23.351168,3.842453,0.013897
105.754727,82.359986,23.394742,108.095803,84.706021,23.389783,3.808851,0.014278
105.768429,82.383557,23.384872,108.085074,84.783965,23.301109,3.460909,0.016395
105.809650,82.393633,23.416017,108.154785,84.821929,23.332856,3.643799,0.015264
105.690078,82.266670,23.423408,108.173205,84.776245,23.396960,3.757810,0.013995
105.606670,82.188065,23.418604,108.050165,84.648741,23.401425,3.787835,0.014688
105.620835,82.151913,23.468922,108.117780,84.751991,23.365789,3.615430,0.015424
105.568125,82.124208,23.443917,108.186953,84.821992,23.364961,3.700152,0.014340
105.463425,82.039686,23.423739,107.919820,84.568028,23.351792,3.749651,0.014421
105.419534,82.014610,23.404924,107.966709,84.659691,23.307018,3.903389,0.014659
105.447490,82.033603,23.413887,107.881491,84.495576,23.385915,3.688064,0.014617
105.332710,81.892786,23.439924,107.685160,84.264138,23.421022,3.790758,0.014309
105.340164,81.894721,23.445443,108.038966,84.608108,23.430858,3.590733,0.015603
105.299539,81.821641,23.477898,107.781782,84.364156,23.417626,3.580998,0.015162
105.260603,81.799096,23.461507,107.951703,84.537275,23.414429,3.663016,0.013837
