211.113866,209.134160,1.979705,192.244157,189.253238,2.990917,6.836208,0.007449
185.934655,181.140182,4.794473,176.615807,169.726058,6.889749,5.069657,0.011783
168.266501,159.306709,8.959792,159.555556,148.364595,11.190960,4.426502,0.015675
155.727729,143.871812,11.855918,151.173084,138.746515,12.426569,4.433651,0.015295
149.136229,136.129826,13.006403,145.578345,131.912468,13.665876,3.946265,0.018498
143.712879,129.641005,14.071874,140.834892,126.406423,14.428468,3.939281,0.018209
139.641411,124.658069,14.983341,136.852188,121.262212,15.589977,3.732312,0.018473
136.358011,120.639991,15.718021,134.144038,118.148980,15.995058,3.790105,0.018951
133.917775,117.596701,16.321074,131.638396,114.925705,16.712692,3.759438,0.018275
131.814181,114.995202,16.818979,129.902804,112.773424,17.129380,3.803415,0.018669
129.992178,112.744708,17.247470,128.231229,110.697246,17.533983,3.778860,0.018812
128.390294,110.734880,17.655414,127.284051,109.449300,17.834751,3.684614,0.019557
127.142067,109.166663,17.975404,125.562548,107.457264,18.105283,3.577067,0.019037
125.971929,107.658937,18.312992,124.876557,106.251005,18.625552,3.643241,0.019065
124.907022,106.288029,18.618993,123.983323,105.171528,18.811795,3.677627,0.019542
123.991230,105.180672,18.810558,122.866692,103.804090,19.062602,3.522665,0.019581
123.172438,104.069142,19.103295,122.226073,102.969022,19.257051,3.568942,0.019013
122.304197,102.952313,19.351884,121.706768,102.240619,19.466150,3.662493,0.019537
121.488492,101.908404,19.580088,120.446333,100.733436,19.712897,3.703340,0.019119
120.862754,101.075426,19.787328,119.931781,99.996766,19.935016,3.764686,0.017932
120.190479,100.223201,19.967278,119.605184,99.453986,20.151198,3.462290,0.020144
119.590374,99.444647,20.145726,118.899303,98.677646,20.221657,3.645302,0.019772
119.013946,98.745818,20.268128,118.501578,98.003790,20.497789,3.717691,0.019088
118.446327,97.974631,20.471696,117.640967,96.987015,20.653952,3.725157,0.018246
117.954838,97.367955,20.586883,117.387325,96.846212,20.541113,3.650355,0.019257
117.407758,96.739133,20.668625,116.846815,96.155185,20.691631,3.724285,0.018547
116.966343,96.201442,20.764901,116.566703,95.663661,20.903042,3.771132,0.017756
116.577221,95.654514,20.922708,116.006322,94.975804,21.030518,3.581750,0.019002
116.063067,95.044017,21.019050,115.638617,94.666255,20.972362,3.797772,0.018198
115.716371,94.593925,21.122446,115.248345,94.124427,21.123918,3.779150,0.018146
115.331910,94.188693,21.143217,115.256537,93.947684,21.308853,3.611345,0.019076
114.903772,93.668624,21.235148,114.514467,93.264827,21.249640,3.749608,0.017285
114.562384,93.252873,21.309511,113.990979,92.608661,21.382318,3.661962,0.018184
114.187025,92.743640,21.443385,113.578620,92.158750,21.419870,3.714844,0.018090
113.933492,92.468036,21.465456,113.483843,91.942316,21.541527,3.632702,0.017644
113.542277,92.033579,21.508697,113.115633,91.594016,21.521617,3.718969,0.017955
113.226461,91.663980,21.562481,112.941245,91.330486,21.610759,3.747472,0.018256
112.879788,91.314387,21.565400,112.651579,91.026242,21.625338,3.809918,0.017322
112.599751,91.012666,21.587085,112.465159,90.862381,21.602778,3.668137,0.017513
112.299619,90.697837,21.601782,112.070519,90.441643,21.628876,3.719513,0.017110
111.999698,90.364665,21.635033,111.777874,90.138465,21.639409,3.621834,0.017413
111.699199,90.051822,21.647377,111.478544,89.856457,21.622087,3.730052,0.017754
111.434207,89.791386,21.642821,111.014640,89.352524,21.662116,3.741217,0.016911
111.087830,89.400765,21.687065,111.068931,89.413441,21.655490,3.540056,0.018952
110.846948,89.148019,21.698929,111.074266,89.346932,21.727334,3.579550,0.017106
110.546913,88.767190,21.779723,110.495134,88.720362,21.774772,3.656688,0.017992
110.416099,88.584340,21.831759,110.130369,88.275270,21.855098,3.612772,0.017623
110.164244,88.301043,21.863201,109.982839,88.119647,21.863192,3.676430,0.016924
109.893438,88.015726,21.877712,109.802210,87.849207,21.953004,3.717656,0.016500
109.678210,87.728673,21.949537,109.776528,87.754952,22.021575,3.611526,0.018042
109.456452,87.494157,21.962295,109.631559,87.654629,21.976930,3.656564,0.016389
109.295744,87.293021,22.002723,109.339006,87.278244,22.060762,3.704086,0.016720
109.092690,87.060793,22.031897,109.181284,87.123875,22.057408,3.584465,0.016824
108.838144,86.748327,22.089817,109.012137,86.850158,22.161979,3.717786,0.016357
108.717916,86.568283,22.149634,108.801668,86.557300,22.244368,3.801754,0.015896
108.543727,86.334318,22.209409,108.615575,86.344815,22.270761,3.660517,0.016431
108.302141,86.082154,22.219988,108.506177,86.201920,22.304257,3.639846,0.016484
108.220093,85.938803,22.281290,108.450516,86.147460,22.303055,3.612521,0.015727
108.054226,85.728809,22.325417,108.243706,85.870858,22.372848,3.628777,0.016798
107.903567,85.587455,22.316112,108.148147,85.798980,22.349167,3.682164,0.016145
107.680480,85.375414,22.305066,108.073628,85.699585,22.374043,3.686722,0.015896
107.496207,85.158291,22.337916,107.973197,85.724079,22.249118,3.704412,0.016963
107.430408,85.094113,22.336295,107.760930,85.396423,22.364507,3.703555,0.016674
107.208468,84.857949,22.350518,107.908714,85.525406,22.383308,3.575582,0.016987
107.131665,84.741989,22.389676,107.457740,84.971822,22.485918,3.579642,0.016750
107.009979,84.553194,22.456785,107.639544,85.122206,22.517338,3.697554,0.016299
106.928237,84.385376,22.542861,107.263147,84.711240,22.551907,3.646767,0.016098
106.650340,84.085893,22.564447,107.145243,84.550058,22.595185,3.683329,0.015559
106.583904,84.020333,22.563571,107.002275,84.404307,22.597967,3.582719,0.017021
106.464141,83.927179,22.536962,106.905824,84.291090,22.614734,3.615195,0.016285
106.335733,83.740382,22.595351,106.830922,84.241333,22.589589,3.587046,0.016162
106.186151,83.589738,22.596413,106.703874,84.038197,22.665677,3.688990,0.015815
106.042122,83.457138,22.584985,106.777025,84.217360,22.559665,3.736425,0.016456
106.009363,83.409093,22.600271,106.465248,83.861858,22.603389,3.579283,0.015489
105.961935,83.331841,22.630094,106.409835,83.699239,22.710596,3.553008,0.016269
105.730616,83.097207,22.633409,106.224844,83.616457,22.608387,3.709734,0.015617
105.673431,82.991035,22.682395,106.310803,83.656020,22.654783,3.587694,0.016377
105.529341,82.868368,22.660972,106.110990,83.441962,22.669028,3.588792,0.015491
105.465601,82.796992,22.668609,106.103958,83.403018,22.700940,3.654567,0.015786
105.324652,82.547890,22.776761,105.755581,82.968620,22.786961,3.701925,0.015074
105.235614,82.431408,22.804206,105.718481,82.932840,22.785641,3.492172,0.016365
105.149687,82.372178,22.777509,105.871481,83.125893,22.745588,3.807233,0.015384
104.994290,82.174183,22.820107,105.835104,83.105748,22.729356,3.700551,0.015075
104.996024,82.169193,22.826831,105.654806,82.823984,22.830822,3.683283,0.015694
104.856584,81.990112,22.866472,105.564548,82.658392,22.906156,3.605989,0.015438
104.864619,81.961206,22.903413,105.670662,82.726469,22.944194,3.621351,0.014990
104.713876,81.822773,22.891104,105.443320,82.531611,22.911709,3.546210,0.016752
104.703534,81.788202,22.915331,105.562529,82.564054,22.998475,3.560976,0.016359
104.512901,81.548522,22.964379,105.346907,82.401343,22.945564,3.719702,0.015321
104.470406,81.530523,22.939883,105.132727,82.293710,22.839018,3.581747,0.015720
104.402652,81.417128,22.985525,105.244353,82.281674,22.962679,3.547623,0.015769
104.395030,81.331547,23.063482,105.356815,82.336458,23.020358,3.564348,0.016180
104.279818,81.239466,23.040353,104.907885,81.856453,23.051432,3.633951,0.016127
104.200587,81.173948,23.026639,105.055753,81.994415,23.061339,3.502593,0.015951
104.050140,80.994678,23.055462,105.246471,82.093551,23.152920,3.585474,0.016126
104.076500,80.974612,23.101888,105.052238,81.871973,23.180265,3.535142,0.016166
103.985452,80.871285,23.114167,104.825841,81.737176,23.088664,3.476245,0.016194
103.910859,80.774684,23.136174,104.822634,81.722076,23.100557,3.693536,0.015174
103.917264,80.795679,23.121586,104.729060,81.661154,23.067906,3.538741,0.015720
103.775870,80.614299,23.161571,104.683680,81.473693,23.209987,3.575655,0.015274
103.751767,80.589665,23.162102,104.657418,81.499534,23.157884,3.583648,0.015293
103.655152,80.445810,23.209342,104.635965,81.377650,23.258315,3.491067,0.016679
103.640827,80.445277,23.195550,104.521485,81.393023,23.128462,3.493138,0.016322
103.521561,80.330136,23.191425,104.429343,81.281293,23.148049,3.562356,0.015756
103.446305,80.233355,23.212950,104.566240,81.367991,23.198249,3.487977,0.015767
103.424402,80.272203,23.152199,104.274972,81.175623,23.099349,3.724514,0.015038
103.452546,80.253714,23.198832,104.721828,81.404456,23.317371,3.576396,0.015758
103.326855,80.067698,23.259157,104.241863,80.944084,23.297778,3.595608,0.015250
103.265271,80.002174,23.263097,104.183757,80.845907,23.337850,3.547866,0.015338
103.208950,79.909154,23.299795,104.189543,80.887279,23.302263,3.673917,0.015143
103.194521,79.927478,23.267043,104.261086,81.033832,23.227254,3.681447,0.014920
103.135038,79.835139,23.299899,104.124019,80.877549,23.246469,3.652503,0.015423
103.058978,79.780556,23.278422,104.281222,80.967512,23.313709,3.566958,0.015528
102.988921,79.659227,23.329694,104.098696,80.776408,23.322288,3.549976,0.015182
102.965513,79.649731,23.315782,104.035355,80.649542,23.385813,3.662402,0.014656
102.938533,79.583950,23.354583,104.087310,80.730799,23.356511,3.505815,0.015250
102.875794,79.488985,23.386809,104.062724,80.755092,23.307632,3.614027,0.014897
102.808387,79.456207,23.352180,103.912756,80.597452,23.315305,3.546954,0.015650
102.765029,79.429637,23.335392,104.020667,80.703838,23.316829,3.542327,0.015642
102.734197,79.388144,23.346052,104.026028,80.677068,23.348959,3.677318,0.014496
102.680855,79.320207,23.360648,103.839191,80.448393,23.390798,3.537123,0.015585
102.632370,79.261538,23.370833,103.694367,80.331070,23.363298,3.591059,0.015241
102.597594,79.246812,23.350782,103.969363,80.609539,23.359824,3.598123,0.015025
102.497040,79.141823,23.355217,103.981389,80.581932,23.399457,3.528295,0.015877
102.457642,79.063350,23.394292,103.726758,80.403874,23.322885,3.580482,0.015474
102.453931,79.089526,23.364405,103.688807,80.370688,23.318119,3.572736,0.015272
102.408612,79.028595,23.380017,103.622247,80.265045,23.357203,3.620991,0.014386
102.302560,78.932591,23.369969,103.644397,80.324991,23.319406,3.573989,0.015273
102.271880,78.914357,23.357523,103.369519,80.030439,23.339080,3.668186,0.014624
102.271300,78.877651,23.393649,103.548807,80.245674,23.303133,3.497055,0.015691
102.190652,78.833264,23.357388,103.541532,80.238752,23.302781,3.518398,0.015932
102.082878,78.738359,23.344519,103.648841,80.393793,23.255047,3.616475,0.014843
102.157099,78.828483,23.328616,103.354328,80.080877,23.273451,3.636103,0.014573
102.064468,78.698582,23.365886,103.273012,79.883956,23.389056,3.551865,0.014597
101.988794,78.626999,23.361795,103.301359,79.981316,23.320044,3.538981,0.015229
102.007980,78.637819,23.370161,103.153550,79.772313,23.381237,3.581479,0.014669
102.025390,78.653774,23.371616,103.268890,79.995106,23.273783,3.571432,0.014762
102.011453,78.590713,23.420740,103.187517,79.836352,23.351165,3.605389,0.015419
101.841781,78.407830,23.433950,103.500093,80.059352,23.440742,3.621691,0.015454
101.765298,78.368723,23.396575,103.178265,79.808077,23.370188,3.659271,0.014462
101.748106,78.335540,23.412566,103.137585,79.802584,23.335001,3.624663,0.015274
101.781430,78.358776,23.422654,103.091874,79.699697,23.392177,3.564497,0.015304
101.736877,78.352935,23.383942,103.096024,79.706742,23.389283,3.555762,0.014882
101.665995,78.271548,23.394448,103.022429,79.669964,23.352466,3.565609,0.014980
101.746686,78.332650,23.414036,103.160591,79.808506,23.352085,3.662220,0.014225
101.630625,78.203663,23.426962,103.009128,79.606858,23.402270,3.630688,0.015007
101.582797,78.167696,23.415101,102.789811,79.476612,23.313199,3.551343,0.015764
101.561099,78.159255,23.401845,102.947401,79.517977,23.429424,3.635042,0.014629
101.568838,78.135496,23.433342,102.896239,79.457253,23.438986,3.650464,0.014742
101.485588,78.080802,23.404786,102.931845,79.550713,23.381132,3.508688,0.016274
101.431621,77.999593,23.432028,102.906827,79.434205,23.472623,3.579433,0.015055
101.394319,77.948195,23.446125,102.826795,79.399314,23.427480,3.591798,0.014945
101.383287,77.947691,23.435596,103.001555,79.512603,23.488953,3.471062,0.015264
101.303988,77.851759,23.452228,102.830970,79.463016,23.367954,3.433750,0.015322
101.300282,77.870375,23.429907,102.800792,79.467485,23.333307,3.611045,0.014903
101.294586,77.867213,23.427373,102.745448,79.397712,23.347737,3.491220,0.015176
101.213199,77.791742,23.421457,102.993870,79.554216,23.439654,3.584240,0.014509
101.202331,77.751212,23.451119,102.819855,79.399528,23.420327,3.412191,0.015862
101.271780,77.810266,23.461514,102.701974,79.294587,23.407387,3.610769,0.014693
101.143860,77.712543,23.431317,102.751516,79.392133,23.359383,3.631163,0.014989
