214.150264,211.547540,2.602724,192.507594,189.149485,3.358109,6.298062,0.005170
186.717196,181.939767,4.777428,176.987461,170.290816,6.696644,5.036980,0.007839
169.637815,161.664030,7.973785,160.846861,151.521547,9.325313,4.197515,0.011591
155.163838,144.610146,10.553693,149.834103,138.739959,11.094145,4.241125,0.012987
147.699392,136.163579,11.535812,144.049884,132.119418,11.930466,4.004626,0.015006
142.607318,130.212223,12.395095,139.748567,126.919437,12.829130,3.915687,0.015141
138.802847,125.654029,13.148818,136.555013,122.914713,13.640299,3.907259,0.015906
135.730392,121.935695,13.794697,133.486702,119.417726,14.068976,3.999381,0.015249
133.271791,118.891639,14.380152,131.141071,116.472025,14.669047,4.031425,0.016423
131.002757,116.138640,14.864117,129.062224,113.983928,15.078295,3.964716,0.016650
129.179219,113.913213,15.266005,127.459497,112.106668,15.352828,4.085170,0.016380
127.658810,112.165115,15.493695,125.922481,110.164433,15.758048,4.123004,0.016390
126.373463,110.584835,15.788628,124.890862,108.893668,15.997195,4.297922,0.016292
125.176719,109.196784,15.979935,123.968181,107.968445,15.999737,4.058292,0.016593
124.228653,108.149601,16.079052,123.013343,106.820348,16.192996,4.133808,0.016908
123.354780,107.156973,16.197807,122.259509,105.984607,16.274903,4.074155,0.015831
122.544323,106.224418,16.319904,121.373023,104.954837,16.418186,4.062315,0.017415
121.663474,105.227041,16.436432,120.543480,103.976631,16.566849,4.086336,0.016774
120.888149,104.383305,16.504843,120.071383,103.581823,16.489560,3.820566,0.018054
120.161670,103.586983,16.574687,119.214461,102.600533,16.613928,4.081454,0.017293
119.623295,102.954350,16.668945,118.738681,101.892009,16.846673,4.084891,0.016537
118.984483,102.272849,16.711634,118.114941,101.262743,16.852198,4.081288,0.017039
118.398222,101.604171,16.794051,117.446025,100.518532,16.927494,4.149030,0.016409
117.749591,100.878427,16.871164,117.082287,100.231101,16.851186,4.030038,0.017766
117.268272,100.373007,16.895266,116.370385,99.433030,16.937355,4.190216,0.017402
116.716642,99.760204,16.956438,116.061558,99.090411,16.971147,4.017530,0.017957
116.283186,99.280132,17.003054,115.666780,98.705341,16.961439,4.253601,0.015904
115.841335,98.819853,17.021481,115.246694,98.222892,17.023802,3.996904,0.017760
115.346055,98.282988,17.063067,114.626999,97.474823,17.152177,4.135772,0.016656
114.994927,97.856053,17.138874,114.440619,97.249266,17.191353,3.979358,0.017197
114.534157,97.378735,17.155422,113.922796,96.766199,17.156597,4.099524,0.017405
114.184733,96.979237,17.205496,113.524805,96.326392,17.198414,4.124011,0.016861
113.801816,96.598045,17.203771,113.233140,96.066749,17.166391,4.149947,0.016165
113.429563,96.218939,17.210624,113.258004,96.113483,17.144522,3.946959,0.017670
113.119988,95.915815,17.204174,112.526004,95.403318,17.122686,4.051521,0.017012
112.739765,95.491320,17.248445,112.495813,95.295900,17.199913,4.007678,0.017543
112.454424,95.186290,17.268134,111.965549,94.721199,17.244351,3.909591,0.017228
112.030620,94.774050,17.256570,111.919833,94.678451,17.241382,4.085837,0.016210
111.788579,94.530005,17.258574,111.725231,94.462386,17.262845,4.003528,0.017371
111.437177,94.178015,17.259162,111.231611,93.988146,17.243466,4.006313,0.016433
111.095957,93.815776,17.280181,110.636917,93.337930,17.298988,3.905806,0.017361
110.801377,93.482368,17.319009,110.444059,93.108933,17.335126,4.024155,0.016227
110.401466,93.113261,17.288205,110.273675,92.987471,17.286203,4.185666,0.016028
110.226816,92.914584,17.312232,109.862783,92.525021,17.337762,4.033267,0.017421
109.930228,92.593702,17.336526,109.508150,92.255990,17.252161,4.145452,0.016657
109.614597,92.276430,17.338167,109.333163,91.951790,17.381373,4.132083,0.015994
109.387804,92.003024,17.384781,109.096085,91.770585,17.325501,4.046144,0.016094
109.057672,91.689232,17.368441,108.843083,91.474659,17.368424,4.194553,0.016141
108.918026,91.530815,17.387211,108.841793,91.442327,17.399465,4.098723,0.016316
108.659165,91.262246,17.396919,108.461366,91.042343,17.419023,3.946445,0.016142
108.435514,91.021263,17.414251,108.340564,90.933173,17.407391,4.022289,0.016536
108.257938,90.823020,17.434918,108.068381,90.542298,17.526083,4.011889,0.016278
108.012907,90.564283,17.448624,107.858471,90.360156,17.498315,4.027769,0.016448
107.799762,90.390260,17.409502,107.624706,90.195579,17.429127,4.154081,0.015116
107.587355,90.107332,17.480023,107.391236,89.899597,17.491639,4.020348,0.016533
107.390279,89.916709,17.473570,107.198865,89.694632,17.504233,4.058294,0.015893
107.199923,89.711720,17.488203,107.191043,89.717697,17.473346,4.032730,0.015274
107.047148,89.580040,17.467108,107.149533,89.715990,17.433543,4.071279,0.015298
106.874391,89.406020,17.468371,107.010083,89.530671,17.479411,4.193707,0.015199
106.661926,89.174215,17.487711,106.719694,89.166833,17.552861,4.223093,0.014611
106.527827,89.048482,17.479345,106.821550,89.343588,17.477962,4.050580,0.016167
106.401498,88.897819,17.503679,106.265805,88.696286,17.569519,4.219415,0.015835
106.233914,88.712716,17.521198,106.344728,88.805774,17.538953,4.118291,0.015438
106.048972,88.557974,17.490998,106.306582,88.818053,17.488529,4.118108,0.016136
105.902194,88.377281,17.524913,106.225068,88.687037,17.538031,4.073112,0.014807
105.779040,88.274479,17.504562,106.044279,88.556297,17.487982,4.053351,0.015419
105.744841,88.209089,17.535753,105.681226,88.190416,17.490810,4.098450,0.015387
105.566417,88.035814,17.530603,105.634739,88.106286,17.528454,4.131855,0.015039
105.420311,87.882333,17.537979,105.578754,88.066610,17.512144,4.126847,0.015355
105.274391,87.715890,17.558500,105.592108,88.112742,17.479366,4.107898,0.015426
105.190749,87.635422,17.555327,105.468338,87.826530,17.641808,3.982204,0.016187
105.027086,87.467301,17.559785,105.464981,87.911890,17.553091,4.071535,0.015071
104.948103,87.366723,17.581380,105.327016,87.735003,17.592013,4.063627,0.015679
104.761240,87.154990,17.606249,105.162486,87.600218,17.562269,4.156524,0.014252
104.713151,87.087534,17.625617,104.925964,87.321289,17.604675,4.265302,0.014676
104.587449,87.000614,17.586835,104.936972,87.372437,17.564535,4.195445,0.014137
104.493292,86.891697,17.601595,104.853683,87.283047,17.570636,4.147215,0.015640
104.401453,86.823998,17.577455,104.658734,87.038252,17.620481,4.019632,0.015437
104.265957,86.672813,17.593144,104.799044,87.220947,17.578097,4.237818,0.014515
104.200837,86.550921,17.649916,104.507967,86.895112,17.612855,4.121832,0.015156
104.084171,86.412454,17.671718,104.307488,86.684871,17.622617,3.947186,0.015732
103.963753,86.325590,17.638162,104.316570,86.666130,17.650441,4.179696,0.014014
103.865856,86.214964,17.650892,104.322652,86.702544,17.620108,4.119103,0.016137
103.821534,86.191708,17.629826,104.356016,86.716035,17.639981,3.949610,0.015683
103.724071,86.060008,17.664063,104.289331,86.638744,17.650586,4.187428,0.014989
103.608955,85.968708,17.640247,104.217093,86.553910,17.663183,4.281770,0.014430
103.531071,85.914605,17.616466,103.826409,86.218198,17.608210,4.176734,0.015380
103.481710,85.857016,17.624694,103.913418,86.244765,17.668652,4.107293,0.015076
103.324164,85.692795,17.631369,103.968670,86.392608,17.576062,4.069325,0.014327
103.244630,85.586640,17.657991,103.904408,86.241017,17.663391,4.041183,0.014790
103.194625,85.539242,17.655383,103.875176,86.265191,17.609985,4.016231,0.015010
103.058648,85.410715,17.647933,103.634576,86.001663,17.632914,4.091137,0.014914
103.001497,85.351488,17.650009,103.646318,85.949087,17.697231,4.084933,0.015072
102.877438,85.212627,17.664810,103.633425,86.050043,17.583381,4.169705,0.014840
102.787871,85.101363,17.686507,103.418756,85.716240,17.702516,4.227526,0.014612
102.719906,85.076929,17.642976,103.490247,85.915587,17.574660,4.255535,0.014261
102.662085,85.019325,17.642760,103.384205,85.694342,17.689864,4.052650,0.015487
102.586970,84.924813,17.662157,103.106795,85.548691,17.558105,4.174784,0.014307
102.537201,84.885095,17.652106,103.271892,85.643270,17.628623,4.100349,0.014528
102.543680,84.858927,17.684753,103.119750,85.479983,17.639766,4.021294,0.015194
102.326023,84.640682,17.685341,103.313345,85.689384,17.623960,3.969483,0.015421
102.303448,84.622808,17.680640,103.295331,85.591380,17.703951,4.045997,0.015977
102.244514,84.549059,17.695455,102.973116,85.345981,17.627135,4.060294,0.015196
102.157917,84.446013,17.711904,102.876698,85.077707,17.798991,4.155082,0.013830
102.110478,84.389504,17.720974,102.914850,85.201637,17.713212,3.972214,0.015842
102.011684,84.298762,17.712922,102.976573,85.308042,17.668531,4.083292,0.015743
101.987722,84.264002,17.723719,102.922279,85.186788,17.735491,4.313028,0.013892
101.879038,84.141733,17.737305,102.738017,85.019424,17.718592,4.113163,0.014446
101.870555,84.112784,17.757770,102.850567,85.053782,17.796785,4.000516,0.015051
101.776113,84.011531,17.764582,102.770509,85.070871,17.699639,3.937448,0.015336
101.767228,83.948329,17.818899,102.870806,85.082564,17.788242,4.190561,0.014623
101.649384,83.881314,17.768070,102.599607,84.874402,17.725205,4.238672,0.014886
101.665324,83.875969,17.789355,102.554765,84.832945,17.721820,4.080918,0.014272
101.604494,83.818017,17.786477,102.502714,84.729260,17.773453,4.030512,0.015667
101.537752,83.759946,17.777807,102.621930,84.854850,17.767080,4.202947,0.014142
101.462344,83.660939,17.801405,102.535345,84.769293,17.766052,4.210830,0.013990
101.458263,83.642993,17.815270,102.302570,84.564325,17.738244,4.069118,0.015128
101.297915,83.472816,17.825099,102.387338,84.599783,17.787555,4.239112,0.013810
101.289395,83.457716,17.831679,102.346240,84.535214,17.811027,4.139057,0.013829
101.245133,83.400796,17.844337,102.240487,84.441142,17.799344,4.053279,0.014493
101.211920,83.388776,17.823144,102.160850,84.339639,17.821210,4.036258,0.014720
101.119065,83.265490,17.853575,102.268067,84.422295,17.845771,3.999905,0.014845
101.154479,83.301807,17.852672,102.191159,84.370875,17.820284,4.115163,0.014312
101.063256,83.199378,17.863878,102.102751,84.326900,17.775851,4.227459,0.015077
100.988171,83.123120,17.865051,102.039877,84.175071,17.864806,4.036244,0.013956
100.933750,83.034754,17.898995,102.222360,84.299550,17.922810,4.002235,0.014278
100.957427,83.045443,17.911984,101.950949,84.137505,17.813444,4.068038,0.014182
100.933916,83.038002,17.895914,101.859082,84.039459,17.819622,3.889886,0.015260
100.797273,82.894219,17.903054,101.997469,84.107599,17.889870,4.263589,0.014230
100.746418,82.829777,17.916641,101.884951,84.018009,17.866943,4.055036,0.015457
100.695624,82.736342,17.959282,101.926367,84.054452,17.871915,4.041446,0.014852
100.680434,82.751717,17.928718,101.815544,83.922199,17.893345,4.003800,0.014535
100.636272,82.721351,17.914921,101.744776,83.896164,17.848612,4.111117,0.015125
100.630233,82.729293,17.900940,101.846788,84.044802,17.801986,4.219093,0.014371
100.614402,82.702602,17.911799,101.759000,83.896283,17.862717,4.146121,0.014830
100.506421,82.587167,17.919254,101.526279,83.680364,17.845915,4.261415,0.014083
100.535602,82.620424,17.915178,101.664329,83.781607,17.882722,4.070886,0.014951
100.439546,82.461558,17.977988,101.641746,83.737152,17.904593,4.161112,0.014284
100.428021,82.444743,17.983278,101.704890,83.795705,17.909184,4.071895,0.014392
100.396497,82.429689,17.966808,101.566524,83.641965,17.924559,4.008331,0.014517
100.328815,82.354078,17.974737,101.845820,83.892029,17.953791,3.978333,0.015070
100.283412,82.296549,17.986863,101.641365,83.721659,17.919705,4.195884,0.014052
100.254335,82.277151,17.977183,101.618595,83.755759,17.862836,3.979631,0.015461
100.317171,82.326930,17.990241,101.474043,83.488280,17.985763,4.106148,0.014496
100.183286,82.195775,17.987510,101.584761,83.650015,17.934745,4.036772,0.014286
100.185623,82.207885,17.977738,101.632380,83.700335,17.932045,3.911733,0.015873
100.117715,82.158095,17.959620,101.433208,83.500109,17.933099,4.166505,0.014477
100.168614,82.173999,17.994615,101.479313,83.516994,17.962319,4.179753,0.014068
100.048578,82.035449,18.013130,101.439786,83.495845,17.943941,3.977814,0.015343
100.036977,82.019152,18.017824,101.616141,83.585306,18.030835,4.123289,0.013387
99.956102,81.950551,18.005552,101.371573,83.380200,17.991373,4.101927,0.014565
99.957860,81.925535,18.032326,101.359003,83.342168,18.016836,3.938932,0.015880
99.888121,81.872708,18.015413,101.275615,83.274248,18.001367,4.165728,0.013786
99.933190,81.899797,18.033393,101.337462,83.352434,17.985027,4.218793,0.013732
99.912592,81.870995,18.041597,101.256752,83.263282,17.993471,4.114046,0.014674
99.828394,81.791772,18.036622,101.252824,83.280786,17.972039,4.081258,0.015084
99.780316,81.730861,18.049455,101.182160,83.211497,17.970664,4.061708,0.014356
99.771807,81.729851,18.041957,101.190216,83.169866,18.020349,3.922719,0.014779
99.749074,81.680044,18.069031,101.278791,83.276252,18.002539,4.153249,0.014054
99.689838,81.637147,18.052691,101.413638,83.393644,18.019994,4.034838,0.014548
