200.258050,197.463088,2.794962,177.884185,172.467948,5.416237,2.934470,0.011237
163.199630,154.797296,8.402334,152.340633,142.377784,9.962849,3.097328,0.013025
147.783978,137.439172,10.344805,143.431409,132.786662,10.644747,3.446169,0.014076
141.675444,130.682859,10.992585,138.427867,126.973504,11.454363,3.563583,0.015418
136.250254,124.323917,11.926337,133.281162,120.948002,12.333160,3.443917,0.017055
132.257536,119.636537,12.620998,130.183680,117.464260,12.719420,3.481758,0.017369
129.561259,116.602547,12.958713,127.732327,114.607303,13.125024,3.302483,0.017101
127.412877,114.118367,13.294510,125.801608,112.391021,13.410587,3.486007,0.017175
125.774262,112.233419,13.540843,124.190291,110.565200,13.625091,3.571038,0.017307
124.401270,110.669326,13.731945,123.211573,109.417529,13.794044,3.683550,0.016821
123.144180,109.361452,13.782728,122.487177,108.740186,13.746991,3.512252,0.019739
122.161280,108.303472,13.857808,120.988562,107.108895,13.879668,3.788653,0.016231
121.066401,107.095999,13.970403,120.480177,106.538412,13.941765,3.675805,0.016570
120.299268,106.273828,14.025439,119.314345,105.306701,14.007644,3.834885,0.016881
119.438282,105.413226,14.025056,118.570711,104.492948,14.077763,3.813099,0.016626
118.724291,104.638344,14.085947,117.923064,103.817473,14.105591,3.750846,0.016789
117.994647,103.854480,14.140167,117.347853,103.080119,14.267734,3.582058,0.017040
117.199555,103.048760,14.150795,116.689511,102.479846,14.209665,3.862677,0.017120
116.641915,102.443703,14.198213,116.037141,101.806993,14.230149,3.786116,0.017092
115.969607,101.743057,14.226550,115.214014,100.947585,14.266429,3.865039,0.016855
115.419547,101.163431,14.256115,115.031607,100.760619,14.270988,3.834651,0.016059
114.897206,100.597915,14.299291,114.857853,100.496279,14.361573,3.888475,0.016321
114.438850,100.061457,14.377394,114.215142,99.879421,14.335721,3.717256,0.016839
113.973535,99.560272,14.413262,114.068865,99.585498,14.483367,3.793350,0.017814
113.612265,99.165413,14.446852,113.351652,98.941725,14.409926,3.746138,0.017301
113.115264,98.596584,14.518680,112.881689,98.315071,14.566618,3.881528,0.015711
112.772084,98.272549,14.499535,112.805668,98.238667,14.567001,3.654447,0.016230
112.445120,97.878840,14.566280,112.664040,98.123542,14.540497,3.608099,0.017417
112.064108,97.455200,14.608908,111.952278,97.363681,14.588597,4.014846,0.015889
111.717880,97.114696,14.603183,111.819674,97.205744,14.613930,3.878120,0.017014
111.432247,96.780181,14.652067,111.701071,97.013624,14.687448,4.042809,0.016033
111.185419,96.493501,14.691918,111.333049,96.618293,14.714756,3.744700,0.017177
110.855262,96.124455,14.730807,111.239027,96.534477,14.704550,3.959735,0.016458
110.648847,95.903973,14.744874,110.778013,96.027350,14.750664,3.982198,0.015952
110.329974,95.539467,14.790506,110.795638,96.000304,14.795334,3.912852,0.017759
110.134277,95.271380,14.862896,110.572719,95.754618,14.818101,3.874063,0.015621
109.828157,94.941381,14.886777,110.183645,95.356233,14.827411,3.960638,0.014900
109.621096,94.736681,14.884415,109.879250,94.939366,14.939884,4.020067,0.015931
109.507346,94.619345,14.888001,109.793938,94.887462,14.906477,4.160700,0.015989
109.283173,94.401880,14.881294,109.918296,95.048598,14.869698,3.784053,0.017268
109.115435,94.195105,14.920330,109.910522,95.021126,14.889396,3.803748,0.017004
109.025829,94.088367,14.937462,109.690544,94.753155,14.937389,3.826481,0.017231
108.765867,93.760791,15.005076,109.236704,94.359728,14.876977,3.872941,0.017152
108.583433,93.602536,14.980897,109.115432,94.098714,15.016719,4.151941,0.014922
108.493462,93.460937,15.032524,108.942933,93.871739,15.071194,4.054938,0.015531
108.316229,93.271640,15.044589,108.935852,93.916679,15.019174,4.058697,0.015523
108.181912,93.122856,15.059056,108.897326,93.919867,14.977459,3.930401,0.015833
108.079474,92.998316,15.081157,108.784724,93.648120,15.136604,3.934655,0.016161
108.015696,92.899558,15.116138,108.799563,93.633152,15.166411,3.750871,0.017981
107.815089,92.672583,15.142505,108.544411,93.352158,15.192253,3.746246,0.016744
107.663704,92.509986,15.153718,108.483735,93.357445,15.126289,3.998758,0.015494
107.583407,92.458665,15.124743,108.271917,93.066139,15.205778,3.872598,0.015395
107.457643,92.303554,15.154088,108.369619,93.189977,15.179642,3.951972,0.016643
107.450616,92.289986,15.160630,108.400022,93.250317,15.149705,4.056293,0.015842
107.324047,92.160103,15.163945,108.088999,92.826095,15.262905,3.989669,0.016501
107.198762,92.014853,15.183909,108.016054,92.816094,15.199960,3.944894,0.014091
107.015703,91.791292,15.224411,107.920523,92.700804,15.219720,3.989753,0.016500
106.996251,91.803235,15.193016,107.759146,92.540376,15.218771,3.917522,0.015040
106.831032,91.593195,15.237837,107.629186,92.388436,15.240750,3.826274,0.016019
106.759977,91.519183,15.240794,107.796628,92.522252,15.274376,4.042071,0.016110
106.677029,91.426411,15.250617,107.789450,92.652906,15.136543,4.008122,0.015843
106.593152,91.311704,15.281448,107.665773,92.458319,15.207454,3.937914,0.015673
106.561928,91.259481,15.302447,107.550434,92.305525,15.244909,3.995969,0.016372
106.394449,91.095884,15.298565,107.397742,92.043470,15.354272,3.982896,0.015319
106.329804,91.030162,15.299642,107.423170,92.164136,15.259034,3.978759,0.015576
106.313740,90.972438,15.341302,107.510832,92.116372,15.394460,3.753871,0.017694
106.276253,90.949462,15.326791,107.238484,91.937344,15.301139,3.930319,0.016704
106.116822,90.795806,15.321016,107.295340,92.069243,15.226098,3.684112,0.016764
106.109776,90.765236,15.344539,107.231079,91.922045,15.309035,3.973716,0.017164
105.967298,90.639228,15.328070,107.130464,91.779397,15.351067,4.058853,0.015480
105.938432,90.556023,15.382409,106.997483,91.612614,15.384869,4.085072,0.015914
105.894434,90.558662,15.335772,107.120374,91.844177,15.276197,4.060022,0.016609
105.887212,90.542681,15.344531,106.872448,91.484606,15.387842,3.902256,0.015836
105.755314,90.415646,15.339668,107.173529,91.861641,15.311887,4.076106,0.016337
105.725096,90.390151,15.334944,106.993305,91.664597,15.328708,3.733387,0.017109
105.692762,90.351837,15.340924,106.925651,91.566876,15.358775,4.046657,0.015801
105.667224,90.326614,15.340610,106.759742,91.357190,15.402553,4.024083,0.015919
105.569436,90.212908,15.356528,106.982734,91.659255,15.323479,4.100345,0.016379
105.557207,90.174019,15.383188,107.030332,91.688317,15.342015,3.914311,0.017446
105.479758,90.090831,15.388927,106.840534,91.468688,15.371846,3.991287,0.016129
105.412030,90.018796,15.393233,106.745795,91.409756,15.336039,3.996484,0.016208
105.350814,89.981750,15.369065,106.788404,91.444372,15.344031,4.188656,0.015164
105.347999,89.955816,15.392183,106.826076,91.415693,15.410383,4.329949,0.014494
105.231455,89.819994,15.411461,106.986851,91.606499,15.380352,4.012750,0.015219
105.262953,89.888499,15.374454,106.609762,91.228033,15.381729,4.085135,0.015410
105.261143,89.896219,15.364925,106.747063,91.377320,15.369743,4.045059,0.015902
105.147661,89.761371,15.386290,106.897851,91.522128,15.375723,4.022264,0.016068
105.139514,89.737972,15.401542,106.649224,91.278783,15.370441,3.981397,0.015295
105.099161,89.703207,15.395953,106.647494,91.293741,15.353753,4.159704,0.015745
105.076836,89.653444,15.423392,106.488332,91.068324,15.420008,4.026949,0.016138
105.041599,89.622015,15.419584,106.506586,91.110364,15.396222,3.991656,0.016450
104.988225,89.582506,15.405719,106.551836,91.195272,15.356564,3.907559,0.016629
104.994264,89.605000,15.389264,106.449636,91.045194,15.404442,4.089947,0.015735
104.970806,89.571859,15.398946,106.428898,90.878709,15.550189,4.011185,0.016104
105.008045,89.600623,15.407422,106.639200,91.214264,15.424936,4.013334,0.016318
104.894460,89.468290,15.426170,106.726371,91.324449,15.401922,3.995192,0.016321
104.856024,89.449261,15.406763,106.495442,91.160230,15.335212,3.924219,0.016773
104.841138,89.413400,15.427738,106.260969,90.849651,15.411318,3.683385,0.017546
104.834528,89.413039,15.421489,106.791148,91.472820,15.318328,4.080242,0.015916
104.787554,89.354437,15.433117,106.223150,90.738977,15.484173,4.254688,0.015737
104.687053,89.243613,15.443440,106.570340,91.171498,15.398843,4.215191,0.015800
104.717475,89.299278,15.418196,106.459853,91.062427,15.397426,3.952035,0.015409
104.599564,89.169450,15.430114,106.569621,91.131391,15.438230,3.934234,0.015960
104.617637,89.179160,15.438477,106.206821,90.793863,15.412958,3.982441,0.015491
104.608995,89.211126,15.397869,106.186296,90.743607,15.442689,3.961389,0.015854
104.519610,89.098313,15.421297,106.143273,90.636535,15.506738,4.033681,0.015483
104.490457,89.052785,15.437672,106.173394,90.821235,15.352159,4.124418,0.015665
104.503548,89.074740,15.428808,106.269424,90.819647,15.449777,4.082340,0.015615
104.472719,89.023455,15.449264,106.260511,90.886544,15.373967,3.982454,0.016685
104.421463,89.001069,15.420394,106.477051,91.100654,15.376397,3.709192,0.016763
104.473844,89.038123,15.435721,106.592970,91.249025,15.343945,4.051366,0.016422
104.473416,89.046809,15.426606,106.201675,90.810886,15.390789,4.061552,0.016056
104.346768,88.901046,15.445722,106.160251,90.780915,15.379336,3.992599,0.017047
104.400070,88.976211,15.423859,106.145056,90.700614,15.444443,3.911868,0.018371
104.313977,88.907794,15.406184,106.195248,90.768001,15.427247,4.102768,0.015890
104.285671,88.863060,15.422611,106.283150,90.863739,15.419411,4.173752,0.015083
104.150015,88.710749,15.439266,106.214992,90.829955,15.385037,4.126322,0.015173
104.238345,88.815089,15.423256,106.082395,90.667552,15.414843,4.215140,0.015449
104.262098,88.845036,15.417062,105.963089,90.536550,15.426539,4.027261,0.017285
104.179048,88.750544,15.428504,106.356348,90.925365,15.430982,3.972893,0.017653
104.110283,88.696664,15.413619,106.248962,90.959462,15.289499,4.043152,0.016272
104.225425,88.833946,15.391480,106.141533,90.730104,15.411429,4.177605,0.016194
104.172407,88.756133,15.416275,106.172306,90.833665,15.338640,3.805670,0.017470
104.156206,88.728500,15.427707,106.076759,90.689096,15.387664,4.175209,0.015751
104.108955,88.673132,15.435823,105.960488,90.586142,15.374347,3.960342,0.016571
104.035721,88.642857,15.392864,105.844093,90.373403,15.470690,3.957461,0.015817
104.075937,88.637192,15.438745,106.104498,90.619732,15.484766,4.023794,0.015561
103.994753,88.561738,15.433015,106.035201,90.665207,15.369994,4.137232,0.016478
103.933381,88.526443,15.406938,105.977619,90.567167,15.410452,3.877995,0.016710
103.950742,88.549828,15.400915,106.248247,90.899532,15.348715,4.012145,0.016711
103.979649,88.543562,15.436088,106.128022,90.673678,15.454344,3.758583,0.017838
103.964872,88.566952,15.397920,105.831699,90.510578,15.321121,4.113915,0.016304
103.997824,88.591924,15.405900,105.831158,90.370153,15.461005,3.887984,0.015454
103.910771,88.468752,15.442019,105.788935,90.336639,15.452297,3.988699,0.016617
103.873136,88.430150,15.442986,105.842444,90.427531,15.414914,3.791436,0.016731
103.797721,88.381199,15.416522,105.949650,90.578247,15.371404,4.060407,0.016318
103.798090,88.395733,15.402357,105.746396,90.366535,15.379861,4.110108,0.016653
103.749935,88.323697,15.426238,105.733247,90.286349,15.446899,4.313735,0.014575
103.821896,88.377892,15.444004,105.928645,90.529795,15.398850,4.038019,0.016518
103.747705,88.324352,15.423353,106.022876,90.632657,15.390219,4.160551,0.015900
103.802850,88.388561,15.414288,105.860807,90.463989,15.396818,4.193916,0.016975
103.711969,88.294058,15.417911,105.898115,90.538782,15.359333,4.132087,0.015638
103.730237,88.312773,15.417465,105.868217,90.482259,15.385958,4.150219,0.016572
103.809168,88.391128,15.418040,105.797411,90.332899,15.464512,3.951802,0.016193
103.748374,88.335200,15.413174,106.179871,90.831309,15.348562,4.114057,0.016277
103.653096,88.224972,15.428124,105.897808,90.556122,15.341687,4.091287,0.017636
103.781049,88.368781,15.412268,106.044786,90.651333,15.393452,3.826985,0.015879
103.689117,88.300160,15.388957,105.828581,90.405556,15.423026,4.050482,0.016323
103.683422,88.280393,15.403029,105.811921,90.423120,15.388801,4.241649,0.015767
103.622513,88.214201,15.408312,105.604860,90.219093,15.385767,4.056451,0.016822
103.691638,88.300319,15.391319,105.632031,90.175193,15.456839,3.915545,0.015525
103.581312,88.146004,15.435308,105.847596,90.413335,15.434261,4.248982,0.015962
103.626887,88.233605,15.393281,105.839677,90.490942,15.348734,3.831315,0.016227
103.612573,88.220223,15.392350,105.869520,90.439538,15.429982,4.163526,0.015301
103.613607,88.204165,15.409441,105.815016,90.430259,15.384756,3.903424,0.016337
103.578719,88.167035,15.411683,105.915767,90.565802,15.349966,3.945336,0.016698
103.550970,88.135574,15.415395,105.625179,90.179066,15.446113,3.875513,0.017227
103.562888,88.150004,15.412884,105.511760,90.026356,15.485405,4.253955,0.015687
103.526808,88.135144,15.391664,105.494122,90.165894,15.328227,4.333666,0.015866
103.570070,88.195690,15.374380,105.901018,90.489807,15.411211,4.345906,0.014354
