191.629585,183.869908,7.759677,159.748120,145.883465,13.864654,2.381295,0.026328
150.447581,134.123926,16.323655,141.928622,123.906818,18.021804,2.401846,0.035104
138.861507,119.934026,18.927481,133.960701,114.319279,19.641422,2.455350,0.035964
132.599282,112.138985,20.460296,129.652200,108.713427,20.938773,2.422661,0.038999
128.950557,107.700773,21.249784,126.938972,105.304725,21.634247,2.553432,0.037168
126.702615,104.987445,21.715170,125.314167,103.543097,21.771070,2.273774,0.044445
125.001070,103.112965,21.888105,124.234819,102.375163,21.859657,2.487809,0.040537
123.571658,101.560892,22.010766,122.558631,100.358870,22.199761,2.823724,0.036259
122.468334,100.329861,22.138473,121.804982,99.744305,22.060677,2.649990,0.039278
121.536090,99.346766,22.189323,121.185241,99.029683,22.155559,2.685390,0.039360
120.801687,98.508616,22.293072,119.979954,97.675602,22.304352,2.801527,0.039014
120.065151,97.676490,22.388661,119.655689,97.313767,22.341922,2.722539,0.040396
119.365242,96.994910,22.370332,118.869969,96.580786,22.289183,2.858492,0.035691
118.864720,96.522808,22.341912,118.464754,96.039402,22.425352,2.850061,0.034990
118.262333,95.851835,22.410498,118.563757,96.327833,22.235924,2.646151,0.041044
117.856345,95.425093,22.431252,117.811716,95.327891,22.483824,2.711020,0.040164
117.373547,94.926385,22.447162,117.437913,95.023216,22.414698,3.032789,0.035687
117.058134,94.598192,22.459942,117.453843,94.978392,22.475452,2.772387,0.040202
116.674985,94.216237,22.458748,116.868668,94.416914,22.451754,2.784793,0.041012
116.285723,93.853563,22.432160,116.683288,94.303769,22.379518,2.754500,0.038807
115.893035,93.497862,22.395174,116.442053,94.195633,22.246420,2.721613,0.041375
115.618552,93.190985,22.427568,116.007423,93.727932,22.279492,2.742332,0.038848
115.337545,92.910428,22.427117,115.809351,93.550760,22.258591,2.875324,0.041065
114.995985,92.565482,22.430503,115.790344,93.363686,22.426658,2.771923,0.039751
114.765214,92.330988,22.434225,115.342182,93.000699,22.341483,2.836074,0.036999
114.505290,92.096355,22.408936,115.182180,92.871843,22.310336,2.830598,0.039383
114.179606,91.786152,22.393454,114.930141,92.661254,22.268887,2.995647,0.034897
114.074107,91.675455,22.398652,114.683391,92.475569,22.207822,2.879708,0.038051
113.753393,91.402157,22.351236,114.605017,92.303082,22.301934,2.855384,0.036977
113.529306,91.142799,22.386508,114.273644,91.852798,22.420846,2.773813,0.039995
113.267124,90.936919,22.330205,114.298809,91.934316,22.364493,2.806412,0.042698
113.079614,90.752897,22.326717,113.973629,91.807561,22.166068,2.992290,0.035452
112.896608,90.582292,22.314316,113.673707,91.430800,22.242907,2.765001,0.039317
112.699984,90.395110,22.304874,113.568234,91.233696,22.334538,2.854927,0.038660
112.430904,90.171992,22.258912,113.515718,91.443484,22.072235,2.926902,0.038695
112.278428,90.016105,22.262323,113.027922,90.689436,22.338486,2.837887,0.039106
112.046389,89.825822,22.220568,112.845135,90.778742,22.066393,2.884447,0.038473
111.909925,89.689051,22.220874,112.601172,90.511486,22.089686,3.068166,0.035574
111.640651,89.502525,22.138126,112.601257,90.709908,21.891349,2.978874,0.040157
111.557113,89.383798,22.173316,112.690561,90.659269,22.031293,3.025464,0.035229
111.377748,89.210089,22.167659,112.664672,90.636272,22.028400,2.849357,0.039715
111.242470,89.113370,22.129100,111.977104,89.911809,22.065296,2.957637,0.036002
110.995309,88.915735,22.079575,112.043335,89.943219,22.100116,2.858991,0.037809
110.771602,88.723913,22.047689,111.644787,89.658471,21.986316,2.869555,0.036173
110.750293,88.640670,22.109624,111.560159,89.668565,21.891594,3.124585,0.031615
110.483724,88.473658,22.010065,111.616432,89.566221,22.050210,2.889607,0.035937
110.430600,88.368265,22.062335,111.347351,89.432651,21.914700,3.038550,0.034153
110.265028,88.181432,22.083596,111.325066,89.308705,22.016362,2.896180,0.036756
110.073845,88.059396,22.014449,111.526443,89.537877,21.988567,2.779768,0.038732
109.943583,87.870181,22.073402,111.523875,89.543585,21.980290,2.741870,0.040066
109.860751,87.846767,22.013983,110.942498,89.093900,21.848598,3.001272,0.035893
109.705168,87.695759,22.009409,110.984421,89.187077,21.797344,2.743746,0.040079
109.492854,87.548326,21.944528,111.222844,89.257911,21.964934,2.915030,0.034852
109.378664,87.430028,21.948636,110.764061,88.831383,21.932678,2.934922,0.034949
109.239632,87.338515,21.901117,110.452414,88.686328,21.766086,2.951079,0.035834
109.147998,87.235630,21.912368,110.368555,88.521501,21.847054,2.903764,0.035469
109.127184,87.230063,21.897121,110.387298,88.443493,21.943804,2.854510,0.036172
108.957279,87.092252,21.865027,110.312166,88.540873,21.771293,2.894490,0.037154
108.792261,86.901782,21.890478,110.054029,88.213192,21.840837,2.937334,0.033648
108.680620,86.814191,21.866429,109.973964,88.124310,21.849654,2.978347,0.032864
108.548085,86.733406,21.814679,109.761225,87.941617,21.819608,2.944680,0.039032
108.407425,86.598056,21.809369,109.818623,88.131365,21.687259,2.864529,0.035731
108.267284,86.491193,21.776090,109.469855,87.669658,21.800197,2.959476,0.034746
108.178934,86.369263,21.809671,109.729290,88.058515,21.670775,2.847419,0.037121
108.078410,86.337782,21.740628,109.277610,87.621801,21.655809,3.004364,0.034187
107.944117,86.212817,21.731300,109.342092,87.542223,21.799869,2.940622,0.035796
107.846623,86.127319,21.719304,109.387929,87.590514,21.797415,2.915202,0.036405
107.734890,86.020535,21.714354,109.162934,87.471804,21.691130,2.902614,0.037057
107.521506,85.814303,21.707204,108.806432,87.116204,21.690228,2.999532,0.035039
107.513196,85.750999,21.762197,109.032052,87.366750,21.665301,2.936810,0.034553
107.404700,85.732035,21.672664,108.824434,87.247397,21.577036,2.901124,0.036482
107.133240,85.468302,21.664938,108.596167,87.032474,21.563693,2.912119,0.035737
107.127087,85.481026,21.646061,108.540915,86.878458,21.662457,2.872324,0.033553
107.039474,85.377037,21.662437,108.398443,86.875055,21.523388,3.056111,0.034364
106.881116,85.265120,21.615996,108.333249,86.839911,21.493339,3.019064,0.036781
106.857287,85.204478,21.652810,108.248597,86.648099,21.600498,2.825150,0.040593
106.804664,85.182939,21.621724,108.359523,86.752543,21.606980,2.879872,0.037685
106.650478,84.971544,21.678933,108.077671,86.544974,21.532696,2.997089,0.034444
106.522145,84.913260,21.608885,108.130406,86.699910,21.430496,2.810220,0.034102
106.412749,84.833161,21.579588,108.019690,86.503521,21.516170,2.825816,0.034332
106.365865,84.728628,21.637237,107.766078,86.327664,21.438414,3.013774,0.035696
106.343581,84.699784,21.643797,108.016949,86.406874,21.610076,2.888948,0.034065
106.163912,84.536173,21.627739,107.820545,86.251407,21.569138,2.760768,0.035173
106.018443,84.459981,21.558462,107.532290,85.995594,21.536695,2.943970,0.031982
105.969141,84.403286,21.565855,107.661661,86.146054,21.515607,2.904934,0.033836
105.918208,84.352613,21.565595,107.468798,86.061982,21.406815,3.039949,0.033137
105.839973,84.327725,21.512248,107.444861,86.007552,21.437308,3.089578,0.033416
105.875505,84.302408,21.573097,107.405438,85.945699,21.459739,2.884018,0.034773
105.704657,84.146487,21.558171,106.957973,85.518491,21.439482,3.070372,0.031128
105.572978,84.090946,21.482032,107.169817,85.674554,21.495262,2.779279,0.037184
105.531464,84.073342,21.458121,107.076099,85.678317,21.397782,2.871816,0.035479
105.504269,83.956665,21.547604,107.085096,85.645357,21.439739,2.899055,0.033936
105.405170,83.874685,21.530485,107.050307,85.546156,21.504151,2.974513,0.031456
105.371146,83.870704,21.500442,106.980061,85.500082,21.479979,2.719940,0.036133
105.185437,83.750516,21.434921,106.958726,85.522091,21.436635,2.846145,0.036710
105.154974,83.707568,21.447406,106.880072,85.438958,21.441114,2.969639,0.033567
105.083344,83.655735,21.427609,106.758873,85.472855,21.286018,2.862350,0.037342
105.083697,83.676907,21.406790,106.473995,85.055117,21.418879,3.095711,0.033734
105.097554,83.650310,21.447244,106.584137,85.259437,21.324700,2.995478,0.032910
104.935318,83.453796,21.481521,106.877505,85.424540,21.452966,2.854486,0.034990
104.798852,83.361595,21.437256,106.469456,85.216753,21.252703,2.957175,0.036022
104.756321,83.372733,21.383588,106.478208,85.217460,21.260748,3.143893,0.031003
104.662011,83.285046,21.376965,106.282327,85.033102,21.249225,3.116682,0.032845
104.636142,83.281567,21.354574,106.242913,85.016875,21.226039,2.921772,0.032774
104.483813,83.151060,21.332753,106.278812,85.020565,21.258247,2.955832,0.036778
104.494866,83.109738,21.385127,106.187334,84.881264,21.306070,2.935619,0.033048
104.384928,83.049033,21.335895,106.130566,84.910674,21.219892,2.969111,0.034367
104.307674,82.935029,21.372645,105.890094,84.625921,21.264173,2.894688,0.034062
104.262273,82.875315,21.386957,106.076764,84.652439,21.424325,2.984650,0.032528
104.437649,82.838768,21.598882,107.062589,84.865147,22.197443,2.571899,0.035443
104.810217,82.979010,21.831207,106.074496,84.561571,21.512924,2.912374,0.033025
104.447686,82.802259,21.645426,105.955025,84.488602,21.466423,2.945297,0.032639
104.263517,82.650185,21.613332,106.088312,84.582279,21.506033,2.942364,0.032256
104.169902,82.585347,21.584555,105.877753,84.382236,21.495516,2.835810,0.033020
104.067940,82.559141,21.508799,105.877403,84.475099,21.402304,3.002805,0.032297
103.984439,82.483205,21.501235,105.834694,84.301210,21.533484,2.891174,0.029771
103.937992,82.462359,21.475633,105.715890,84.426710,21.289180,2.904301,0.034290
103.865314,82.409602,21.455712,105.480622,83.999311,21.481310,3.069405,0.030807
103.768047,82.275756,21.492291,105.579545,84.170875,21.408670,2.734859,0.034765
103.716708,82.263391,21.453316,105.538631,84.276097,21.262534,2.768911,0.036111
103.703637,82.241442,21.462195,105.495402,84.160385,21.335017,2.746274,0.036145
103.567293,82.151730,21.415562,105.623912,84.241548,21.382364,2.812294,0.047186
103.489552,82.044138,21.445414,105.174092,83.869319,21.304773,2.902411,0.036639
103.463078,82.014303,21.448776,105.302946,84.011898,21.291048,2.782737,0.036129
103.382580,81.978194,21.404386,105.102146,83.755374,21.346771,2.861355,0.032998
103.373711,81.960630,21.413082,105.190412,83.918317,21.272096,2.771173,0.031976
103.350457,81.967219,21.383237,105.245408,83.925814,21.319594,2.725569,0.031558
103.301469,81.936752,21.364717,105.360032,83.965591,21.394442,2.986070,0.036760
103.205260,81.764376,21.440884,105.111692,83.749259,21.362433,2.922389,0.032632
103.190027,81.757251,21.432776,105.096294,83.760867,21.335426,2.927510,0.033346
103.115052,81.688285,21.426767,104.833428,83.536238,21.297190,3.022376,0.032136
103.051025,81.627074,21.423951,104.837232,83.519370,21.317862,2.951871,0.034236
103.041041,81.596516,21.444525,105.206980,83.791782,21.415198,2.960006,0.031655
102.983074,81.528128,21.454947,105.060158,83.607787,21.452370,3.008354,0.029183
102.906897,81.522085,21.384811,105.012110,83.653079,21.359031,2.918036,0.033229
102.969983,81.578690,21.391293,104.992875,83.663047,21.329828,2.897855,0.033122
102.857352,81.418069,21.439283,104.595984,83.212762,21.383221,2.889603,0.030371
102.870082,81.396772,21.473311,104.756208,83.341709,21.414499,2.686237,0.037297
102.783198,81.326165,21.457033,104.780209,83.502757,21.277452,2.926245,0.030491
102.845042,81.378516,21.466526,104.704057,83.289717,21.414340,2.875004,0.032948
102.846049,81.319079,21.526970,104.586442,83.279005,21.307436,2.910561,0.034832
102.745526,81.255907,21.489619,104.526241,83.144664,21.381576,2.851286,0.032286
102.715007,81.154860,21.560147,104.663852,83.211060,21.452792,2.852414,0.031837
102.837693,81.148530,21.689163,104.884306,83.117000,21.767306,2.973465,0.034860
103.000935,81.151100,21.849835,104.831798,83.115132,21.716666,2.866398,0.034697
102.823269,81.070278,21.752991,104.914481,83.343618,21.570863,2.801978,0.033959
102.788712,81.097860,21.690852,104.459991,82.758312,21.701679,2.880677,0.031373
102.586617,80.887722,21.698894,104.653668,83.009295,21.644373,2.910485,0.036324
102.633403,80.941156,21.692247,104.549098,82.953393,21.595705,2.914534,0.030245
102.611126,80.872061,21.739066,104.622089,82.943092,21.678996,2.674739,0.031387
102.626943,80.827180,21.799763,104.355706,82.734211,21.621494,2.846799,0.032979
102.532577,80.795189,21.737388,104.344384,82.669005,21.675379,2.717241,0.034002
102.481397,80.727804,21.753593,104.725210,83.070802,21.654408,2.855381,0.032148
102.388191,80.624668,21.763523,104.360984,82.735183,21.625800,2.846469,0.032727
102.471913,80.586709,21.885204,104.527794,82.654151,21.873643,2.610167,0.034666
102.611337,80.616999,21.994338,104.890088,82.937891,21.952197,2.613836,0.032810
102.505055,80.533235,21.971820,104.818059,82.820299,21.997760,2.793876,0.033363
102.668755,80.587603,22.081152,104.497680,82.475389,22.022292,2.589068,0.033117
102.715387,80.516095,22.199292,104.700955,82.634775,22.066180,2.637722,0.034502
102.823309,80.539431,22.283878,104.956610,82.684094,22.272516,2.603335,0.033084
