253.335538,246.145663,7.189875,214.515850,206.198161,8.317689,12.800644,0.000004
214.821329,206.503587,8.317742,214.375840,206.058082,8.317758,13.659283,0.000000
214.753824,206.436063,8.317762,214.446231,206.128468,8.317764,nan,0.000000
214.692106,206.374343,8.317765,214.250054,205.932290,8.317765,nan,0.000000
214.652715,206.334951,8.317766,214.398943,206.081179,8.317766,nan,0.000000
214.649867,206.332103,8.317766,214.351776,206.034012,8.317766,nan,0.000000
214.615654,206.297890,8.317766,214.419666,206.101902,8.317766,nan,0.000000
214.590442,206.272678,8.317766,214.323967,206.006203,8.317766,nan,0.000000
214.597871,206.280107,8.317766,214.316884,205.999120,8.317766,nan,0.000000
214.580138,206.262374,8.317766,214.435307,206.117543,8.317766,nan,0.000000
214.533115,206.215351,8.317766,214.251887,205.934123,8.317766,nan,0.000000
214.535981,206.218216,8.317766,214.410348,206.092583,8.317766,nan,0.000000
214.542056,206.224292,8.317766,214.395128,206.077364,8.317766,nan,0.000000
214.518354,206.200589,8.317766,214.254451,205.936687,8.317766,nan,0.000000
214.504684,206.186920,8.317766,214.259833,205.942069,8.317766,nan,0.000000
214.491067,206.173302,8.317766,214.192089,205.874325,8.317766,nan,0.000000
214.488033,206.170269,8.317766,214.223158,205.905394,8.317766,nan,0.000000
214.493223,206.175459,8.317766,214.147042,205.829277,8.317766,nan,0.000000
214.467958,206.150193,8.317766,214.204094,205.886329,8.317766,nan,0.000000
214.481744,206.163979,8.317766,214.238508,205.920744,8.317766,nan,0.000000
214.467497,206.149733,8.317766,214.216243,205.898479,8.317766,nan,0.000000
214.447265,206.129501,8.317766,214.242109,205.924345,8.317766,nan,0.000000
214.449942,206.132178,8.317766,214.194123,205.876359,8.317766,nan,0.000000
214.448564,206.130800,8.317766,214.231754,205.913990,8.317766,nan,0.000000
214.449149,206.131385,8.317766,214.191349,205.873585,8.317766,nan,0.000000
214.442104,206.124340,8.317766,214.229680,205.911916,8.317766,nan,0.000000
214.442592,206.124828,8.317766,214.167161,205.849397,8.317766,nan,0.000000
214.438596,206.120832,8.317766,214.149417,205.831653,8.317766,nan,0.000000
214.434372,206.116608,8.317766,214.216757,205.898992,8.317766,nan,0.000000
214.432013,206.114249,8.317766,214.232360,205.914595,8.317766,nan,0.000000
214.433940,206.116176,8.317766,214.158643,205.840878,8.317766,nan,0.000000
214.428338,206.110574,8.317766,214.179342,205.861578,8.317766,nan,0.000000
214.418858,206.101094,8.317766,214.203070,205.885306,8.317766,nan,0.000000
214.427255,206.109491,8.317766,214.219475,205.901710,8.317766,nan,0.000000
214.428871,206.111106,8.317766,214.201532,205.883768,8.317766,nan,0.000000
214.422503,206.104739,8.317766,214.155732,205.837968,8.317766,nan,0.000000
214.417500,206.099735,8.317766,214.282998,205.965234,8.317766,nan,0.000000
214.432351,206.114587,8.317766,214.182232,205.864468,8.317766,nan,0.000000
214.413439,206.095674,8.317766,214.124469,205.806704,8.317766,nan,0.000000
214.416893,206.099129,8.317766,214.159101,205.841337,8.317766,nan,0.000000
214.413775,206.096010,8.317766,214.170989,205.853225,8.317766,nan,0.000000
214.410629,206.092865,8.317766,214.180279,205.862515,8.317766,nan,0.000000
214.431127,206.114478,8.316651,214.208874,205.891109,8.317766,nan,0.000000
214.405843,206.088079,8.317766,214.155657,205.837893,8.317766,nan,0.000000
214.416960,206.099196,8.317766,214.344917,206.027153,8.317766,nan,0.000000
214.418314,206.100550,8.317766,214.179685,205.861921,8.317766,nan,0.000000
214.412435,206.094671,8.317766,214.131077,205.813312,8.317766,nan,0.000000
214.405186,206.087422,8.317766,214.159814,205.842050,8.317766,nan,0.000000
214.409789,206.092025,8.317766,214.177672,205.859908,8.317766,nan,0.000000
214.405429,206.087664,8.317766,214.249747,205.931983,8.317766,nan,0.000000
214.409524,206.091760,8.317766,214.235929,205.918165,8.317766,nan,0.000000
214.406329,206.088565,8.317766,214.168103,205.850339,8.317766,nan,0.000000
214.407108,206.089344,8.317766,214.200601,205.882837,8.317766,nan,0.000000
214.402425,206.084661,8.317766,214.196737,205.878973,8.317766,nan,0.000000
214.404949,206.087184,8.317766,214.190948,205.873184,8.317766,nan,0.000000
214.402433,206.084669,8.317766,214.159723,205.841959,8.317766,nan,0.000000
214.401096,206.083332,8.317766,214.184182,205.866418,8.317766,nan,0.000000
214.405517,206.087753,8.317766,214.172655,205.854890,8.317766,nan,0.000000
214.401182,206.083418,8.317766,214.142955,205.825191,8.317766,nan,0.000000
214.400987,206.083223,8.317766,214.150221,205.832457,8.317766,nan,0.000000
214.401390,206.083625,8.317766,214.161618,205.843853,8.317766,nan,0.000000
214.403529,206.085765,8.317766,214.156512,205.838748,8.317766,nan,0.000000
214.400052,206.082288,8.317766,214.130977,205.813213,8.317766,nan,0.000000
214.401980,206.084216,8.317766,214.182620,205.864855,8.317766,nan,0.000000
214.398596,206.080832,8.317766,214.156298,205.838533,8.317766,nan,0.000000
214.398760,206.080996,8.317766,214.172452,205.854688,8.317766,nan,0.000000
214.402227,206.084462,8.317766,214.178512,205.860748,8.317766,nan,0.000000
214.399261,206.081497,8.317766,214.167070,205.849305,8.317766,nan,0.000000
214.402690,206.084926,8.317766,214.178916,205.861152,8.317766,nan,0.000000
214.403967,206.086203,8.317766,214.187182,205.869418,8.317766,nan,0.000000
214.401391,206.083627,8.317766,214.133803,205.816039,8.317766,nan,0.000000
214.398468,206.080703,8.317766,214.214894,205.897130,8.317766,nan,0.000000
214.398402,206.080638,8.317766,214.148124,205.830360,8.317766,nan,0.000000
214.399558,206.081793,8.317766,214.125629,205.807865,8.317766,nan,0.000000
214.397908,206.080144,8.317766,214.144408,205.826644,8.317766,nan,0.000000
214.394480,206.076715,8.317766,214.188360,205.870595,8.317766,nan,0.000000
214.394792,206.077028,8.317766,214.163787,205.846023,8.317766,nan,0.000000
214.396274,206.078510,8.317766,214.160086,205.842322,8.317766,nan,0.000000
214.394492,206.076728,8.317766,214.143882,205.826118,8.317766,nan,0.000000
214.398730,206.080966,8.317766,214.165596,205.847832,8.317766,nan,0.000000
214.392393,206.074629,8.317766,214.127316,205.809552,8.317766,nan,0.000000
214.393276,206.075511,8.317766,214.150303,205.832538,8.317766,nan,0.000000
214.389179,206.071415,8.317766,214.166914,205.849150,8.317766,nan,0.000000
214.398023,206.080259,8.317766,214.143405,205.825641,8.317766,nan,0.000000
214.396592,206.078828,8.317766,214.165240,205.847476,8.317766,nan,0.000000
214.399044,206.081279,8.317766,214.145498,205.827733,8.317766,nan,0.000000
214.400095,206.082330,8.317766,214.212291,205.894527,8.317766,nan,0.000000
214.401544,206.083780,8.317766,214.166351,205.848587,8.317766,nan,0.000000
214.393185,206.075420,8.317766,214.179462,205.861698,8.317766,nan,0.000000
214.391829,206.074065,8.317766,214.171080,205.853316,8.317766,nan,0.000000
214.400844,206.083079,8.317766,214.140191,205.822426,8.317766,nan,0.000000
214.398694,206.080930,8.317766,214.215382,205.897618,8.317766,nan,0.000000
214.389624,206.071860,8.317766,214.178299,205.860535,8.317766,nan,0.000000
214.393796,206.076031,8.317766,214.174583,205.856819,8.317766,nan,0.000000
214.392462,206.074698,8.317766,214.217936,205.900171,8.317766,nan,0.000000
214.397466,206.079702,8.317766,214.174003,205.856238,8.317766,nan,0.000000
214.387955,206.070190,8.317766,214.105553,205.787789,8.317766,nan,0.000000
214.392580,206.074816,8.317766,214.178675,205.860910,8.317766,nan,0.000000
214.386054,206.068290,8.317766,214.140243,205.822479,8.317766,nan,0.000000
214.388805,206.071040,8.317766,214.140650,205.822885,8.317766,nan,0.000000
214.391225,206.073460,8.317766,214.152158,205.834394,8.317766,nan,0.000000
214.392424,206.074660,8.317766,214.251408,205.933644,8.317766,nan,0.000000
214.401073,206.083308,8.317766,214.146618,205.828854,8.317766,nan,0.000000
214.388763,206.070999,8.317766,214.158921,205.841156,8.317766,nan,0.000000
214.393185,206.075420,8.317766,214.184237,205.866473,8.317766,nan,0.000000
214.390610,206.072846,8.317766,214.166586,205.848821,8.317766,nan,0.000000
214.390888,206.073124,8.317766,214.160696,205.842932,8.317766,nan,0.000000
214.389545,206.071780,8.317766,214.142838,205.825073,8.317766,nan,0.000000
214.389460,206.071696,8.317766,214.154366,205.836602,8.317766,nan,0.000000
214.388193,206.070428,8.317766,214.173124,205.855359,8.317766,nan,0.000000
214.387190,206.069426,8.317766,214.164776,205.847012,8.317766,nan,0.000000
214.387975,206.070211,8.317766,214.140324,205.822560,8.317766,nan,0.000000
214.392725,206.074961,8.317766,214.119104,205.801340,8.317766,nan,0.000000
214.395113,206.077348,8.317766,214.114923,205.797159,8.317766,nan,0.000000
214.388123,206.070359,8.317766,214.159236,205.841471,8.317766,nan,0.000000
214.386692,206.068927,8.317766,214.185558,205.867793,8.317766,nan,0.000000
214.386554,206.068790,8.317766,214.190824,205.873060,8.317766,nan,0.000000
214.388885,206.071121,8.317766,214.170108,205.852344,8.317766,nan,0.000000
214.390864,206.073100,8.317766,214.157947,205.840183,8.317766,nan,0.000000
214.390364,206.072599,8.317766,214.194878,205.877114,8.317766,nan,0.000000
214.385346,206.067581,8.317766,214.121168,205.803404,8.317766,nan,0.000000
214.385314,206.067549,8.317766,214.149482,205.831718,8.317766,nan,0.000000
214.385851,206.068087,8.317766,214.208217,205.890453,8.317766,nan,0.000000
214.385944,206.068180,8.317766,214.148937,205.831172,8.317766,nan,0.000000
214.383773,206.066009,8.317766,214.174552,205.856788,8.317766,nan,0.000000
214.391698,206.073933,8.317766,214.159846,205.842081,8.317766,nan,0.000000
214.391088,206.073324,8.317766,214.165486,205.847721,8.317766,nan,0.000000
214.383306,206.065542,8.317766,214.117641,205.799877,8.317766,nan,0.000000
214.386139,206.068375,8.317766,214.143761,205.825997,8.317766,nan,0.000000
214.384544,206.066779,8.317766,214.185018,205.867254,8.317766,nan,0.000000
214.383810,206.066046,8.317766,214.127857,205.810092,8.317766,nan,0.000000
214.382690,206.064926,8.317766,214.197338,205.879574,8.317766,nan,0.000000
214.387340,206.069576,8.317766,214.153488,205.835724,8.317766,nan,0.000000
214.392288,206.074523,8.317766,214.148875,205.831110,8.317766,nan,0.000000
214.384234,206.066470,8.317766,214.136761,205.818997,8.317766,nan,0.000000
214.384760,206.066996,8.317766,214.165680,205.847916,8.317766,nan,0.000000
214.386381,206.068617,8.317766,214.142060,205.824296,8.317766,nan,0.000000
214.383613,206.065849,8.317766,214.156454,205.838689,8.317766,nan,0.000000
214.386559,206.068795,8.317766,214.160000,205.842236,8.317766,nan,0.000000
214.384544,206.066780,8.317766,214.153841,205.836077,8.317766,nan,0.000000
214.385497,206.067733,8.317766,214.153611,205.835847,8.317766,nan,0.000000
214.383843,206.066079,8.317766,214.200244,205.882480,8.317766,nan,0.000000
214.385491,206.067727,8.317766,214.134214,205.816450,8.317766,nan,0.000000
214.381203,206.063439,8.317766,214.123327,205.805563,8.317766,nan,0.000000
214.383532,206.065768,8.317766,214.121539,205.803775,8.317766,nan,0.000000
214.385914,206.068149,8.317766,214.129964,205.812200,8.317766,nan,0.000000
214.382222,206.064458,8.317766,214.143143,205.825379,8.317766,nan,0.000000
214.387609,206.069845,8.317766,214.160498,205.842734,8.317766,nan,0.000000
214.384256,206.066492,8.317766,214.161239,205.843475,8.317766,nan,0.000000
214.387692,206.069928,8.317766,214.145151,205.827386,8.317766,nan,0.000000
214.382485,206.064720,8.317766,214.143781,205.826016,8.317766,nan,0.000000
214.383532,206.065767,8.317766,214.175249,205.857485,8.317766,nan,0.000000
214.381571,206.063807,8.317766,214.156823,205.839058,8.317766,nan,0.000000
214.387901,206.070137,8.317766,214.177262,205.859498,8.317766,nan,0.000000
214.385582,206.067818,8.317766,214.114851,205.797086,8.317766,nan,0.000000
214.382411,206.064646,8.317766,214.177745,205.859981,8.317766,nan,0.000000
214.383229,206.065465,8.317766,214.155058,205.837293,8.317766,nan,0.000000
214.382010,206.064246,8.317766,214.130361,205.812597,8.317766,nan,0.000000
214.384604,206.066840,8.317766,214.178812,205.861048,8.317766,nan,0.000000
214.382404,206.064640,8.317766,214.204665,205.886901,8.317766,nan,0.000000
