279.219939,266.459445,12.760493,213.017163,196.205755,16.811408,2.593616,0.005047
207.978820,190.945746,17.033074,202.686388,185.272464,17.413924,2.934224,0.008271
192.519664,175.294559,17.225105,181.290554,164.170567,17.119986,3.122236,0.010182
174.753152,158.142855,16.610297,167.254929,150.412904,16.842023,2.938603,0.012747
161.660559,144.242358,17.418200,156.412074,138.575913,17.836161,3.344924,0.012922
154.212334,135.963593,18.248742,150.445023,132.020260,18.424764,3.385509,0.013425
148.775075,130.251243,18.523832,146.053750,127.332795,18.720956,3.186276,0.015702
145.138605,126.141327,18.997279,143.322573,124.177567,19.145007,3.255744,0.016265
142.403102,123.129000,19.274102,140.509707,121.076006,19.433701,3.482584,0.014617
140.269669,120.771893,19.497775,138.445499,118.809977,19.635523,3.535240,0.015121
138.245253,118.647825,19.597428,136.243597,116.645672,19.597926,3.535846,0.015151
136.305299,116.755739,19.549561,135.095095,115.512632,19.582463,3.394054,0.016851
134.541292,115.084457,19.456836,133.126198,113.677385,19.448813,3.436065,0.017003
132.869398,113.548760,19.320639,131.081252,111.956545,19.124708,3.448537,0.015854
131.284744,112.273763,19.010980,129.578942,110.685584,18.893358,3.533783,0.016374
129.932832,110.939683,18.993148,128.955044,109.819930,19.135114,3.427309,0.016494
128.815352,109.723840,19.091511,127.274591,108.157638,19.116953,3.719606,0.015457
127.745613,108.640376,19.105237,126.507800,107.535147,18.972652,3.617567,0.016530
126.722051,107.711873,19.010179,125.333384,106.465038,18.868346,3.676298,0.015770
125.552415,106.756833,18.795582,125.106191,106.231264,18.874926,3.574925,0.017091
124.826563,106.015829,18.810734,123.441625,104.790193,18.651431,3.783818,0.016189
123.881090,105.175125,18.705965,123.237035,104.463653,18.773382,3.572092,0.016101
123.213292,104.528692,18.684600,122.065031,103.291372,18.773659,3.671402,0.016548
122.408652,103.868716,18.539936,121.498195,102.968878,18.529317,3.747034,0.016696
121.714085,103.207348,18.506737,120.725908,102.070110,18.655799,3.884194,0.015664
120.999703,102.423399,18.576304,119.997193,101.464915,18.532278,3.810473,0.015535
120.378447,101.773180,18.605268,119.471640,100.721579,18.750061,3.782335,0.016513
119.816190,101.203839,18.612351,119.010161,100.353273,18.656888,3.770535,0.015497
119.359838,100.728862,18.630976,118.536107,99.873004,18.663102,3.971868,0.014654
118.727914,100.110677,18.617237,117.750142,99.113250,18.636892,3.879195,0.015132
118.162730,99.574255,18.588475,117.401090,98.842189,18.558902,3.799068,0.016331
117.502352,99.151358,18.350994,116.848191,98.461629,18.386562,3.813580,0.016062
116.910266,98.634622,18.275645,116.070666,97.779087,18.291580,3.969988,0.015296
116.471687,98.302703,18.168984,115.731127,97.695885,18.035242,3.834612,0.015433
115.822914,97.829143,17.993771,114.884514,96.859866,18.024648,3.981626,0.014966
115.393007,97.423533,17.969475,114.590158,96.704163,17.885996,4.000822,0.014889
114.863083,97.102243,17.760840,114.165072,96.507796,17.657276,3.865261,0.015053
114.464495,96.824976,17.639519,113.636770,96.066687,17.570084,3.900150,0.015169
113.921208,96.286775,17.634433,113.347641,95.727366,17.620275,3.871633,0.015195
113.547196,96.066942,17.480254,112.984681,95.450878,17.533804,4.016225,0.014064
113.097844,95.675447,17.422397,112.623126,95.196261,17.426865,4.199937,0.014449
112.818436,95.433591,17.384845,112.328967,94.957972,17.370994,4.013005,0.014275
112.404147,95.035278,17.368869,112.258625,94.947478,17.311148,4.027355,0.013986
112.199735,94.847906,17.351830,111.683451,94.367514,17.315937,4.154598,0.013551
111.872699,94.533364,17.339335,111.637279,94.373423,17.263856,4.044661,0.014719
111.641822,94.307517,17.334305,111.422530,94.019728,17.402801,3.860588,0.015149
111.491377,94.156588,17.334790,111.117640,93.699007,17.418633,4.161751,0.013209
111.166039,93.791157,17.374882,110.667325,93.305937,17.361389,4.007805,0.014300
110.932450,93.608731,17.323719,110.542589,93.260112,17.282477,4.173790,0.013533
110.699604,93.418115,17.281489,110.294375,92.967620,17.326755,4.203727,0.013624
110.390858,93.128626,17.262231,109.985794,92.780233,17.205561,4.131976,0.013896
110.161032,93.008391,17.152641,109.961315,92.929349,17.031966,4.027861,0.014148
109.952023,92.873854,17.078168,109.589671,92.414692,17.174978,4.197701,0.013663
109.726732,92.623633,17.103100,109.559013,92.417536,17.141477,4.106600,0.013409
109.517092,92.393462,17.123629,109.281690,92.148049,17.133642,4.051916,0.014064
109.412797,92.298333,17.114464,109.309891,92.183468,17.126423,4.048648,0.013683
109.155029,92.095533,17.059496,108.821381,91.773435,17.047946,4.056450,0.014283
109.023298,91.932447,17.090852,109.052707,91.954394,17.098313,4.157460,0.014075
108.800738,91.715515,17.085223,109.047888,91.963653,17.084235,4.289682,0.012894
108.696980,91.637586,17.059394,108.548134,91.540898,17.007236,4.336779,0.013494
108.490625,91.481013,17.009612,108.590743,91.565337,17.025406,4.216796,0.013391
108.394815,91.386800,17.008015,108.172752,91.113716,17.059035,4.133274,0.014008
108.207696,91.174946,17.032750,108.031840,91.002239,17.029602,4.228202,0.013405
107.962337,90.968132,16.994205,107.989322,91.002683,16.986639,3.994509,0.014437
107.855078,90.843861,17.011217,108.034607,90.968573,17.066035,4.397807,0.012982
107.734129,90.732068,17.002062,107.908763,90.892340,17.016423,4.214547,0.013536
107.592024,90.564899,17.027125,107.549841,90.549959,16.999883,4.276611,0.013946
107.485439,90.450209,17.035230,107.508395,90.410337,17.098059,4.214393,0.012638
107.361025,90.324136,17.036888,107.611868,90.630007,16.981861,4.000017,0.014044
107.216634,90.236578,16.980056,107.322519,90.378415,16.944105,4.203899,0.013990
107.047853,90.103341,16.944512,107.221824,90.351217,16.870606,4.246224,0.014198
106.945526,90.025606,16.919921,107.276618,90.310614,16.966004,4.053197,0.014062
106.792356,89.831708,16.960648,106.805275,89.777799,17.027475,4.213915,0.013068
106.767540,89.810291,16.957249,107.039586,90.072166,16.967420,4.282413,0.013818
106.599864,89.635708,16.964155,106.662137,89.685131,16.977006,4.114697,0.014031
106.511674,89.561581,16.950093,106.774057,89.815429,16.958629,4.287109,0.013226
106.446958,89.449582,16.997377,106.772023,89.806141,16.965882,4.383080,0.012764
106.299142,89.317586,16.981556,106.551024,89.574120,16.976905,4.161946,0.013322
106.180536,89.171972,17.008564,106.531592,89.511086,17.020506,4.237297,0.012839
106.180019,89.149481,17.030539,106.440493,89.333748,17.106745,4.283451,0.013000
106.014670,88.993436,17.021234,106.344094,89.326552,17.017541,4.158238,0.013307
105.943693,88.921988,17.021705,106.327718,89.352355,16.975364,4.164255,0.013266
105.855600,88.851460,17.004140,106.297691,89.261082,17.036609,4.392481,0.012601
105.796328,88.733695,17.062633,106.090125,89.067411,17.022715,4.390645,0.012825
105.690872,88.648688,17.042184,106.190445,89.181872,17.008573,4.397614,0.012695
105.651189,88.598107,17.053082,105.993704,88.895247,17.098457,4.184012,0.013468
105.555720,88.480500,17.075220,105.910173,88.815091,17.095082,4.018361,0.013531
105.505449,88.412071,17.093378,105.856350,88.764486,17.091864,4.149135,0.013104
105.424702,88.327720,17.096982,105.820720,88.726045,17.094675,4.173994,0.012900
105.334663,88.222533,17.112130,105.788177,88.629723,17.158454,4.331366,0.012827
105.219138,88.097898,17.121240,105.733738,88.587408,17.146330,4.138488,0.013797
105.164747,88.055559,17.109188,105.495087,88.386743,17.108345,4.374478,0.013281
105.123299,88.028407,17.094892,105.669493,88.589534,17.079959,4.202723,0.013494
105.068570,87.963489,17.105081,105.605391,88.523578,17.081813,4.380710,0.012767
105.009398,87.909364,17.100034,105.427247,88.333287,17.093960,4.370751,0.012988
104.944180,87.817090,17.127091,105.623441,88.531893,17.091549,4.258821,0.013328
104.870606,87.746893,17.123713,105.522369,88.382930,17.139439,4.150692,0.013180
104.772351,87.628553,17.143798,105.292666,88.169962,17.122704,4.200949,0.014050
104.721893,87.571482,17.150411,105.485114,88.241948,17.243166,4.219542,0.012444
104.633744,87.472550,17.161195,105.376031,88.202144,17.173887,4.113532,0.014225
104.620187,87.438838,17.181350,105.218860,88.071532,17.147328,4.343421,0.013143
104.569354,87.400521,17.168833,105.193091,88.078413,17.114678,4.409783,0.012689
104.520680,87.355458,17.165222,105.294828,88.110699,17.184129,4.409515,0.013273
104.477083,87.309498,17.167586,105.196950,88.043259,17.153691,4.439953,0.012737
104.415334,87.259567,17.155767,105.036459,87.888563,17.147896,4.501069,0.013035
104.396462,87.245204,17.151258,104.993578,87.833158,17.160421,4.386878,0.012661
104.291512,87.099402,17.192110,104.893096,87.709146,17.183949,4.272657,0.012852
104.196620,87.024089,17.172532,105.155921,87.960441,17.195481,4.312060,0.012924
104.238275,87.050362,17.187913,104.899534,87.714960,17.184574,4.220497,0.012928
104.181318,87.016028,17.165291,105.020510,87.882353,17.138157,4.369767,0.012887
104.098819,86.909237,17.189582,104.885750,87.692728,17.193022,4.378113,0.012681
104.029262,86.842252,17.187010,104.845788,87.624183,17.221605,4.225888,0.012976
103.991056,86.806987,17.184069,104.813301,87.690855,17.122446,4.560893,0.012228
104.001806,86.848289,17.153517,104.874208,87.711662,17.162546,4.133539,0.013421
103.931357,86.738577,17.192780,104.677250,87.442126,17.235123,4.260740,0.012998
103.839402,86.632377,17.207025,104.691078,87.530778,17.160300,4.221213,0.013441
103.872827,86.671129,17.201699,104.574428,87.379012,17.195417,4.214914,0.013885
103.827418,86.626250,17.201168,104.673735,87.403797,17.269938,4.318533,0.013379
103.738814,86.547885,17.190929,104.633374,87.492188,17.141186,4.382505,0.013353
103.636821,86.440379,17.196443,104.375212,87.146840,17.228373,4.236605,0.012559
103.616140,86.415672,17.200468,104.439119,87.281425,17.157694,4.434959,0.013108
103.584293,86.390606,17.193688,104.416579,87.289142,17.127437,4.482621,0.013052
103.602670,86.404760,17.197911,104.340928,87.085193,17.255735,4.432655,0.012919
103.514163,86.338888,17.175275,104.353035,87.128347,17.224689,4.396245,0.012815
103.486681,86.283917,17.202764,104.336883,87.164180,17.172703,4.185349,0.013922
103.393319,86.198744,17.194575,104.278908,87.070201,17.208706,4.325095,0.013276
103.399582,86.182712,17.216870,104.187343,87.041424,17.145919,4.098782,0.013910
103.351075,86.113848,17.237227,104.130825,86.930004,17.200820,4.391955,0.012388
103.335482,86.081981,17.253500,104.113042,86.922413,17.190630,4.518378,0.012578
103.269566,86.045607,17.223959,104.177173,86.940241,17.236933,4.393095,0.013037
103.195481,85.986201,17.209281,104.124751,86.964570,17.160181,4.370581,0.012543
103.174975,85.956714,17.218261,103.991016,86.748540,17.242476,4.290290,0.013186
103.166400,85.969964,17.196436,104.229746,87.080140,17.149606,4.112957,0.013778
103.121080,85.950724,17.170356,104.025918,86.836810,17.189107,4.379417,0.012540
103.096131,85.913780,17.182351,104.207135,87.042029,17.165106,4.385238,0.012978
103.053468,85.839307,17.214161,103.816965,86.642687,17.174279,4.377553,0.013533
103.033742,85.834209,17.199534,103.854588,86.648756,17.205832,4.416824,0.012344
102.966486,85.765119,17.201367,103.902968,86.735362,17.167606,4.390029,0.012414
102.933974,85.729261,17.204713,103.962795,86.761980,17.200816,4.110756,0.013279
102.941058,85.764367,17.176691,103.925078,86.790068,17.135010,4.514792,0.013236
102.844089,85.650436,17.193653,103.933980,86.742245,17.191736,4.538250,0.013038
102.824198,85.621763,17.202434,103.927770,86.720131,17.207639,4.374774,0.012536
102.770597,85.564884,17.205713,103.951953,86.775859,17.176093,4.420064,0.013240
102.760938,85.539539,17.221399,103.908508,86.715794,17.192714,4.385739,0.012968
102.767455,85.552337,17.215119,103.982802,86.739336,17.243466,4.265624,0.012828
102.655852,85.407696,17.248156,103.753982,86.537032,17.216950,4.581445,0.012331
102.648669,85.423705,17.224964,103.745100,86.533302,17.211798,4.400575,0.012944
102.626096,85.406686,17.219410,103.681250,86.566701,17.114550,4.301397,0.013215
102.590100,85.373574,17.216526,103.705212,86.449240,17.255971,4.486335,0.012888
102.557759,85.326247,17.231511,103.720059,86.510916,17.209143,4.188322,0.014000
102.522605,85.305400,17.217205,103.501874,86.269613,17.232261,4.533395,0.013288
102.441280,85.206895,17.234385,103.646321,86.387482,17.258840,4.196510,0.013062
102.398846,85.208638,17.190208,103.604885,86.435562,17.169323,4.178613,0.014725
102.413921,85.236427,17.177494,103.369932,86.236423,17.133510,4.444480,0.013021
102.336574,85.172265,17.164309,103.599494,86.475943,17.123552,4.436711,0.012677
102.384436,85.226464,17.157972,103.706717,86.522246,17.184471,3.974834,0.014744
102.293584,85.131219,17.162365,103.476725,86.355410,17.121315,4.425982,0.012803
102.314681,85.145564,17.169117,103.430765,86.274024,17.156741,4.317643,0.013601
102.222850,85.043040,17.179810,103.449950,86.296096,17.153853,4.625198,0.011699
102.215113,85.043626,17.171487,103.497533,86.389539,17.107994,4.617867,0.012224
