236.287846,234.163931,2.123915,193.050547,189.936222,3.114325,4.704302,0.005866
185.562209,180.599121,4.963089,171.020384,162.527053,8.493331,4.124243,0.010222
163.233608,153.307282,9.926326,153.545986,142.009952,11.536035,3.938756,0.013037
149.352469,137.104230,12.248239,144.341046,131.614734,12.726312,3.895114,0.013844
142.236786,129.051351,13.185436,139.089883,125.692894,13.396989,3.962701,0.014601
138.036264,124.265103,13.771161,135.214539,121.054021,14.160518,3.918317,0.014680
134.515973,120.168888,14.347085,132.203942,117.589505,14.614438,4.002822,0.015357
131.758321,116.906106,14.852215,129.461449,114.327239,15.134210,3.939217,0.015437
129.218100,113.969075,15.249025,127.209012,111.702243,15.506769,3.807083,0.016177
126.927729,111.297632,15.630097,125.028969,109.150350,15.878619,4.098000,0.015821
125.111528,109.111132,16.000396,123.502537,107.573568,15.928969,4.051895,0.015692
123.384328,107.236360,16.147968,122.137938,105.909374,16.228564,4.270135,0.014504
122.082411,105.655913,16.426499,120.905070,104.247181,16.657889,4.148328,0.014490
120.829914,104.174093,16.655822,119.714973,102.855772,16.859200,4.014355,0.015785
119.657421,102.856470,16.800951,118.903499,102.013029,16.890470,3.845128,0.015590
118.634617,101.688771,16.945846,117.891410,100.927519,16.963891,3.968674,0.015915
117.737819,100.697771,17.040049,116.821691,99.892686,16.929004,4.015546,0.015473
116.950492,99.815736,17.134756,116.286834,99.013403,17.273431,4.032431,0.016190
116.219374,99.060503,17.158871,115.311606,98.189181,17.122425,4.371473,0.014645
115.454040,98.298115,17.155924,115.094453,97.940415,17.154038,4.093800,0.015150
114.841120,97.619878,17.221242,114.597454,97.429057,17.168397,4.231757,0.015746
114.275931,97.018164,17.257767,114.001651,96.693008,17.308643,4.115296,0.015646
113.830972,96.518377,17.312596,113.327418,95.996453,17.330965,4.172988,0.014763
113.266519,95.908428,17.358091,112.906690,95.480918,17.425772,4.035132,0.015038
112.810804,95.460592,17.350212,112.511409,95.119126,17.392284,4.189720,0.015211
112.342446,94.966488,17.375958,112.583823,95.201090,17.382733,4.005870,0.015224
112.027778,94.599328,17.428451,111.816478,94.377360,17.439118,4.193810,0.015039
111.615588,94.141719,17.473868,111.560226,94.128195,17.432032,4.068506,0.015795
111.255846,93.761964,17.493881,111.262362,93.817789,17.444574,3.947712,0.016544
110.923880,93.396487,17.527393,111.159832,93.654530,17.505302,3.938782,0.015427
110.600143,93.049730,17.550413,110.691335,93.098773,17.592562,3.990762,0.016134
110.240175,92.669626,17.570549,110.848931,93.311070,17.537861,4.087987,0.016047
110.125386,92.523742,17.601643,110.124988,92.464696,17.660292,4.350972,0.013987
109.703163,92.086669,17.616494,110.065049,92.500724,17.564325,4.044211,0.015255
109.510771,91.881564,17.629207,109.806940,92.142928,17.664011,4.146384,0.014573
109.195195,91.511831,17.683364,109.728082,92.049456,17.678626,4.066739,0.015191
108.915415,91.189956,17.725459,109.385464,91.691429,17.694035,3.983958,0.015933
108.768395,91.050928,17.717467,109.262719,91.618560,17.644159,4.158257,0.015246
108.581977,90.810730,17.771247,108.991035,91.268538,17.722496,4.302170,0.014358
108.277001,90.497387,17.779615,108.966760,91.192268,17.774492,4.166955,0.013987
108.167309,90.332857,17.834452,108.732171,91.051589,17.680582,4.160864,0.016006
107.980693,90.120063,17.860630,108.597473,90.679486,17.917987,3.997654,0.014748
107.763148,89.919900,17.843248,108.327976,90.590171,17.737804,4.165341,0.014547
107.638881,89.779091,17.859790,108.252398,90.572861,17.679537,4.168803,0.014574
107.379121,89.539155,17.839966,108.354168,90.623515,17.730653,3.967621,0.015146
107.327863,89.469630,17.858233,108.138835,90.350085,17.788750,3.924131,0.014572
107.079164,89.180936,17.898228,107.979356,90.038312,17.941044,3.991758,0.015019
106.899395,89.029771,17.869623,107.743105,89.943027,17.800078,4.125643,0.014973
106.830634,88.903399,17.927236,107.646707,89.764069,17.882637,4.162845,0.015392
106.657580,88.776750,17.880829,107.219332,89.318874,17.900457,4.124382,0.014760
106.554395,88.601091,17.953304,107.210498,89.246202,17.964296,4.209311,0.013936
106.347706,88.388697,17.959009,107.303339,89.418989,17.884350,4.262996,0.014315
106.300714,88.322149,17.978565,106.997497,89.058638,17.938859,4.284493,0.014011
106.058117,88.027742,18.030376,107.056609,89.096485,17.960124,3.960214,0.014700
105.936410,87.917673,18.018737,107.026439,89.204387,17.822051,4.117933,0.015246
105.885922,87.887624,17.998299,106.890249,88.885562,18.004687,4.107162,0.014287
105.739808,87.691883,18.047925,106.759297,88.839032,17.920265,4.187438,0.014747
105.659522,87.628509,18.031013,106.785081,88.713523,18.071557,4.110727,0.014666
105.571077,87.512346,18.058731,106.410813,88.410722,18.000091,4.334908,0.014219
105.498316,87.408223,18.090093,106.660339,88.511960,18.148379,4.170769,0.013826
105.386167,87.206272,18.179895,106.334250,88.177108,18.157142,3.918975,0.015007
105.251524,87.074035,18.177489,106.465667,88.354284,18.111383,4.132624,0.015492
105.119815,86.984548,18.135267,106.303537,88.347698,17.955839,4.272913,0.014881
105.079735,86.941328,18.138407,106.243549,88.199148,18.044401,4.303350,0.013937
105.016039,86.854887,18.161151,105.993131,87.945211,18.047920,4.236124,0.014543
104.923825,86.716064,18.207762,105.928466,87.739003,18.189462,4.247672,0.014005
104.832602,86.613816,18.218785,106.080492,87.767847,18.312645,4.215275,0.014157
104.675699,86.497726,18.177973,105.910275,87.732712,18.177564,4.265046,0.013645
104.712393,86.576295,18.136098,106.068156,87.871711,18.196445,4.099854,0.014491
104.618478,86.442456,18.176022,105.661639,87.444282,18.217357,4.221294,0.014366
104.481679,86.327027,18.154652,105.759527,87.677117,18.082409,4.250660,0.013847
104.428520,86.219137,18.209383,105.707671,87.536464,18.171206,4.115408,0.015074
104.364604,86.134553,18.230051,105.758938,87.637041,18.121897,4.146396,0.015780
104.256457,86.093902,18.162555,105.525155,87.475728,18.049427,4.213153,0.014392
104.232568,86.009402,18.223167,105.754909,87.655534,18.099375,4.078461,0.014916
104.083991,85.900336,18.183655,105.293516,87.226386,18.067130,4.382341,0.014782
104.139956,85.909385,18.230572,105.543221,87.391250,18.151971,4.169606,0.015880
104.009088,85.816464,18.192623,105.212532,87.119059,18.093473,4.133718,0.014662
104.008890,85.743712,18.265178,105.642828,87.511389,18.131439,4.149763,0.014224
103.922981,85.704361,18.218620,105.374260,87.221560,18.152700,4.201235,0.014441
103.796393,85.592750,18.203643,105.611638,87.464424,18.147213,4.145288,0.016041
103.847825,85.584927,18.262899,105.400601,87.300951,18.099650,4.156677,0.015122
103.815407,85.576622,18.238785,105.371697,87.049283,18.322414,3.985539,0.014637
103.762267,85.474970,18.287297,105.451521,87.308430,18.143090,4.285649,0.013749
103.629042,85.382142,18.246900,105.264517,86.986696,18.277822,4.027820,0.015042
103.606972,85.319126,18.287847,105.058896,86.930017,18.128879,4.308124,0.014620
103.611068,85.320848,18.290220,105.242061,87.133642,18.108419,4.106411,0.014506
103.510006,85.167597,18.342409,105.212479,86.965013,18.247465,4.046586,0.015577
103.448958,85.141475,18.307484,105.112101,86.980018,18.132083,4.039007,0.014947
103.458106,85.190738,18.267368,105.039911,86.736061,18.303850,3.975066,0.014780
103.405829,85.137365,18.268465,105.366348,87.150695,18.215653,4.201245,0.014701
103.406350,85.084073,18.322277,105.094087,86.779115,18.314971,4.160490,0.015636
103.464447,85.063777,18.400671,105.159749,86.775243,18.384506,4.139532,0.015474
103.320680,84.935671,18.385009,105.025757,86.777591,18.248166,4.145312,0.014121
103.190067,84.842323,18.347744,105.174299,86.950284,18.224015,4.100994,0.015736
103.228726,84.899845,18.328881,104.922112,86.520104,18.402008,4.209540,0.014683
103.202563,84.808170,18.394393,105.177384,86.736764,18.440619,4.115055,0.014748
103.132588,84.753022,18.379566,104.904756,86.578433,18.326323,4.325830,0.013742
103.087338,84.680781,18.406557,104.763319,86.325116,18.438203,4.015481,0.015191
103.044413,84.644256,18.400158,104.874408,86.435672,18.438737,4.274951,0.014623
103.028590,84.637697,18.390894,104.782261,86.462452,18.319809,4.168277,0.013846
103.060814,84.632802,18.428012,104.931068,86.651495,18.279573,4.266827,0.013259
102.966091,84.572365,18.393726,104.828646,86.430348,18.398298,4.060622,0.015716
102.981021,84.545365,18.435656,104.650758,86.453777,18.196980,4.532595,0.014342
102.945018,84.494658,18.450359,104.661205,86.244388,18.416817,4.362668,0.013691
102.860522,84.431605,18.428918,104.739539,86.418188,18.321351,4.202249,0.015307
102.837009,84.365270,18.471739,104.818634,86.417239,18.401396,4.610265,0.014889
102.840316,84.386890,18.453426,104.885300,86.382180,18.503119,4.108403,0.013870
102.836547,84.382899,18.453648,104.967196,86.489833,18.477362,4.450039,0.014559
102.804763,84.330305,18.474458,104.479010,86.119593,18.359417,4.186365,0.015233
102.728294,84.263766,18.464528,104.758585,86.387675,18.370910,4.096518,0.015456
102.804504,84.297773,18.506731,104.725275,86.223341,18.501933,4.065246,0.014938
102.718669,84.213564,18.505105,104.842077,86.517677,18.324399,4.120033,0.015188
102.803126,84.185108,18.618019,104.602916,86.141270,18.461646,4.472422,0.013878
102.677305,84.121164,18.556141,104.506664,85.915959,18.590705,4.071504,0.014861
102.633764,84.086603,18.547160,104.661074,86.075194,18.585880,4.347635,0.014715
102.647264,84.090342,18.556922,104.865974,86.415948,18.450026,4.036834,0.014749
102.678662,84.126679,18.551984,104.478811,86.003889,18.474921,4.350036,0.014614
102.678127,84.124429,18.553697,104.791203,86.291851,18.499352,4.170990,0.013974
102.630971,84.104758,18.526213,104.591882,86.091741,18.500141,4.360561,0.014561
102.602775,84.009282,18.593492,104.914193,86.402662,18.511531,4.141712,0.015279
102.647775,84.015545,18.632230,104.767946,86.249247,18.518698,4.146925,0.014893
102.526740,83.903420,18.623320,104.833408,86.307970,18.525438,4.111559,0.015066
102.547563,83.902974,18.644589,104.425782,85.831604,18.594178,4.244060,0.013842
102.530194,83.881033,18.649162,104.558646,86.065648,18.492998,4.156504,0.015798
102.439178,83.821281,18.617897,104.662565,85.972905,18.689660,4.249694,0.013426
102.487771,83.873066,18.614705,104.753527,86.321809,18.431718,4.139662,0.015460
102.455204,83.847786,18.607418,104.585267,86.023176,18.562091,4.594523,0.014599
102.440865,83.841728,18.599137,104.476954,85.897356,18.579598,4.545331,0.014051
102.441168,83.769039,18.672128,104.659158,86.126775,18.532382,4.399706,0.014453
102.389526,83.698595,18.690930,104.337118,85.705911,18.631206,4.340738,0.014950
102.366842,83.688585,18.678258,104.708719,86.172981,18.535738,4.235021,0.014289
102.424827,83.715197,18.709630,104.431062,85.858677,18.572385,4.245523,0.015009
102.309941,83.641663,18.668278,104.836874,86.353460,18.483414,4.133797,0.015276
102.298409,83.669213,18.629196,104.583727,86.017543,18.566184,4.579359,0.013886
102.356027,83.649670,18.706357,104.801680,86.081234,18.720446,4.206965,0.014354
102.274709,83.636857,18.637852,104.611045,86.107416,18.503629,4.272218,0.014949
102.253504,83.597249,18.656255,104.606704,86.008519,18.598185,4.113557,0.014823
102.210369,83.513380,18.696988,104.639472,86.119896,18.519576,4.416356,0.015348
102.265741,83.584205,18.681537,104.457374,85.809663,18.647711,4.275745,0.014552
102.262157,83.553006,18.709151,104.402580,85.834508,18.568072,4.381929,0.015781
102.229902,83.525213,18.704689,104.640970,86.080347,18.560623,4.321774,0.014904
102.201055,83.511524,18.689531,104.831763,86.242344,18.589420,4.460338,0.014382
102.281140,83.554512,18.726628,104.663088,85.830320,18.832769,4.134991,0.015653
102.194969,83.439375,18.755594,104.660737,86.111803,18.548935,4.638570,0.015398
102.121153,83.442998,18.678155,104.420070,85.832576,18.587494,4.172056,0.015535
102.209086,83.509499,18.699587,104.520580,85.836907,18.683674,4.638066,0.013611
102.144726,83.405929,18.738797,104.756983,86.088164,18.668819,4.256503,0.015433
102.094627,83.369443,18.725184,104.448505,85.773931,18.674574,4.146922,0.015983
102.129377,83.399251,18.730127,104.567857,85.924285,18.643572,4.355511,0.014576
102.088955,83.343636,18.745319,104.394174,85.865813,18.528361,4.532657,0.015087
102.121258,83.371167,18.750091,104.409040,85.790546,18.618495,4.463469,0.014457
102.102303,83.335648,18.766655,104.835993,86.218766,18.617226,4.109751,0.015077
102.142088,83.379012,18.763076,104.544154,85.834574,18.709580,4.274310,0.014463
101.999454,83.241199,18.758255,104.376361,85.754393,18.621968,4.168215,0.015302
102.046408,83.295212,18.751196,104.466407,85.836845,18.629563,4.112070,0.014587
102.131340,83.385401,18.745939,104.520573,85.729244,18.791329,4.367949,0.015446
102.033628,83.273331,18.760297,104.615891,86.020157,18.595735,4.099251,0.016241
102.005840,83.209607,18.796233,104.654567,85.980421,18.674146,4.285150,0.015020
102.033129,83.241546,18.791582,104.297861,85.535457,18.762403,4.316935,0.015259
