209.634550,207.157089,2.477461,189.015291,185.258538,3.756753,3.154305,0.010705
174.777404,167.849118,6.928286,162.603406,153.411935,9.191470,2.770914,0.016675
155.005157,144.357731,10.647425,149.262499,137.888572,11.373927,3.186390,0.018233
146.140083,134.193021,11.947062,142.105235,129.428829,12.676406,3.132155,0.019994
140.358781,127.160100,13.198681,137.523728,123.753706,13.770023,3.146749,0.019887
136.660856,122.705058,13.955798,134.116634,119.869257,14.247378,3.261573,0.020077
133.706416,119.118600,14.587816,131.497300,116.634071,14.863229,3.297379,0.020301
131.308775,116.247134,15.061641,129.484984,114.124914,15.360071,3.147169,0.020421
129.259286,113.779416,15.479871,127.883597,112.195220,15.688377,3.121542,0.022160
127.540748,111.716093,15.824656,125.574526,109.497341,16.077185,3.475720,0.021121
125.966574,109.874276,16.092298,125.157752,108.955841,16.201911,3.207216,0.022819
124.739415,108.405955,16.333459,123.317046,106.940526,16.376520,3.424321,0.020726
123.666885,107.174652,16.492232,122.713473,106.250528,16.462945,3.287937,0.022951
122.733977,106.116101,16.617876,121.750344,105.015816,16.734528,3.316984,0.021444
121.893793,105.115616,16.778177,120.803890,103.897787,16.906103,3.451863,0.020566
120.937073,104.053509,16.883564,119.875531,102.922041,16.953490,3.316606,0.020756
120.161079,103.127428,17.033651,119.162781,102.068001,17.094781,3.350726,0.022216
119.373414,102.248120,17.125295,118.671921,101.439498,17.232423,3.261230,0.020950
118.663499,101.414076,17.249423,117.919237,100.684831,17.234405,3.362250,0.021698
118.020981,100.687056,17.333925,117.412844,100.063629,17.349215,3.240137,0.021469
117.380263,99.971672,17.408591,116.730108,99.252257,17.477852,3.317416,0.020662
116.898886,99.378971,17.519914,116.207565,98.589449,17.618116,3.353117,0.019897
116.277864,98.677265,17.600599,115.563783,97.928374,17.635410,3.365635,0.020894
115.851581,98.176568,17.675013,115.183411,97.550900,17.632511,3.338257,0.020372
115.329577,97.625730,17.703847,114.886015,97.223735,17.662280,3.401475,0.020631
114.952089,97.158204,17.793884,114.748290,96.862429,17.885861,3.331597,0.020475
114.515168,96.710601,17.804566,114.279698,96.503564,17.776134,3.470273,0.020920
114.100762,96.236897,17.863865,113.627242,95.714629,17.912613,3.491750,0.019839
113.757754,95.850961,17.906792,113.471462,95.536706,17.934757,3.450746,0.020827
113.440584,95.472570,17.968014,113.044380,94.977704,18.066676,3.348863,0.019814
113.138178,95.155771,17.982406,112.597893,94.649838,17.948056,3.610857,0.018972
112.784045,94.767667,18.016379,112.297748,94.288415,18.009333,3.451773,0.019092
112.514690,94.465796,18.048895,112.271934,94.274265,17.997670,3.468708,0.020441
112.234181,94.172762,18.061419,112.164137,94.119249,18.044888,3.546551,0.019470
111.889531,93.780678,18.108853,111.829448,93.679697,18.149751,3.295625,0.021055
111.636382,93.492380,18.144002,111.433015,93.311844,18.121172,3.462039,0.020137
111.374789,93.255392,18.119398,111.400228,93.295143,18.105085,3.473524,0.019627
111.210026,93.043185,18.166841,111.225975,93.027702,18.198274,3.470231,0.020117
110.859048,92.674864,18.184184,110.780372,92.710092,18.070280,3.499534,0.019788
110.721840,92.540347,18.181492,110.734567,92.529538,18.205029,3.500508,0.020537
110.463974,92.253301,18.210672,110.350517,92.116991,18.233525,3.611935,0.019388
110.251267,91.964010,18.287257,110.253982,91.912368,18.341613,3.548040,0.019679
109.988450,91.721114,18.267336,110.094174,91.766366,18.327808,3.462578,0.019821
109.915653,91.634760,18.280892,109.935461,91.587289,18.348171,3.425776,0.019314
109.605299,91.277752,18.327548,109.560786,91.172966,18.387821,3.430259,0.020720
109.411547,91.096411,18.315136,109.418759,91.106482,18.312278,3.495477,0.018803
109.226886,90.857242,18.369644,109.320783,90.960785,18.359999,3.480913,0.018848
109.050921,90.680683,18.370237,109.055734,90.741331,18.314403,3.685006,0.019927
108.891870,90.532585,18.359284,109.271655,90.962058,18.309597,3.460909,0.020236
108.755581,90.383392,18.372189,108.863545,90.500767,18.362779,3.594156,0.018764
108.606530,90.188168,18.418361,108.859278,90.487931,18.371346,3.436693,0.020225
108.417295,90.036126,18.381169,108.817036,90.448497,18.368539,3.633285,0.019159
108.268569,89.849640,18.418929,108.585894,90.227516,18.358378,3.596558,0.018017
108.103249,89.718372,18.384877,108.369890,90.027048,18.342842,3.448373,0.020343
107.988814,89.570519,18.418295,108.212444,89.755259,18.457185,3.505715,0.019664
107.812328,89.387962,18.424365,108.220769,89.826898,18.393872,3.501811,0.019550
107.638791,89.249528,18.389264,107.942517,89.625883,18.316634,3.577213,0.018536
107.551724,89.115798,18.435926,107.884926,89.471748,18.413178,3.493452,0.019815
107.361630,88.944120,18.417510,107.654672,89.263966,18.390707,3.482140,0.019600
107.270160,88.864215,18.405945,107.568999,89.172536,18.396463,3.496471,0.019174
107.146737,88.743882,18.402854,107.396364,89.011396,18.384968,3.482870,0.019945
106.901506,88.497693,18.403814,107.200413,88.842284,18.358128,3.622329,0.018639
106.850815,88.475399,18.375416,107.363945,88.961643,18.402302,3.634396,0.018485
106.695794,88.324867,18.370927,107.109306,88.831017,18.278289,3.574845,0.019738
106.608081,88.283873,18.324207,107.295480,88.945397,18.350082,3.655572,0.018604
106.475021,88.105958,18.369063,106.781969,88.417558,18.364411,3.795500,0.018022
106.314775,87.926116,18.388659,106.847265,88.485075,18.362190,3.728044,0.017938
106.185035,87.811993,18.373042,106.615349,88.221132,18.394217,3.697134,0.017921
106.133899,87.757810,18.376089,106.538170,88.110943,18.427227,3.669241,0.018282
106.031054,87.635265,18.395790,106.772880,88.404074,18.368806,3.549226,0.018979
105.907239,87.488887,18.418352,106.270515,87.864582,18.405933,3.814617,0.017214
105.771035,87.357421,18.413614,106.361793,87.953856,18.407937,3.678631,0.018188
105.680684,87.263831,18.416853,106.385815,87.989216,18.396598,3.630411,0.018546
105.635802,87.224247,18.411555,106.088514,87.629352,18.459162,3.647014,0.017858
105.553176,87.144892,18.408284,106.139019,87.777028,18.361991,3.708165,0.018089
105.445860,87.023805,18.422056,106.034407,87.658948,18.375458,3.493910,0.019553
105.336091,86.911200,18.424891,105.944914,87.579386,18.365527,3.775502,0.019053
105.297343,86.861544,18.435799,106.047300,87.580882,18.466417,3.643890,0.018069
105.221374,86.806185,18.415188,105.905830,87.487415,18.418415,3.666114,0.018488
105.122185,86.651634,18.470551,105.869077,87.422361,18.446716,3.820087,0.018840
105.061894,86.583474,18.478421,105.795555,87.400612,18.394943,3.744873,0.017778
104.974986,86.511622,18.463364,105.625016,87.218855,18.406160,3.712184,0.018368
104.859044,86.393277,18.465767,105.548764,87.140180,18.408583,3.571490,0.019615
104.758910,86.299439,18.459471,105.625433,87.151511,18.473922,3.716563,0.018399
104.758553,86.266859,18.491694,105.417806,86.916640,18.501166,3.675499,0.017594
104.666551,86.165203,18.501347,105.744040,87.296893,18.447148,3.500773,0.018117
104.582907,86.082324,18.500584,105.506997,87.013772,18.493225,3.570365,0.021072
104.487976,85.973151,18.514825,105.500155,87.014095,18.486060,3.722270,0.018761
104.438427,85.933629,18.504798,105.208367,86.646553,18.561815,3.670335,0.018132
104.386143,85.864003,18.522140,105.365020,86.887234,18.477786,3.697323,0.017443
104.319660,85.825150,18.494510,105.392915,86.910063,18.482852,3.773271,0.018273
104.269964,85.776586,18.493377,105.071625,86.566041,18.505585,3.653720,0.019371
104.247838,85.730611,18.517227,105.062185,86.548416,18.513769,3.564889,0.019038
104.170894,85.666501,18.504392,104.967897,86.487126,18.480772,3.758292,0.017856
104.108921,85.602093,18.506829,105.164079,86.704275,18.459804,3.642120,0.017932
104.071793,85.545203,18.526590,105.005696,86.502821,18.502875,3.641002,0.018309
103.994023,85.468818,18.525205,104.984286,86.388764,18.595522,3.560308,0.019206
103.935096,85.388193,18.546903,105.155778,86.619579,18.536200,3.606312,0.018820
103.859778,85.297189,18.562589,104.818551,86.224476,18.594076,3.783193,0.017832
103.833777,85.307712,18.526065,104.680969,86.146045,18.534924,3.669063,0.017731
103.794263,85.236831,18.557432,104.654973,86.071832,18.583141,3.692164,0.017765
103.751361,85.202113,18.549248,104.587218,85.991102,18.596116,3.803548,0.017605
103.654263,85.107128,18.547134,104.650139,86.142892,18.507248,3.773576,0.017155
103.660630,85.135578,18.525052,104.619655,86.061562,18.558094,3.617123,0.018424
103.607220,85.064338,18.542883,104.698338,86.095660,18.602678,3.793368,0.018028
103.585973,85.035298,18.550674,104.591261,85.983127,18.608135,3.737240,0.018102
103.518651,84.940836,18.577815,104.480021,85.964624,18.515397,3.547792,0.017960
103.389520,84.840097,18.549424,104.611177,86.077045,18.534132,3.819199,0.017213
103.422925,84.843971,18.578954,104.701403,86.178217,18.523185,3.706523,0.018795
103.354521,84.764382,18.590139,104.685968,86.109970,18.575998,3.782979,0.019097
103.310647,84.718801,18.591847,104.750297,86.182677,18.567620,3.717148,0.017833
103.293536,84.687352,18.606184,104.377236,85.758385,18.618852,3.705136,0.018432
103.174363,84.587617,18.586746,104.553643,85.983484,18.570159,3.671202,0.018564
103.217457,84.609325,18.608131,104.344800,85.717601,18.627199,3.697299,0.017763
103.132057,84.493283,18.638774,104.233791,85.660743,18.573047,3.768814,0.018224
103.067950,84.439943,18.628007,104.238660,85.673092,18.565568,3.924929,0.016256
103.031915,84.399633,18.632282,104.106287,85.503078,18.603209,3.563283,0.019035
103.008048,84.399291,18.608758,104.525261,85.904566,18.620695,3.641939,0.018612
103.042109,84.449040,18.593068,104.233132,85.625531,18.607602,3.676965,0.018838
102.924177,84.338457,18.585720,104.080250,85.515233,18.565017,3.773905,0.018093
102.937815,84.365196,18.572619,104.168027,85.596458,18.571569,3.613326,0.019327
102.828739,84.226295,18.602445,104.254294,85.647842,18.606452,3.710691,0.019437
102.800636,84.213053,18.587582,104.130028,85.535962,18.594066,3.728328,0.018724
102.792349,84.218892,18.573456,104.058533,85.489368,18.569164,3.734621,0.018373
102.772232,84.190393,18.581840,104.175312,85.587453,18.587859,3.817759,0.018653
102.683219,84.064282,18.618937,104.025357,85.451481,18.573876,3.825594,0.017551
102.638637,84.022404,18.616232,103.908855,85.330922,18.577933,3.737267,0.017309
102.674861,84.036918,18.637943,104.150219,85.520337,18.629882,3.944437,0.016459
102.638004,83.970710,18.667294,103.941005,85.285626,18.655379,3.834446,0.017572
102.595717,83.928015,18.667702,103.842991,85.202686,18.640306,3.808253,0.017143
102.569312,83.919677,18.649635,103.872667,85.208475,18.664192,3.718755,0.019065
102.565255,83.887088,18.678167,103.974073,85.262480,18.711593,3.655269,0.018792
102.491812,83.818737,18.673074,103.818083,85.169877,18.648206,3.885939,0.017921
102.503522,83.847136,18.656386,104.072308,85.505936,18.566372,3.768111,0.018855
102.482125,83.818892,18.663233,103.907896,85.309960,18.597936,3.619822,0.018242
102.476949,83.833669,18.643280,103.683089,84.983897,18.699193,3.931017,0.016695
102.383624,83.706373,18.677251,103.734259,85.097820,18.636439,3.696301,0.019928
102.377915,83.733279,18.644636,103.660418,85.049628,18.610790,3.982504,0.016927
102.360408,83.699247,18.661161,103.873917,85.135683,18.738234,3.868951,0.017563
102.351180,83.648151,18.703029,103.728324,84.957235,18.771089,3.749761,0.017667
102.284449,83.600184,18.684265,103.920006,85.157557,18.762449,3.530747,0.019541
102.297733,83.606867,18.690866,103.799005,85.165630,18.633375,3.906336,0.016981
102.286610,83.597517,18.689093,104.014403,85.323839,18.690565,3.892348,0.017295
102.221970,83.534604,18.687366,103.814522,85.150258,18.664263,3.572131,0.020211
102.268156,83.545466,18.722689,103.743553,85.018819,18.724733,3.865899,0.017229
102.144557,83.396604,18.747953,103.617753,84.841625,18.776128,3.819950,0.018234
102.139708,83.410709,18.729000,103.733404,85.068582,18.664823,3.593167,0.018635
102.130657,83.351461,18.779195,103.551393,84.860488,18.690905,3.731522,0.018610
102.118451,83.413810,18.704641,103.538191,84.869955,18.668236,3.914085,0.017095
102.150808,83.434700,18.716107,103.664451,84.861481,18.802969,3.695072,0.018839
102.097781,83.326358,18.771422,103.609200,84.900618,18.708582,3.535867,0.020168
102.089030,83.301321,18.787709,103.588681,84.770334,18.818347,3.809523,0.018517
102.048017,83.274915,18.773102,103.551264,84.838625,18.712639,3.858669,0.017560
101.998590,83.236033,18.762558,103.512606,84.793861,18.718745,3.667510,0.018992
101.984169,83.275861,18.708308,103.456792,84.825109,18.631683,3.732163,0.018034
102.000473,83.257461,18.743012,103.697943,84.937727,18.760216,3.894879,0.017518
101.989808,83.206914,18.782893,103.319015,84.577292,18.741723,3.946256,0.016368
101.945386,83.229697,18.715689,103.532408,84.786513,18.745896,3.967208,0.016522
101.920415,83.173935,18.746480,103.534675,84.751273,18.783402,3.793316,0.019562
101.914304,83.121525,18.792780,103.608270,84.860142,18.748127,3.671683,0.019395
