259.590149,253.884953,5.705196,194.019914,190.634214,3.385699,3.516350,0.012190
185.652429,179.228954,6.423474,175.735564,166.549065,9.186498,2.804735,0.019972
165.253405,153.227238,12.026166,156.680221,142.578844,14.101375,2.615100,0.026932
152.455960,137.347112,15.108848,146.656555,130.344059,16.312495,2.768430,0.029592
144.594767,127.419758,17.175008,140.849564,122.794236,18.055328,2.844427,0.029762
139.591593,121.188595,18.402997,136.766684,117.857016,18.909667,2.923612,0.030877
135.942451,116.759417,19.183034,133.268482,113.695293,19.573189,2.965761,0.031341
132.955848,113.172930,19.782918,130.696833,110.530061,20.166772,2.927916,0.032295
130.472162,110.222414,20.249749,128.703469,108.203939,20.499529,2.951842,0.032986
128.597680,108.112907,20.484773,127.421476,106.748044,20.673432,2.912510,0.035271
127.118468,106.376997,20.741471,125.813024,104.834394,20.978629,2.855039,0.035466
125.801845,104.874493,20.927352,124.589747,103.525481,21.064266,3.023584,0.034279
124.602746,103.474520,21.128225,123.425588,102.110174,21.315413,2.962742,0.033801
123.602130,102.319554,21.282576,122.406107,101.094654,21.311453,3.017735,0.032407
122.718702,101.266764,21.451938,121.826894,100.252530,21.574364,3.041275,0.031916
121.994529,100.419789,21.574740,121.198259,99.555877,21.642382,2.971872,0.035001
121.198314,99.600239,21.598076,120.707195,99.047073,21.660121,2.929035,0.034675
120.564622,98.875290,21.689332,119.652986,97.965930,21.687056,2.948579,0.033289
119.923175,98.205488,21.717687,119.205553,97.383149,21.822404,3.140655,0.032729
119.456564,97.634530,21.822034,118.843807,96.913968,21.929838,3.042335,0.032692
118.955782,97.068359,21.887424,118.351431,96.502703,21.848728,3.009110,0.036222
118.526867,96.573204,21.953663,118.209896,96.191664,22.018232,3.101680,0.035179
118.025873,96.059402,21.966471,117.642702,95.643049,21.999653,3.147037,0.032769
117.651468,95.615844,22.035624,117.401895,95.275580,22.126314,3.020539,0.032685
117.275225,95.227981,22.047243,116.983746,94.897189,22.086556,3.007839,0.036070
116.829672,94.798644,22.031028,116.513544,94.511753,22.001791,3.153141,0.032766
116.527734,94.488240,22.039494,116.343223,94.244477,22.098745,3.044564,0.034009
116.158991,94.066036,22.092955,115.753038,93.604708,22.148330,3.121042,0.033147
115.752037,93.663716,22.088321,115.816472,93.611738,22.204734,3.013096,0.034942
115.558177,93.418053,22.140123,115.723044,93.595208,22.127836,2.930989,0.036388
115.214371,93.112496,22.101875,114.994202,92.894475,22.099727,3.133928,0.034089
114.837246,92.738754,22.098492,114.683866,92.696089,21.987777,3.234485,0.032815
114.614488,92.513527,22.100961,114.704069,92.553248,22.150821,3.082443,0.032651
114.255158,92.132182,22.122977,114.111010,92.074186,22.036824,3.128864,0.034556
113.988613,91.832543,22.156070,114.290311,92.145693,22.144618,3.033175,0.034159
113.695911,91.483556,22.212356,113.965090,91.791390,22.173700,3.082469,0.033818
113.425470,91.230457,22.195013,113.305147,91.178432,22.126716,3.256694,0.031488
113.209237,91.020208,22.189029,113.346434,91.129807,22.216628,3.238592,0.033217
113.008246,90.844471,22.163775,112.893310,90.673925,22.219385,3.087672,0.033422
112.700957,90.512974,22.187984,112.964447,90.941207,22.023239,3.209388,0.034025
112.465426,90.327080,22.138346,112.615522,90.560017,22.055504,3.148699,0.032120
112.258259,90.134065,22.124194,112.468682,90.340790,22.127892,3.300649,0.031282
111.924890,89.824840,22.100050,112.259163,90.233193,22.025970,2.949546,0.035902
111.766959,89.670569,22.096390,112.027361,90.013367,22.013994,3.032665,0.034326
111.519210,89.461988,22.057222,111.741790,89.764581,21.977209,3.318687,0.031804
111.357965,89.300816,22.057149,111.455932,89.502190,21.953742,3.319816,0.031164
111.106283,89.073021,22.033262,111.533157,89.440660,22.092497,3.240272,0.029883
110.922693,88.837849,22.084845,111.322239,89.354082,21.968157,3.189396,0.031239
110.759027,88.705768,22.053259,111.108463,89.090821,22.017642,3.189019,0.031844
110.529463,88.510359,22.019104,111.049267,88.970590,22.078677,3.178802,0.032296
110.315377,88.342022,21.973356,110.616825,88.729648,21.887177,3.248448,0.032022
110.147925,88.183741,21.964183,110.732246,88.867138,21.865108,3.250518,0.030239
109.946533,88.004551,21.941982,110.594713,88.728048,21.866665,3.153400,0.032791
109.853838,87.878960,21.974878,110.274527,88.286862,21.987665,3.231892,0.030416
109.660222,87.668846,21.991376,110.096133,88.201183,21.894950,3.204779,0.030594
109.414072,87.482286,21.931786,109.888155,87.972794,21.915361,3.150453,0.033215
109.311113,87.385040,21.926072,109.832872,87.976780,21.856092,3.251219,0.031693
109.120333,87.176540,21.943794,109.692773,87.768188,21.924585,3.098882,0.031302
109.012998,87.074221,21.938778,109.415071,87.561673,21.853398,3.251461,0.032425
108.847088,86.912154,21.934934,109.200767,87.316108,21.884659,3.405478,0.028918
108.608598,86.709067,21.899531,109.376766,87.610308,21.766458,3.106886,0.031577
108.448665,86.589691,21.858974,109.078221,87.274952,21.803269,3.292199,0.032438
108.340591,86.447559,21.893032,108.941531,87.133482,21.808049,3.415931,0.029673
108.192737,86.297295,21.895442,108.932536,87.179636,21.752900,3.300550,0.029875
108.021901,86.151335,21.870566,108.833324,87.072844,21.760480,3.314322,0.030334
107.912861,86.037951,21.874910,108.653417,86.887256,21.766160,3.108967,0.031613
107.772400,85.878923,21.893478,108.284248,86.455911,21.828338,3.289276,0.029779
107.639425,85.763732,21.875693,108.286179,86.497543,21.788636,3.337095,0.027695
107.517507,85.630439,21.887068,108.328273,86.430149,21.898124,3.177965,0.030340
107.371908,85.477834,21.894074,108.223583,86.341684,21.881899,3.091625,0.032173
107.250916,85.377573,21.873343,107.949284,86.190031,21.759254,3.303824,0.030925
107.110203,85.260587,21.849616,107.896307,86.105199,21.791108,3.064111,0.033093
106.931178,85.080904,21.850274,107.784461,86.036647,21.747814,3.173865,0.032265
106.818492,84.993212,21.825280,107.608503,85.797063,21.811441,3.222145,0.029566
106.713300,84.871293,21.842007,107.695119,85.951533,21.743586,3.307490,0.029656
106.627992,84.791740,21.836252,107.368186,85.555677,21.812510,3.297452,0.030268
106.509411,84.644435,21.864976,107.411080,85.644102,21.766978,3.287237,0.031319
106.380088,84.531411,21.848677,107.166719,85.381120,21.785599,3.203090,0.029406
106.240836,84.331137,21.909699,107.196042,85.342385,21.853656,3.139233,0.030268
106.152616,84.282053,21.870563,107.257114,85.381253,21.875861,3.221021,0.030284
106.023821,84.104524,21.919298,106.808000,84.946648,21.861352,3.393886,0.028546
105.900558,84.057814,21.842744,106.782638,85.023494,21.759145,3.319235,0.029968
105.812320,83.944361,21.867959,106.889442,85.026094,21.863348,3.028507,0.031424
105.745029,83.817369,21.927660,106.752568,84.868912,21.883656,3.174954,0.028723
105.642465,83.698945,21.943520,106.379779,84.547230,21.832548,3.249438,0.028306
105.511554,83.584553,21.927001,106.485875,84.641368,21.844507,3.065594,0.032108
105.407636,83.520837,21.886799,106.257054,84.393091,21.863962,3.227134,0.027910
105.314295,83.416012,21.898283,106.248381,84.330712,21.917668,3.360220,0.026326
105.227982,83.276319,21.951663,106.241848,84.343286,21.898562,3.374112,0.028891
105.109552,83.204225,21.905327,106.173475,84.347063,21.826412,3.272380,0.029963
105.007320,83.074841,21.932479,106.156918,84.301452,21.855466,3.094639,0.032380
104.922701,83.039347,21.883354,105.777393,84.058224,21.719169,3.388512,0.026979
104.892464,82.994161,21.898304,105.921775,84.119003,21.802772,3.190031,0.028924
104.772513,82.875546,21.896967,106.246918,84.362759,21.884159,3.270349,0.029054
104.683237,82.751261,21.931976,105.751665,83.860128,21.891537,3.231113,0.029132
104.583808,82.602779,21.981029,105.859735,83.908172,21.951564,3.224981,0.031932
104.516679,82.518422,21.998257,105.450674,83.518605,21.932069,3.333559,0.027911
104.382506,82.446349,21.936157,105.636578,83.811463,21.825115,3.335898,0.028856
104.294543,82.333922,21.960621,105.456112,83.483377,21.972734,3.209060,0.029507
104.208624,82.239587,21.969037,105.325840,83.468041,21.857798,3.319780,0.028053
104.161295,82.201134,21.960161,105.429124,83.532000,21.897126,3.313324,0.032364
104.095978,82.137641,21.958337,105.361249,83.414810,21.946439,3.117850,0.031526
104.027790,82.025173,22.002618,105.195683,83.212629,21.983054,3.213940,0.031391
103.894993,81.914110,21.980883,105.253903,83.434728,21.819175,3.205016,0.030689
103.860754,81.880825,21.979929,105.303110,83.413176,21.889934,3.049865,0.033763
103.832155,81.845154,21.987001,104.922264,82.982271,21.939993,3.172320,0.030304
103.725989,81.709618,22.016372,105.102356,83.165268,21.937087,3.275473,0.029268
103.669556,81.691631,21.977926,104.967113,83.057118,21.909996,3.307396,0.029607
103.610209,81.630286,21.979923,104.680869,82.820568,21.860300,3.249243,0.027780
103.523026,81.523603,21.999423,105.205615,83.206942,21.998673,3.253020,0.029985
103.478718,81.455917,22.022801,104.642146,82.687293,21.954852,3.225268,0.030721
103.421243,81.377702,22.043541,104.860704,82.855745,22.004958,3.267174,0.030610
103.340265,81.379332,21.960933,104.722278,82.802653,21.919625,3.251196,0.032210
103.281417,81.294030,21.987387,104.589304,82.683919,21.905385,3.142885,0.028863
103.237912,81.209798,22.028115,104.705552,82.832430,21.873123,3.193187,0.028429
103.224366,81.193322,22.031043,104.650713,82.729637,21.921076,3.123101,0.030201
103.129637,81.094824,22.034813,104.547067,82.514548,22.032519,3.193880,0.027623
103.037557,80.971775,22.065782,104.226018,82.349310,21.876708,3.245559,0.027954
102.996142,81.023771,21.972371,104.477431,82.595753,21.881677,3.159852,0.030712
102.952410,80.942674,22.009736,104.311215,82.417577,21.893638,3.209080,0.029104
102.909693,80.880633,22.029060,104.284292,82.326340,21.957951,3.366931,0.025815
102.775026,80.754377,22.020649,104.301130,82.506361,21.794769,3.181864,0.029156
102.754140,80.800761,21.953380,104.312359,82.425333,21.887026,3.286221,0.026938
102.721826,80.735961,21.985865,104.162685,82.239538,21.923147,3.210943,0.027375
102.628728,80.663296,21.965432,104.061602,82.260016,21.801586,3.274584,0.028671
102.617720,80.658662,21.959058,104.163646,82.292966,21.870680,3.161665,0.028111
102.526396,80.554617,21.971779,104.202335,82.317739,21.884596,3.215050,0.028965
102.528092,80.532063,21.996029,104.166426,82.262842,21.903583,3.170413,0.029046
102.426618,80.465566,21.961053,103.824809,82.013935,21.810873,3.434502,0.027028
102.388109,80.427828,21.960280,103.972285,82.167156,21.805129,3.287414,0.028725
102.381471,80.414048,21.967423,103.999398,82.138047,21.861351,3.100846,0.030314
102.339872,80.380514,21.959358,103.632915,81.819083,21.813832,3.236195,0.028847
102.271155,80.360074,21.911081,104.086184,82.216561,21.869623,3.393873,0.026548
102.277245,80.321750,21.955495,103.687617,81.872775,21.814843,3.236077,0.028531
102.189539,80.166982,22.022557,103.797640,81.842942,21.954697,3.140367,0.029647
102.143864,80.159271,21.984593,103.673578,81.888989,21.784589,3.157378,0.029669
102.097152,80.155526,21.941626,103.592366,81.723185,21.869182,3.297098,0.027670
102.042149,80.069394,21.972755,103.877612,81.961263,21.916349,3.254310,0.027560
102.036334,80.064750,21.971584,103.556723,81.694580,21.862144,3.321597,0.027532
101.961758,80.004397,21.957361,103.656821,81.774153,21.882668,3.249789,0.028460
101.953196,79.987775,21.965421,103.526363,81.666079,21.860284,3.331693,0.028112
101.953627,79.945298,22.008330,103.515175,81.654567,21.860609,3.170464,0.029858
101.861035,79.906451,21.954584,103.410883,81.545649,21.865234,3.167886,0.030953
101.826986,79.875194,21.951792,103.685055,81.816441,21.868614,3.190498,0.027845
101.802809,79.835485,21.967324,103.628838,81.712723,21.916115,3.093649,0.031405
101.793759,79.840753,21.953006,103.609426,81.741015,21.868411,3.189811,0.028114
101.769715,79.827731,21.941984,103.541987,81.666357,21.875630,3.190304,0.027210
101.715357,79.733065,21.982292,103.368515,81.450503,21.918012,3.218883,0.028423
101.714687,79.719022,21.995666,103.503192,81.639725,21.863466,3.322464,0.028596
101.613478,79.663338,21.950140,103.323904,81.535135,21.788768,3.361944,0.025096
101.589829,79.661572,21.928257,103.398441,81.655701,21.742740,3.257788,0.028112
101.557543,79.605968,21.951575,103.389782,81.584747,21.805035,3.351383,0.027362
101.514502,79.542268,21.972234,103.255576,81.486045,21.769531,3.180576,0.033485
101.516967,79.599552,21.917415,103.298233,81.483206,21.815027,3.491806,0.027255
101.517048,79.537043,21.980005,103.319087,81.412721,21.906367,3.261446,0.027564
101.449596,79.479492,21.970104,103.266409,81.428747,21.837662,3.107444,0.029927
101.351255,79.393556,21.957699,103.333387,81.447151,21.886236,3.086821,0.032215
101.359471,79.372197,21.987274,103.352490,81.396284,21.956207,3.267013,0.026389
101.335215,79.394435,21.940780,103.426981,81.628720,21.798262,3.237645,0.028912
101.300169,79.375950,21.924219,103.258932,81.505178,21.753754,3.102394,0.028513
