246.648930,245.272744,1.376187,194.344226,192.057170,2.287057,6.860247,0.006087
189.990630,186.394093,3.596537,178.801712,172.795822,6.005890,4.594062,0.011002
168.906160,160.677720,8.228440,158.344761,148.043585,10.301176,3.825588,0.016308
152.964105,141.673323,11.290782,148.020812,135.852202,12.168610,3.780869,0.015652
145.726619,132.907885,12.818733,142.349817,128.772045,13.577772,3.504870,0.017810
140.593000,126.478583,14.114417,137.687617,122.750623,14.936996,3.566595,0.016260
136.563038,121.336446,15.226592,133.434579,117.690590,15.743989,3.489059,0.017800
133.823273,117.759146,16.064127,131.594387,115.167831,16.426556,3.490185,0.017979
131.441662,114.669666,16.771995,129.796911,112.429037,17.367873,3.531983,0.016752
129.772854,112.381457,17.391397,128.158111,110.548046,17.610065,3.429988,0.018477
128.002797,110.169509,17.833287,126.435906,108.207860,18.228046,3.510314,0.017738
126.737131,108.506548,18.230583,125.528838,106.995902,18.532937,3.673659,0.016189
125.507660,106.927112,18.580548,124.607835,105.916149,18.691686,3.559944,0.016950
124.503037,105.592534,18.910503,123.509760,104.413684,19.096075,3.515393,0.016287
123.787565,104.561971,19.225594,123.463334,103.912842,19.550493,3.401027,0.017588
122.867698,103.351675,19.516023,122.330081,102.719004,19.611077,3.447953,0.016653
121.957102,102.194476,19.762626,121.349153,101.317460,20.031693,3.498210,0.016863
121.263690,101.233631,20.030059,120.617121,100.411089,20.206032,3.633642,0.014581
120.848392,100.582664,20.265728,120.067000,99.776270,20.290730,3.562248,0.014865
120.219876,99.760037,20.459839,119.339357,98.766532,20.572825,3.494277,0.015935
119.641511,99.059204,20.582307,118.990516,98.355908,20.634608,3.460183,0.015059
119.123099,98.397108,20.725991,118.961582,98.069537,20.892046,3.592507,0.015084
118.885513,97.940500,20.945012,118.420108,97.421446,20.998661,3.336986,0.016247
118.378576,97.344285,21.034292,118.141828,97.109198,21.032629,3.598557,0.015468
117.943167,96.819956,21.123211,117.800804,96.554536,21.246268,3.557507,0.014851
117.571825,96.369708,21.202117,117.290608,96.003368,21.287240,3.458132,0.014376
117.124270,95.792550,21.331721,117.229673,95.863103,21.366570,3.523364,0.015537
116.997076,95.599303,21.397773,116.885095,95.459032,21.426063,3.557382,0.015467
116.486656,94.981762,21.504894,117.092816,95.686681,21.406135,3.483810,0.015126
116.187749,94.696334,21.491415,116.328298,94.792448,21.535850,3.428713,0.015267
115.822836,94.271115,21.551721,116.768341,95.141796,21.626544,3.476799,0.013650
115.700124,93.970461,21.729663,115.917603,94.066172,21.851432,3.435836,0.014278
115.274415,93.527430,21.746985,115.702491,94.066221,21.636271,3.451268,0.014233
114.987929,93.146120,21.841809,115.365350,93.540528,21.824822,3.457122,0.013956
114.976307,93.070536,21.905770,115.381767,93.402683,21.979083,3.447336,0.014073
114.594403,92.627588,21.966815,114.930514,92.948712,21.981802,3.506402,0.013639
114.361626,92.348396,22.013230,114.703486,92.764542,21.938944,3.563883,0.014053
114.130500,92.079150,22.051350,114.578627,92.514693,22.063934,3.588861,0.013615
113.908088,91.811007,22.097082,114.781639,92.664562,22.117077,3.439411,0.014183
113.899194,91.783986,22.115207,113.855425,91.781637,22.073789,3.600848,0.012147
113.651723,91.447643,22.204080,114.077170,91.889927,22.187243,3.491747,0.013591
113.597501,91.424915,22.172586,113.969130,91.734312,22.234818,3.574102,0.012474
113.279677,90.981701,22.297975,114.362322,92.020283,22.342039,3.621488,0.012306
113.119580,90.766094,22.353486,113.500730,91.160263,22.340467,3.638535,0.012044
113.026881,90.658633,22.368248,113.636190,91.334724,22.301466,3.472681,0.013483
112.739728,90.345806,22.393921,113.370568,90.995156,22.375412,3.608927,0.012596
112.656393,90.153955,22.502438,113.668565,91.236344,22.432221,3.550643,0.012940
112.800222,90.336233,22.463988,113.823344,91.322387,22.500957,3.510187,0.013412
112.603026,90.114479,22.488547,113.388185,90.837597,22.550588,3.728986,0.012963
112.208590,89.659890,22.548701,113.149995,90.794681,22.355314,3.447505,0.013220
111.998377,89.487122,22.511256,112.567226,90.125808,22.441418,3.688828,0.012864
111.959056,89.418742,22.540314,112.917478,90.429134,22.488344,3.470403,0.011857
111.903133,89.379754,22.523380,112.610179,90.096796,22.513383,3.615625,0.012167
111.702195,89.149310,22.552885,112.574379,89.998093,22.576286,3.610033,0.013709
111.723613,89.101375,22.622237,112.650312,90.122196,22.528116,3.493544,0.012691
111.525714,88.942310,22.583405,112.357487,89.648783,22.708704,3.707995,0.011865
111.338001,88.768522,22.569480,112.084705,89.490376,22.594330,3.887623,0.012243
111.369500,88.716461,22.653039,113.067744,90.291027,22.776717,3.695621,0.012327
111.322974,88.652962,22.670012,112.173639,89.671146,22.502493,3.897841,0.012093
111.059888,88.398845,22.661043,112.398763,89.680559,22.718205,3.454478,0.011699
110.980913,88.323758,22.657155,112.144928,89.576015,22.568913,3.477291,0.011970
110.857959,88.211420,22.646539,112.088680,89.485769,22.602911,3.505652,0.013066
110.717899,88.046914,22.670985,112.060176,89.398927,22.661250,3.604963,0.012916
110.770024,88.099059,22.670966,111.827286,89.184884,22.642402,3.736206,0.011647
110.627305,87.932708,22.694597,112.105079,89.439132,22.665948,3.567798,0.010716
110.532227,87.829996,22.702232,111.874458,89.234565,22.639893,3.628975,0.012579
110.435129,87.752063,22.683066,111.869108,89.231703,22.637405,3.697925,0.011578
110.228908,87.514678,22.714230,111.506348,88.896598,22.609749,3.593119,0.012083
110.320412,87.617043,22.703369,111.853221,89.133976,22.719244,3.419831,0.012264
110.286132,87.502976,22.783155,111.446588,88.773225,22.673363,3.537824,0.011707
110.235636,87.469821,22.765815,111.631771,88.817550,22.814221,3.709172,0.011378
110.044778,87.253275,22.791503,111.487665,88.679764,22.807902,3.647475,0.010531
110.004488,87.234583,22.769906,111.286487,88.421169,22.865318,3.881020,0.011800
109.940657,87.150766,22.789891,111.394396,88.782597,22.611799,3.855740,0.010284
110.051713,87.285184,22.766530,111.481088,88.827844,22.653244,3.880057,0.010745
109.894604,87.069333,22.825271,110.913921,88.139859,22.774061,3.657296,0.010289
109.922029,87.044195,22.877834,111.730421,88.874734,22.855687,3.523009,0.012538
109.787205,86.952203,22.835002,110.977872,88.220424,22.757447,3.686896,0.011202
109.799500,86.969934,22.829567,111.495478,88.710281,22.785197,3.617825,0.011507
109.640731,86.824941,22.815790,111.092040,88.258084,22.833957,3.683450,0.011780
109.364691,86.483104,22.881587,110.876448,87.905294,22.971154,3.652778,0.012307
109.371245,86.477554,22.893691,111.067513,88.179886,22.887627,3.776741,0.011692
109.395605,86.501201,22.894404,110.992444,88.082244,22.910200,3.580791,0.011779
109.400453,86.469834,22.930619,111.096258,88.304354,22.791904,3.821739,0.010511
109.382703,86.456293,22.926410,110.933614,87.977303,22.956312,3.416124,0.011883
109.342427,86.380789,22.961637,111.210251,88.279761,22.930490,3.835757,0.010327
109.327010,86.328307,22.998704,110.857409,87.913951,22.943459,3.676735,0.010611
109.089392,86.119487,22.969906,110.557718,87.653516,22.904202,3.833425,0.010161
109.242520,86.301370,22.941150,110.572950,87.673744,22.899206,3.550931,0.011503
108.896965,85.951088,22.945877,111.026991,87.999660,23.027330,3.308091,0.012776
109.001256,86.025035,22.976221,111.098053,88.113896,22.984157,3.593871,0.011055
109.040227,86.049010,22.991217,110.609482,87.623795,22.985686,3.471310,0.010771
108.948597,85.937766,23.010831,110.411932,87.336911,23.075022,3.749211,0.009653
108.819896,85.840689,22.979207,110.970300,88.012192,22.958108,3.443923,0.010258
108.894844,85.825848,23.068996,110.669084,87.585902,23.083181,3.827992,0.009572
108.978124,85.895558,23.082565,110.584987,87.527284,23.057703,3.739584,0.009726
108.684325,85.637534,23.046791,110.608950,87.691690,22.917260,3.647275,0.010445
108.667785,85.683142,22.984642,110.752947,87.765640,22.987307,3.412115,0.010331
108.593373,85.533375,23.059998,110.608403,87.570998,23.037405,3.667675,0.010725
108.534568,85.493999,23.040570,110.359528,87.318470,23.041058,3.834283,0.010264
108.443765,85.365854,23.077911,110.516280,87.378253,23.138028,3.719800,0.010510
108.506046,85.379497,23.126549,110.465407,87.401844,23.063563,3.765607,0.009954
108.244907,85.129088,23.115820,110.342618,87.225500,23.117119,3.643291,0.011040
108.381537,85.264321,23.117216,110.557083,87.650696,22.906387,3.539433,0.009970
108.193761,85.068924,23.124837,110.181095,87.181296,22.999799,3.706508,0.010311
108.269830,85.142930,23.126900,110.433253,87.225960,23.207293,3.827532,0.009820
108.559150,85.446217,23.112933,110.561632,87.393631,23.168001,3.838392,0.010011
108.320169,85.149683,23.170485,110.213926,87.098228,23.115698,3.652342,0.010654
108.310710,85.140395,23.170315,110.301747,87.206156,23.095592,3.683009,0.009858
108.408690,85.235505,23.173185,110.648621,87.622963,23.025658,3.563788,0.009919
108.244899,85.045103,23.199796,110.776198,87.608148,23.168050,3.449183,0.010361
108.246459,85.016288,23.230171,110.229313,87.115716,23.113597,3.743440,0.010353
108.031925,84.846453,23.185472,109.802745,86.702529,23.100216,3.691683,0.009623
107.995251,84.819322,23.175930,110.425799,87.339387,23.086412,3.548942,0.009916
108.185896,84.945288,23.240607,110.423881,87.355375,23.068507,3.846921,0.009308
108.023181,84.810711,23.212470,110.134494,86.986396,23.148098,3.823226,0.010673
108.040042,84.834465,23.205577,110.357764,87.188352,23.169411,3.581426,0.010241
108.105651,84.856668,23.248982,110.085446,86.813926,23.271520,3.849843,0.009276
107.954456,84.660455,23.294001,110.542841,87.241938,23.300903,3.750713,0.010589
107.824953,84.610285,23.214668,110.203574,86.975816,23.227758,3.794001,0.009978
108.193058,84.898357,23.294701,110.077828,86.899640,23.178187,3.628931,0.010632
108.008414,84.724068,23.284347,110.033788,86.803269,23.230519,3.920344,0.009434
108.025745,84.755895,23.269850,110.255969,86.977614,23.278355,4.089097,0.009048
107.861247,84.545272,23.315974,110.366103,87.158170,23.207933,3.665134,0.010450
107.954233,84.636008,23.318224,110.026565,86.756624,23.269942,3.779212,0.009291
107.916875,84.602103,23.314772,110.555580,87.322836,23.232744,3.802707,0.009532
107.680189,84.331268,23.348921,110.292327,86.970059,23.322268,3.867489,0.009575
107.698027,84.397528,23.300499,109.970509,86.693758,23.276751,3.727763,0.009850
107.613004,84.300147,23.312858,110.015140,86.790867,23.224273,3.807746,0.009181
107.857799,84.524318,23.333481,110.088478,86.809274,23.279205,4.180607,0.008394
107.797749,84.472885,23.324864,110.053532,86.766423,23.287110,3.759846,0.009217
107.598669,84.292054,23.306616,110.067694,86.824684,23.243010,3.758949,0.009848
107.769315,84.464162,23.305154,109.850280,86.557875,23.292405,3.482785,0.009577
107.474518,84.098591,23.375927,109.954308,86.524985,23.429323,3.698585,0.009221
107.475231,84.070127,23.405103,110.096702,86.652536,23.444166,3.855831,0.008669
107.636827,84.247320,23.389507,110.005734,86.614826,23.390908,3.904372,0.008132
107.657703,84.236706,23.420997,109.976886,86.592872,23.384014,3.732999,0.008946
107.465146,84.026031,23.439115,109.984664,86.634866,23.349798,4.116086,0.010066
107.518653,84.105745,23.412907,109.889084,86.521415,23.367669,3.746495,0.010402
107.337575,83.935779,23.401796,109.979568,86.706650,23.272918,3.833318,0.008738
107.417579,83.922028,23.495551,109.840484,86.384319,23.456165,3.965483,0.008846
107.328602,83.828322,23.500280,109.966310,86.495504,23.470806,3.806147,0.008965
107.321496,83.863336,23.458159,109.624784,86.308108,23.316677,3.587249,0.009404
107.137962,83.702879,23.435083,109.733024,86.302033,23.430991,3.771648,0.009493
107.264286,83.836353,23.427933,109.684106,86.258906,23.425200,3.974313,0.008819
107.242991,83.764204,23.478787,109.802016,86.339446,23.462571,3.963415,0.009015
107.449801,83.973066,23.476735,109.694814,86.190773,23.504041,3.766181,0.008847
107.333662,83.833692,23.499970,109.977058,86.557045,23.420013,3.918087,0.009267
107.254841,83.785586,23.469255,110.084337,86.684774,23.399562,3.908551,0.009745
107.255704,83.764413,23.491291,109.779432,86.412017,23.367414,3.987742,0.009056
107.241620,83.775371,23.466250,109.715538,86.359055,23.356483,3.938920,0.008894
107.039895,83.555951,23.483944,109.730250,86.257508,23.472741,3.799016,0.008136
106.978050,83.486881,23.491169,109.587846,86.202309,23.385537,3.874626,0.009724
107.151433,83.646616,23.504818,109.640100,86.220176,23.419923,4.089017,0.008443
107.205313,83.675289,23.530024,109.945984,86.576640,23.369345,3.759742,0.009219
107.062009,83.540566,23.521444,109.767467,86.308468,23.458998,3.782919,0.010492
107.127339,83.575384,23.551955,109.934841,86.353921,23.580920,3.679395,0.009501
107.222198,83.656465,23.565733,109.588509,86.197176,23.391333,4.101038,0.009583
107.215567,83.656419,23.559148,110.116517,86.516996,23.599521,3.874525,0.009114
107.346955,83.806284,23.540671,109.834753,86.375295,23.459458,3.588963,0.008999
