210.915313,208.968250,1.947063,191.073687,187.989814,3.083873,11.898305,0.003530
185.866085,181.662494,4.203591,177.278221,171.112912,6.165309,8.656690,0.006338
170.047067,162.098475,7.948592,163.039203,153.574574,9.464629,6.928234,0.010642
157.162612,146.016468,11.146145,152.407426,140.322406,12.085019,5.854801,0.012862
150.113558,137.325077,12.788481,147.214404,133.894919,13.319485,5.163206,0.015451
145.562955,131.705477,13.857477,142.776508,128.241944,14.534564,5.070328,0.014570
141.537473,126.597123,14.940350,139.071901,123.706807,15.365095,4.835795,0.017724
137.957286,122.149761,15.807525,135.548483,119.297317,16.251167,4.568387,0.017693
134.848437,118.146142,16.702295,132.754369,115.643606,17.110763,4.669646,0.018141
132.298141,114.860695,17.437447,130.651187,112.806467,17.844719,4.665426,0.017079
130.406985,112.431936,17.975048,129.222049,111.034929,18.187120,4.249333,0.018962
128.887687,110.555854,18.331833,127.994297,109.479633,18.514665,4.418001,0.019754
127.582596,108.997633,18.584963,126.429158,107.759972,18.669185,4.373785,0.018651
126.508548,107.596537,18.912011,126.249952,107.140009,19.109942,4.738303,0.016873
125.581274,106.388495,19.192779,125.116266,105.815951,19.300315,4.454433,0.019136
124.748185,105.309516,19.438670,124.054105,104.555346,19.498759,4.421124,0.018655
124.010167,104.415119,19.595048,123.637922,103.819641,19.818281,4.620290,0.017929
123.323570,103.535232,19.788339,123.470763,103.563924,19.906839,4.238826,0.019711
122.650069,102.779041,19.871029,122.409851,102.459262,19.950589,4.417588,0.017180
122.167974,102.119373,20.048601,121.955628,101.702533,20.253095,4.425184,0.018328
121.568162,101.344030,20.224132,121.598720,101.280145,20.318575,4.501930,0.018069
121.172679,100.869241,20.303437,121.119823,100.553949,20.565873,4.481481,0.017593
120.667423,100.224760,20.442664,120.704919,100.306159,20.398760,4.476756,0.018547
120.309784,99.793123,20.516661,120.528875,99.998742,20.530132,4.493594,0.017265
119.959746,99.375833,20.583913,120.365841,99.745023,20.620818,4.450610,0.018668
119.715548,98.960690,20.754858,119.794186,99.046992,20.747193,4.403109,0.017306
119.188992,98.390408,20.798584,119.472932,98.645945,20.826987,4.403821,0.018794
118.853675,97.994238,20.859437,119.491538,98.628215,20.863322,4.555058,0.017727
118.543532,97.642999,20.900533,119.051401,98.164906,20.886495,4.488392,0.019433
118.199220,97.156676,21.042544,118.505525,97.564078,20.941447,4.335756,0.017659
117.880142,96.785147,21.094994,118.547392,97.449174,21.098218,4.543769,0.016291
117.711539,96.507850,21.203689,118.365850,97.174367,21.191482,4.372338,0.017384
117.513705,96.248614,21.265091,118.040802,96.812033,21.228769,4.598251,0.017069
117.153586,95.907979,21.245607,117.435277,96.275704,21.159573,4.620791,0.016391
116.980224,95.667068,21.313156,117.694456,96.393439,21.301017,4.427281,0.017377
116.777525,95.379961,21.397563,117.382535,95.952872,21.429663,4.801195,0.016107
116.469048,95.080775,21.388273,117.199335,95.807861,21.391474,4.521219,0.017275
116.249800,94.786882,21.462918,117.004665,95.569139,21.435526,4.598297,0.017063
116.111427,94.557528,21.553899,117.257535,95.749377,21.508158,4.518872,0.017057
115.820115,94.221987,21.598128,116.879044,95.319305,21.559738,4.621440,0.016914
115.653807,94.072005,21.581802,116.581722,95.065883,21.515839,4.691399,0.016771
115.595158,93.916528,21.678629,116.491074,94.850591,21.640483,4.676422,0.017341
115.228607,93.517325,21.711282,116.151886,94.487242,21.664644,4.614771,0.016449
115.082544,93.304711,21.777833,116.322012,94.552435,21.769577,4.748188,0.015976
114.916646,93.116759,21.799888,116.419305,94.734173,21.685132,4.747784,0.015621
114.857191,93.040519,21.816672,115.908128,94.152252,21.755877,4.424758,0.017043
114.516766,92.657603,21.859163,115.756726,94.010326,21.746400,4.443030,0.017482
114.529648,92.581466,21.948182,115.750138,93.871834,21.878305,4.552580,0.016141
114.250816,92.333350,21.917466,115.914192,94.190934,21.723258,4.588510,0.017477
114.076169,92.138508,21.937661,115.648987,93.859201,21.789786,4.659135,0.016326
113.999804,92.069359,21.930445,115.350180,93.507043,21.843137,4.687208,0.016410
113.914206,91.937242,21.976964,115.578814,93.617866,21.960949,4.355826,0.016210
113.766446,91.648741,22.117704,115.906077,93.854765,22.051312,4.486470,0.014984
113.602936,91.554515,22.048422,115.215266,93.336967,21.878300,4.598614,0.016160
113.510731,91.471684,22.039047,114.859135,92.809666,22.049469,4.580934,0.016646
113.366561,91.208507,22.158054,115.036999,92.959858,22.077141,4.214774,0.017431
113.210655,91.123018,22.087637,115.012791,92.938575,22.074217,4.388028,0.016619
113.217837,91.018789,22.199048,114.966201,92.967394,21.998807,4.392696,0.016705
113.007903,90.813646,22.194257,114.790421,92.635972,22.154449,4.206813,0.017880
112.818558,90.629874,22.188684,114.726346,92.666962,22.059384,4.465053,0.015796
112.795086,90.525538,22.269549,114.783779,92.640537,22.143242,4.361359,0.017350
112.591543,90.337595,22.253947,114.603100,92.388717,22.214383,4.402030,0.016713
112.553257,90.262532,22.290725,114.554291,92.409907,22.144384,4.632413,0.016017
112.452785,90.092804,22.359982,114.254082,91.909149,22.344933,4.077261,0.017617
112.324630,89.918634,22.405995,114.294085,91.974718,22.319367,4.474179,0.016280
112.177404,89.735466,22.441938,114.047684,91.774884,22.272800,4.439295,0.016367
111.990357,89.571147,22.419209,114.091168,91.794003,22.297166,4.650875,0.016670
111.964096,89.559757,22.404339,114.341555,92.112343,22.229213,4.619560,0.015880
111.934132,89.494369,22.439764,114.083651,91.751261,22.332390,4.389651,0.015889
111.823831,89.419735,22.404096,114.257960,92.032710,22.225250,4.409684,0.016648
111.751615,89.313724,22.437891,114.476409,92.150762,22.325648,4.515975,0.016097
111.641869,89.184151,22.457718,113.840007,91.555967,22.284039,4.638306,0.016192
111.475058,88.957938,22.517120,113.851542,91.416479,22.435063,4.624981,0.015969
111.538590,89.000091,22.538499,113.988190,91.548761,22.439429,4.291246,0.016321
111.560905,88.947317,22.613589,114.163972,91.695612,22.468360,4.614604,0.015778
111.372986,88.792086,22.580900,113.724454,91.151310,22.573144,4.804070,0.014586
111.217650,88.599961,22.617689,113.898739,91.475530,22.423209,4.511446,0.017002
111.164214,88.532032,22.632182,113.753921,91.278911,22.475011,4.464960,0.016178
111.115112,88.491673,22.623440,113.709688,91.146024,22.563664,4.407485,0.014696
110.955174,88.331091,22.624083,113.644907,91.097096,22.547812,4.425329,0.015575
110.867428,88.271905,22.595522,113.508613,90.954802,22.553811,4.626373,0.015166
110.879074,88.214925,22.664149,113.842524,91.229777,22.612747,4.638217,0.014837
110.902365,88.216521,22.685844,113.540757,90.917578,22.623180,4.363595,0.015937
110.732814,88.004649,22.728165,113.407739,90.765085,22.642654,4.559720,0.015968
110.583344,87.828640,22.754704,113.531288,90.921163,22.610126,4.463307,0.015702
110.523592,87.778877,22.744715,113.264526,90.585867,22.678659,4.573572,0.015401
110.431518,87.668540,22.762978,113.451005,90.860040,22.590965,4.854591,0.015181
110.484824,87.742848,22.741976,113.574675,90.850888,22.723788,4.983603,0.013478
110.406855,87.614789,22.792066,113.453600,90.740819,22.712781,4.704471,0.015110
110.334282,87.523999,22.810283,113.223546,90.484888,22.738658,4.305949,0.016785
110.230417,87.401397,22.829020,113.571408,90.906258,22.665149,4.335583,0.016038
110.392170,87.526321,22.865849,113.317908,90.553221,22.764688,4.915824,0.013131
110.168182,87.318210,22.849971,113.317129,90.558962,22.758167,4.575666,0.014566
110.161576,87.251026,22.910550,113.210077,90.316087,22.893990,4.310015,0.015175
110.014957,87.106200,22.908757,112.998449,90.300768,22.697681,4.517016,0.016134
109.805591,86.882420,22.923171,113.400689,90.606640,22.794049,4.570992,0.015102
109.907228,86.948804,22.958424,113.057804,90.213556,22.844249,4.682824,0.013738
109.833312,86.871464,22.961848,112.864539,90.128241,22.736298,4.343839,0.016223
109.822813,86.865136,22.957678,113.134733,90.285018,22.849715,4.248799,0.014329
109.784709,86.774355,23.010354,112.885892,89.984599,22.901294,4.771276,0.014269
109.608902,86.590826,23.018076,112.939531,90.016972,22.922559,4.446315,0.015433
109.531169,86.510187,23.020982,112.895470,90.088717,22.806753,4.479515,0.015903
109.561236,86.553093,23.008143,113.056158,90.197706,22.858452,4.641040,0.014246
109.553486,86.536405,23.017080,113.150569,90.246289,22.904281,4.351403,0.015755
109.508084,86.482194,23.025891,112.935704,90.130779,22.804926,4.831894,0.012405
109.450536,86.369487,23.081049,113.066242,90.122069,22.944173,4.916459,0.012925
109.320427,86.291702,23.028725,113.026251,90.027859,22.998392,4.157965,0.015414
109.220713,86.165638,23.055075,112.802579,89.916898,22.885681,4.683478,0.013268
109.253282,86.164559,23.088723,112.921576,89.952758,22.968817,4.869384,0.013272
109.125884,85.993118,23.132766,112.651223,89.780065,22.871157,4.511862,0.014236
109.105767,85.996000,23.109767,112.701499,89.815551,22.885949,5.063625,0.013527
109.088896,85.984961,23.103935,112.741369,89.780852,22.960517,4.545751,0.014160
109.043304,85.938522,23.104783,112.632307,89.731959,22.900348,4.520323,0.014503
108.973725,85.863418,23.110307,112.762843,89.681855,23.080987,4.317542,0.015109
109.033725,85.895614,23.138111,113.046229,90.064805,22.981423,4.377220,0.016145
108.995212,85.832094,23.163119,112.802077,89.843928,22.958149,5.022756,0.012725
108.783930,85.631884,23.152046,112.840068,89.787163,23.052905,4.518956,0.013535
108.818881,85.639652,23.179229,112.819985,89.768003,23.051982,4.445120,0.014938
108.704998,85.506761,23.198237,112.782919,89.730206,23.052713,4.607333,0.014253
108.642672,85.456490,23.186182,112.748989,89.745178,23.003811,4.536660,0.014981
108.652796,85.462775,23.190021,112.514590,89.495991,23.018599,4.257053,0.015110
108.708753,85.448253,23.260500,112.642937,89.610239,23.032698,4.411873,0.014746
108.592969,85.323167,23.269803,112.587239,89.447241,23.139998,4.408123,0.014472
108.539284,85.261252,23.278032,112.621237,89.530150,23.091086,4.845576,0.014181
108.416624,85.149760,23.266865,112.553304,89.487223,23.066081,4.336911,0.014153
108.431129,85.106141,23.324987,112.796743,89.601823,23.194920,4.579425,0.014396
108.325240,85.018856,23.306385,112.471795,89.361856,23.109940,4.354855,0.015364
108.356442,85.050318,23.306125,112.459650,89.352866,23.106784,4.487157,0.013829
108.388428,85.078796,23.309633,112.548339,89.428861,23.119478,4.496658,0.013548
108.280835,84.956624,23.324211,112.602422,89.469482,23.132941,4.469201,0.016032
108.226733,84.887707,23.339027,112.501716,89.379020,23.122697,4.435895,0.013964
108.216398,84.897181,23.319217,112.454325,89.281594,23.172731,4.290410,0.014150
108.134620,84.798400,23.336220,112.601559,89.426471,23.175087,4.494959,0.013403
108.100096,84.727727,23.372369,112.541585,89.275425,23.266161,4.449770,0.014928
108.085016,84.714009,23.371007,112.440365,89.240841,23.199524,4.302886,0.015650
107.989922,84.650974,23.338948,112.188064,88.916068,23.271996,4.434430,0.014505
107.939332,84.581470,23.357862,112.538371,89.376239,23.162132,4.517314,0.015382
108.013142,84.595062,23.418080,112.436608,89.205368,23.231239,4.231988,0.015081
107.957363,84.561645,23.395718,112.375593,89.147694,23.227900,4.559294,0.013878
107.873441,84.513290,23.360151,112.470173,89.226206,23.243968,4.452306,0.012828
107.773137,84.412826,23.360311,112.251803,89.138594,23.113209,4.630129,0.013306
107.805760,84.406731,23.399030,112.417446,89.171670,23.245776,4.613167,0.014510
107.762354,84.372174,23.390180,112.722349,89.524282,23.198067,4.303910,0.014531
107.741374,84.318571,23.422803,112.243121,89.002068,23.241053,4.293089,0.015075
107.727854,84.352692,23.375162,112.507229,89.369716,23.137514,4.620750,0.014004
107.659641,84.290473,23.369167,112.367369,89.125692,23.241676,4.419582,0.014145
107.663759,84.224049,23.439709,112.577541,89.164372,23.413169,4.669163,0.013767
107.640135,84.090863,23.549272,112.458715,89.043302,23.415413,4.314015,0.014214
107.608277,84.081498,23.526779,112.407800,89.067696,23.340104,4.498960,0.014092
107.513563,84.020952,23.492611,112.346937,88.974605,23.372332,4.401184,0.014276
107.564962,84.056611,23.508351,112.539036,89.208009,23.331027,4.805460,0.013145
107.475009,83.990324,23.484684,112.316367,89.004004,23.312362,4.431593,0.014228
107.389860,83.919263,23.470598,112.440311,89.017371,23.422939,4.395330,0.014364
107.481866,83.996193,23.485673,112.364380,89.079405,23.284975,4.382270,0.013813
107.378135,83.900386,23.477749,112.304130,89.006269,23.297861,4.297040,0.014537
107.404409,83.918034,23.486375,112.290589,88.977762,23.312827,5.060686,0.012810
107.402863,83.875421,23.527442,112.311847,88.939943,23.371904,4.397563,0.013716
107.296906,83.760766,23.536141,112.352973,89.019930,23.333044,4.228666,0.018138
107.175136,83.635432,23.539704,112.222801,88.873509,23.349292,4.237289,0.014095
107.272868,83.689665,23.583202,112.289862,88.968136,23.321726,4.587968,0.012301
