242.550182,238.371154,4.179028,192.851487,189.718360,3.133128,6.515089,0.004575
186.320389,181.501938,4.818451,173.918375,166.278243,7.640131,4.346612,0.008662
163.136857,153.846758,9.290099,153.245462,142.550558,10.694904,3.828408,0.012837
149.184294,137.857608,11.326686,144.756859,132.773377,11.983482,3.396125,0.015970
141.785923,129.353289,12.432633,138.008894,124.983803,13.025092,3.752316,0.015708
135.997665,122.626388,13.371278,133.079129,119.201399,13.877730,3.640513,0.017776
131.520585,117.354761,14.165823,128.603160,113.997415,14.605746,3.714535,0.018300
128.301680,113.568919,14.732760,126.114162,111.116059,14.998103,3.824095,0.017455
125.836399,110.749117,15.087282,124.023730,108.778961,15.244769,3.752731,0.017888
123.895171,108.543194,15.351977,122.292173,106.792745,15.499428,3.774003,0.017434
122.140428,106.605510,15.534918,120.572345,104.857950,15.714395,3.949904,0.018121
120.632266,104.888289,15.743977,119.209260,103.485107,15.724154,4.061267,0.016677
119.290451,103.463394,15.827058,118.247710,102.345794,15.901916,3.917539,0.017630
118.196006,102.239612,15.956394,117.215080,101.203209,16.011871,3.746819,0.017551
117.046040,100.934759,16.111281,116.494670,100.301108,16.193562,3.920833,0.017031
116.159037,100.030488,16.128549,115.103931,98.859880,16.244051,3.990499,0.016344
115.281542,99.092703,16.188839,114.697310,98.622782,16.074528,3.972980,0.016330
114.478256,98.260756,16.217500,113.549058,97.390109,16.158949,3.886045,0.017152
113.740722,97.501369,16.239353,113.103939,97.022386,16.081553,4.120393,0.017080
112.999372,96.740849,16.258523,112.513759,96.243822,16.269937,4.145359,0.016042
112.457653,96.093897,16.363756,111.927179,95.659537,16.267642,3.692314,0.017640
111.809269,95.438126,16.371143,111.411931,95.093722,16.318210,3.830745,0.018555
111.292180,94.878848,16.413332,110.998901,94.507225,16.491677,3.779734,0.018347
110.757185,94.252591,16.504594,110.512856,93.962257,16.550599,3.964821,0.015383
110.233528,93.696833,16.536695,110.164660,93.648267,16.516393,3.884271,0.017369
109.828276,93.280232,16.548044,109.851066,93.315133,16.535933,3.986176,0.017449
109.476261,92.902435,16.573826,109.416461,92.819605,16.596856,3.774251,0.017849
109.048477,92.446517,16.601960,109.199759,92.572930,16.626829,3.740434,0.017150
108.667810,91.962312,16.705498,108.651066,91.947408,16.703658,3.927631,0.016277
108.293330,91.548785,16.744546,108.300110,91.614224,16.685886,3.869342,0.016368
108.011942,91.282837,16.729105,108.028533,91.318447,16.710086,3.963072,0.015506
107.695742,90.925958,16.769783,107.769683,91.051705,16.717978,3.979956,0.016124
107.428917,90.657797,16.771120,107.688942,90.967960,16.720982,3.671749,0.017457
107.214959,90.386290,16.828669,107.671099,90.854226,16.816873,4.032424,0.015872
106.849178,90.038467,16.810712,107.457356,90.617498,16.839858,3.899379,0.015516
106.659681,89.789089,16.870591,107.639929,90.801141,16.838789,3.638579,0.017347
106.453899,89.621584,16.832315,106.836777,89.912832,16.923946,3.826417,0.016526
106.222114,89.310941,16.911173,106.828352,90.038309,16.790043,4.151675,0.015038
106.027918,89.073387,16.954531,106.412789,89.565363,16.847426,3.977988,0.016018
105.775211,88.811544,16.963666,106.262229,89.377206,16.885024,4.030703,0.015740
105.610999,88.581327,17.029672,106.062456,88.985762,17.076695,3.721383,0.015813
105.338377,88.280694,17.057683,106.173525,89.207658,16.965867,4.018083,0.015780
105.231038,88.158022,17.073015,105.694197,88.669848,17.024348,3.898002,0.016162
105.058783,87.975774,17.083009,105.704805,88.764005,16.940801,3.896453,0.015803
104.907756,87.847162,17.060594,105.445088,88.443955,17.001132,3.866113,0.015782
104.659501,87.591957,17.067544,105.274614,88.325762,16.948852,3.871568,0.016128
104.507483,87.454762,17.052721,105.390531,88.409153,16.981379,3.813088,0.015915
104.335894,87.232201,17.103694,105.045999,88.033325,17.012675,3.881294,0.015181
104.211681,87.174513,17.037167,105.326142,88.404286,16.921856,3.742541,0.016176
104.063542,86.977745,17.085797,104.686338,87.642714,17.043624,3.849867,0.015174
103.919438,86.823416,17.096023,104.721718,87.720344,17.001373,3.966101,0.015517
103.756944,86.613331,17.143613,104.917905,87.924635,16.993270,4.121542,0.014801
103.604635,86.501490,17.103146,104.468490,87.421188,17.047301,3.952515,0.015664
103.467949,86.311744,17.156205,104.155533,87.074348,17.081185,3.908091,0.015237
103.285685,86.138503,17.147182,104.554522,87.529102,17.025420,3.844321,0.015736
103.195664,85.982189,17.213475,104.278451,87.188062,17.090389,3.893865,0.015598
103.063992,85.874513,17.189479,104.156142,87.037495,17.118647,3.757418,0.016635
102.976685,85.764953,17.211731,103.756247,86.529450,17.226796,3.997837,0.014423
102.846009,85.599297,17.246712,103.886720,86.726357,17.160363,3.819634,0.015356
102.752033,85.481369,17.270664,103.832576,86.692322,17.140254,3.735348,0.015744
102.595024,85.367053,17.227971,103.466085,86.187676,17.278409,3.819573,0.015442
102.486410,85.226035,17.260375,103.754259,86.652528,17.101731,3.849524,0.015362
102.416366,85.158736,17.257630,103.471238,86.272291,17.198947,3.974826,0.015122
102.330254,85.087539,17.242715,103.433479,86.315037,17.118442,3.986739,0.015462
102.207221,84.933799,17.273422,103.385805,86.264344,17.121462,4.073900,0.014352
102.183893,84.868313,17.315580,103.600899,86.374601,17.226298,3.906974,0.014417
102.035386,84.702962,17.332424,103.120844,85.786403,17.334442,3.863631,0.014575
101.934426,84.605057,17.329370,103.328983,86.135878,17.193105,3.834433,0.016121
101.957120,84.598414,17.358706,103.383458,86.002181,17.381277,3.770237,0.014764
101.831756,84.450026,17.381731,103.004116,85.668780,17.335336,3.877285,0.015250
101.726217,84.357106,17.369111,103.170035,85.904596,17.265440,3.868781,0.015281
101.696339,84.339940,17.356399,103.217824,85.847216,17.370608,3.686588,0.015603
101.633753,84.274997,17.358757,102.942253,85.675132,17.267121,3.867250,0.015202
101.460475,84.062059,17.398416,102.768796,85.523667,17.245129,3.921906,0.014750
101.428590,84.099563,17.329027,103.250021,86.028413,17.221608,3.811327,0.016210
101.381904,84.025533,17.356371,102.833083,85.576181,17.256903,3.662009,0.016006
101.226176,83.874486,17.351690,102.709443,85.369219,17.340223,3.942567,0.014931
101.199188,83.768418,17.430770,102.747123,85.442956,17.304167,3.898494,0.014424
101.219118,83.801784,17.417334,102.541124,85.063228,17.477896,3.721990,0.015510
101.031521,83.599651,17.431870,102.683703,85.316442,17.367261,3.658185,0.015958
100.976253,83.589924,17.386329,102.670970,85.390337,17.280632,4.050903,0.014442
100.923216,83.469873,17.453342,102.452302,85.077396,17.374907,4.009508,0.014137
100.825286,83.371212,17.454075,102.309260,84.894080,17.415181,3.795977,0.015084
100.780488,83.345125,17.435362,102.685309,85.373094,17.312216,3.784659,0.015398
100.773426,83.341001,17.432425,102.272556,84.891423,17.381133,3.701848,0.015677
100.696180,83.237755,17.458425,102.182095,84.710398,17.471697,3.985656,0.014359
100.681216,83.215629,17.465587,102.436271,85.089261,17.347011,3.809697,0.014875
100.605530,83.160871,17.444659,102.386557,85.018052,17.368506,3.858114,0.014187
100.540786,83.069264,17.471522,102.437303,84.992544,17.444758,3.718952,0.015928
100.512691,83.031513,17.481178,102.286212,84.833610,17.452602,3.608761,0.015639
100.364976,82.956614,17.408362,102.492095,85.087809,17.404285,3.723233,0.015373
100.407612,82.924252,17.483360,102.072658,84.674880,17.397778,4.052965,0.014799
100.398545,82.887469,17.511076,102.530929,85.158051,17.372879,3.746764,0.016026
100.300064,82.778030,17.522034,101.944698,84.534402,17.410295,3.936207,0.014275
100.227411,82.724157,17.503253,102.166420,84.728293,17.438128,4.068340,0.014665
100.230110,82.755790,17.474320,101.926089,84.451381,17.474708,3.701464,0.014664
100.084314,82.555803,17.528511,101.958785,84.518581,17.440204,3.880574,0.014519
100.089690,82.601091,17.488598,101.919572,84.542427,17.377146,3.807449,0.015345
100.038954,82.556215,17.482739,102.006628,84.628659,17.377968,3.751261,0.015399
100.109434,82.560602,17.548832,101.911601,84.387389,17.524213,3.778765,0.015499
100.011112,82.512226,17.498886,101.777208,84.306851,17.470357,3.829394,0.014679
99.945507,82.442107,17.503400,101.769167,84.385732,17.383434,3.811947,0.015152
99.865656,82.328186,17.537470,101.721729,84.342213,17.379516,3.808459,0.015916
99.812631,82.285511,17.527120,101.552785,84.138150,17.414635,3.800381,0.015992
99.827362,82.311637,17.515725,101.787157,84.303970,17.483188,3.942065,0.014565
99.866195,82.289499,17.576696,101.654297,84.173509,17.480788,3.680507,0.015976
99.710657,82.211433,17.499224,101.876719,84.397469,17.479250,3.803139,0.017206
99.661100,82.107414,17.553686,101.646438,84.148213,17.498225,3.621604,0.015145
99.613769,82.057118,17.556651,101.820275,84.389656,17.430619,3.837654,0.014017
99.664695,82.068225,17.596470,101.774131,84.287700,17.486431,3.899033,0.014215
99.600457,82.025844,17.574614,101.681384,84.136418,17.544966,3.933061,0.014160
99.533512,81.910654,17.622858,101.763356,84.327292,17.436065,3.850240,0.014771
99.476801,81.898933,17.577867,101.748266,84.366039,17.382227,3.797909,0.015196
99.450230,81.898603,17.551627,101.686586,84.135407,17.551179,3.709253,0.015318
99.432028,81.841242,17.590786,101.467320,83.984674,17.482646,3.801512,0.015324
99.350009,81.764536,17.585473,101.683763,84.144869,17.538894,3.667771,0.015272
99.388681,81.774207,17.614474,101.611327,84.171564,17.439764,4.051526,0.014537
99.297770,81.678258,17.619511,101.438867,83.936152,17.502714,3.846482,0.014986
99.309405,81.740153,17.569252,101.594929,84.125300,17.469629,3.710195,0.015051
99.326753,81.732524,17.594229,101.632816,84.049565,17.583251,3.984454,0.013515
99.230414,81.597051,17.633362,101.567173,84.045322,17.521851,3.712355,0.015579
99.187033,81.554177,17.632856,101.504203,83.949149,17.555055,3.599767,0.015154
99.150930,81.491393,17.659537,101.349952,83.685854,17.664097,3.777433,0.015201
99.099396,81.480075,17.619321,101.434002,83.905437,17.528565,3.801722,0.014024
99.171423,81.510338,17.661085,101.646302,84.105051,17.541251,3.761166,0.014981
99.102360,81.482218,17.620142,101.225036,83.671502,17.553535,3.819155,0.014696
99.036485,81.394231,17.642254,101.304270,83.810593,17.493677,3.893105,0.013976
99.020131,81.390567,17.629565,101.423387,83.906786,17.516601,3.830550,0.015376
99.005196,81.428616,17.576581,101.306832,83.821355,17.485477,3.749635,0.014789
98.974124,81.347334,17.626790,101.301816,83.742322,17.559494,3.757908,0.014861
98.997152,81.349649,17.647503,101.312269,83.756030,17.556239,3.718379,0.015158
98.891608,81.283898,17.607710,101.248989,83.754555,17.494434,3.724959,0.015855
98.912955,81.270157,17.642798,101.174151,83.707954,17.466196,3.857154,0.014007
98.880334,81.223286,17.657048,101.439731,83.904329,17.535401,3.839406,0.014412
98.871191,81.180730,17.690461,101.287684,83.747306,17.540378,3.768816,0.014756
98.808155,81.143584,17.664570,101.055893,83.447993,17.607900,3.597667,0.015181
98.756395,81.052344,17.704051,101.236627,83.713718,17.522910,3.927381,0.014917
98.679478,80.980533,17.698945,101.113228,83.524351,17.588877,4.075166,0.013356
98.746574,81.074036,17.672539,101.236823,83.717580,17.519244,3.755862,0.014664
98.757988,81.036767,17.721221,101.210038,83.574569,17.635469,3.710464,0.015712
98.651143,80.952978,17.698166,101.216849,83.729384,17.487466,3.952062,0.014404
98.677898,80.980967,17.696931,101.138774,83.584225,17.554549,3.908904,0.014433
98.589849,80.916428,17.673421,101.339390,83.792161,17.547230,3.784907,0.014231
98.594914,80.924292,17.670622,101.186097,83.615966,17.570131,4.040787,0.015072
98.619628,80.911359,17.708269,101.167210,83.561241,17.605969,3.825333,0.013854
98.534659,80.809753,17.724905,101.260339,83.623027,17.637312,3.978377,0.014151
98.571376,80.831270,17.740107,101.370488,83.747902,17.622586,4.151343,0.012696
98.537371,80.814250,17.723121,100.886598,83.285358,17.601241,3.750213,0.014259
98.524041,80.768471,17.755569,101.153883,83.491623,17.662260,3.779343,0.013683
98.450747,80.712864,17.737883,101.243245,83.659355,17.583890,3.683086,0.015252
98.401737,80.672684,17.729053,100.883383,83.331065,17.552318,3.969669,0.014575
98.430440,80.734173,17.696267,101.115077,83.411715,17.703363,3.630042,0.014721
98.404143,80.664170,17.739973,101.191258,83.592282,17.598976,3.714028,0.015185
98.385273,80.646344,17.738928,101.241125,83.627341,17.613784,3.726369,0.014447
98.396761,80.658284,17.738477,100.871848,83.204846,17.667002,3.969448,0.013821
98.340794,80.578680,17.762114,100.933720,83.285319,17.648401,3.873251,0.014719
98.308444,80.554058,17.754386,101.023073,83.385891,17.637181,3.877112,0.014413
98.320577,80.559152,17.761425,101.066501,83.405456,17.661045,3.834317,0.015107
98.235182,80.484443,17.750740,101.054838,83.419252,17.635586,3.908674,0.013543
98.262879,80.492458,17.770422,100.986219,83.347245,17.638974,3.971603,0.014172
