198.054875,194.737518,3.317357,171.859982,164.498945,7.361037,2.979717,0.013187
158.128872,148.518880,9.609992,147.723569,136.879150,10.844418,2.837483,0.017371
144.979027,133.969307,11.009720,141.304007,130.016263,11.287743,3.005406,0.021038
139.491040,127.826057,11.664983,136.478441,124.363115,12.115326,3.102640,0.020303
134.766735,122.195757,12.570978,131.714754,118.740645,12.974109,3.173885,0.021300
131.367607,118.235915,13.131693,129.147859,115.751117,13.396742,3.172203,0.020959
128.873654,115.290934,13.582720,126.816210,113.142917,13.673292,3.157876,0.021586
126.943948,113.142358,13.801590,125.085159,111.135814,13.949345,3.124555,0.022554
125.278802,111.337087,13.941715,123.885158,109.817991,14.067166,3.084346,0.021964
123.962028,109.940945,14.021082,122.580474,108.511517,14.068957,3.268219,0.020570
122.835918,108.729237,14.106680,121.817835,107.663285,14.154551,3.147317,0.021148
121.808894,107.618545,14.190350,121.016357,106.758243,14.258114,3.221535,0.022460
120.891422,106.666283,14.225139,120.483445,106.180503,14.302942,3.012114,0.023310
120.196511,105.902545,14.293966,119.399685,105.026102,14.373582,3.398310,0.020475
119.467002,105.075642,14.391360,118.662938,104.117320,14.545618,3.161013,0.021976
118.586478,104.140278,14.446201,118.324221,103.729845,14.594375,3.223904,0.021747
117.922062,103.355950,14.566112,117.403527,102.872555,14.530972,3.319694,0.022567
117.313725,102.665638,14.648088,116.685986,101.871121,14.814865,3.271962,0.021120
116.593333,101.848892,14.744440,116.000325,101.156854,14.843471,3.307039,0.021082
115.993236,101.128271,14.864965,115.825088,100.898986,14.926102,3.107639,0.022579
115.553646,100.636956,14.916690,115.115348,100.107403,15.007945,3.376635,0.021289
114.994439,100.028031,14.966408,114.877471,99.959850,14.917621,3.334749,0.020335
114.606252,99.625483,14.980770,114.175382,99.152635,15.022747,3.212852,0.021803
114.198972,99.188251,15.010721,114.208974,99.180698,15.028276,3.380466,0.020773
113.826614,98.790928,15.035687,113.855239,98.792081,15.063159,3.264902,0.022707
113.501147,98.409381,15.091766,113.513860,98.351727,15.162134,3.390435,0.021037
113.080019,98.003073,15.076946,113.452871,98.413032,15.039839,3.366656,0.020986
112.865990,97.787007,15.078983,113.481986,98.409607,15.072379,3.181775,0.022675
112.620581,97.537493,15.083088,112.584861,97.448732,15.136128,3.355322,0.020845
112.306589,97.189677,15.116913,112.462240,97.352218,15.110023,3.495154,0.019876
112.144365,97.054601,15.089764,112.310789,97.150515,15.160274,3.551605,0.019122
111.905360,96.765054,15.140306,112.174689,97.027032,15.147656,3.365497,0.021140
111.655060,96.519193,15.135867,112.022153,96.905468,15.116685,3.403357,0.021007
111.475915,96.349759,15.126155,111.695357,96.510419,15.184938,3.475699,0.018589
111.288816,96.195724,15.093092,111.856943,96.736462,15.120482,3.378585,0.020116
111.135193,95.988660,15.146533,111.458231,96.250502,15.207729,3.295291,0.020149
110.919324,95.763629,15.155695,111.408968,96.257951,15.151017,3.499022,0.022221
110.738640,95.577954,15.160686,111.270255,96.167080,15.103175,3.486352,0.020093
110.656281,95.505313,15.150968,111.130460,95.911852,15.218607,3.396863,0.021122
110.442906,95.280711,15.162195,111.049482,95.880710,15.168772,3.495540,0.019892
110.309544,95.165399,15.144145,111.352869,96.247230,15.105639,3.279535,0.020873
110.188872,95.034737,15.154135,110.823366,95.638564,15.184803,3.517470,0.019067
110.048560,94.895174,15.153386,110.506569,95.377901,15.128668,3.603095,0.020162
109.980368,94.811101,15.169267,110.703934,95.485865,15.218069,3.401276,0.020083
109.834590,94.702577,15.132014,110.683598,95.485026,15.198571,3.466116,0.019752
109.694586,94.546145,15.148442,110.227089,95.059143,15.167946,3.535053,0.019441
109.523052,94.374846,15.148206,110.236856,95.167495,15.069361,3.718531,0.020992
109.428439,94.306637,15.121802,110.363311,95.256860,15.106451,3.488149,0.019915
109.403687,94.242725,15.160962,110.318503,95.098560,15.219944,3.432202,0.021404
109.235485,94.089629,15.145855,110.205274,95.074693,15.130581,3.423836,0.019995
109.114282,93.980493,15.133790,110.086248,94.909755,15.176492,3.462546,0.019179
109.048259,93.927349,15.120910,110.198108,95.125529,15.072579,3.591409,0.020414
108.932425,93.806489,15.125936,109.767950,94.571781,15.196169,3.491634,0.020185
108.864397,93.752153,15.112244,110.091985,95.019459,15.072526,3.311329,0.020925
108.726539,93.609854,15.116685,109.909779,94.723440,15.186339,3.575626,0.019740
108.746412,93.575086,15.171326,109.864223,94.759139,15.105084,3.457252,0.020562
108.571117,93.412517,15.158600,109.548082,94.397385,15.150697,3.452289,0.020598
108.528512,93.391225,15.137286,109.496480,94.266059,15.230422,3.309304,0.020479
108.367109,93.182369,15.184740,109.467485,94.297138,15.170348,3.522334,0.019794
108.287583,93.124102,15.163482,109.167592,94.048535,15.119057,3.734731,0.018175
108.297811,93.113955,15.183856,109.136202,93.846712,15.289490,3.502167,0.020878
108.226828,93.070402,15.156427,109.411941,94.297424,15.114518,3.553915,0.021610
108.102849,92.953850,15.148999,109.221706,94.026965,15.194741,3.722008,0.019374
107.982733,92.831549,15.151184,109.234258,94.105303,15.128956,3.546877,0.019643
107.935673,92.758003,15.177670,109.246319,94.082549,15.163770,3.399992,0.022078
107.917547,92.740190,15.177357,109.143932,94.083556,15.060377,3.757878,0.020371
107.821739,92.676963,15.144777,109.159218,94.026892,15.132326,3.499316,0.020503
107.782646,92.607618,15.175028,108.897141,93.712340,15.184800,3.890339,0.018565
107.686478,92.519663,15.166816,108.973479,93.849074,15.124406,3.760347,0.017969
107.646431,92.481379,15.165052,108.556169,93.253232,15.302938,3.471771,0.021038
107.526158,92.363819,15.162340,108.725378,93.612856,15.112522,3.610430,0.020804
107.471449,92.341711,15.129738,108.958633,93.889605,15.069028,3.491969,0.021489
107.423136,92.263989,15.159148,108.787790,93.587596,15.200194,3.678362,0.019717
107.456339,92.290211,15.166128,108.857685,93.661910,15.195775,3.590253,0.020172
107.329153,92.162772,15.166382,108.656621,93.516638,15.139984,3.430925,0.020238
107.274871,92.116294,15.158578,108.454127,93.377941,15.076186,3.729627,0.019708
107.334785,92.187774,15.147012,108.668912,93.539237,15.129675,3.375286,0.020729
107.177760,92.027756,15.150004,108.454199,93.318895,15.135304,3.528930,0.020393
107.137392,91.941181,15.196212,108.615617,93.369399,15.246218,3.655942,0.019874
107.105836,91.913010,15.192827,108.588310,93.339707,15.248604,3.375648,0.020000
107.027263,91.842500,15.184763,108.268295,93.037166,15.231129,3.479286,0.020318
107.021514,91.837036,15.184477,108.508485,93.377005,15.131480,3.766045,0.021260
106.953988,91.750184,15.203804,108.299004,93.153364,15.145640,3.498852,0.020752
106.887360,91.692907,15.194454,108.306336,93.166443,15.139893,3.620006,0.020140
106.740176,91.557920,15.182256,108.117578,93.024845,15.092733,3.737462,0.018430
106.796773,91.632857,15.163916,108.369336,93.277801,15.091535,3.594534,0.021485
106.812140,91.636505,15.175635,108.133954,92.908612,15.225342,3.633738,0.018353
106.687349,91.499823,15.187526,108.134754,92.945931,15.188823,3.758694,0.018939
106.722589,91.550957,15.171632,108.240137,93.094033,15.146104,3.533866,0.020287
106.620089,91.421975,15.198114,108.565943,93.444494,15.121450,3.525131,0.021945
106.599736,91.385288,15.214448,108.365763,93.120682,15.245081,3.857978,0.019578
106.529075,91.316772,15.212303,108.395797,93.186368,15.209429,3.292095,0.021389
106.507486,91.258964,15.248523,107.934789,92.685331,15.249458,3.666862,0.019785
106.409343,91.172948,15.236396,108.279218,93.111911,15.167307,3.589033,0.020557
106.400659,91.175481,15.225178,108.140870,93.024261,15.116609,3.618234,0.020822
106.362966,91.132419,15.230547,107.916043,92.731603,15.184441,3.643047,0.020977
106.345642,91.126490,15.219152,107.697587,92.430570,15.267017,3.690524,0.019172
106.262063,91.048248,15.213815,107.899384,92.647896,15.251489,3.239944,0.023261
106.223414,90.969713,15.253702,107.914593,92.675747,15.238846,3.601902,0.020575
106.260126,91.046643,15.213483,107.934185,92.716191,15.217994,3.739669,0.020738
106.231154,91.010738,15.220416,107.969074,92.705897,15.263177,3.667472,0.020235
106.173944,90.899855,15.274089,108.009700,92.800800,15.208900,3.477936,0.020823
106.186622,90.929266,15.257357,107.855062,92.644517,15.210546,3.819185,0.019747
106.071917,90.750201,15.321716,107.766592,92.474082,15.292510,3.613590,0.018821
106.016827,90.756910,15.259917,107.675987,92.438665,15.237322,3.557558,0.020507
106.053170,90.793592,15.259578,107.861093,92.598923,15.262170,3.663137,0.019066
106.003532,90.727958,15.275574,107.908860,92.628125,15.280735,3.548488,0.020060
105.923556,90.611195,15.312361,107.594236,92.277370,15.316866,3.658125,0.019347
105.944622,90.649950,15.294672,107.560824,92.267022,15.293803,3.688187,0.020130
105.882285,90.608823,15.273463,107.714244,92.408205,15.306038,3.703862,0.022208
106.091697,90.790825,15.300871,107.611171,92.290887,15.320283,3.442110,0.022450
105.823196,90.522795,15.300401,107.713031,92.486230,15.226801,3.821208,0.019297
105.812770,90.503545,15.309225,107.528811,92.218609,15.310202,3.538899,0.019144
105.754279,90.441320,15.312959,107.599633,92.326893,15.272740,3.585506,0.020919
105.798540,90.531766,15.266774,107.481492,92.292095,15.189396,3.694158,0.020209
105.806608,90.524504,15.282103,107.653810,92.344047,15.309764,3.607347,0.019807
105.809668,90.502082,15.307586,107.380845,92.108890,15.271955,3.692120,0.020298
105.624686,90.326516,15.298170,107.522912,92.314695,15.208217,3.679235,0.020316
105.712365,90.411231,15.301134,107.331913,91.995385,15.336529,3.583456,0.022186
105.698687,90.363112,15.335575,107.387515,91.996912,15.390604,3.457596,0.020843
105.594823,90.246150,15.348673,107.745986,92.458214,15.287772,3.608655,0.019956
105.587992,90.283241,15.304751,107.490582,92.254376,15.236206,3.737001,0.022086
105.659990,90.340990,15.319000,107.286786,91.960529,15.326257,3.696946,0.020371
105.589967,90.295083,15.294884,107.653602,92.419268,15.234335,3.608059,0.020938
105.626268,90.262136,15.364132,107.398855,92.056730,15.342126,3.754017,0.021022
105.476103,90.131835,15.344268,107.435471,92.168189,15.267282,3.619579,0.020198
105.533288,90.225616,15.307673,107.553732,92.228413,15.325319,3.505108,0.020080
105.552206,90.178080,15.374127,107.454565,92.143038,15.311526,3.508898,0.019648
105.451713,90.102207,15.349506,107.571781,92.265161,15.306620,3.604765,0.019770
105.469317,90.121875,15.347443,107.511152,92.238446,15.272706,3.957998,0.020733
105.422976,90.069737,15.353239,107.276378,91.963122,15.313256,3.635596,0.020684
105.447162,90.059365,15.387797,107.336608,92.034009,15.302600,3.728330,0.020092
105.309820,89.940039,15.369781,107.429273,92.198956,15.230317,3.698200,0.022216
105.389461,90.033848,15.355613,107.458911,92.078424,15.380487,3.497115,0.020521
105.348271,90.013580,15.334691,107.525234,92.203536,15.321698,3.910256,0.018226
105.335564,89.966158,15.369407,107.278193,91.903787,15.374407,3.511335,0.020371
105.341267,89.947763,15.393504,107.244742,91.846756,15.397986,3.450367,0.021822
105.321409,89.949972,15.371437,107.208441,91.837249,15.371193,3.613340,0.019691
105.254169,89.876964,15.377205,107.381320,92.003575,15.377745,3.570646,0.019189
105.248932,89.877751,15.371181,107.228279,91.936953,15.291325,3.626176,0.020239
105.248085,89.883281,15.364804,107.262414,91.916455,15.345959,3.613347,0.020060
105.265345,89.878100,15.387246,107.449587,92.097422,15.352165,3.809139,0.020857
105.257211,89.852997,15.404214,107.153409,91.817369,15.336040,3.710116,0.019494
105.127988,89.739023,15.388966,107.311837,91.991756,15.320081,3.842414,0.020252
105.175633,89.789203,15.386430,107.355294,92.007760,15.347535,3.711252,0.018978
105.142219,89.730197,15.412022,107.317947,92.004178,15.313769,3.646619,0.019603
105.204916,89.807787,15.397130,107.186111,91.837203,15.348908,3.508185,0.020093
105.135373,89.724410,15.410963,107.292987,91.926551,15.366436,3.683451,0.022077
105.133237,89.728140,15.405096,107.265638,91.950108,15.315529,3.486079,0.021922
105.139651,89.756655,15.382997,107.274115,91.838197,15.435918,3.667712,0.021092
105.065500,89.664186,15.401313,107.047118,91.639460,15.407658,3.479370,0.021714
105.074677,89.665373,15.409305,107.294850,91.856842,15.438008,3.507254,0.020872
104.992342,89.599815,15.392528,107.328139,91.917862,15.410277,3.683137,0.020352
105.024774,89.618085,15.406689,106.874738,91.543768,15.330970,3.701849,0.019517
104.974539,89.561826,15.412713,106.908508,91.534849,15.373660,3.589697,0.019666
105.048583,89.661195,15.387389,107.561608,92.259084,15.302524,3.462936,0.022023
105.058280,89.678385,15.379895,107.005405,91.688255,15.317151,3.927102,0.021179
105.032143,89.636229,15.395914,107.003676,91.614746,15.388930,3.836749,0.020339
104.979188,89.556822,15.422366,107.067602,91.683064,15.384538,3.598784,0.020651
105.015956,89.580849,15.435108,107.078470,91.671311,15.407159,3.603806,0.019239
