190.378408,183.241804,7.136604,159.137644,144.684021,14.453624,2.042722,0.036335
149.666200,132.452643,17.213557,143.796494,124.790080,19.006414,2.090894,0.044001
139.583609,119.692201,19.891408,135.031848,114.143429,20.888419,2.326824,0.041132
133.587468,112.334359,21.253109,130.671974,108.849871,21.822102,2.218721,0.044389
129.459934,107.583497,21.876437,126.949576,104.960806,21.988770,2.456274,0.043661
126.829951,104.617424,22.212528,125.532979,103.158861,22.374118,2.380004,0.043300
124.857307,102.418638,22.438670,123.134742,100.518617,22.616125,2.527342,0.042002
123.221658,100.653440,22.568218,122.505264,99.768295,22.736970,2.304404,0.044553
121.926747,99.263574,22.663173,120.961213,98.187925,22.773287,2.640862,0.041561
120.796496,98.057252,22.739244,119.745949,96.974653,22.771296,2.704938,0.042089
120.024359,97.230696,22.793664,119.385711,96.778248,22.607463,2.583562,0.046286
119.313240,96.462066,22.851174,118.555711,95.658348,22.897364,2.496265,0.047615
118.603892,95.777314,22.826579,118.716958,95.839846,22.877111,2.348398,0.048831
118.049865,95.148801,22.901064,117.990768,95.200206,22.790562,2.437017,0.047820
117.508739,94.623355,22.885384,117.275167,94.349188,22.925979,2.572322,0.042095
117.050701,94.138876,22.911825,117.510155,94.549505,22.960649,2.687953,0.043992
116.737438,93.813867,22.923571,117.024771,94.195343,22.829428,2.544693,0.045575
116.273710,93.334827,22.938884,116.470455,93.639042,22.831413,2.641567,0.043145
115.819304,92.883837,22.935468,115.936751,93.197422,22.739328,2.908921,0.043189
115.509946,92.576452,22.933494,115.724244,92.867534,22.856710,2.624355,0.044040
115.192333,92.267051,22.925283,115.629759,92.615232,23.014527,2.647708,0.043279
114.915080,91.969298,22.945782,115.233920,92.269798,22.964122,2.742225,0.041899
114.606419,91.670808,22.935611,114.849506,91.976342,22.873164,2.695781,0.042886
114.383701,91.437817,22.945884,114.697940,91.818266,22.879674,2.787045,0.039769
114.069874,91.153999,22.915875,114.445714,91.452333,22.993382,2.587039,0.044015
113.756160,90.831175,22.924985,114.105173,91.199810,22.905363,2.579180,0.043915
113.552695,90.577151,22.975544,114.083784,91.269870,22.813915,2.663629,0.043770
113.337788,90.374530,22.963258,114.111639,91.221422,22.890217,2.669899,0.043223
113.089949,90.129319,22.960631,114.045010,91.218255,22.826756,2.625289,0.044017
112.911528,89.977407,22.934121,113.427054,90.474481,22.952573,2.739538,0.042011
112.731985,89.814904,22.917081,113.276133,90.385911,22.890222,2.805407,0.043374
112.500915,89.544569,22.956346,113.571065,90.613961,22.957105,2.662400,0.043202
112.360201,89.469258,22.890944,113.155259,90.302793,22.852466,2.672670,0.045111
112.135644,89.256410,22.879234,112.856590,90.050570,22.806020,2.707479,0.042768
111.885715,89.010802,22.874913,112.733392,89.830543,22.902849,2.831612,0.041752
111.715558,88.870815,22.844743,112.351911,89.730962,22.620949,2.622497,0.044340
111.528146,88.705497,22.822650,112.505165,89.667310,22.837856,2.763643,0.042633
111.406407,88.583687,22.822720,112.198960,89.585912,22.613047,2.931230,0.038326
111.175241,88.379023,22.796219,112.056598,89.320141,22.736457,2.839285,0.041143
110.979807,88.214698,22.765108,111.817860,89.160121,22.657739,2.853308,0.038411
110.814040,88.005505,22.808535,112.094840,89.249994,22.844847,2.669624,0.040925
110.694865,87.915310,22.779555,112.071759,89.373024,22.698735,2.802631,0.043658
110.569842,87.822885,22.746957,111.435871,88.777872,22.657999,2.748877,0.043566
110.394905,87.667495,22.727411,111.595278,89.065793,22.529486,2.817854,0.042508
110.233435,87.512524,22.720912,111.324061,88.620039,22.704022,2.651891,0.042970
110.017217,87.323563,22.693654,111.152141,88.681152,22.470990,2.847663,0.040360
109.941949,87.271028,22.670921,111.068977,88.399902,22.669075,2.746701,0.041724
109.929956,87.204106,22.725850,110.880358,88.211306,22.669052,2.782450,0.041523
109.726755,87.024061,22.702694,110.736234,87.976945,22.759290,2.758941,0.040683
109.571100,86.805380,22.765720,110.582173,87.971428,22.610745,2.758563,0.038934
109.533778,86.835939,22.697838,110.634752,88.051582,22.583169,2.795033,0.041505
109.393791,86.720134,22.673657,110.582327,88.005104,22.577224,2.651289,0.041352
109.224620,86.600651,22.623969,110.551173,88.053041,22.498132,2.835438,0.041201
109.187161,86.533869,22.653292,110.471878,87.890982,22.580896,2.802542,0.042038
109.046292,86.399224,22.647068,110.339803,87.780156,22.559648,2.799759,0.040703
108.955271,86.358303,22.596968,110.052126,87.558027,22.494099,2.892841,0.039841
108.901428,86.257380,22.644048,110.002772,87.398449,22.604323,2.728382,0.041751
108.837599,86.188743,22.648857,109.879201,87.311898,22.567303,2.882252,0.040630
108.612559,86.048255,22.564304,109.686335,87.162193,22.524143,2.905887,0.037622
108.584087,85.974583,22.609504,109.644767,87.085079,22.559688,2.777153,0.040197
108.397747,85.787543,22.610205,109.633719,87.180038,22.453682,2.779095,0.041094
108.401753,85.797284,22.604469,109.543345,86.919758,22.623587,2.788326,0.040657
108.236697,85.617341,22.619356,109.488508,87.002915,22.485593,2.758542,0.040810
108.109545,85.552990,22.556555,109.746140,87.276380,22.469760,2.892531,0.040607
108.077888,85.493807,22.584081,109.299218,86.789026,22.510192,2.830578,0.038216
108.035273,85.456042,22.579231,109.178451,86.826473,22.351977,2.948712,0.040300
107.940999,85.366505,22.574494,109.768778,87.296041,22.472737,2.723440,0.041040
107.909368,85.319061,22.590308,109.099167,86.750785,22.348382,2.845058,0.042837
107.866056,85.263193,22.602863,109.415157,86.852040,22.563117,2.849517,0.042436
107.738242,85.148570,22.589672,108.923638,86.430690,22.492948,2.774696,0.044807
107.771903,85.150391,22.621512,108.889333,86.428336,22.460998,3.037454,0.036830
107.638111,85.042399,22.595713,109.057643,86.587284,22.470359,2.796922,0.043532
107.590845,84.981924,22.608921,109.140797,86.585957,22.554841,2.687887,0.043373
107.486793,84.904959,22.581834,108.836027,86.371691,22.464335,2.768266,0.039872
107.478857,84.885694,22.593163,108.899388,86.493487,22.405901,2.808074,0.039883
107.364375,84.818628,22.545747,108.766337,86.192536,22.573802,2.867423,0.041244
107.221145,84.646930,22.574215,108.682678,86.304144,22.378534,2.859339,0.041518
107.226431,84.660974,22.565458,108.814210,86.323916,22.490294,2.913295,0.040420
107.138632,84.592806,22.545826,108.469270,85.942015,22.527255,2.914653,0.040870
107.083945,84.536115,22.547830,108.414047,85.899197,22.514850,2.875821,0.038933
106.956047,84.417982,22.538065,108.092031,85.615985,22.476046,2.865116,0.041375
106.971746,84.464271,22.507474,108.429125,85.921854,22.507272,3.046055,0.040173
106.967215,84.437139,22.530076,108.161292,85.813313,22.347979,2.959790,0.043975
106.842120,84.320263,22.521857,108.359125,85.953188,22.405937,2.833980,0.040894
106.786449,84.229903,22.556546,108.259981,85.756161,22.503820,2.777793,0.043670
106.798454,84.234367,22.564088,108.328059,85.738236,22.589823,2.899958,0.039953
106.743330,84.164297,22.579033,108.127129,85.598780,22.528349,2.927905,0.040528
106.688192,84.108945,22.579246,108.307606,85.860775,22.446831,2.989817,0.037564
106.563067,84.015976,22.547091,108.051218,85.579082,22.472136,2.836055,0.040926
106.611756,84.051906,22.559851,108.172871,85.697177,22.475694,2.911834,0.042233
106.634898,84.066200,22.568698,107.885621,85.399985,22.485636,2.919419,0.039565
106.477886,83.947684,22.530202,107.964700,85.583797,22.380903,2.875348,0.041928
106.511733,83.922445,22.589288,107.912628,85.426786,22.485842,3.033643,0.040532
106.409761,83.826329,22.583433,108.125345,85.636127,22.489217,2.748856,0.039376
106.420883,83.822463,22.598420,108.460808,85.817219,22.643589,2.859893,0.038399
106.374998,83.785472,22.589526,107.831139,85.439768,22.391371,3.053185,0.037965
106.202925,83.653614,22.549312,107.947484,85.452103,22.495381,2.778857,0.041027
106.152397,83.589839,22.562558,108.057269,85.561500,22.495769,3.090921,0.035410
106.213044,83.664633,22.548412,107.852307,85.316865,22.535443,2.902980,0.040635
106.104371,83.536431,22.567940,107.471264,85.068258,22.403006,3.042792,0.036471
106.091477,83.549225,22.542252,107.848466,85.328827,22.519639,3.065426,0.039286
106.008478,83.454256,22.554222,107.826013,85.394238,22.431776,2.808104,0.039529
105.998388,83.456134,22.542254,107.571716,85.082281,22.489435,3.001370,0.041689
106.026273,83.480350,22.545924,107.786449,85.313533,22.472916,2.868728,0.041672
105.986792,83.439109,22.547683,107.784946,85.299165,22.485782,2.652737,0.042306
105.885845,83.340956,22.544889,107.558626,85.130937,22.427690,2.819947,0.041281
105.841300,83.289445,22.551856,107.909115,85.369227,22.539889,2.767757,0.039750
105.827052,83.252329,22.574722,107.305729,84.868315,22.437414,3.136007,0.038011
105.785000,83.232694,22.552306,107.179175,84.739251,22.439923,3.050894,0.038720
105.810385,83.290883,22.519503,107.729612,85.448378,22.281234,2.979928,0.041879
105.683796,83.146291,22.537504,107.440814,85.049118,22.391696,2.827619,0.042421
105.615376,83.099585,22.515792,107.271513,84.872461,22.399052,2.808748,0.040885
105.619385,83.132242,22.487143,107.294505,84.837549,22.456957,2.925802,0.036499
105.497866,83.012312,22.485554,107.294477,84.877172,22.417306,3.002786,0.040951
105.582709,83.031071,22.551638,107.100444,84.597639,22.502805,2.993198,0.038568
105.623936,83.062318,22.561619,107.098448,84.684380,22.414068,2.889451,0.039278
105.473947,82.966220,22.507728,107.181018,84.801634,22.379385,3.073176,0.036473
105.494575,82.943367,22.551209,107.098591,84.546786,22.551805,2.845425,0.037272
105.369981,82.875889,22.494092,107.222566,84.841116,22.381450,2.911785,0.041015
105.361268,82.851941,22.509327,106.999526,84.559281,22.440244,2.918983,0.037400
105.365613,82.843940,22.521673,106.997368,84.597503,22.399865,2.901025,0.039644
105.264813,82.737787,22.527025,107.124579,84.666938,22.457641,3.171299,0.039391
105.208787,82.699402,22.509385,107.231709,84.732112,22.499597,2.768435,0.041961
105.218853,82.708360,22.510493,106.939821,84.567444,22.372377,2.942524,0.040017
105.119780,82.643717,22.476063,106.839439,84.498578,22.340861,2.947600,0.041826
105.040531,82.538858,22.501674,106.933277,84.573633,22.359645,2.919666,0.039108
105.119456,82.615498,22.503958,106.951985,84.582537,22.369449,2.846996,0.042722
104.987051,82.543543,22.443509,106.806822,84.362608,22.444213,2.831372,0.040004
104.957079,82.502424,22.454655,106.767672,84.473321,22.294351,2.941917,0.041577
105.025346,82.599273,22.426074,107.043087,84.717550,22.325537,2.815404,0.042609
104.970340,82.491017,22.479323,106.629000,84.241390,22.387611,2.983768,0.036743
105.009824,82.538176,22.471648,107.011455,84.637413,22.374042,3.030278,0.038771
104.911102,82.442240,22.468862,106.878852,84.414953,22.463899,2.997257,0.044247
104.906048,82.406298,22.499750,106.812163,84.369205,22.442958,2.911831,0.038722
104.878579,82.379383,22.499196,106.671297,84.213642,22.457655,3.146650,0.036902
104.779642,82.312585,22.467057,106.822574,84.426525,22.396049,2.997534,0.040234
104.922793,82.429562,22.493231,106.754869,84.390431,22.364438,3.142562,0.035442
104.851359,82.376281,22.475078,106.445737,84.070103,22.375634,2.947739,0.042503
104.691507,82.240397,22.451110,106.439901,84.181915,22.257986,2.865534,0.042174
104.800975,82.306990,22.493985,106.859098,84.320869,22.538229,2.822273,0.041879
104.717349,82.259063,22.458286,106.933545,84.598327,22.335219,2.863224,0.043756
104.635586,82.191715,22.443871,106.490875,84.142988,22.347887,3.031458,0.040158
104.726787,82.275772,22.451014,106.844453,84.516039,22.328415,2.913757,0.039277
104.713898,82.271480,22.442418,106.371590,84.063825,22.307765,3.093704,0.037377
104.674623,82.253717,22.420907,106.476323,83.994902,22.481422,2.753818,0.041679
104.651668,82.171996,22.479672,106.537692,84.170792,22.366900,2.913402,0.038402
104.655794,82.160523,22.495272,106.300801,83.970807,22.329994,2.839636,0.042029
104.661537,82.178419,22.483118,106.595173,84.249349,22.345824,3.010599,0.040591
104.566266,82.115237,22.451029,106.532487,84.163234,22.369252,3.008067,0.039634
104.593233,82.173268,22.419965,106.407099,84.035160,22.371938,2.930323,0.040840
104.523891,82.105447,22.418444,106.363701,84.123807,22.239894,3.008934,0.042468
104.584235,82.146705,22.437530,106.450482,84.112394,22.338088,3.254024,0.039182
104.533683,82.094600,22.439083,106.096960,83.779809,22.317151,3.137268,0.041631
104.465333,82.053409,22.411925,106.177412,83.844178,22.333234,3.028682,0.038841
104.449064,82.028199,22.420865,106.354417,84.072553,22.281864,3.115656,0.043564
104.455254,82.068615,22.386638,106.051552,83.650249,22.401303,2.971570,0.037111
104.459063,82.051524,22.407538,106.358675,84.013986,22.344688,3.168209,0.040661
104.419903,81.972948,22.446955,106.233539,83.799627,22.433911,2.939676,0.039015
104.416733,81.945598,22.471135,106.172021,83.780580,22.391441,2.917023,0.037930
104.374491,81.913690,22.460801,106.271918,83.983964,22.287954,3.014868,0.040609
