244.804332,243.068160,1.736172,194.878042,192.373489,2.504553,5.257709,0.004403
191.251288,187.949935,3.301352,184.194521,179.764119,4.430402,3.717671,0.006983
172.810108,165.599437,7.210671,163.374013,154.456874,8.917138,3.600031,0.009350
157.637986,148.088760,9.549226,151.756392,141.665967,10.090424,3.718375,0.010770
148.472826,137.833846,10.638979,144.506446,133.515811,10.990636,4.044852,0.011371
142.944708,131.515917,11.428791,139.962529,128.040178,11.922351,3.804650,0.013494
138.813521,126.585813,12.227707,136.080912,123.554358,12.526554,4.199523,0.012418
135.847969,123.055806,12.792163,134.077576,121.100037,12.977538,4.044888,0.012808
133.453989,120.230439,13.223550,131.312853,117.890922,13.421932,4.156851,0.012973
131.420145,117.916521,13.503623,129.735934,116.084363,13.651569,4.397510,0.012867
129.798335,116.061128,13.737207,128.148742,114.334121,13.814622,4.212051,0.012784
128.282664,114.273956,14.008708,126.572232,112.428968,14.143264,4.403526,0.012457
127.025763,112.813225,14.212538,125.448228,111.115378,14.332851,4.156673,0.013589
125.804347,111.455341,14.349006,124.867971,110.496809,14.371162,4.207941,0.013907
124.817594,110.380605,14.436989,124.101692,109.573288,14.528404,4.292020,0.013039
123.911745,109.375371,14.536374,123.182758,108.656126,14.526632,4.341964,0.014858
123.009283,108.430696,14.578588,121.944624,107.313461,14.631163,4.333955,0.013974
122.337290,107.706254,14.631035,121.280693,106.526068,14.754625,4.196713,0.014075
121.590160,106.878077,14.712083,120.804888,106.156801,14.648088,4.501245,0.013200
120.901118,106.184742,14.716376,120.436231,105.744405,14.691826,4.245767,0.013254
120.244836,105.506390,14.738446,119.644907,104.818377,14.826530,4.289392,0.014550
119.757952,104.944992,14.812960,119.269445,104.426878,14.842567,4.564559,0.013706
119.137136,104.301644,14.835492,118.695067,103.783822,14.911245,4.392163,0.013280
118.673883,103.782472,14.891412,118.224182,103.408908,14.815274,4.500497,0.013785
118.239096,103.329081,14.910016,117.941140,103.044216,14.896923,4.231045,0.013779
117.690972,102.746167,14.944804,117.366527,102.489227,14.877299,4.334124,0.014259
117.344036,102.307139,15.036898,116.701812,101.656991,15.044821,4.477221,0.013516
116.749604,101.711303,15.038301,116.556806,101.473919,15.082887,4.346098,0.013764
116.317176,101.270092,15.047084,115.851850,100.755231,15.096619,4.343596,0.013927
115.914655,100.804024,15.110631,115.356044,100.217270,15.138774,4.360224,0.014252
115.542542,100.379055,15.163488,115.480299,100.408236,15.072062,4.548896,0.013089
115.168618,99.995785,15.172833,115.025631,99.909810,15.115820,4.506904,0.013343
114.721343,99.529326,15.192017,114.607896,99.426749,15.181147,4.485023,0.013483
114.458587,99.222747,15.235840,114.333886,99.150529,15.183357,4.479842,0.013930
114.031358,98.830616,15.200743,114.394893,99.289250,15.105644,4.123270,0.014384
113.851614,98.608745,15.242869,113.958971,98.817973,15.140998,4.311970,0.014197
113.514911,98.295225,15.219686,113.728418,98.514705,15.213713,4.364247,0.013465
113.215536,98.006403,15.209133,112.943765,97.696856,15.246909,4.349706,0.013474
112.912701,97.662109,15.250591,113.021168,97.813118,15.208051,4.332136,0.013940
112.771421,97.563906,15.207515,112.717547,97.499462,15.218084,4.385140,0.013768
112.486174,97.238363,15.247811,112.387558,97.116354,15.271205,4.559126,0.013292
112.223828,96.936775,15.287053,112.414199,97.241124,15.173074,4.327491,0.012774
111.979210,96.762461,15.216749,111.962872,96.715543,15.247329,4.617189,0.013348
111.814668,96.547698,15.266970,111.991745,96.720606,15.271139,4.513950,0.013587
111.511027,96.241309,15.269718,111.656058,96.460718,15.195341,4.570106,0.013397
111.360789,96.081155,15.279634,111.690751,96.369506,15.321245,4.620546,0.012648
111.056654,95.737473,15.319180,111.293712,96.062814,15.230898,4.456742,0.013692
110.931715,95.612034,15.319681,111.189750,95.935153,15.254597,4.437251,0.013228
110.671886,95.315978,15.355908,111.166702,95.891437,15.275265,4.388657,0.013909
110.597589,95.252522,15.345067,110.761797,95.363186,15.398611,4.629230,0.012027
110.374092,94.996883,15.377209,110.770329,95.364013,15.406316,4.285156,0.013681
110.184075,94.780425,15.403650,111.000276,95.706561,15.293715,4.308531,0.013617
109.944623,94.538010,15.406613,110.544632,95.157673,15.386958,4.443635,0.013121
109.805832,94.404748,15.401084,110.209797,94.762096,15.447701,4.640281,0.014052
109.622106,94.139273,15.482833,110.143283,94.711988,15.431296,4.760090,0.012593
109.476614,94.004261,15.472353,110.342414,94.891129,15.451286,4.735652,0.013334
109.308111,93.803593,15.504518,109.788297,94.312754,15.475543,4.688227,0.013144
109.151732,93.638892,15.512840,109.707242,94.160666,15.546576,4.503739,0.013716
109.045075,93.522339,15.522736,109.719246,94.198787,15.520459,4.514011,0.012679
108.866680,93.326046,15.540633,109.568456,94.115700,15.452757,4.324692,0.014494
108.711960,93.197754,15.514206,109.230501,93.730394,15.500107,4.633638,0.013651
108.626519,93.086387,15.540133,109.376978,93.820435,15.556543,4.617706,0.013195
108.476866,92.925947,15.550919,109.257846,93.705059,15.552787,4.920377,0.013270
108.344880,92.786241,15.558640,109.087073,93.623911,15.463162,4.631107,0.013488
108.315411,92.739377,15.576034,109.123030,93.539199,15.583831,4.488969,0.013215
108.210072,92.645654,15.564418,108.724623,93.044449,15.680174,4.530608,0.012698
108.034189,92.427321,15.606868,109.159963,93.598939,15.561024,4.550158,0.013587
107.988192,92.399843,15.588349,108.724689,93.145323,15.579367,4.553979,0.014085
107.827617,92.201130,15.626486,108.706072,93.203850,15.502223,4.570466,0.013508
107.704299,92.086058,15.618241,108.362908,92.732000,15.630909,4.674778,0.012863
107.585337,91.997758,15.587579,108.505368,92.948760,15.556607,4.642937,0.014155
107.589022,91.992864,15.596158,108.402630,92.785158,15.617472,4.784512,0.012013
107.427463,91.809562,15.617901,108.388288,92.810658,15.577631,4.639767,0.013376
107.349671,91.713824,15.635847,108.258256,92.642620,15.615636,4.590845,0.012171
107.321728,91.697617,15.624111,108.119175,92.512584,15.606591,4.603968,0.013017
107.212681,91.580179,15.632502,108.032151,92.392253,15.639898,4.686925,0.012288
107.089557,91.474231,15.615326,108.276801,92.674357,15.602444,4.629932,0.012798
107.012484,91.409968,15.602516,108.098561,92.555011,15.543550,4.642880,0.012898
107.026903,91.382885,15.644018,108.045003,92.421087,15.623917,4.632442,0.012398
106.884352,91.258072,15.626281,107.899028,92.366852,15.532176,4.577481,0.012806
106.898507,91.247409,15.651099,107.957647,92.263414,15.694233,4.652757,0.012863
106.798551,91.132487,15.666064,107.911709,92.283461,15.628248,4.642369,0.012582
106.722189,91.070149,15.652039,107.756329,92.073621,15.682709,4.322670,0.013561
106.698606,91.061313,15.637292,107.623223,91.986775,15.636448,4.286027,0.014506
106.549984,90.860073,15.689912,107.678538,92.028140,15.650398,4.490679,0.013104
106.634406,90.971846,15.662561,107.709519,91.991007,15.718511,4.485219,0.013469
106.516744,90.866400,15.650344,107.673303,92.041718,15.631586,4.667940,0.013578
106.413639,90.752675,15.660964,107.472731,91.811327,15.661404,4.604575,0.013238
106.443968,90.774512,15.669457,107.320949,91.645171,15.675778,4.710950,0.013171
106.330516,90.616906,15.713610,107.363468,91.673262,15.690206,4.654739,0.013457
106.272855,90.600894,15.671961,107.343118,91.595118,15.748000,4.703481,0.012502
106.255433,90.540137,15.715295,107.537552,91.879386,15.658166,4.650351,0.013167
106.094580,90.378482,15.716098,107.371614,91.708964,15.662650,4.624131,0.012705
106.062886,90.347310,15.715576,107.218729,91.469304,15.749426,4.730250,0.013025
106.040104,90.338550,15.701554,107.281711,91.594483,15.687228,4.675790,0.012670
105.996010,90.295308,15.700703,107.220156,91.566587,15.653569,4.583359,0.013037
105.959622,90.278158,15.681464,107.374618,91.659842,15.714776,4.589127,0.013641
105.932838,90.203932,15.728906,107.359798,91.725847,15.633952,4.557693,0.012961
105.924631,90.217591,15.707040,107.163890,91.488533,15.675358,4.651187,0.014069
105.805633,90.064692,15.740941,107.272026,91.631028,15.640997,4.689235,0.012870
105.706228,89.985071,15.721158,106.993257,91.311972,15.681285,4.823851,0.012473
105.698367,89.977134,15.721233,107.020611,91.352433,15.668178,4.783993,0.012966
105.661576,89.953021,15.708556,107.042748,91.325828,15.716919,4.694879,0.011896
105.569839,89.834131,15.735708,106.998929,91.286636,15.712293,4.574279,0.013890
105.604590,89.922356,15.682234,107.109921,91.377856,15.732066,4.680457,0.012501
105.606836,89.859177,15.747659,106.984909,91.255198,15.729711,4.873900,0.013098
105.554691,89.824765,15.729926,107.044855,91.383015,15.661839,4.771774,0.012272
105.547833,89.850046,15.697787,107.114750,91.461763,15.652987,4.648770,0.014520
105.492325,89.722698,15.769627,106.885340,91.161141,15.724199,4.842822,0.013099
105.404961,89.640062,15.764899,106.945753,91.213434,15.732318,4.576001,0.013783
105.417996,89.702202,15.715795,107.051810,91.424532,15.627277,4.830419,0.012014
105.385900,89.659823,15.726077,106.759030,90.971530,15.787501,4.760600,0.012944
105.320553,89.569991,15.750563,106.777364,91.027988,15.749377,4.531943,0.013557
105.261705,89.513333,15.748372,106.781017,91.082185,15.698832,4.723158,0.013036
105.253916,89.493578,15.760339,106.909066,91.183916,15.725150,4.749471,0.013679
105.294390,89.529088,15.765302,106.768953,91.059748,15.709205,4.802392,0.012079
105.234569,89.481094,15.753474,106.804707,91.032128,15.772580,4.733685,0.013549
105.108968,89.282185,15.826783,106.683258,90.919974,15.763283,4.649137,0.013015
105.095272,89.336681,15.758591,106.938111,91.265463,15.672649,4.754862,0.013259
105.140913,89.371524,15.769389,106.961862,91.211202,15.750659,4.679029,0.013182
105.081769,89.282737,15.799033,106.596124,90.862752,15.733372,4.586620,0.013585
105.042261,89.262338,15.779923,106.793641,91.096053,15.697588,4.419277,0.013733
105.000071,89.200420,15.799651,106.810018,91.125519,15.684499,4.795054,0.013191
104.990915,89.181401,15.809513,106.397181,90.644566,15.752615,4.628511,0.015255
104.992356,89.178694,15.813662,106.631870,90.827112,15.804758,4.596920,0.013489
104.969449,89.169212,15.800237,106.637746,90.848052,15.789694,4.798052,0.013351
104.901919,89.069244,15.832675,106.468508,90.665519,15.802989,4.499588,0.014173
104.811627,88.984590,15.827037,106.487203,90.691190,15.796013,4.560567,0.014882
104.856652,89.041067,15.815586,106.686259,90.869678,15.816581,4.922606,0.013361
104.747826,88.907015,15.840811,106.545999,90.729713,15.816285,4.535333,0.013448
104.716283,88.892400,15.823883,106.651003,90.873196,15.777807,4.787589,0.013004
104.727564,88.878044,15.849519,106.487448,90.719467,15.767981,4.315752,0.014238
104.643059,88.765350,15.877708,106.527564,90.697780,15.829785,4.722292,0.012649
104.638973,88.742815,15.896158,106.177430,90.354248,15.823182,4.562280,0.012789
104.649161,88.796489,15.852672,106.730879,90.881180,15.849698,4.367306,0.014325
104.701294,88.842312,15.858982,106.609923,90.779599,15.830324,4.663621,0.014232
104.580983,88.743638,15.837345,106.742961,91.017787,15.725174,4.917219,0.013607
104.623521,88.775694,15.847827,106.665761,90.830357,15.835404,4.745630,0.013092
104.552006,88.679956,15.872051,106.446727,90.618046,15.828681,4.815921,0.012888
104.553850,88.684044,15.869806,106.374754,90.496920,15.877834,4.583962,0.012531
104.468986,88.625407,15.843578,106.521936,90.750942,15.770994,4.785525,0.013636
104.488920,88.596502,15.892418,106.409847,90.555760,15.854087,4.646284,0.013883
104.440126,88.579421,15.860705,106.397716,90.576525,15.821191,4.747190,0.013255
104.430083,88.542411,15.887672,106.364091,90.552600,15.811491,4.741355,0.014844
104.500878,88.633846,15.867032,106.433573,90.631818,15.801755,4.807242,0.014427
104.407857,88.507565,15.900291,106.398516,90.558097,15.840420,4.434513,0.014132
104.376800,88.494517,15.882283,106.425892,90.593664,15.832227,4.832113,0.013473
104.415601,88.522215,15.893386,106.439370,90.612497,15.826873,4.760621,0.012662
104.409348,88.530317,15.879031,106.451173,90.652419,15.798753,4.781861,0.012810
104.280689,88.385416,15.895273,105.888560,89.995420,15.893140,4.667553,0.013522
104.237332,88.357758,15.879574,106.497152,90.733824,15.763327,4.640809,0.012822
104.336771,88.451932,15.884839,106.333333,90.472761,15.860573,4.967564,0.011458
104.259061,88.418085,15.840976,106.495554,90.741880,15.753674,4.766375,0.012523
104.237022,88.393439,15.843583,106.168739,90.311451,15.857288,4.944996,0.013388
104.170950,88.286996,15.883954,106.208712,90.379733,15.828979,4.757057,0.013091
104.194414,88.318959,15.875454,106.184422,90.368878,15.815543,4.646236,0.013409
104.141248,88.239463,15.901786,106.082132,90.313775,15.768357,4.658655,0.013162
104.093740,88.209916,15.883824,106.484444,90.729043,15.755401,4.804854,0.014782
104.090371,88.191841,15.898530,106.181012,90.350364,15.830647,5.060137,0.012304
104.121119,88.197494,15.923625,106.092242,90.256084,15.836159,4.823516,0.013958
