197.327045,190.644950,6.682095,168.276915,156.349607,11.927309,2.500402,0.019482
156.404301,140.032956,16.371345,148.814180,130.654074,18.160105,2.394488,0.024952
144.874446,125.028755,19.845691,139.448992,118.580259,20.868734,2.399215,0.030238
137.626947,115.911962,21.714985,134.261831,112.062126,22.199705,2.454024,0.032952
132.994254,110.385945,22.608309,130.890938,107.852009,23.038929,2.451745,0.033706
130.120474,106.998654,23.121820,128.435388,105.136248,23.299140,2.739362,0.031517
128.160930,104.736095,23.424834,126.882654,103.413286,23.469368,2.823789,0.032115
126.455103,102.874474,23.580628,125.613053,102.050885,23.562167,2.757563,0.033419
125.311162,101.573251,23.737912,124.823476,100.964565,23.858912,2.700024,0.035188
124.328962,100.489828,23.839133,123.901513,100.184846,23.716668,2.905447,0.033770
123.513024,99.615154,23.897870,123.405013,99.441672,23.963341,2.774896,0.037015
122.846366,98.880178,23.966189,122.462772,98.636823,23.825949,2.785373,0.037137
122.149832,98.231514,23.918318,122.098976,98.218363,23.880613,2.856006,0.033539
121.549880,97.571131,23.978749,121.835019,98.014900,23.820120,2.886776,0.034383
121.146530,97.121857,24.024672,121.685163,97.637592,24.047571,2.729970,0.036848
120.654199,96.628745,24.025454,121.133615,97.249137,23.884478,2.829133,0.037984
120.331272,96.288982,24.042291,120.610824,96.747883,23.862940,2.775417,0.037763
119.880338,95.828346,24.051992,120.482873,96.713903,23.768971,2.842107,0.036906
119.566090,95.458224,24.107866,120.333238,96.298839,24.034399,2.883617,0.035563
119.270334,95.209304,24.061031,120.066968,96.297747,23.769221,3.054760,0.035748
118.959445,94.902515,24.056929,120.012307,95.985360,24.026947,2.961201,0.036731
118.739779,94.686290,24.053489,119.372238,95.312203,24.060035,3.067249,0.033995
118.453994,94.361611,24.092384,119.411204,95.391019,24.020185,3.109037,0.034071
118.210684,94.096690,24.113994,119.181423,95.344056,23.837367,2.869844,0.037231
117.900795,93.858571,24.042224,118.924624,94.861983,24.062641,2.819975,0.037390
117.729391,93.621794,24.107597,118.900124,94.996295,23.903829,2.980186,0.034179
117.536318,93.474367,24.061951,118.557864,94.756843,23.801021,3.137195,0.035502
117.439528,93.333421,24.106108,118.571901,94.643334,23.928568,3.237453,0.034074
117.211332,93.132010,24.079322,118.564418,94.671950,23.892467,3.029973,0.035757
117.032655,92.904825,24.127830,118.374779,94.396935,23.977844,2.833140,0.037639
116.782362,92.673277,24.109085,118.169351,94.205966,23.963385,2.930713,0.037957
116.657260,92.555089,24.102171,118.041885,94.111592,23.930293,3.001236,0.035148
116.513072,92.392982,24.120091,118.012132,94.221642,23.790489,3.164905,0.033015
116.331060,92.283442,24.047618,117.779131,93.987445,23.791686,2.997921,0.037878
116.224369,92.126993,24.097377,117.705919,93.993877,23.712043,3.147572,0.032641
116.117061,92.059850,24.057211,117.694865,93.768842,23.926022,3.016809,0.037229
115.960247,91.923246,24.037001,117.757524,94.071839,23.685685,3.076053,0.037097
115.908766,91.825552,24.083214,117.926570,94.008988,23.917581,3.290890,0.030461
115.600082,91.576745,24.023338,117.622896,93.934584,23.688312,2.997430,0.036120
115.578790,91.544851,24.033940,117.540955,93.653673,23.887282,2.989285,0.036801
115.447231,91.391741,24.055490,117.196402,93.280352,23.916051,3.138126,0.035907
115.330123,91.278543,24.051580,117.438425,93.440639,23.997787,2.976968,0.037619
115.295176,91.227928,24.067248,117.426391,93.536911,23.889480,2.994873,0.039825
115.151784,91.108142,24.043642,117.306427,93.538369,23.768058,3.146538,0.035203
115.021041,90.998329,24.022712,117.120004,93.225976,23.894028,3.198880,0.036312
114.982204,90.930365,24.051840,116.960042,93.226166,23.733876,3.164731,0.036856
114.840210,90.788314,24.051896,117.060776,93.230406,23.830370,3.371539,0.033233
114.745693,90.723593,24.022100,116.864794,92.961765,23.903029,2.975280,0.036705
114.638891,90.619537,24.019354,116.741404,92.982400,23.759004,3.319611,0.036162
114.576893,90.587014,23.989880,116.742611,92.863794,23.878817,3.041643,0.034492
114.458890,90.415133,24.043756,116.695406,92.791620,23.903786,3.166386,0.035846
114.333377,90.317735,24.015642,116.863261,93.196162,23.667099,3.201652,0.036063
114.280101,90.285459,23.994642,116.906868,93.118674,23.788194,3.121677,0.036118
114.343639,90.348572,23.995067,116.697877,92.892584,23.805292,3.063519,0.036804
114.105714,90.072589,24.033125,116.607157,92.866998,23.740159,3.186031,0.035790
114.094113,90.082797,24.011316,116.701865,92.925804,23.776061,3.154422,0.034170
114.029703,90.008748,24.020954,116.472754,92.693774,23.778981,3.096898,0.033905
113.901824,89.933574,23.968250,116.358369,92.591331,23.767039,3.066395,0.034923
113.860282,89.856701,24.003582,116.197727,92.445699,23.752028,2.995267,0.034414
113.843124,89.850712,23.992412,116.272768,92.492443,23.780325,3.288217,0.032529
113.695172,89.707402,23.987770,116.274905,92.589050,23.685855,3.029266,0.035757
113.646261,89.709696,23.936565,116.218286,92.616357,23.601929,3.276089,0.034999
113.481047,89.545649,23.935398,116.171595,92.546523,23.625072,3.265912,0.033340
113.521442,89.623536,23.897905,116.120281,92.518040,23.602240,3.384680,0.034179
113.486754,89.510720,23.976034,116.013471,92.466490,23.546981,3.264343,0.036114
113.436414,89.500195,23.936218,116.073970,92.311744,23.762226,2.966173,0.038466
113.372492,89.405441,23.967051,115.919219,92.151712,23.767507,3.025587,0.038638
113.255714,89.336933,23.918781,116.126499,92.451601,23.674897,3.203891,0.035726
113.242959,89.287926,23.955033,115.768507,92.153157,23.615349,3.168796,0.035687
113.216385,89.263414,23.952971,115.745141,92.035468,23.709673,3.148847,0.035107
113.171670,89.203770,23.967901,116.069040,92.334908,23.734133,3.198516,0.032647
113.115438,89.160195,23.955243,115.589188,91.965245,23.623943,3.075812,0.036051
113.024660,89.087272,23.937389,115.944747,92.283945,23.660802,3.072412,0.035414
112.956702,89.020058,23.936645,115.845381,92.178080,23.667302,3.302164,0.036114
112.871612,88.979847,23.891765,115.799755,92.182611,23.617144,2.959733,0.039536
112.880379,88.980435,23.899944,115.518962,91.805461,23.713502,3.136440,0.037810
112.761720,88.875273,23.886446,115.747358,92.096433,23.650925,3.120467,0.036809
112.775918,88.829610,23.946308,115.744065,92.010448,23.733618,2.900242,0.038752
112.650522,88.741470,23.909053,115.682637,91.969056,23.713582,3.107703,0.038093
112.647661,88.747897,23.899764,115.711750,92.014853,23.696897,3.142079,0.036327
112.592075,88.654477,23.937598,115.338744,91.813495,23.525250,3.250679,0.033204
112.568749,88.636596,23.932153,115.501791,91.806800,23.694992,3.453051,0.032192
112.530578,88.677939,23.852640,115.415938,91.739141,23.676796,3.141063,0.036511
112.481071,88.594485,23.886586,115.262696,91.615219,23.647477,3.048667,0.037034
112.420339,88.553593,23.866746,115.537169,91.923998,23.613171,3.199121,0.039259
112.320920,88.427666,23.893253,115.549229,91.945907,23.603321,3.338686,0.034772
112.319770,88.420418,23.899352,115.407859,91.924431,23.483427,3.067018,0.037155
112.282052,88.442692,23.839359,115.613316,92.061411,23.551905,3.027947,0.038249
112.239551,88.348545,23.891006,115.672420,92.062816,23.609604,3.314332,0.036216
112.223398,88.310834,23.912564,115.095623,91.487461,23.608163,2.916228,0.041405
112.190499,88.345882,23.844617,115.251887,91.750823,23.501065,3.220984,0.036015
112.127069,88.239415,23.887655,115.340214,91.772533,23.567681,3.309598,0.035507
112.031016,88.197567,23.833448,115.458676,91.914516,23.544160,3.103873,0.037307
112.023021,88.213482,23.809539,115.206132,91.644919,23.561213,3.067711,0.036007
111.934909,88.093234,23.841675,115.067659,91.662788,23.404870,3.124010,0.037100
111.972075,88.137431,23.834644,114.977109,91.413644,23.563464,2.881222,0.036598
111.849479,88.038964,23.810515,115.071427,91.599338,23.472088,3.351554,0.035319
111.804453,87.993664,23.810789,114.860326,91.359350,23.500976,3.223782,0.034842
111.694859,87.910348,23.784511,114.907751,91.371897,23.535854,3.103290,0.037067
111.845461,88.036674,23.808786,114.914257,91.352615,23.561642,3.275712,0.034900
111.726261,87.919583,23.806678,114.912340,91.496672,23.415668,3.303791,0.034139
111.626238,87.871230,23.755007,115.013215,91.525908,23.487307,3.175129,0.033622
111.672305,87.877225,23.795080,114.727780,91.191143,23.536638,3.202134,0.035477
111.591228,87.803881,23.787347,114.854472,91.332169,23.522302,3.335394,0.031190
111.519682,87.740642,23.779039,114.947268,91.448930,23.498338,3.073517,0.036302
111.521816,87.764626,23.757190,114.767954,91.352756,23.415199,3.096532,0.038421
111.478621,87.750308,23.728313,114.752803,91.257070,23.495733,3.106385,0.033923
111.397723,87.677387,23.720336,114.837428,91.434175,23.403253,3.002538,0.037326
111.351795,87.638303,23.713493,114.657572,91.176925,23.480647,3.237207,0.036501
111.320785,87.598551,23.722234,114.505750,90.985690,23.520060,3.069779,0.036918
111.313382,87.568680,23.744702,114.444197,91.022105,23.422093,3.100410,0.035574
111.235253,87.556334,23.678920,114.329536,91.006618,23.322918,3.162045,0.035202
111.257319,87.523698,23.733621,114.279762,90.823463,23.456299,3.349535,0.034978
111.184461,87.437570,23.746890,114.447418,90.995021,23.452397,3.124639,0.036558
111.171577,87.458142,23.713435,114.379286,90.947840,23.431446,3.036926,0.036036
111.037986,87.350809,23.687177,114.208621,90.814099,23.394522,3.184456,0.034323
111.018734,87.332656,23.686078,114.314024,90.949777,23.364247,3.213918,0.034466
111.026893,87.298362,23.728531,114.300028,90.987550,23.312478,3.197345,0.035150
110.983272,87.264172,23.719100,114.213503,90.689069,23.524434,3.205915,0.034660
111.040351,87.312288,23.728063,114.422422,90.862569,23.559853,2.951417,0.037694
110.979647,87.275395,23.704252,114.206369,90.690687,23.515682,3.259611,0.032681
110.992236,87.247100,23.745137,114.529885,91.164984,23.364901,3.219734,0.036283
110.990827,87.269536,23.721291,114.380496,90.944657,23.435839,3.065410,0.038796
110.889533,87.157439,23.732094,114.449665,91.138139,23.311526,3.227475,0.033280
110.828724,87.170957,23.657768,114.173164,90.853657,23.319507,3.047844,0.035603
110.760190,87.097269,23.662921,114.423469,90.992693,23.430777,3.100404,0.036605
110.691163,87.051461,23.639702,114.217592,90.685172,23.532420,3.100596,0.034147
110.638113,87.020369,23.617743,114.066669,90.745566,23.321104,3.334127,0.035296
110.662566,87.066179,23.596388,114.050001,90.801867,23.248134,3.254123,0.032885
110.569213,87.003590,23.565623,113.839323,90.589466,23.249857,3.102318,0.039437
110.454536,86.892899,23.561638,114.106669,90.875941,23.230727,3.050620,0.036344
110.414946,86.901421,23.513525,113.827740,90.496037,23.331702,3.233169,0.037524
110.429067,86.871110,23.557956,113.757014,90.445652,23.311362,3.173602,0.034201
110.403438,86.863992,23.539446,113.647913,90.390993,23.256919,3.134248,0.035336
110.387836,86.849877,23.537959,113.661111,90.431980,23.229132,3.081790,0.035998
110.275503,86.745881,23.529623,113.874238,90.684407,23.189831,3.203668,0.033089
110.193747,86.696952,23.496795,113.711435,90.420828,23.290607,3.098268,0.032883
110.250583,86.719294,23.531289,113.600591,90.373585,23.227007,3.411561,0.029577
110.221892,86.744267,23.477626,113.576873,90.296128,23.280745,3.061891,0.036557
110.136463,86.671411,23.465051,113.696477,90.550707,23.145770,3.133679,0.035644
110.089258,86.566167,23.523091,113.595485,90.481021,23.114464,3.324697,0.032720
110.067709,86.633007,23.434702,113.455903,90.246184,23.209719,3.240803,0.032798
109.924013,86.468047,23.455966,113.426893,90.372628,23.054265,3.100676,0.037511
110.061453,86.647867,23.413586,113.398410,90.294817,23.103592,3.220675,0.031542
109.952236,86.535531,23.416705,113.696096,90.553501,23.142595,3.205905,0.034123
109.856174,86.402801,23.453374,113.232955,90.221577,23.011378,3.166689,0.036678
109.944946,86.488349,23.456597,113.244723,90.021992,23.222731,3.228471,0.032635
109.783621,86.352127,23.431494,113.125133,90.044564,23.080569,3.094134,0.036257
109.965209,86.295023,23.670186,114.320556,89.594828,24.725728,2.608956,0.042273
114.577505,86.917454,27.660051,130.531298,98.124357,32.406942,0.329901,0.119208
142.018752,108.869649,33.149103,140.142767,106.896356,33.246412,0.018542,0.150596
136.942659,103.690386,33.252273,134.414920,101.158220,33.256699,0.014347,0.132414
132.317795,99.059956,33.257838,131.468431,98.208655,33.259776,0.019370,0.115355
129.336628,96.076061,33.260567,129.721428,96.459890,33.261538,0.012241,0.119407
127.329976,94.067793,33.262183,127.765798,94.502821,33.262977,0.009679,0.114401
125.643878,92.379936,33.263942,127.148641,93.884100,33.264541,0.005222,0.109314
124.530152,91.265392,33.264760,126.254762,92.989068,33.265694,0.009849,0.105767
123.683520,90.418241,33.265278,125.734374,92.468470,33.265904,0.007248,0.105190
123.067344,89.800896,33.266448,125.119506,91.853111,33.266395,0.004278,0.106326
122.382216,89.115953,33.266263,124.954597,91.687695,33.266901,0.012410,0.101929
