207.821413,203.974729,3.846685,181.811724,175.192487,6.619237,3.038341,0.018349
169.575132,159.396572,10.178560,156.646905,143.547781,13.099124,2.697281,0.026172
151.451011,136.996692,14.454319,145.760356,130.076617,15.683739,2.767487,0.029010
143.064276,126.545484,16.518792,139.258423,121.938862,17.319561,2.842676,0.030305
138.120775,120.311766,17.809008,135.348818,117.087539,18.261279,2.911808,0.030616
134.607746,115.981314,18.626433,132.041449,113.049531,18.991917,2.955516,0.030434
131.828276,112.497952,19.330324,129.525883,109.919217,19.606666,2.954766,0.032294
129.638075,109.789283,19.848792,127.594445,107.425826,20.168619,3.086914,0.029616
127.849082,107.604538,20.244545,126.615126,106.212173,20.402953,2.859750,0.034026
126.428904,105.823812,20.605091,124.969959,104.181694,20.788265,3.025555,0.033794
125.187292,104.396667,20.790625,123.963390,102.990716,20.972675,2.912936,0.034451
124.134130,103.114041,21.020089,123.139322,101.951331,21.187991,2.943443,0.031903
123.173914,101.913363,21.260551,122.238687,100.878353,21.360334,2.838269,0.034933
122.364993,100.980944,21.384049,121.393841,100.047662,21.346179,3.157394,0.031722
121.591407,100.055469,21.535938,120.908236,99.227202,21.681034,2.961815,0.033696
120.992951,99.306961,21.685990,120.044031,98.325181,21.718850,3.030891,0.032550
120.350923,98.607712,21.743210,119.933942,98.137808,21.796134,2.948701,0.035851
119.831353,98.000165,21.831187,119.537115,97.576789,21.960326,2.878495,0.033307
119.300565,97.357046,21.943520,118.739936,96.742050,21.997887,3.141507,0.030427
118.823159,96.863902,21.959257,118.341462,96.328073,22.013389,3.056579,0.032714
118.392015,96.326935,22.065080,117.801290,95.700733,22.100558,3.132514,0.031323
118.006416,95.877264,22.129152,117.517261,95.264395,22.252867,3.009065,0.031471
117.570505,95.366962,22.203543,117.101081,94.894193,22.206889,3.144818,0.033123
117.187789,94.958596,22.229193,116.995258,94.730456,22.264803,3.100736,0.030613
116.794962,94.501512,22.293450,116.754168,94.382469,22.371698,2.942408,0.034079
116.544984,94.197336,22.347648,116.282474,94.007697,22.274777,2.997595,0.031011
116.205066,93.839325,22.365741,116.197781,93.810246,22.387536,2.928279,0.034196
115.916448,93.539082,22.377366,115.591835,93.201355,22.390480,3.033367,0.031562
115.570097,93.145278,22.424819,115.526971,93.057514,22.469457,3.013905,0.032420
115.332069,92.871217,22.460852,115.471922,93.073904,22.398018,3.143489,0.030291
115.080000,92.654735,22.425265,115.088638,92.705423,22.383215,3.055478,0.031416
114.817413,92.327911,22.489502,114.787469,92.283998,22.503470,3.210099,0.028993
114.535520,92.078934,22.456586,114.655354,92.271426,22.383928,3.201459,0.031087
114.334983,91.854444,22.480539,114.155313,91.710163,22.445150,3.154472,0.029887
114.106324,91.592671,22.513653,114.198851,91.634708,22.564142,3.105119,0.030734
113.819812,91.274308,22.545504,114.008251,91.461197,22.547054,3.135154,0.031926
113.687934,91.135412,22.552522,113.629994,91.151702,22.478292,3.136914,0.029372
113.448671,90.847497,22.601173,113.531565,90.987838,22.543727,3.172951,0.030610
113.298403,90.702188,22.596215,113.454363,90.903834,22.550529,3.064292,0.032849
113.053833,90.431810,22.622023,113.174912,90.606043,22.568869,3.200448,0.030220
112.825661,90.200364,22.625297,113.023279,90.561263,22.462016,3.342564,0.031161
112.641240,90.052332,22.588907,113.207434,90.660624,22.546809,3.071436,0.032883
112.505779,89.872481,22.633298,113.092673,90.580882,22.511790,3.144582,0.032481
112.279451,89.693171,22.586280,112.733075,90.221582,22.511493,3.096309,0.030748
112.123809,89.505075,22.618734,112.762343,90.182370,22.579973,3.089388,0.032916
111.988419,89.371707,22.616712,112.472264,89.766103,22.706161,3.114991,0.030035
111.833132,89.230128,22.603005,112.286988,89.647355,22.639633,3.283910,0.029855
111.639984,88.999276,22.640708,112.146214,89.588370,22.557844,3.302696,0.029855
111.505198,88.862973,22.642225,111.912309,89.325027,22.587282,2.951875,0.032300
111.337460,88.630618,22.706842,111.924768,89.232584,22.692184,3.157395,0.031263
111.204569,88.489372,22.715197,111.709632,89.075972,22.633660,3.025937,0.033681
111.003271,88.360662,22.642609,111.516672,88.959286,22.557387,3.327223,0.028656
110.875175,88.216223,22.658952,111.341226,88.772486,22.568740,3.257689,0.028043
110.685777,88.019648,22.666129,111.354614,88.786746,22.567868,3.186015,0.029777
110.535033,87.874415,22.660619,111.304666,88.714601,22.590065,3.014225,0.032673
110.346695,87.684217,22.662478,111.019950,88.467066,22.552884,3.269476,0.030613
110.206070,87.554357,22.651714,111.030784,88.418530,22.612253,3.037340,0.030346
110.078754,87.392042,22.686713,110.904524,88.278703,22.625821,3.238825,0.029734
110.061694,87.359835,22.701859,110.800658,88.115055,22.685602,3.134158,0.029209
109.819163,87.141017,22.678146,110.640188,87.953497,22.686690,3.142057,0.030877
109.733503,87.063219,22.670284,110.614902,88.025506,22.589396,3.187124,0.032374
109.519679,86.929709,22.589971,110.397640,87.936144,22.461496,3.302408,0.030694
109.495138,86.910821,22.584317,110.298072,87.796329,22.501743,3.268302,0.030206
109.343615,86.727642,22.615973,110.034564,87.467374,22.567190,3.155712,0.032459
109.166829,86.487920,22.678909,110.044818,87.440466,22.604352,3.115660,0.030365
109.095075,86.417841,22.677234,109.826406,87.181451,22.644955,3.218043,0.029486
108.932617,86.182765,22.749852,109.918476,87.141260,22.777217,3.175043,0.030742
108.808610,86.097167,22.711443,109.670486,86.961547,22.708939,3.223428,0.027690
108.724644,85.980679,22.743965,109.847821,87.200925,22.646895,3.062452,0.029656
108.585950,85.859363,22.726588,109.378182,86.760065,22.618118,3.221683,0.027792
108.471323,85.764152,22.707171,109.420703,86.837598,22.583105,3.024284,0.030312
108.354541,85.621994,22.732548,109.331313,86.617375,22.713938,3.137781,0.029342
108.200034,85.456301,22.743733,109.220326,86.573036,22.647290,3.205879,0.029264
108.172601,85.441647,22.730954,109.241095,86.602563,22.638531,3.118230,0.030903
108.022731,85.317833,22.704898,108.914167,86.194757,22.719410,3.229702,0.028767
107.888881,85.172176,22.716705,108.978029,86.372518,22.605511,3.094973,0.030986
107.831718,85.100315,22.731403,108.794560,86.126396,22.668164,3.101488,0.030993
107.734308,84.974128,22.760180,108.916716,86.199541,22.717175,3.247168,0.028745
107.528630,84.740977,22.787653,108.507094,85.869319,22.637775,3.353506,0.028615
107.437977,84.719930,22.718047,108.458026,85.785193,22.672833,3.062146,0.032437
107.370945,84.608465,22.762480,108.462240,85.747371,22.714869,3.230033,0.029537
107.233987,84.497859,22.736128,108.147678,85.522323,22.625356,3.373490,0.027275
107.219375,84.448133,22.771242,108.300264,85.588755,22.711509,3.229155,0.028208
107.040132,84.250041,22.790091,108.143037,85.377809,22.765227,3.181225,0.029946
107.002252,84.161548,22.840703,107.955406,85.190802,22.764604,3.186126,0.029263
106.871891,84.115569,22.756322,107.920577,85.248259,22.672318,3.139929,0.029515
106.764480,83.991706,22.772774,108.111153,85.358228,22.752925,3.140893,0.029017
106.765772,83.955236,22.810536,107.923685,85.172375,22.751310,3.226233,0.028500
106.642972,83.856676,22.786296,107.657183,85.004509,22.652674,3.096692,0.031290
106.538658,83.740733,22.797926,107.683787,85.016328,22.667459,3.126042,0.028990
106.395834,83.597160,22.798674,107.570739,84.870318,22.700422,3.114786,0.028250
106.297594,83.521475,22.776119,107.386572,84.790066,22.596506,3.195080,0.029563
106.254090,83.451333,22.802758,107.420769,84.722645,22.698124,3.201877,0.028233
106.150277,83.376976,22.773301,107.478648,84.751912,22.726736,3.088890,0.030500
106.070258,83.272231,22.798026,107.146073,84.500826,22.645247,3.284325,0.026560
106.025925,83.207740,22.818185,107.317217,84.613327,22.703891,3.256152,0.028680
105.896982,83.137110,22.759872,107.253579,84.545518,22.708060,2.990417,0.029639
105.877227,83.091770,22.785456,106.909248,84.197100,22.712148,3.171201,0.028458
105.740713,82.933013,22.807700,107.058855,84.310976,22.747879,3.136298,0.029283
105.731307,82.891005,22.840302,106.942627,84.183131,22.759496,3.132268,0.029159
105.650715,82.803970,22.846745,107.200411,84.461323,22.739088,3.311582,0.027357
105.572039,82.759097,22.812942,106.925416,84.205379,22.720037,3.139104,0.027779
105.476547,82.680529,22.796018,106.841911,84.159269,22.682642,3.256297,0.028319
105.419915,82.664947,22.754968,106.794389,84.107692,22.686696,3.152026,0.028444
105.362163,82.528819,22.833344,106.612683,83.888342,22.724342,3.315591,0.027067
105.319892,82.501974,22.817918,106.542812,83.874999,22.667814,3.092584,0.030606
105.269509,82.438326,22.831183,106.562689,83.803518,22.759172,3.193204,0.026781
105.173352,82.345359,22.827993,106.605911,83.835560,22.770350,3.241577,0.027851
105.061010,82.270651,22.790359,106.366784,83.736747,22.630037,3.139509,0.029459
105.070584,82.260537,22.810047,106.464017,83.753680,22.710338,3.299916,0.028373
104.967068,82.148710,22.818357,106.460557,83.681439,22.779118,3.239542,0.029355
104.924767,82.085237,22.839529,106.330934,83.647785,22.683150,3.273047,0.026095
104.842672,82.008347,22.834325,106.256587,83.520528,22.736059,3.131351,0.027421
104.800941,81.973008,22.827933,106.150947,83.461181,22.689766,3.272471,0.027459
104.727843,81.910313,22.817530,106.034201,83.251706,22.782494,3.248245,0.027533
104.654726,81.843246,22.811481,106.242934,83.469830,22.773104,3.278612,0.026356
104.623045,81.755818,22.867227,106.211142,83.379957,22.831185,3.247686,0.029411
104.541652,81.697679,22.843974,106.044463,83.294661,22.749802,3.180726,0.027615
104.508969,81.713896,22.795072,106.026279,83.348192,22.678088,3.135293,0.027883
104.447889,81.647564,22.800326,105.904062,83.181562,22.722500,3.288215,0.027502
104.418675,81.617187,22.801488,106.123353,83.417483,22.705871,3.311694,0.027987
104.352170,81.558433,22.793737,105.830958,83.094425,22.736533,3.203192,0.028802
104.230271,81.423243,22.807028,105.766091,83.145565,22.620526,3.246779,0.027565
104.263528,81.446226,22.817302,105.803647,83.064413,22.739234,3.106423,0.029817
104.189403,81.382940,22.806463,105.540231,82.878312,22.661919,3.355766,0.026595
104.134327,81.339373,22.794954,105.784261,83.149379,22.634882,3.508325,0.026195
104.084372,81.255648,22.828724,105.727935,82.962475,22.765459,3.165413,0.026311
103.991239,81.187831,22.803408,105.662398,82.969447,22.692950,3.356140,0.026477
104.012110,81.177867,22.834243,105.612768,82.741164,22.871605,3.163589,0.026365
103.941185,81.103122,22.838063,105.527733,82.745974,22.781759,3.218981,0.026780
103.855349,81.042593,22.812755,105.590567,82.914215,22.676353,3.116211,0.029538
103.875376,81.064760,22.810617,105.543957,82.760813,22.783144,3.208208,0.026516
103.774965,80.927371,22.847594,105.473305,82.745870,22.727436,3.164097,0.029011
103.752473,80.908989,22.843484,105.506413,82.753780,22.752634,3.408545,0.027370
103.746932,80.924653,22.822279,105.470368,82.678893,22.791475,3.195150,0.027684
103.668893,80.875145,22.793749,105.407221,82.696775,22.710446,3.372822,0.025754
103.623293,80.806351,22.816942,105.295983,82.617895,22.678088,3.192324,0.028984
103.595851,80.757669,22.838182,105.425528,82.727240,22.698288,3.033759,0.028151
103.506231,80.694092,22.812139,105.365438,82.648039,22.717399,3.125395,0.027136
103.508425,80.704901,22.803524,105.320197,82.646456,22.673741,3.247109,0.026521
103.461464,80.628077,22.833387,105.290690,82.633703,22.656986,3.186891,0.028006
103.427199,80.613287,22.813912,104.988450,82.288141,22.700309,3.187394,0.026376
103.331265,80.519737,22.811528,105.195350,82.440982,22.754368,3.317095,0.025067
103.340297,80.556170,22.784127,105.382823,82.684499,22.698325,3.074697,0.029786
103.313066,80.505934,22.807132,105.121505,82.458703,22.662803,3.447009,0.025762
103.245904,80.439388,22.806516,105.101771,82.378998,22.722773,3.370799,0.025189
103.248301,80.432182,22.816119,105.166257,82.477759,22.688498,3.101275,0.029013
103.155356,80.325600,22.829757,105.092471,82.348343,22.744128,3.259372,0.028045
103.103595,80.293311,22.810284,104.961559,82.294594,22.666966,3.191922,0.026866
103.077037,80.276593,22.800444,104.847310,82.189907,22.657403,3.358386,0.027488
103.097259,80.298403,22.798856,105.053811,82.388360,22.665450,3.317189,0.025509
103.053139,80.262422,22.790717,105.044788,82.321230,22.723558,3.283202,0.027350
103.008888,80.194516,22.814372,104.967787,82.222650,22.745136,3.560006,0.023888
102.949245,80.145777,22.803468,104.735368,82.047457,22.687911,3.109036,0.029080
102.923844,80.106503,22.817340,105.160596,82.371893,22.788703,3.303380,0.027014
102.917341,80.043192,22.874150,104.924304,82.188983,22.735321,3.264349,0.024832
102.829671,79.997193,22.832478,104.722976,82.001428,22.721549,3.120882,0.025994
102.776315,79.919790,22.856525,104.862326,82.194482,22.667844,3.192194,0.026764
102.841133,80.004331,22.836803,104.629613,81.865229,22.764384,3.398937,0.025796
102.767528,79.937029,22.830499,104.733466,81.980850,22.752616,3.188657,0.027829
