252.788287,248.296186,4.492102,192.788251,189.403392,3.384858,4.955829,0.008364
184.331066,178.853318,5.477748,174.763875,168.069678,6.694197,6.048914,0.013753
164.558914,157.459239,7.099675,157.558768,150.154404,7.404364,9.036677,0.016485
154.731874,147.205741,7.526132,152.300990,144.647745,7.653245,7.953973,0.023680
150.612058,142.907950,7.704108,148.492866,140.769294,7.723571,11.215713,0.017744
148.345209,140.575815,7.769394,147.850862,140.035442,7.815420,14.419865,0.013271
147.031830,139.209709,7.822121,146.021895,138.200171,7.821725,12.873235,0.014771
145.996633,138.153552,7.843081,144.695183,136.826781,7.868401,23.955776,0.011375
145.121734,137.254059,7.867676,144.454659,136.575514,7.879145,14.979253,0.011463
144.677386,136.789712,7.887674,143.917435,136.028096,7.889338,23.443188,0.014704
144.028783,136.126159,7.902624,143.749106,135.857359,7.891746,15.350902,0.013813
143.455646,135.550713,7.904933,143.316793,135.392124,7.924669,77.301697,0.011008
143.193731,135.276351,7.917380,143.208990,135.286233,7.922757,10.863456,0.011187
142.512146,134.584297,7.927849,142.345668,134.424148,7.921521,13.822193,0.012503
142.392261,134.444345,7.947916,142.097985,134.133086,7.964898,13.607632,0.010409
142.162500,134.201931,7.960569,142.187159,134.222415,7.964745,18.811520,0.009500
141.631229,133.663834,7.967395,141.705404,133.740592,7.964812,12.833293,0.010860
141.592006,133.625745,7.966261,141.480164,133.506832,7.973331,18.184189,0.012927
141.257509,133.275686,7.981823,141.095286,133.116668,7.978618,110.714897,0.009452
141.028808,133.044607,7.984201,141.769578,133.778276,7.991302,14.095866,0.011761
140.895083,132.907700,7.987383,141.263624,133.264622,7.999003,12.525233,0.010559
140.621738,132.624030,7.997708,140.231716,132.246076,7.985640,18.447884,0.007743
140.234957,132.232622,8.002336,139.988673,131.991946,7.996726,34.389751,0.009803
140.190796,132.188731,8.002065,140.710418,132.713366,7.997053,21.941479,0.011080
139.906350,131.908899,7.997451,139.397819,131.404944,7.992876,16.109566,0.014580
139.756352,131.752133,8.004219,139.123755,131.124542,7.999213,28.262697,0.008281
139.690309,131.678529,8.011781,139.766561,131.770152,7.996409,13.083985,0.013511
139.394403,131.385971,8.008433,140.271626,132.254886,8.016741,17.008678,0.013012
139.658801,131.637882,8.020919,140.581734,132.578375,8.003358,21.902449,0.014706
139.630010,131.608920,8.021090,140.472393,132.456497,8.015896,15.193484,0.008745
139.592910,131.572494,8.020416,139.040364,131.028808,8.011557,11.486058,0.009926
139.578728,131.552953,8.025775,139.600979,131.583562,8.017417,14.922905,0.011091
139.320494,131.293758,8.026736,140.206630,132.178937,8.027692,19.669100,0.011242
139.168985,131.138378,8.030607,140.825738,132.791447,8.034291,25.436157,0.010278
139.215149,131.183975,8.031174,140.323806,132.301189,8.022615,16.916931,0.009476
139.607391,131.581232,8.026160,140.535842,132.505181,8.030662,13.787944,0.008390
139.599900,131.568811,8.031089,140.680130,132.660769,8.019361,24.390184,0.010881
139.281138,131.253598,8.027539,139.401791,131.370697,8.031094,20.034790,0.008228
139.059320,131.014852,8.044468,140.327700,132.281709,8.045991,36.811291,0.009651
139.447894,131.403583,8.044311,140.571376,132.528078,8.043299,17.118635,0.008166
139.990947,131.943654,8.047293,139.554714,131.515665,8.039049,10.146093,0.010329
139.237082,131.198448,8.038634,138.984803,130.948672,8.036131,18.475416,0.012847
138.886497,130.839820,8.046676,139.529527,131.484105,8.045421,36.129578,0.007998
138.866378,130.818661,8.047717,138.960142,130.920638,8.039504,20.558699,0.008102
138.752100,130.706576,8.045524,139.183881,131.146400,8.037482,24.183180,0.007059
138.593744,130.547063,8.046680,138.808491,130.768958,8.039534,14.563830,0.008667
138.441232,130.391950,8.049282,139.206563,131.152200,8.054363,12.296931,0.007065
138.465518,130.410342,8.055176,139.300470,131.248599,8.051871,11.659159,0.009766
138.803244,130.752946,8.050297,139.146512,131.094582,8.051930,55.896042,0.007237
138.552695,130.495696,8.056998,138.611124,130.560151,8.050973,26.544262,0.008642
138.486518,130.419485,8.067033,139.429067,131.363443,8.065623,15.428913,0.006237
138.356592,130.292705,8.063887,138.618852,130.559894,8.058958,17.851940,0.005852
138.515159,130.454858,8.060302,138.625578,130.575774,8.049805,29.109598,0.008374
138.279605,130.218066,8.061539,138.677586,130.619994,8.057592,15.631863,0.008866
139.162022,131.093795,8.068227,139.887044,131.828102,8.058942,10.611668,0.012018
138.299111,130.238326,8.060785,139.142693,131.082445,8.060247,17.031450,0.008225
138.335013,130.266359,8.068654,139.324507,131.263857,8.060650,18.316210,0.007697
138.063941,129.999763,8.064178,138.971632,130.911555,8.060078,14.785640,0.009272
138.481394,130.416985,8.064408,138.180468,130.131279,8.049189,12.367149,0.007521
138.301911,130.235912,8.066000,138.417611,130.364535,8.053076,15.369224,0.010132
138.596832,130.528830,8.068002,139.242108,131.184431,8.057677,12.249648,0.006506
138.178112,130.101887,8.076225,138.637065,130.573772,8.063293,16.299074,0.009123
138.371241,130.300257,8.070984,139.026152,130.966279,8.059874,22.405874,0.006379
138.255441,130.184356,8.071086,138.919649,130.861565,8.058083,14.419617,0.010738
138.361298,130.290207,8.071091,138.832591,130.779425,8.053166,50.492138,0.008875
138.548677,130.474819,8.073858,139.117263,131.046436,8.070827,22.136929,0.012397
138.791124,130.714850,8.076274,139.033013,130.975853,8.057161,26.998138,0.006839
138.644048,130.568936,8.075112,139.671813,131.595066,8.076747,16.464470,0.004167
138.859150,130.779893,8.079257,140.023874,131.948745,8.075129,17.016226,0.008080
138.528157,130.451676,8.076481,139.023738,130.953834,8.069903,27.829296,0.007228
138.723722,130.641074,8.082647,139.728977,131.651515,8.077462,21.577938,0.007503
138.538119,130.450052,8.088067,139.319370,131.238766,8.080604,18.536730,0.010496
138.538585,130.452069,8.086516,140.037231,131.956525,8.080707,20.534885,0.010343
139.039649,130.952648,8.087001,140.308775,132.224609,8.084165,18.226318,0.010179
139.264094,131.174652,8.089442,140.196226,132.111217,8.085008,23.194727,0.007921
138.993136,130.903919,8.089217,140.181360,132.098296,8.083064,36.098160,0.008710
138.803972,130.713060,8.090912,139.527998,131.448321,8.079677,11.618142,0.005989
138.768985,130.678544,8.090441,139.972117,131.889367,8.082750,10.703479,0.010121
139.152856,131.064601,8.088255,139.530504,131.452851,8.077654,18.031952,0.008106
139.244757,131.156079,8.088679,139.521765,131.449746,8.072019,15.840895,0.007238
138.687034,130.594877,8.092157,139.526347,131.455957,8.070390,14.730705,0.010558
139.411471,131.318912,8.092558,140.661533,132.570963,8.090570,22.477051,0.008497
139.324459,131.228699,8.095761,140.782946,132.695791,8.087155,41.324135,0.007789
139.585746,131.485897,8.099849,140.464077,132.374947,8.089129,19.762394,0.006394
139.333693,131.239232,8.094460,140.152831,132.066198,8.086634,20.487379,0.007407
139.387451,131.293020,8.094431,139.907347,131.827041,8.080305,34.890579,0.007992
139.485350,131.389325,8.096025,139.458939,131.371120,8.087819,23.728676,0.005921
139.064469,130.967437,8.097031,139.605192,131.518753,8.086439,16.165932,0.007573
139.379661,131.279506,8.100155,140.778924,132.697477,8.081447,14.422490,0.009748
139.020895,130.920259,8.100636,140.883358,132.799473,8.083885,14.838106,0.006419
140.071347,131.971665,8.099683,141.223950,133.133452,8.090498,11.369851,0.011507
139.620077,131.517667,8.102410,140.479895,132.385576,8.094319,15.777027,0.005429
139.201514,131.093602,8.107912,141.828310,133.726764,8.101546,16.705954,0.010060
139.634244,131.521137,8.113108,140.415654,132.316302,8.099353,12.257967,0.006465
139.362291,131.253923,8.108368,140.877491,132.786551,8.090941,13.737241,0.011138
139.428783,131.328496,8.100288,141.755775,133.663398,8.092377,93.413406,0.011880
139.959290,131.853308,8.105982,140.984929,132.884361,8.100568,11.568865,0.006810
139.599076,131.490786,8.108290,140.294112,132.192538,8.101575,12.093621,0.011207
139.767019,131.658221,8.108797,141.744064,133.650608,8.093455,16.057768,0.010025
140.314272,132.210922,8.103350,141.635638,133.532859,8.102779,14.485806,0.009767
140.718756,132.613755,8.105001,141.904298,133.805233,8.099063,19.090088,0.006274
139.909658,131.798438,8.111220,140.956560,132.858697,8.097864,14.989486,0.010117
140.638981,132.528958,8.110024,142.283613,134.184197,8.099416,25.571131,0.007667
140.648588,132.535296,8.113292,141.938990,133.834818,8.104173,14.782072,0.006925
140.517356,132.401966,8.115390,141.295230,133.196512,8.098718,13.066302,0.006930
140.071203,131.954160,8.117043,141.844719,133.740944,8.103774,9.797138,0.007111
140.685488,132.572217,8.113271,142.899506,134.797427,8.102079,11.977405,0.006945
140.938710,132.823775,8.114935,142.016923,133.914642,8.102281,151.641251,0.009189
140.665461,132.548713,8.116748,142.295915,134.188003,8.107912,19.747236,0.005293
141.145552,133.024399,8.121153,143.350022,135.243237,8.106785,16.179863,0.005616
141.010944,132.890730,8.120213,143.420332,135.307023,8.113309,18.725458,0.008836
141.473875,133.354991,8.118884,143.674793,135.561978,8.112816,35.533802,0.011152
141.564578,133.442170,8.122408,143.502685,135.391497,8.111187,13.459719,0.009306
141.237989,133.119092,8.118898,142.045900,133.937863,8.108037,14.311132,0.006640
140.758077,132.635777,8.122299,142.243744,134.137024,8.106720,21.797470,0.009340
141.214299,133.093475,8.120824,143.355378,135.244697,8.110681,41.911102,0.005626
141.761018,133.635078,8.125939,143.653018,135.542709,8.110310,15.810231,0.010017
141.235427,133.108516,8.126911,142.638479,134.526383,8.112095,18.457258,0.008892
141.941160,133.817153,8.124007,143.340311,135.226280,8.114032,38.128330,0.006463
142.301399,134.170777,8.130622,143.766164,135.655667,8.110497,11.686481,0.007729
141.602883,133.473953,8.128930,143.825569,135.709886,8.115683,13.037355,0.007254
141.902519,133.773975,8.128544,143.972571,135.856558,8.116013,25.128870,0.009408
142.999768,134.874139,8.125629,145.094862,136.982820,8.112042,16.984556,0.008637
142.538540,134.408483,8.130058,142.954155,134.842940,8.111215,17.691475,0.005671
142.329841,134.201451,8.128390,144.479627,136.362043,8.117583,19.044674,0.007028
143.097422,134.968720,8.128702,144.853560,136.738987,8.114574,38.476433,0.006753
143.005561,134.877710,8.127850,144.607547,136.485952,8.121595,40.459881,0.007347
142.818123,134.690734,8.127389,144.286504,136.167183,8.119321,94.961456,0.008059
142.566710,134.438022,8.128688,143.973160,135.856784,8.116376,13.907285,0.004760
142.465530,134.330871,8.134658,143.991187,135.868794,8.122392,19.619947,0.006649
142.692426,134.559679,8.132747,143.920375,135.802678,8.117697,12.879257,0.007572
142.457181,134.323894,8.133287,143.262376,135.138908,8.123469,14.593581,0.009343
142.515712,134.386641,8.129071,144.911235,136.796273,8.114962,11.139157,0.006101
142.568288,134.439440,8.128848,145.051661,136.936460,8.115200,9.754452,0.007464
142.866315,134.736235,8.130081,144.317381,136.206217,8.111163,17.041782,0.007852
143.021811,134.894948,8.126863,144.439537,136.330066,8.109471,51.608109,0.008302
141.215457,133.085716,8.129741,142.336511,134.220449,8.116063,nan,0.010161
139.425797,131.292912,8.132885,140.370891,132.251752,8.119139,10.687771,0.009271
139.252828,131.125078,8.127750,140.664752,132.554278,8.110475,11.244365,0.012318
139.281747,131.156205,8.125542,140.898285,132.787561,8.110724,11.153522,0.010092
138.783911,130.659333,8.124578,140.610585,132.501685,8.108901,15.101350,0.009545
138.931458,130.813765,8.117693,140.729911,132.625789,8.104121,16.157183,0.008467
138.610814,130.495004,8.115810,140.419495,132.317633,8.101862,12.643129,0.010053
138.676639,130.555281,8.121358,140.056491,131.946758,8.109733,11.848835,0.008093
137.974974,129.850546,8.124428,139.977819,131.865268,8.112551,16.583681,0.008301
138.556587,130.434317,8.122271,140.137669,132.034344,8.103326,14.722448,0.010480
138.386506,130.264239,8.122268,140.289067,132.178495,8.110572,14.473855,0.007240
138.281161,130.160039,8.121123,140.150951,132.043922,8.107029,14.787085,0.009035
138.250802,130.128711,8.122091,140.173530,132.057066,8.116463,26.591722,0.007479
138.666118,130.541525,8.124593,140.376846,132.269710,8.107136,13.179340,0.007696
138.491449,130.365048,8.126400,140.609899,132.491368,8.118532,12.643066,0.009191
138.510650,130.382785,8.127865,140.838158,132.722141,8.116017,17.031704,0.012838
138.729300,130.603819,8.125481,140.769520,132.657141,8.112379,14.360920,0.007828
138.425622,130.299018,8.126603,140.567086,132.458180,8.108907,36.135201,0.006069
138.861442,130.735617,8.125826,140.667710,132.555794,8.111916,17.105436,0.010822
138.398856,130.273065,8.125791,139.780051,131.667963,8.112088,28.041967,0.007857
138.802152,130.673943,8.128208,141.056446,132.941215,8.115232,12.122277,0.007874
139.161043,131.035013,8.126030,140.599398,132.481955,8.117442,12.186530,0.015192
139.314680,131.190435,8.124245,141.310638,133.210165,8.100474,28.906471,0.005715
138.954715,130.829026,8.125689,140.557401,132.447852,8.109550,24.218452,0.008743
