246.309449,242.906703,3.402745,193.032004,190.216648,2.815357,5.824811,0.008991
185.105181,180.191834,4.913347,171.967071,163.957528,8.009543,4.443313,0.016323
163.436096,153.729074,9.707022,155.155094,143.748108,11.406985,4.584189,0.018624
151.646821,139.820182,11.826639,146.805154,134.343199,12.461955,4.288248,0.020771
144.307861,131.163563,13.144297,139.933107,125.867623,14.065483,3.950344,0.023317
138.725962,124.468280,14.257682,135.183048,120.433485,14.749564,4.285219,0.023460
134.675982,119.585412,15.090570,131.751128,116.367062,15.384066,4.371528,0.023486
131.728872,116.068365,15.660507,129.629854,113.689248,15.940606,4.215735,0.024601
129.358636,113.320398,16.038238,127.267493,111.009980,16.257513,4.229790,0.024331
127.593518,111.287043,16.306475,126.159258,109.626456,16.532802,4.259486,0.025797
126.113769,109.577782,16.535986,124.821902,108.234738,16.587164,4.215449,0.025939
124.840130,108.204459,16.635671,123.509207,106.775827,16.733380,4.537562,0.024745
123.677108,106.923181,16.753927,122.681357,105.791547,16.889810,4.364359,0.024285
122.613846,105.737283,16.876563,121.547299,104.648386,16.898913,4.602072,0.023127
121.779842,104.812227,16.967615,120.965244,103.881203,17.084041,4.166705,0.026881
120.957357,103.920001,17.037356,120.027240,102.901763,17.125477,4.362700,0.025071
120.161968,103.052034,17.109934,119.677493,102.592332,17.085161,4.313502,0.024675
119.438739,102.373598,17.065141,118.793721,101.630333,17.163388,4.613252,0.023711
118.800977,101.643176,17.157802,118.073147,100.772587,17.300561,4.456077,0.025453
118.094686,100.877778,17.216908,117.516819,100.348975,17.167844,4.406029,0.023982
117.459873,100.243486,17.216387,117.054778,100.004586,17.050192,4.458124,0.024849
116.781023,99.521071,17.259951,116.227930,98.943963,17.283967,4.286499,0.024689
116.440856,99.169432,17.271424,115.813257,98.482233,17.331025,4.558758,0.023832
115.837238,98.584411,17.252827,115.803556,98.491481,17.312074,4.306083,0.024399
115.303953,97.993688,17.310266,115.031454,97.819795,17.211659,4.637891,0.022563
114.785812,97.516463,17.269350,114.812804,97.536921,17.275883,4.278378,0.023563
114.370207,97.107416,17.262791,114.125971,96.957076,17.168895,4.342842,0.023450
113.846684,96.594698,17.251987,113.612870,96.397809,17.215061,4.560253,0.022328
113.370690,96.102020,17.268670,113.030756,95.950890,17.079866,4.457255,0.022948
112.968951,95.704409,17.264542,112.467766,95.151441,17.316325,4.446204,0.024473
112.457114,95.149801,17.307314,112.267866,94.954296,17.313570,4.368005,0.024072
112.081795,94.776595,17.305200,111.718712,94.374185,17.344528,4.512918,0.022768
111.697905,94.430270,17.267634,111.575208,94.373472,17.201736,4.294742,0.022370
111.317071,94.049451,17.267621,111.188881,93.884163,17.304718,4.380885,0.023351
110.908995,93.652123,17.256873,110.824229,93.415196,17.409033,4.462342,0.023415
110.525528,93.242735,17.282794,110.460663,93.214499,17.246164,4.548810,0.022295
110.149190,92.838386,17.310804,110.169508,92.790992,17.378516,4.328290,0.022813
109.884468,92.548041,17.336427,110.080003,92.748057,17.331945,4.245083,0.023388
109.466889,92.164951,17.301937,109.703279,92.434754,17.268524,4.329188,0.022287
109.274016,91.964623,17.309394,109.386863,92.056307,17.330556,4.063868,0.022913
108.867896,91.546319,17.321577,109.070084,91.781811,17.288273,4.357313,0.021637
108.578358,91.226825,17.351533,109.163021,91.876521,17.286501,4.240967,0.021768
108.345774,91.008369,17.337405,108.802068,91.582452,17.219616,4.235443,0.022908
108.199557,90.817944,17.381613,108.175492,90.762861,17.412631,4.594078,0.020325
107.877941,90.484298,17.393644,108.391231,91.157299,17.233932,4.230552,0.021253
107.631525,90.218312,17.413213,107.875840,90.496849,17.378991,4.409414,0.021999
107.347736,89.951586,17.396150,107.783027,90.391487,17.391540,4.513437,0.020661
107.170566,89.817696,17.352870,107.407589,90.056839,17.350750,4.416028,0.020800
106.874941,89.488115,17.386826,107.568450,90.125013,17.443438,4.293303,0.021862
106.746039,89.348877,17.397162,107.177792,89.717594,17.460198,4.362202,0.021434
106.454294,89.047899,17.406395,107.147799,89.704410,17.443388,4.371008,0.021988
106.217957,88.847046,17.370910,106.569802,89.212260,17.357542,4.354085,0.021382
106.089173,88.694865,17.394309,106.373567,89.001392,17.372176,4.389773,0.020324
105.771581,88.330246,17.441335,106.461298,89.187460,17.273838,4.293763,0.021060
105.647459,88.257377,17.390082,105.992709,88.546695,17.446015,4.347047,0.019761
105.374029,87.895923,17.478106,106.104254,88.585866,17.518388,4.448230,0.019510
105.250628,87.843416,17.407212,105.765566,88.288053,17.477513,4.219425,0.020895
105.036770,87.568083,17.468687,105.627021,88.247275,17.379746,4.458968,0.019555
104.858936,87.391198,17.467738,105.978204,88.472251,17.505952,4.279732,0.019938
104.689298,87.192866,17.496432,105.240713,87.757174,17.483539,4.517295,0.018821
104.544672,87.099969,17.444703,105.323631,88.014716,17.308915,4.152629,0.022208
104.381952,86.942834,17.439118,105.050673,87.603142,17.447531,4.350758,0.020108
104.263908,86.722614,17.541294,105.324409,87.808691,17.515719,4.291142,0.020355
104.027059,86.472898,17.554162,104.881555,87.546854,17.334700,4.399349,0.020963
103.915421,86.371687,17.543734,104.640065,87.238598,17.401468,4.341084,0.020489
103.778864,86.262146,17.516719,104.553585,87.074910,17.478674,4.378811,0.020747
103.698258,86.177492,17.520766,104.635215,87.088673,17.546542,4.426280,0.018498
103.593731,85.988591,17.605140,104.259089,86.758795,17.500293,4.295142,0.020754
103.462816,85.914647,17.548169,104.420489,86.940289,17.480200,4.303905,0.020920
103.408354,85.823247,17.585108,104.239386,86.623232,17.616154,4.417949,0.018878
103.303415,85.630088,17.673328,103.973181,86.328680,17.644502,4.229797,0.020145
103.065533,85.438143,17.627391,104.121027,86.439829,17.681198,4.182605,0.020692
103.062057,85.423729,17.638328,104.256234,86.568558,17.687676,4.177938,0.019810
102.974408,85.312339,17.662068,104.216141,86.545999,17.670142,4.250108,0.020370
102.871025,85.192456,17.678569,104.178522,86.635796,17.542726,4.175034,0.021656
102.765134,85.059633,17.705501,103.773292,86.187944,17.585348,4.160256,0.022990
102.734815,85.048419,17.686396,103.640849,85.975613,17.665236,4.299278,0.020354
102.514997,84.793959,17.721038,103.739195,86.080845,17.658350,4.280745,0.019275
102.518906,84.804511,17.714395,103.623086,85.969496,17.653590,4.274171,0.019318
102.412411,84.704491,17.707920,103.592663,85.940848,17.651814,4.162629,0.019906
102.343418,84.580065,17.763353,103.540242,85.790147,17.750094,4.421535,0.019870
102.306630,84.513928,17.792702,103.244631,85.517324,17.727308,4.260282,0.020205
102.224281,84.432810,17.791470,103.396343,85.575426,17.820917,4.152205,0.019752
102.105931,84.317977,17.787954,103.487911,85.708442,17.779469,4.494158,0.019408
102.110856,84.328062,17.782794,103.555492,85.768825,17.786667,4.202259,0.020239
102.003447,84.226260,17.777187,103.143255,85.332155,17.811099,4.309595,0.018937
101.881178,84.030886,17.850293,103.264847,85.508499,17.756348,4.110628,0.020541
101.839883,84.001891,17.837993,102.991460,85.240053,17.751407,4.499464,0.018743
101.879461,84.048523,17.830938,103.060336,85.333506,17.726830,4.254775,0.019287
101.780073,83.962599,17.817474,102.935447,85.134158,17.801290,4.287474,0.020137
101.695508,83.802726,17.892782,102.847852,85.044211,17.803642,4.215809,0.020394
101.618242,83.723432,17.894809,103.014946,85.182796,17.832150,4.429875,0.018513
101.517873,83.654646,17.863227,102.585596,84.727967,17.857629,4.349703,0.018896
101.502686,83.605837,17.896849,102.559200,84.760864,17.798336,4.232078,0.019945
101.438426,83.554046,17.884380,102.682759,84.875251,17.807508,4.195730,0.020662
101.395706,83.466661,17.929046,102.774083,84.852017,17.922066,4.223650,0.019959
101.346210,83.433422,17.912788,102.752403,85.104674,17.647729,4.448864,0.019748
101.313418,83.399765,17.913654,102.408838,84.404782,18.004056,4.231016,0.019253
101.189071,83.231006,17.958065,102.442126,84.650366,17.791759,4.422913,0.018715
101.133197,83.161734,17.971463,102.610938,84.709122,17.901816,4.309155,0.019623
101.137629,83.181728,17.955902,102.750641,84.879598,17.871043,4.328464,0.018743
101.120582,83.242832,17.877750,102.559640,84.596003,17.963638,4.262449,0.019392
101.053579,83.066714,17.986865,102.502854,84.546396,17.956458,4.420433,0.019025
100.946198,82.951187,17.995011,102.374206,84.451997,17.922209,4.364460,0.018329
100.880703,82.896795,17.983907,102.529081,84.580990,17.948091,4.324047,0.020066
101.012254,82.983498,18.028755,102.465897,84.498008,17.967889,4.301602,0.018305
100.874623,82.847983,18.026640,102.217707,84.205065,18.012642,4.260015,0.018920
100.818527,82.799617,18.018910,102.387008,84.441137,17.945871,4.341593,0.020160
100.824998,82.820691,18.004307,102.437420,84.550876,17.886544,4.332652,0.018924
100.840936,82.872371,17.968564,102.556827,84.655184,17.901643,4.267117,0.019697
100.710962,82.690423,18.020539,102.152874,84.159164,17.993710,4.301610,0.019522
100.550183,82.567200,17.982983,102.454354,84.468822,17.985531,4.289696,0.020089
100.699270,82.701504,17.997765,102.123412,84.192262,17.931151,4.473654,0.017901
100.547991,82.511330,18.036661,102.270870,84.320093,17.950777,4.110021,0.019563
100.422952,82.424264,17.998688,102.138195,84.200489,17.937706,4.394451,0.019229
100.453831,82.409658,18.044173,102.062879,84.050239,18.012640,4.440493,0.018068
100.516840,82.456446,18.060395,102.071838,84.133836,17.938001,4.061812,0.019891
100.430074,82.372078,18.057996,102.273880,84.313176,17.960705,4.339218,0.019874
100.388564,82.351119,18.037446,102.230635,84.208640,18.021995,4.333648,0.018628
100.407563,82.338828,18.068735,101.962109,84.011136,17.950974,3.978438,0.020438
100.266609,82.243985,18.022624,101.994763,83.986543,18.008221,4.352357,0.019271
100.192813,82.155646,18.037167,102.048421,84.023478,18.024943,4.100600,0.019666
100.173463,82.157977,18.015485,102.254900,84.258357,17.996543,4.219107,0.020743
100.190430,82.155364,18.035066,102.041586,84.058312,17.983274,4.076987,0.022176
100.138912,82.060646,18.078266,101.959853,83.919569,18.040283,4.188871,0.019738
100.168431,82.047464,18.120967,101.851385,83.758561,18.092824,4.291552,0.019589
100.135451,82.041469,18.093982,101.793503,83.751010,18.042493,4.242579,0.019060
100.183258,82.101159,18.082099,101.849418,83.803156,18.046262,4.292054,0.020252
99.977393,81.863162,18.114231,101.815967,83.845962,17.970005,4.270223,0.021689
100.038313,81.966645,18.071668,102.018705,84.083083,17.935623,4.257400,0.021549
100.040706,82.000623,18.040083,102.163076,84.216950,17.946126,4.300060,0.020340
100.031371,81.938385,18.092986,101.716426,83.732743,17.983683,4.429841,0.018138
99.943333,81.847474,18.095859,102.036536,83.958198,18.078338,4.233145,0.017994
100.008744,81.866286,18.142458,102.075248,83.995081,18.080168,4.530885,0.017495
100.004151,81.889013,18.115139,101.835003,83.825374,18.009629,4.371668,0.019029
99.893434,81.778444,18.114990,101.967007,83.857281,18.109726,4.198452,0.019415
99.819117,81.681867,18.137251,101.553780,83.411904,18.141876,4.163188,0.018929
99.813703,81.670515,18.143189,101.907535,83.884846,18.022689,4.362704,0.019979
99.812978,81.725287,18.087691,101.624327,83.552356,18.071971,4.329681,0.018165
99.821447,81.676171,18.145276,101.994891,83.939418,18.055473,4.376550,0.020270
99.798118,81.693693,18.104425,101.788452,83.735227,18.053225,4.200583,0.019522
99.677810,81.553691,18.124119,101.708372,83.698897,18.009476,4.232734,0.020220
99.709010,81.601626,18.107385,101.887899,83.879870,18.008027,4.372065,0.018517
99.723247,81.616287,18.106960,101.928242,83.971756,17.956485,4.242338,0.020567
99.638982,81.528278,18.110703,101.643938,83.570906,18.073032,4.303113,0.019310
99.640657,81.514623,18.126034,101.456350,83.440056,18.016295,4.137067,0.019927
99.626777,81.498260,18.128517,101.827867,83.803238,18.024628,4.328021,0.018711
99.662457,81.549862,18.112595,101.686991,83.690999,17.995993,4.421510,0.018530
99.618034,81.507992,18.110042,101.884212,83.890131,17.994081,4.500052,0.017967
99.539113,81.385668,18.153445,101.830519,83.760944,18.069574,4.506506,0.017269
99.508584,81.308761,18.199824,101.684612,83.560234,18.124378,4.250541,0.019359
99.385952,81.209586,18.176366,101.530372,83.491001,18.039371,4.363325,0.020776
99.449080,81.281226,18.167854,101.599913,83.608622,17.991292,4.316429,0.019085
99.502151,81.368122,18.134028,101.887322,83.781856,18.105467,4.198582,0.018494
99.556586,81.432065,18.124521,101.962822,83.811030,18.151792,4.353729,0.018798
99.480750,81.292543,18.188207,101.751166,83.649840,18.101326,4.253612,0.019659
99.417334,81.203067,18.214267,101.477049,83.295149,18.181901,4.472904,0.020143
99.413923,81.166918,18.247005,101.564352,83.411012,18.153339,4.346619,0.018313
99.318456,81.112245,18.206211,101.438076,83.334676,18.103400,4.541179,0.019070
99.352622,81.142226,18.210396,101.682069,83.561038,18.121031,4.283031,0.019428
