260.530751,259.790459,0.740292,200.378347,198.893708,1.484638,5.922213,0.004798
194.972768,192.822731,2.150037,191.778786,188.950418,2.828369,8.403857,0.006318
187.992980,184.264976,3.728004,180.355826,174.981118,5.374709,5.748794,0.010270
173.704595,166.784581,6.920015,166.631939,157.960084,8.671855,5.273891,0.012727
161.464810,151.943631,9.521179,156.452262,145.991073,10.461189,4.704682,0.014891
153.537682,142.506491,11.031191,150.503184,138.976002,11.527182,4.548118,0.015182
148.638291,136.687598,11.950693,145.838281,133.313278,12.525004,4.230195,0.015683
144.463505,131.652853,12.810653,141.542257,128.187219,13.355038,3.978072,0.016992
140.409720,126.665858,13.743861,137.939930,123.806277,14.133653,4.070568,0.016810
137.528557,123.143769,14.384788,135.737400,120.959220,14.778181,4.009933,0.018541
135.227489,120.195238,15.032251,133.728200,118.173999,15.554201,3.905682,0.018190
133.345981,117.718546,15.627435,131.692293,115.597964,16.094329,4.023375,0.016727
131.698919,115.583782,16.115137,130.142256,113.878496,16.263761,4.024709,0.017086
130.424672,113.916328,16.508343,129.173832,112.220905,16.952927,4.100582,0.016612
129.133267,112.221967,16.911300,127.595836,110.450907,17.144929,4.092117,0.016770
128.014660,110.752705,17.261955,126.698932,109.158295,17.540637,3.905157,0.016768
127.056094,109.475239,17.580855,125.404339,107.585373,17.818966,4.074023,0.016325
126.105690,108.304080,17.801610,124.940739,107.045569,17.895170,3.949211,0.017578
125.323087,107.250219,18.072868,124.365005,106.181016,18.183989,3.865828,0.016538
124.557127,106.243391,18.313736,123.462666,104.963748,18.498917,4.063433,0.015842
123.865832,105.304321,18.561511,122.806165,104.176435,18.629730,3.919272,0.016607
123.267417,104.544912,18.722506,122.375291,103.289151,19.086140,3.885585,0.016494
122.646162,103.680263,18.965900,122.050568,102.847194,19.203374,3.856370,0.016854
122.100082,102.976010,19.124072,121.394263,102.092841,19.301422,3.934239,0.016336
121.564567,102.257969,19.306598,121.644775,102.247488,19.397288,3.855470,0.017158
121.236306,101.760982,19.475324,120.216525,100.786688,19.429837,3.863553,0.017191
120.623406,101.104697,19.518709,120.137650,100.374909,19.762740,3.772701,0.017541
120.237952,100.543775,19.694176,119.458068,99.646592,19.811475,3.853966,0.016354
119.692061,99.823317,19.868744,119.553921,99.529866,20.024055,3.845303,0.016458
119.475674,99.452124,20.023550,118.679216,98.592247,20.086968,3.675071,0.017064
119.097742,98.948415,20.149327,118.707820,98.482832,20.224988,3.918303,0.015844
118.608595,98.341320,20.267274,118.086474,97.718544,20.367930,3.794267,0.016440
118.272869,97.847949,20.424920,117.854078,97.494328,20.359749,3.934560,0.015443
118.041415,97.555007,20.486408,117.864855,97.385038,20.479816,3.763377,0.016358
117.657924,97.052358,20.605566,117.289448,96.764573,20.524875,3.770005,0.015539
117.488476,96.754262,20.734213,117.291956,96.587821,20.704136,3.851083,0.015138
117.119699,96.317120,20.802580,116.673772,95.779056,20.894716,3.790646,0.016230
116.782137,95.874605,20.907532,116.660662,95.736356,20.924306,3.758604,0.015724
116.503056,95.538320,20.964736,116.219829,95.381277,20.838553,3.756990,0.015105
116.301788,95.293582,21.008205,115.909858,94.839885,21.069973,3.707265,0.016168
116.018983,94.909655,21.109328,115.855430,94.598313,21.257117,3.854378,0.014636
115.699736,94.507402,21.192334,115.534805,94.418859,21.115947,3.597593,0.016122
115.511767,94.219291,21.292476,115.595166,94.304510,21.290655,3.821754,0.014764
115.312330,93.993475,21.318855,115.121520,93.683698,21.437823,3.783575,0.015819
115.081623,93.747139,21.334485,115.292125,93.957963,21.334162,3.865661,0.014763
114.874188,93.460637,21.413550,114.971763,93.626164,21.345600,3.799933,0.014645
114.638297,93.112809,21.525487,114.464475,93.111692,21.352783,3.737491,0.014757
114.428583,92.864037,21.564547,114.734848,93.075669,21.659179,3.704958,0.014214
114.184873,92.570801,21.614072,114.968731,93.352919,21.615812,3.846333,0.013743
113.986938,92.289782,21.697156,113.786787,92.158599,21.628187,3.718091,0.014388
113.861071,92.101496,21.759575,114.204744,92.541945,21.662799,3.659229,0.014599
113.635654,91.910803,21.724851,114.168340,92.539142,21.629198,3.765480,0.015580
113.507112,91.694015,21.813097,113.561867,91.744054,21.817814,3.633005,0.014412
113.358256,91.486199,21.872057,113.751176,91.929435,21.821741,3.784362,0.015632
113.151694,91.228999,21.922695,113.581026,91.733511,21.847514,3.796094,0.014958
113.076145,91.117201,21.958944,113.379385,91.678368,21.701018,4.010973,0.013313
112.801938,90.883955,21.917982,113.343942,91.373677,21.970265,3.773237,0.014245
112.805338,90.827345,21.977993,113.250531,91.316775,21.933757,3.724366,0.014517
112.457686,90.484147,21.973539,112.842684,90.993898,21.848786,3.813765,0.013971
112.444369,90.375651,22.068718,112.827407,90.854745,21.972662,3.675339,0.014752
112.392713,90.301550,22.091163,112.665030,90.723077,21.941953,3.668735,0.014850
112.199658,90.126471,22.073187,112.613794,90.681320,21.932474,3.617533,0.014374
111.980557,89.812876,22.167681,113.012386,90.877334,22.135051,3.695317,0.014101
111.817587,89.614889,22.202698,112.282478,90.204115,22.078363,3.779500,0.013464
111.750581,89.561862,22.188718,112.446585,90.328199,22.118386,3.727813,0.013893
111.664045,89.461148,22.202896,112.425157,90.271871,22.153285,3.727247,0.014563
111.555747,89.332407,22.223340,112.014181,89.901568,22.112613,3.666163,0.013744
111.383494,89.178308,22.205186,112.136926,90.023936,22.112990,3.760252,0.013958
111.427066,89.148892,22.278175,112.279539,90.029072,22.250468,3.702406,0.013438
111.340411,89.060632,22.279778,112.133708,89.868958,22.264750,3.802324,0.013667
111.039769,88.664734,22.375035,111.917579,89.620082,22.297497,3.611447,0.014359
111.095272,88.715286,22.379986,111.634222,89.357119,22.277104,3.586381,0.015086
110.958082,88.577466,22.380617,111.617433,89.246001,22.371432,3.716575,0.013092
110.714519,88.281112,22.433407,111.768023,89.344260,22.423763,3.676545,0.013689
110.754000,88.339082,22.414918,111.971187,89.646266,22.324921,3.839468,0.013188
110.609692,88.186435,22.423258,111.613272,89.269540,22.343732,3.691588,0.013488
110.557327,88.040012,22.517315,111.721530,89.378950,22.342581,3.684297,0.013837
110.418079,87.869609,22.548470,111.317600,88.848301,22.469299,3.655844,0.012473
110.267080,87.747188,22.519893,111.246882,88.907894,22.338987,3.737354,0.013238
110.394952,87.846664,22.548288,111.457394,89.006792,22.450603,3.770563,0.013738
110.250511,87.742699,22.507812,111.423658,88.881711,22.541947,3.738316,0.014163
110.041100,87.550981,22.490119,111.367033,88.933658,22.433375,3.669596,0.013137
110.002896,87.483352,22.519544,111.111216,88.603685,22.507531,3.846117,0.012928
109.965159,87.431191,22.533968,111.170537,88.650636,22.519902,3.598101,0.014057
109.951682,87.437737,22.513945,111.100937,88.743810,22.357127,3.823570,0.013530
109.725173,87.144479,22.580694,110.976702,88.334874,22.641828,3.838974,0.013165
109.598631,87.004510,22.594121,110.743523,88.209496,22.534026,3.707453,0.014033
109.595353,87.029952,22.565402,110.599275,88.030344,22.568931,3.748410,0.013130
109.498904,86.852669,22.646235,110.340840,87.720377,22.620463,3.723713,0.013473
109.466587,86.838295,22.628292,110.767055,88.202073,22.564981,3.599032,0.014420
109.433513,86.766558,22.666955,110.658530,88.135670,22.522860,3.678047,0.013076
109.306242,86.615167,22.691075,110.609289,88.117970,22.491320,3.934575,0.012426
109.393449,86.669889,22.723560,110.442169,87.841100,22.601070,3.805920,0.013559
109.149717,86.458861,22.690856,110.266156,87.691692,22.574464,3.676064,0.014070
108.911778,86.220265,22.691513,110.370670,87.737407,22.633263,3.872610,0.013633
108.955171,86.252166,22.703006,110.032000,87.383987,22.648014,3.810724,0.013443
108.867829,86.134559,22.733270,110.073035,87.434688,22.638347,3.848845,0.012834
108.760133,86.065862,22.694271,110.346621,87.751789,22.594832,3.904842,0.012400
108.869915,86.161522,22.708392,110.732802,88.089309,22.643493,3.901105,0.012595
108.756286,86.008130,22.748156,109.957497,87.244398,22.713099,3.954941,0.012748
108.705799,85.921729,22.784069,109.967900,87.378132,22.589767,3.838044,0.012696
108.744049,85.962002,22.782047,110.315033,87.600762,22.714271,3.734737,0.013525
108.542091,85.800871,22.741220,109.674610,87.065355,22.609254,3.618301,0.013843
108.516728,85.804011,22.712717,109.941457,87.510901,22.430555,3.760047,0.013137
108.460862,85.754070,22.706792,110.053971,87.341333,22.712638,3.964140,0.012244
108.375371,85.649562,22.725809,109.856421,87.225929,22.630491,3.719217,0.012027
108.257679,85.559400,22.698278,110.040533,87.353020,22.687513,3.652767,0.013467
108.361781,85.623451,22.738330,109.964392,87.322668,22.641724,3.751357,0.012962
108.200999,85.512018,22.688982,109.717812,87.075937,22.641875,3.895179,0.012195
108.115711,85.368087,22.747624,109.889489,87.100561,22.788928,3.818940,0.012127
108.155265,85.340933,22.814332,110.097862,87.342661,22.755202,3.661715,0.013324
108.050563,85.289419,22.761144,109.602839,86.954274,22.648565,3.964202,0.011810
108.082605,85.270097,22.812508,109.631648,86.893902,22.737746,3.964766,0.012535
107.887296,85.061736,22.825560,109.549456,86.824450,22.725007,3.944819,0.011611
107.823214,84.999776,22.823439,109.498070,86.674925,22.823144,3.792935,0.012128
107.793184,85.014633,22.778551,109.518633,86.876451,22.642182,3.735673,0.013172
107.629017,84.842796,22.786221,109.214914,86.381958,22.832957,3.775723,0.012393
107.674829,84.858605,22.816224,109.579663,86.958088,22.621576,3.769100,0.012891
107.687917,84.868998,22.818919,109.325493,86.518891,22.806602,3.785518,0.012378
107.609881,84.814449,22.795431,109.462210,86.853067,22.609142,4.008623,0.012627
107.495963,84.766559,22.729404,109.625207,86.952698,22.672510,4.019920,0.012526
107.522768,84.765335,22.757433,109.142042,86.521558,22.620485,4.004379,0.011746
107.423520,84.666875,22.756645,109.496037,86.881421,22.614616,3.827886,0.011860
107.382690,84.609745,22.772945,108.995863,86.283529,22.712333,3.666673,0.012040
107.234095,84.444492,22.789603,108.991349,86.258802,22.732547,3.838219,0.012389
107.257009,84.478416,22.778593,109.235393,86.489515,22.745878,3.803905,0.012231
107.316950,84.524223,22.792727,109.358282,86.701018,22.657264,3.909180,0.012959
107.221326,84.466686,22.754639,109.181701,86.604402,22.577299,3.871694,0.012286
107.257993,84.554025,22.703968,109.284317,86.629449,22.654868,3.724983,0.013528
107.175892,84.429775,22.746117,108.937934,86.293071,22.644864,4.099025,0.011781
106.973243,84.216953,22.756290,108.782402,86.022725,22.759677,3.808110,0.011965
106.982784,84.257652,22.725132,109.096885,86.466262,22.630623,3.931791,0.012422
106.920919,84.136686,22.784233,109.026721,86.280291,22.746430,3.981116,0.011826
106.873017,84.052690,22.820327,108.952363,86.214420,22.737943,3.908535,0.010727
106.895756,84.045113,22.850643,109.133760,86.332880,22.800880,3.783049,0.012853
106.791721,83.953316,22.838405,108.815847,85.909762,22.906085,3.975315,0.012187
106.825236,83.942284,22.882952,108.868613,86.004881,22.863731,3.831302,0.013171
106.783523,83.919406,22.864117,109.133930,86.378317,22.755613,3.860759,0.011742
106.720224,83.861363,22.858862,108.856907,86.061675,22.795231,3.806684,0.012480
106.697077,83.787752,22.909326,109.059031,86.171826,22.887205,3.624310,0.011492
106.703197,83.840089,22.863108,108.672796,85.942142,22.730655,3.890363,0.012201
106.701109,83.881554,22.819555,108.705844,86.033159,22.672686,3.909080,0.011837
106.488175,83.696789,22.791386,108.779126,86.096292,22.682833,3.836644,0.011287
106.697742,83.848625,22.849117,108.671681,85.885218,22.786463,3.929644,0.011859
106.544993,83.735865,22.809128,108.795469,86.172485,22.622983,3.862552,0.011483
106.538792,83.725338,22.813454,108.835211,86.133161,22.702050,3.789720,0.012512
106.446970,83.603865,22.843105,108.774291,86.000287,22.774004,4.100523,0.011266
106.447832,83.567239,22.880592,108.499773,85.649624,22.850149,3.961271,0.011785
106.379300,83.438787,22.940513,108.525398,85.694306,22.831093,3.901794,0.011807
106.378726,83.456816,22.921910,108.586778,85.735970,22.850808,3.750391,0.012219
106.358849,83.493980,22.864869,108.421783,85.653771,22.768011,3.660206,0.012903
106.284166,83.430248,22.853918,108.465856,85.669006,22.796851,3.952667,0.011208
106.190569,83.274417,22.916152,108.459076,85.622477,22.836599,3.790172,0.011624
106.264522,83.377600,22.886922,108.369792,85.605706,22.764086,3.909932,0.010987
106.207801,83.285420,22.922381,108.603873,85.721298,22.882575,3.771272,0.012074
106.093828,83.225035,22.868793,108.364301,85.609541,22.754760,3.802251,0.011597
106.166361,83.220135,22.946226,108.608661,85.819813,22.788848,3.789810,0.012403
106.151347,83.226497,22.924850,108.566751,85.710245,22.856506,4.072379,0.011464
106.190349,83.223616,22.966733,108.334250,85.439583,22.894667,4.014959,0.011744
106.152351,83.258565,22.893786,108.727470,85.866814,22.860657,3.881828,0.011864
