273.293592,261.576727,11.716865,208.375745,193.425275,14.950471,2.891145,0.006996
198.902554,190.045464,8.857091,188.003013,184.138457,3.864556,3.629865,0.006926
178.150076,172.190436,5.959641,168.649427,160.598768,8.050659,3.397819,0.010767
161.887074,152.663082,9.223991,155.717956,145.679138,10.038819,3.729930,0.012458
152.361561,141.864944,10.496617,147.894551,136.928318,10.966233,3.616584,0.013415
145.591475,134.029870,11.561605,141.815437,129.618709,12.196727,3.490997,0.015474
140.471781,127.963026,12.508755,137.413752,124.518609,12.895143,3.613843,0.015221
136.946660,123.881284,13.065376,134.704795,121.287595,13.417200,3.685479,0.015467
134.166426,120.624155,13.542270,132.041525,118.279768,13.761758,3.414989,0.017892
131.852120,117.951268,13.900853,129.973486,115.706339,14.267147,3.470456,0.016691
129.985754,115.791813,14.193940,127.832290,113.465974,14.366316,3.727052,0.015363
128.239957,113.763191,14.476766,126.803729,112.249580,14.554149,3.558395,0.016605
126.791964,112.149877,14.642087,125.451252,110.700793,14.750459,3.760169,0.016108
125.585453,110.784593,14.800861,124.058021,109.106579,14.951441,3.635028,0.016787
124.420660,109.451848,14.968812,123.031723,107.875483,15.156241,3.657648,0.016059
123.422922,108.284651,15.138271,122.175133,106.953818,15.221315,3.829341,0.017343
122.508163,107.273558,15.234605,121.336676,106.009463,15.327214,3.652283,0.016384
121.567993,106.271833,15.296160,120.205404,104.822243,15.383161,3.904973,0.016506
120.775498,105.369373,15.406125,119.720304,104.293207,15.427097,3.678729,0.016624
120.077029,104.633560,15.443469,118.933135,103.419643,15.513492,3.717793,0.016273
119.356998,103.844947,15.512051,118.314950,102.716091,15.598859,3.803462,0.015891
118.613920,103.042445,15.571475,117.659852,102.055110,15.604742,3.666393,0.016963
118.012470,102.409827,15.602643,117.099965,101.456180,15.643784,3.598390,0.017693
117.486620,101.837302,15.649318,116.723331,101.060911,15.662420,3.577338,0.017780
116.908180,101.252969,15.655211,116.208750,100.525772,15.682978,3.646476,0.017197
116.393343,100.728229,15.665114,115.632200,99.831739,15.800461,3.757549,0.016876
115.747874,100.073152,15.674722,114.749269,98.988942,15.760327,3.917976,0.015670
115.297771,99.646563,15.651209,114.541728,98.829875,15.711853,3.718241,0.016665
114.805327,99.118755,15.686573,114.098501,98.390418,15.708083,3.742674,0.017072
114.399429,98.710489,15.688941,113.796472,98.060252,15.736220,3.754104,0.016538
113.906465,98.206867,15.699598,113.294843,97.551941,15.742902,3.854986,0.015738
113.456704,97.770486,15.686219,112.861579,97.163147,15.698432,3.833501,0.016610
113.122461,97.463511,15.658950,112.649846,97.034053,15.615793,3.885458,0.016435
112.781922,97.066511,15.715411,112.152792,96.427084,15.725708,3.911803,0.016872
112.453405,96.715065,15.738341,112.010131,96.277171,15.732959,3.788033,0.016970
112.054614,96.281628,15.772986,111.510768,95.701299,15.809469,3.785114,0.016825
111.672773,95.896799,15.775974,111.157960,95.438324,15.719637,3.794380,0.016500
111.317669,95.558555,15.759114,111.112608,95.370889,15.741719,3.741670,0.016268
111.046555,95.270877,15.775677,110.493725,94.675936,15.817788,3.900126,0.015637
110.727495,94.926365,15.801130,110.625994,94.831608,15.794386,3.922686,0.015940
110.472605,94.645015,15.827590,110.177836,94.325276,15.852560,3.827042,0.016268
110.160362,94.290212,15.870151,110.113335,94.268720,15.844614,3.770226,0.016771
109.854422,93.980467,15.873956,109.662463,93.790933,15.871529,3.765475,0.016365
109.641169,93.748802,15.892367,109.290771,93.397836,15.892935,3.861578,0.015839
109.319332,93.415477,15.903855,109.315701,93.407899,15.907802,3.887303,0.016510
109.116654,93.144769,15.971885,108.927043,92.993848,15.933195,3.814338,0.015829
108.873386,92.890451,15.982935,108.834129,92.909911,15.924218,3.837117,0.015972
108.628312,92.645979,15.982333,108.455020,92.528797,15.926223,3.981761,0.015791
108.376174,92.370015,16.006159,108.402087,92.386749,16.015338,4.002902,0.014797
108.238967,92.185593,16.053374,108.124145,92.079340,16.044805,3.698381,0.016443
107.986638,91.928427,16.058210,107.930305,91.854925,16.075381,3.756164,0.016116
107.769806,91.659568,16.110238,107.682627,91.659850,16.022777,3.924358,0.015767
107.492806,91.366184,16.126621,107.544549,91.427864,16.116684,3.944881,0.014877
107.483283,91.303493,16.179789,107.291206,91.112466,16.178741,3.857243,0.016245
107.188750,90.983997,16.204753,107.301887,91.101862,16.200025,3.944155,0.015811
107.046731,90.832666,16.214066,107.035734,90.856565,16.179169,4.046535,0.015547
106.827471,90.574615,16.252856,106.867959,90.662671,16.205288,3.862902,0.015935
106.693679,90.404837,16.288842,106.816095,90.568789,16.247306,3.971741,0.015719
106.548508,90.289070,16.259439,106.689494,90.428557,16.260937,4.040189,0.015515
106.422278,90.095829,16.326450,106.659235,90.364812,16.294424,3.893245,0.015232
106.235223,89.913020,16.322203,106.308303,89.962856,16.345447,3.941275,0.016182
106.137595,89.766983,16.370613,106.276675,90.016869,16.259806,3.908278,0.015320
105.974181,89.615637,16.358543,106.362589,90.023904,16.338685,3.717391,0.016282
105.875910,89.460280,16.415630,105.974902,89.621754,16.353148,3.819604,0.015605
105.760465,89.347101,16.413364,105.902087,89.503034,16.399053,3.691071,0.016148
105.582858,89.134144,16.448713,105.938901,89.582293,16.356608,3.971768,0.014658
105.454951,88.991736,16.463216,105.902940,89.479754,16.423187,3.757001,0.015951
105.305609,88.825761,16.479848,105.688789,89.265815,16.422974,3.865856,0.015335
105.194613,88.671774,16.522840,105.490971,88.936791,16.554180,3.768283,0.016050
105.126228,88.596999,16.529230,105.536608,89.091864,16.444744,3.918412,0.015442
105.028714,88.476247,16.552467,105.637352,89.080228,16.557125,3.817308,0.015419
104.884417,88.282235,16.602182,105.408585,88.786607,16.621978,4.020981,0.014692
104.733454,88.133098,16.600356,105.328651,88.689870,16.638782,3.689971,0.016342
104.609719,87.973933,16.635786,105.036052,88.405055,16.630997,3.913058,0.014968
104.566826,87.933148,16.633679,104.834847,88.214072,16.620775,3.758115,0.014925
104.431513,87.766531,16.664982,104.805925,88.188004,16.617921,3.782158,0.015987
104.393813,87.723132,16.670682,105.030891,88.352859,16.678032,3.871393,0.016356
104.250375,87.538243,16.712132,104.713437,88.028496,16.684941,3.820226,0.016053
104.166224,87.410065,16.756159,104.652644,87.924116,16.728528,3.718938,0.015883
104.041527,87.277361,16.764166,104.511892,87.765052,16.746840,3.832593,0.015717
104.017464,87.290967,16.726497,104.643804,87.886080,16.757725,3.787956,0.016408
103.906708,87.140524,16.766184,104.486658,87.760318,16.726340,3.797861,0.015632
103.823642,87.014550,16.809092,104.269697,87.420199,16.849498,3.797126,0.015202
103.723803,86.936423,16.787380,104.622496,87.932526,16.689971,3.717776,0.015940
103.677237,86.866856,16.810381,104.390704,87.551616,16.839088,3.873642,0.014906
103.595823,86.774570,16.821253,104.251922,87.436063,16.815859,4.120210,0.014318
103.527339,86.701568,16.825771,104.349009,87.516407,16.832601,3.844336,0.015754
103.470555,86.601612,16.868943,104.013847,87.194478,16.819369,3.944457,0.014788
103.391507,86.519181,16.872325,104.056092,87.256491,16.799600,3.919456,0.015667
103.340018,86.479936,16.860082,103.846987,86.970097,16.876891,3.814413,0.015726
103.226747,86.349514,16.877233,103.949953,87.010707,16.939246,3.915458,0.015356
103.172425,86.251999,16.920426,103.788754,86.917778,16.870975,3.983411,0.014115
103.075447,86.216479,16.858968,103.924981,87.096715,16.828266,3.907071,0.014954
103.086479,86.173334,16.913144,103.633043,86.778919,16.854125,4.016104,0.014904
102.993759,86.105401,16.888358,103.665293,86.750130,16.915163,3.929777,0.014662
102.920806,86.004501,16.916305,103.773833,86.901177,16.872656,4.048300,0.014645
102.862513,85.962894,16.899619,103.752358,86.889017,16.863341,3.714463,0.017054
102.766955,85.840312,16.926643,103.645428,86.728793,16.916634,3.956501,0.014803
102.793159,85.844632,16.948527,103.677743,86.747843,16.929900,3.756490,0.015163
102.686177,85.721091,16.965086,103.562558,86.717431,16.845126,3.714754,0.015845
102.613156,85.672182,16.940974,103.406746,86.427653,16.979092,3.918281,0.014439
102.579105,85.603888,16.975217,103.228833,86.348634,16.880199,3.927952,0.014971
102.555659,85.587896,16.967764,103.292016,86.341177,16.950839,3.949840,0.014672
102.469685,85.494863,16.974822,103.268531,86.324787,16.943744,4.033551,0.014610
102.431527,85.425490,17.006037,103.399428,86.402276,16.997153,3.744908,0.015820
102.316405,85.321487,16.994919,103.216376,86.223974,16.992402,3.815244,0.014826
102.260736,85.259044,17.001693,103.373194,86.375791,16.997404,3.839628,0.014903
102.313532,85.275309,17.038223,103.292060,86.299759,16.992301,3.931412,0.014811
102.246054,85.226171,17.019883,103.270025,86.337771,16.932254,3.792737,0.016077
102.175367,85.179444,16.995923,103.073236,86.079055,16.994181,3.808403,0.014670
102.146132,85.123981,17.022151,103.117726,86.094999,17.022727,3.851977,0.015536
102.060917,85.021493,17.039424,103.131763,86.155644,16.976119,3.866790,0.015330
102.107711,85.097702,17.010009,102.866681,85.860517,17.006164,3.803522,0.016132
102.016557,84.992724,17.023833,103.018650,85.947541,17.071110,3.674422,0.015709
101.964694,84.900696,17.063998,103.020706,86.060436,16.960270,3.852314,0.015975
101.966193,84.925596,17.040597,102.857398,85.824405,17.032992,3.823467,0.016160
101.920787,84.843992,17.076795,102.798849,85.709182,17.089668,3.848708,0.014989
101.782192,84.729357,17.052835,102.857706,85.892779,16.964927,3.802137,0.014885
101.827288,84.769955,17.057333,102.770134,85.700957,17.069177,4.032090,0.014491
101.777515,84.691968,17.085547,102.624047,85.573570,17.050478,3.971827,0.014233
101.611336,84.533548,17.077787,102.820230,85.781488,17.038742,3.964803,0.014988
101.644088,84.557870,17.086218,102.702926,85.649218,17.053708,3.943056,0.014805
101.636126,84.529065,17.107061,102.448672,85.333812,17.114860,3.841399,0.015024
101.560665,84.475534,17.085132,102.829411,85.774410,17.055001,3.887872,0.014835
101.577662,84.482149,17.095514,102.650711,85.517422,17.133288,3.796641,0.015181
101.527390,84.412887,17.114502,102.616011,85.478119,17.137891,3.957860,0.015047
101.458070,84.333811,17.124259,102.639415,85.499234,17.140181,3.969991,0.013272
101.397616,84.279566,17.118049,102.531352,85.391658,17.139694,3.803572,0.014945
101.384246,84.264093,17.120153,102.669577,85.600070,17.069507,3.973347,0.014963
101.363300,84.278836,17.084463,102.693136,85.598808,17.094329,3.877251,0.015434
101.355552,84.240865,17.114687,102.465276,85.389789,17.075487,3.909110,0.015263
101.327835,84.230354,17.097481,102.444808,85.337920,17.106888,4.003000,0.014112
101.287597,84.144920,17.142677,102.330861,85.227834,17.103028,3.970781,0.015001
101.231585,84.119915,17.111670,102.310742,85.208511,17.102231,3.999461,0.014540
101.228594,84.082066,17.146528,102.464054,85.347245,17.116809,4.020149,0.014241
101.193923,84.104647,17.089276,102.325483,85.197937,17.127546,3.913793,0.014701
101.184148,84.022092,17.162055,102.261751,85.081892,17.179859,3.844315,0.015036
101.117184,83.934925,17.182259,102.188428,85.008504,17.179924,3.978343,0.014712
101.084944,83.907829,17.177116,102.265454,85.073013,17.192442,4.052168,0.014100
101.035734,83.877022,17.158712,102.333252,85.190776,17.142477,3.984246,0.014785
101.026192,83.871251,17.154941,102.264875,85.094590,17.170286,3.929893,0.014903
100.985196,83.801429,17.183767,102.261080,85.107169,17.153910,3.833893,0.014934
100.987285,83.841003,17.146281,102.419475,85.297515,17.121959,3.934826,0.014643
100.996697,83.849563,17.147135,102.363072,85.266891,17.096181,3.901689,0.014879
100.889003,83.759564,17.129440,102.525959,85.404477,17.121482,3.852295,0.015330
100.934569,83.822278,17.112291,101.895890,84.719432,17.176459,4.185702,0.013559
100.855315,83.710669,17.144645,102.177120,85.083070,17.094051,3.917330,0.014879
100.826758,83.686192,17.140566,102.041851,84.977810,17.064040,4.164676,0.013721
100.783983,83.618814,17.165169,102.207085,85.098573,17.108512,4.039856,0.014303
100.801534,83.635585,17.165950,102.054362,84.895187,17.159175,3.959161,0.013682
100.773279,83.634462,17.138818,102.351367,85.219787,17.131580,3.886941,0.015525
100.722202,83.541111,17.181091,101.979176,84.789359,17.189817,3.821337,0.015336
100.679782,83.488793,17.190989,101.924572,84.770912,17.153661,4.082141,0.013762
100.736963,83.546907,17.190056,101.962964,84.724821,17.238144,3.788108,0.015861
100.604733,83.418355,17.186378,102.223573,85.080055,17.143517,3.856020,0.015630
100.610110,83.451448,17.158663,102.097499,84.993157,17.104341,3.874366,0.015774
100.570791,83.396362,17.174429,102.085991,84.938199,17.147792,3.817311,0.016366
100.573710,83.383273,17.190438,102.165469,84.963756,17.201712,3.804133,0.015009
100.511256,83.302322,17.208935,101.911127,84.735903,17.175224,3.764342,0.015376
100.556597,83.392927,17.163671,101.996935,84.937911,17.059025,3.851139,0.015029
