206.169682,203.873863,2.295820,190.348666,186.751516,3.597151,4.930923,0.005088
178.261311,171.795882,6.465429,166.036890,156.954083,9.082807,3.659538,0.009888
159.626673,149.496837,10.129836,152.240694,141.382728,10.857966,3.785720,0.011693
148.738382,137.386077,11.352305,144.897579,133.189481,11.708097,4.054442,0.012534
143.090004,130.906490,12.183513,140.556155,127.887370,12.668786,3.823429,0.012760
139.249538,126.364326,12.885212,137.136760,123.960999,13.175762,4.094147,0.012908
136.631640,123.283190,13.348450,134.696795,120.944502,13.752293,4.035961,0.012465
134.265579,120.442819,13.822760,132.352979,118.291242,14.061737,4.243444,0.012273
131.998807,117.794200,14.204607,130.030619,115.690015,14.340604,4.022936,0.013625
129.991840,115.487546,14.504294,128.885023,114.270059,14.614964,4.033051,0.013820
128.483913,113.788896,14.695017,127.352603,112.557099,14.795504,4.038629,0.013321
127.231059,112.407971,14.823088,125.606834,110.743177,14.863657,4.078496,0.013887
126.133997,111.214829,14.919169,124.758047,109.746943,15.011104,4.229924,0.012842
125.075876,110.051489,15.024386,123.908873,108.832375,15.076498,4.298725,0.013428
124.184180,109.081366,15.102814,123.197375,108.001644,15.195731,4.108352,0.014299
123.334711,108.126263,15.208448,122.798866,107.595954,15.202912,4.204362,0.013788
122.744255,107.487851,15.256404,121.677386,106.308257,15.369129,4.094055,0.014080
122.034084,106.728465,15.305618,121.113985,105.786193,15.327792,4.193129,0.013898
121.463112,106.127730,15.335381,120.666318,105.359619,15.306699,4.399046,0.013195
120.833679,105.457265,15.376414,120.143364,104.771474,15.371890,4.513968,0.012838
120.272783,104.875280,15.397503,119.688817,104.277263,15.411554,4.303698,0.012988
119.791954,104.338046,15.453909,118.981220,103.484777,15.496443,4.104783,0.014643
119.214443,103.742124,15.472320,118.807648,103.331753,15.475895,4.356967,0.013249
118.797187,103.304508,15.492679,118.366703,102.859185,15.507518,4.239910,0.014464
118.412881,102.901088,15.511793,117.974633,102.431223,15.543410,4.315964,0.013834
118.009258,102.461429,15.547830,117.507771,101.935751,15.572020,4.274953,0.013815
117.575467,102.011495,15.563971,117.411805,101.785881,15.625924,4.288326,0.013303
117.132062,101.543998,15.588064,116.882235,101.325040,15.557195,4.305481,0.013639
116.818569,101.223417,15.595151,117.039812,101.478275,15.561536,4.308702,0.014282
116.613800,100.986075,15.627725,116.596442,100.988212,15.608230,4.326785,0.014647
116.140675,100.508770,15.631905,116.011227,100.394498,15.616729,4.672446,0.012591
115.919605,100.277906,15.641700,115.611372,99.830796,15.780576,4.431612,0.013560
115.490905,99.782192,15.708714,115.403853,99.610302,15.793551,4.387053,0.014440
115.261871,99.546627,15.715244,114.782198,99.016720,15.765478,4.663011,0.012846
114.977800,99.246913,15.730887,114.924800,99.197015,15.727785,4.524212,0.013172
114.650032,98.876713,15.773319,114.849025,99.071071,15.777954,4.479958,0.013450
114.409181,98.623282,15.785899,114.326204,98.549725,15.776479,4.588342,0.013823
114.126994,98.312290,15.814704,114.359844,98.499617,15.860228,4.496557,0.013985
113.950725,98.077031,15.873694,114.029613,98.127079,15.902535,4.525960,0.012894
113.691738,97.817428,15.874310,113.888342,97.973258,15.915085,4.395442,0.014092
113.471479,97.586676,15.884803,113.656764,97.763201,15.893563,4.461601,0.013380
113.209396,97.280668,15.928728,113.311051,97.435837,15.875214,4.426534,0.013865
112.979930,97.046236,15.933694,113.376133,97.562577,15.813556,4.594511,0.013696
112.784697,96.829079,15.955619,113.025536,97.082464,15.943072,4.616053,0.012826
112.588267,96.595152,15.993115,112.977595,96.987449,15.990146,4.581995,0.013541
112.478874,96.505259,15.973615,112.602917,96.615552,15.987365,4.553250,0.013845
112.200315,96.172328,16.027987,112.528652,96.538323,15.990329,4.519280,0.013829
112.026344,95.979247,16.047097,112.379320,96.367641,16.011680,4.533321,0.014055
111.846703,95.761034,16.085668,111.986662,95.885124,16.101538,4.463904,0.013796
111.727429,95.642618,16.084811,112.150815,96.051077,16.099738,4.380974,0.013097
111.492309,95.375740,16.116568,112.323880,96.191417,16.132463,4.374817,0.014577
111.437098,95.289476,16.147623,111.825498,95.700850,16.124648,4.463977,0.014046
111.147528,94.990019,16.157509,111.733411,95.626193,16.107219,4.425294,0.013310
111.094304,94.967441,16.126863,111.483684,95.281626,16.202058,4.888742,0.012344
110.920636,94.724224,16.196412,111.533680,95.463579,16.070100,4.627029,0.013162
110.737132,94.577719,16.159413,111.185158,94.980158,16.205000,4.559649,0.013056
110.691364,94.494400,16.196963,111.029380,94.798310,16.231070,4.547424,0.012894
110.501829,94.248928,16.252901,111.144527,94.883891,16.260636,4.621090,0.014314
110.359074,94.082049,16.277025,110.884756,94.635224,16.249532,4.709191,0.014224
110.253506,93.953273,16.300234,110.750026,94.421586,16.328439,4.576882,0.013172
110.019857,93.748158,16.271699,110.795299,94.551745,16.243554,4.780305,0.012327
109.915523,93.632056,16.283467,110.697615,94.469465,16.228149,4.508060,0.013590
109.864772,93.572739,16.292033,110.579515,94.276191,16.303324,4.768251,0.012915
109.750497,93.481539,16.268958,110.631441,94.342696,16.288746,4.463077,0.014523
109.675853,93.398650,16.277203,110.518920,94.270577,16.248343,4.459695,0.013478
109.538572,93.259963,16.278610,110.319954,94.031166,16.288788,4.759260,0.013256
109.376890,93.109147,16.267743,110.324409,93.953193,16.371215,4.445747,0.012964
109.310913,93.007776,16.303138,110.165933,93.855569,16.310363,4.378801,0.014575
109.256731,92.975067,16.281665,109.890586,93.632121,16.258465,4.669412,0.012559
109.143451,92.876581,16.266870,110.286386,94.053521,16.232865,4.768318,0.012649
109.089342,92.818328,16.271014,109.904075,93.618944,16.285131,4.462641,0.013428
108.965532,92.672468,16.293064,109.742622,93.486159,16.256462,4.635580,0.012641
108.860522,92.559532,16.300990,109.737907,93.486012,16.251896,4.759471,0.013184
108.752366,92.474920,16.277446,109.893054,93.665048,16.228006,4.765092,0.013058
108.737146,92.453191,16.283956,109.878317,93.646420,16.231896,4.620538,0.013568
108.679696,92.417993,16.261703,109.533521,93.257960,16.275560,4.579518,0.013735
108.581688,92.298229,16.283459,109.669050,93.475083,16.193968,4.567673,0.014524
108.506393,92.235199,16.271194,109.614693,93.392319,16.222374,4.592881,0.013630
108.455665,92.198964,16.256701,109.413418,93.075654,16.337764,4.601203,0.013090
108.298420,92.027428,16.270992,109.600791,93.378357,16.222434,4.521939,0.013790
108.288013,92.012424,16.275589,109.074498,92.842978,16.231520,4.594147,0.014338
108.241383,91.894164,16.347219,109.343433,93.067558,16.275875,4.893454,0.011684
108.127256,91.840765,16.286491,109.208658,93.010297,16.198361,4.802630,0.012473
108.084383,91.797150,16.287233,109.155588,92.846267,16.309321,4.386342,0.014459
107.923242,91.651207,16.272034,109.027189,92.862099,16.165090,4.710175,0.013561
107.966934,91.683158,16.283776,109.064386,92.840222,16.224164,4.482843,0.013934
107.877574,91.612633,16.264941,109.010811,92.800762,16.210049,4.548007,0.013833
107.837678,91.508572,16.329106,108.835834,92.561640,16.274195,4.526933,0.013624
107.690466,91.378418,16.312048,109.028454,92.812054,16.216399,4.462291,0.014066
107.682476,91.385341,16.297134,109.088074,92.797493,16.290581,4.570024,0.013698
107.589956,91.280444,16.309512,108.650924,92.372344,16.278579,4.568717,0.014368
107.478788,91.159056,16.319732,108.594382,92.282390,16.311992,4.687176,0.013310
107.392369,91.066076,16.326293,108.612304,92.302825,16.309479,4.487588,0.013817
107.331292,91.019317,16.311975,108.586130,92.346230,16.239900,4.741733,0.013274
107.282675,90.976842,16.305833,108.466299,92.225414,16.240885,4.663068,0.015694
107.224767,90.962741,16.262025,108.472943,92.178537,16.294405,4.533561,0.013579
107.280700,90.975729,16.304971,108.458001,92.180617,16.277384,4.424040,0.014474
107.147482,90.756896,16.390586,108.326603,91.987513,16.339090,4.523647,0.012815
107.086197,90.716807,16.369390,108.371391,92.072226,16.299164,4.496416,0.013579
107.007577,90.672822,16.334754,108.639714,92.353684,16.286030,4.515110,0.013928
106.976959,90.636507,16.340452,108.320170,92.025780,16.294389,4.527687,0.013802
106.968798,90.610726,16.358071,108.263267,91.853637,16.409630,4.546613,0.013169
106.859861,90.492775,16.367086,108.365071,92.074662,16.290409,4.757802,0.013382
106.878445,90.507128,16.371318,108.183649,91.803417,16.380233,4.578055,0.013535
106.736634,90.321829,16.414805,108.145118,91.837418,16.307700,4.787329,0.013094
106.781202,90.410236,16.370966,108.196948,91.866612,16.330335,4.593821,0.014094
106.715013,90.314501,16.400512,108.152280,91.838880,16.313400,4.883888,0.012774
106.691748,90.306370,16.385378,107.833355,91.478514,16.354841,4.576278,0.014195
106.592901,90.181757,16.411144,108.092935,91.785738,16.307196,4.601663,0.014157
106.638620,90.225436,16.413184,108.019352,91.661946,16.357405,4.592694,0.013451
106.552853,90.115884,16.436968,107.765018,91.251064,16.513953,4.579066,0.012817
106.450693,90.047583,16.403110,107.762113,91.488550,16.273563,4.528853,0.013704
106.429115,90.019996,16.409118,107.706086,91.312685,16.393401,4.677540,0.013484
106.403684,89.998851,16.404833,108.083549,91.823634,16.259915,4.953404,0.012900
106.460771,90.010832,16.449939,107.567493,91.228685,16.338808,4.735997,0.013336
106.286275,89.841807,16.444468,107.609966,91.254120,16.355846,4.482275,0.013954
106.252767,89.820436,16.432331,107.672206,91.244324,16.427882,4.497246,0.014112
106.240880,89.795965,16.444915,107.618398,91.209330,16.409068,4.639820,0.013533
106.207975,89.755925,16.452050,107.844313,91.526180,16.318133,4.820583,0.012727
106.233655,89.769107,16.464548,107.875045,91.457944,16.417101,4.624189,0.012683
106.183149,89.723668,16.459481,107.562167,91.195714,16.366453,4.863264,0.012746
106.070673,89.582815,16.487858,107.514003,91.043917,16.470086,4.642838,0.012748
106.084068,89.603694,16.480374,107.370212,90.870740,16.499472,4.794646,0.012825
106.042476,89.559179,16.483298,107.577836,91.188923,16.388913,4.629472,0.013893
106.096541,89.606622,16.489919,107.337763,90.821407,16.516356,4.839217,0.013274
106.016563,89.489539,16.527023,107.487959,91.039390,16.448568,4.588130,0.013032
105.953193,89.450291,16.502903,107.408956,90.971390,16.437566,4.653932,0.012739
105.959965,89.447671,16.512294,107.405136,90.920386,16.484750,4.630911,0.014560
105.988397,89.479161,16.509236,107.486744,90.997315,16.489429,4.381640,0.015019
105.841820,89.316640,16.525180,107.081751,90.558452,16.523298,4.920652,0.012300
105.822499,89.285317,16.537181,107.319900,90.864782,16.455117,4.630508,0.013278
105.820553,89.290292,16.530261,107.338897,90.853768,16.485129,4.700861,0.012854
105.739894,89.230881,16.509013,107.382234,91.001054,16.381179,4.889355,0.012563
105.782497,89.260800,16.521696,107.429289,90.938670,16.490619,4.643730,0.012882
105.854296,89.284186,16.570109,107.267847,90.733266,16.534580,4.603206,0.013928
105.710486,89.158777,16.551709,107.295669,90.785910,16.509759,4.480977,0.013838
105.841173,89.251960,16.589213,107.172009,90.689717,16.482291,4.774459,0.012437
105.680855,89.111903,16.568952,107.303288,90.815678,16.487610,4.980588,0.013218
105.712059,89.173132,16.538927,107.136689,90.604427,16.532262,4.684679,0.013715
105.639923,89.061546,16.578376,107.320718,90.841916,16.478803,4.678319,0.013127
105.615583,89.029446,16.586137,106.987169,90.418974,16.568195,4.707951,0.012790
105.500184,88.900266,16.599918,107.365099,90.842061,16.523038,4.691687,0.013550
105.509905,88.949596,16.560308,107.273200,90.845015,16.428185,4.869359,0.013248
105.549982,89.000414,16.549568,107.321622,90.799480,16.522141,4.656684,0.013205
105.603178,89.033977,16.569201,107.095289,90.545069,16.550220,4.755299,0.013031
105.569639,88.984717,16.584922,107.235674,90.698891,16.536783,4.682294,0.013273
105.519743,88.910245,16.609498,107.381513,90.888636,16.492877,4.826190,0.014393
105.505313,88.944851,16.560462,107.232877,90.695387,16.537490,4.557971,0.013660
105.432850,88.828029,16.604821,107.323119,90.833059,16.490060,4.830030,0.012976
105.466748,88.878714,16.588034,107.017220,90.465542,16.551677,4.855441,0.012883
105.372598,88.733462,16.639136,107.018771,90.431956,16.586816,4.816359,0.012980
105.342481,88.741190,16.601291,107.013630,90.510218,16.503412,4.606634,0.013758
105.386574,88.746222,16.640352,106.971602,90.321808,16.649794,4.424973,0.013431
105.315233,88.691220,16.624013,106.984679,90.389894,16.594785,4.626034,0.013327
105.316652,88.709095,16.607557,106.958630,90.407715,16.550915,4.596226,0.014611
105.226912,88.616562,16.610351,107.169252,90.631312,16.537939,4.455482,0.013782
105.373915,88.747882,16.626032,106.999507,90.469676,16.529831,4.399559,0.013668
105.316727,88.669781,16.646947,107.083845,90.503477,16.580368,4.695081,0.013208
105.233895,88.596681,16.637214,106.850905,90.306637,16.544268,4.755440,0.013134
105.264042,88.682690,16.581352,106.901987,90.380286,16.521700,4.728119,0.012126
