276.133219,269.283971,6.849249,214.379669,206.063956,8.315713,10.655703,0.000021
214.683065,206.366119,8.316947,214.452206,206.134742,8.317465,11.209141,0.000000
214.659837,206.342273,8.317564,214.371969,206.054310,8.317658,11.039582,0.000001
214.656169,206.338505,8.317664,214.434264,206.116560,8.317704,11.677346,0.000000
214.642486,206.324878,8.317608,214.251626,205.934010,8.317615,8.065305,0.000001
198.124226,192.544702,5.579523,176.162705,170.575495,5.587210,4.366623,0.014471
162.729724,156.150458,6.579266,153.865291,146.922516,6.942776,4.580520,0.026201
151.092980,144.074954,7.018026,148.352164,141.254589,7.097574,6.542113,0.025999
146.979564,139.891274,7.088290,145.111430,137.986153,7.125277,6.870706,0.025743
144.823189,137.676446,7.146743,143.461197,136.309671,7.151525,6.960110,0.028948
143.271529,136.121703,7.149827,142.366962,135.255228,7.111734,7.634023,0.025985
142.220632,135.052604,7.168028,141.421413,134.271497,7.149915,7.254761,0.028231
141.218766,134.052445,7.166321,140.748400,133.579038,7.169361,6.727383,0.026131
140.454068,133.303307,7.150762,139.738642,132.570353,7.168289,7.594588,0.030901
139.839038,132.658147,7.180891,139.014912,131.847520,7.167391,7.553341,0.026676
139.227288,132.050071,7.177218,138.535770,131.366296,7.169474,7.716637,0.028235
138.746449,131.569819,7.176630,137.956604,130.793247,7.163356,7.815938,0.029593
138.244125,131.067631,7.176494,138.235733,131.047267,7.188466,8.957738,0.031016
137.895244,130.713895,7.181349,137.246886,130.047168,7.199717,9.393272,0.027360
137.480114,130.301346,7.178768,136.652251,129.448081,7.204170,7.478788,0.026457
137.159924,129.963623,7.196301,136.620829,129.425704,7.195125,7.683816,0.027898
136.899579,129.717273,7.182306,136.764238,129.594957,7.169282,7.304535,0.029243
136.549314,129.350791,7.198523,136.024871,128.845527,7.179345,9.339813,0.025703
136.161144,128.959862,7.201282,136.063452,128.862051,7.201401,7.098572,0.033006
135.901729,128.687937,7.213792,135.685797,128.478425,7.207372,8.024892,0.026421
135.753827,128.556396,7.197430,135.687555,128.503883,7.183672,7.610391,0.026951
135.565113,128.356060,7.209053,135.058163,127.844500,7.213663,8.225516,0.028645
135.153198,127.932775,7.220423,135.170784,127.927290,7.243493,8.635354,0.029388
134.892843,127.670979,7.221864,134.924611,127.738451,7.186160,8.010140,0.029243
134.807991,127.610676,7.197315,134.687145,127.488824,7.198321,9.082305,0.027169
134.556893,127.346194,7.210699,134.427694,127.216166,7.211527,9.237710,0.026251
134.469703,127.243109,7.226594,134.252334,127.007038,7.245296,7.072129,0.029237
134.121551,126.882928,7.238622,133.977229,126.747051,7.230178,9.181333,0.023604
133.943093,126.714733,7.228361,134.326883,127.118720,7.208163,11.516318,0.028028
133.878410,126.635007,7.243403,133.931610,126.697861,7.233749,10.684247,0.029104
133.650952,126.406828,7.244124,133.698156,126.472557,7.225599,10.983854,0.028725
133.568085,126.329912,7.238172,133.805099,126.588836,7.216263,9.358424,0.023655
133.447877,126.196788,7.251088,133.702341,126.448792,7.253549,8.440534,0.030147
133.393073,126.171198,7.221874,133.667619,126.477266,7.190353,9.885496,0.030126
133.279363,126.052635,7.226727,133.326314,126.125714,7.200600,8.998964,0.027384
133.115249,125.880671,7.234578,133.272990,126.042259,7.230730,9.919052,0.024557
132.956384,125.724700,7.231684,133.204277,125.975446,7.228831,8.790030,0.026476
132.898256,125.663626,7.234630,133.483534,126.287516,7.196017,7.587634,0.032479
132.748305,125.507323,7.240982,132.821269,125.584803,7.236467,7.978885,0.031017
132.591245,125.346900,7.244345,132.867841,125.654195,7.213646,8.180152,0.029418
132.545246,125.303925,7.241321,132.910974,125.693538,7.217436,8.344384,0.026728
132.428907,125.179970,7.248937,132.746215,125.503920,7.242295,7.843833,0.028706
132.256223,125.009395,7.246828,132.615640,125.379571,7.236069,8.763597,0.030273
132.091004,124.842507,7.248497,132.429004,125.215767,7.213236,7.963080,0.028770
132.054014,124.816442,7.237572,132.365456,125.132500,7.232957,9.476517,0.033801
132.027140,124.769994,7.257146,132.688414,125.482158,7.206257,10.285649,0.026314
131.880817,124.624935,7.255882,132.070002,124.833727,7.236275,7.465791,0.031527
131.802707,124.565462,7.237245,132.510490,125.311156,7.199335,9.075654,0.029516
131.710616,124.458048,7.252568,132.249695,125.030982,7.218713,9.107690,0.027787
131.583836,124.337977,7.245859,132.162886,124.922006,7.240880,8.603251,0.029200
131.470907,124.223461,7.247445,131.837821,124.594970,7.242852,10.646727,0.028263
131.411862,124.156209,7.255653,131.855337,124.616872,7.238465,9.121086,0.026289
131.344944,124.080224,7.264720,132.176547,124.944502,7.232046,8.099103,0.032193
131.373527,124.116966,7.256561,131.852637,124.624467,7.228171,8.802827,0.026525
131.083386,123.834672,7.248714,131.501997,124.269791,7.232206,8.937183,0.030114
131.072993,123.810239,7.262754,131.976937,124.764095,7.212842,10.033200,0.024981
131.051013,123.800927,7.250086,131.528892,124.296514,7.232379,8.716709,0.034047
131.032825,123.794261,7.238564,131.749462,124.542038,7.207424,7.431404,0.027921
130.947708,123.701456,7.246252,131.445170,124.222224,7.222946,11.285795,0.023238
130.783759,123.517333,7.266426,131.549720,124.292583,7.257137,8.248664,0.028466
130.776970,123.521908,7.255062,131.566643,124.334969,7.231674,9.061218,0.027535
130.666282,123.407233,7.259049,130.942475,123.701864,7.240611,9.617805,0.025545
130.647573,123.398840,7.248733,131.019866,123.770099,7.249768,9.662335,0.030354
130.615213,123.353299,7.261914,130.907130,123.676377,7.230753,8.695936,0.027772
130.487909,123.236643,7.251267,131.091970,123.857133,7.234837,7.619540,0.030391
130.427583,123.175970,7.251613,130.705601,123.486228,7.219373,8.763518,0.027984
130.428198,123.170283,7.257915,130.701232,123.437797,7.263435,9.385534,0.029551
130.293531,123.019901,7.273630,130.854156,123.620087,7.234069,8.537517,0.031752
130.181322,122.926946,7.254376,130.992181,123.759763,7.232418,8.620353,0.029397
130.113420,122.859829,7.253591,130.642307,123.417314,7.224992,8.770307,0.026340
130.074759,122.824409,7.250350,131.053666,123.837274,7.216392,9.312418,0.028192
129.930161,122.656318,7.273843,131.017679,123.784288,7.233391,10.231327,0.030706
130.016191,122.754273,7.261919,130.723882,123.482065,7.241817,9.596300,0.031441
129.878768,122.614133,7.264635,130.589935,123.360679,7.229256,9.518066,0.029319
129.842814,122.577327,7.265487,130.677398,123.432509,7.244889,8.481210,0.029882
129.790535,122.515086,7.275449,130.479957,123.242616,7.237342,7.842158,0.030514
129.712511,122.434514,7.277997,130.238069,122.994094,7.243975,9.597116,0.032123
129.577463,122.301086,7.276377,130.298834,123.042713,7.256120,10.032185,0.031368
129.420941,122.150646,7.270294,130.145962,122.895616,7.250346,8.241047,0.029396
129.417230,122.133003,7.284227,130.427032,123.181418,7.245615,9.494774,0.028165
129.523537,122.238453,7.285084,130.137475,122.883094,7.254381,9.103171,0.029745
129.598798,122.329891,7.268907,130.681107,123.445033,7.236074,10.067777,0.029865
129.474332,122.186492,7.287840,130.564848,123.303177,7.261671,9.810718,0.026874
129.267823,121.975827,7.291996,130.363831,123.109533,7.254298,7.916983,0.030517
129.226382,121.944791,7.281591,129.955424,122.698138,7.257286,8.578232,0.029847
129.162218,121.872765,7.289453,130.164808,122.911479,7.253330,7.849332,0.036779
129.164913,121.882999,7.281914,130.161192,122.907654,7.253538,8.476444,0.030150
129.174694,121.895063,7.279631,130.284474,123.037018,7.247456,8.379365,0.030187
129.151307,121.861882,7.289425,130.173758,122.908260,7.265498,9.344810,0.028878
129.057300,121.776948,7.280352,129.945544,122.684912,7.260632,8.353180,0.031500
128.999638,121.712020,7.287617,130.000346,122.758044,7.242302,8.411206,0.027202
128.878204,121.591124,7.287081,129.878907,122.618236,7.260671,8.576284,0.030589
129.003279,121.706563,7.296716,130.065746,122.802857,7.262889,9.682065,0.023965
128.979589,121.692224,7.287365,129.888262,122.649681,7.238581,9.467627,0.028294
129.041276,121.754323,7.286953,130.052060,122.797525,7.254536,8.444816,0.029025
128.842035,121.556062,7.285972,129.954023,122.693369,7.260654,8.242428,0.037036
128.862580,121.572992,7.289588,130.053280,122.799820,7.253460,8.411000,0.029777
128.669929,121.381761,7.288168,129.937939,122.706509,7.231429,9.100952,0.030534
128.752404,121.476729,7.275675,130.035955,122.787317,7.248639,9.815542,0.026192
128.802258,121.520901,7.281357,129.857631,122.599092,7.258540,8.728563,0.034539
128.679479,121.366972,7.312507,129.961544,122.684771,7.276772,8.559635,0.028281
128.605770,121.295034,7.310736,129.955755,122.693038,7.262717,9.565629,0.027683
128.718179,121.418151,7.300028,129.663046,122.396850,7.266197,8.957108,0.031266
128.542851,121.229633,7.313219,129.804892,122.530600,7.274293,8.358924,0.030506
128.469154,121.158397,7.310757,130.026021,122.784030,7.241990,8.406555,0.029584
128.637746,121.340727,7.297019,130.018101,122.769331,7.248770,8.346437,0.031445
128.707444,121.414014,7.293430,129.638161,122.371490,7.266671,9.751916,0.030465
128.452084,121.146878,7.305206,129.280675,122.025884,7.254791,8.170881,0.030582
128.453463,121.151507,7.301956,129.735404,122.462861,7.272543,8.612057,0.028456
128.460837,121.150496,7.310341,129.751390,122.490330,7.261060,7.682013,0.031344
128.350932,121.019780,7.331152,129.743527,122.466870,7.276657,7.925283,0.027551
128.391874,121.076158,7.315716,129.466004,122.196498,7.269507,8.178788,0.036027
128.405971,121.104535,7.301436,129.787246,122.536437,7.250808,9.034492,0.029565
128.384252,121.078050,7.306203,129.663508,122.405465,7.258042,8.858680,0.032566
128.290818,120.968545,7.322274,129.504083,122.211804,7.292279,8.598961,0.029558
128.337934,121.015164,7.322769,129.828520,122.545480,7.283040,9.209856,0.034564
128.280263,120.959515,7.320749,129.637031,122.365910,7.271122,8.815248,0.028859
128.202191,120.887589,7.314602,129.625613,122.369765,7.255848,8.975247,0.029189
128.255213,120.936737,7.318476,129.897277,122.646958,7.250319,7.906080,0.034751
128.128336,120.808524,7.319812,129.456251,122.195445,7.260806,8.134658,0.030265
128.195544,120.891890,7.303654,129.763308,122.499055,7.264252,7.825431,0.033948
128.145394,120.856737,7.288657,129.464187,122.210559,7.253628,8.089451,0.030503
128.146985,120.833537,7.313448,129.420981,122.152667,7.268313,8.588287,0.032089
128.113919,120.803020,7.310899,129.551377,122.303990,7.247388,8.734002,0.034288
128.093589,120.793130,7.300459,129.678357,122.421624,7.256734,8.246994,0.033637
128.207017,120.901212,7.305805,129.240728,121.974193,7.266535,8.237579,0.033335
128.073352,120.767852,7.305500,129.861168,122.587565,7.273603,10.118711,0.029884
128.157452,120.849488,7.307963,129.476119,122.228392,7.247728,9.534999,0.033029
128.066990,120.751189,7.315801,129.770428,122.506983,7.263445,9.433170,0.030495
128.113465,120.790779,7.322686,129.504820,122.230136,7.274684,7.892052,0.030313
128.081734,120.757404,7.324330,129.560720,122.282383,7.278336,9.070264,0.037301
127.997525,120.698912,7.298613,129.472924,122.216778,7.256146,8.793003,0.028016
128.008000,120.681313,7.326687,129.148320,121.848273,7.300048,7.310964,0.036800
127.860866,120.529479,7.331387,129.405748,122.130363,7.275385,7.262511,0.035644
127.951959,120.633685,7.318274,129.452853,122.174702,7.278151,9.610680,0.028195
127.910997,120.582461,7.328536,129.313544,122.029141,7.284403,10.206400,0.027461
127.840914,120.524874,7.316040,129.263335,122.003932,7.259403,8.835584,0.030287
127.916586,120.596137,7.320449,129.461056,122.183639,7.277417,7.991343,0.030646
127.719711,120.377263,7.342448,129.430069,122.145622,7.284447,8.854592,0.032889
127.745741,120.428517,7.317225,129.459304,122.226709,7.232594,8.985405,0.030359
127.901567,120.594742,7.306825,129.258140,121.992443,7.265698,7.853651,0.034468
127.823487,120.497509,7.325977,129.257538,121.983675,7.273863,7.738847,0.036455
127.770787,120.439955,7.330832,129.341955,122.070834,7.271122,9.175311,0.031484
127.706438,120.368996,7.337442,129.561947,122.305691,7.256257,8.160667,0.039372
127.748768,120.435474,7.313295,129.616520,122.353914,7.262606,7.854659,0.034401
127.691342,120.361522,7.329820,129.277694,121.991538,7.286156,9.427695,0.029883
127.696807,120.370932,7.325875,129.628297,122.369267,7.259030,8.867588,0.028803
127.732340,120.407651,7.324689,129.349464,122.050345,7.299119,8.767392,0.031806
127.694180,120.348613,7.345568,129.048277,121.753929,7.294348,9.072667,0.026600
127.742736,120.409103,7.333633,129.220121,121.940361,7.279760,10.640771,0.027379
127.634582,120.306340,7.328241,129.049980,121.773688,7.276292,8.724929,0.033056
127.681292,120.334299,7.346993,129.426706,122.135212,7.291494,8.316883,0.034059
127.650247,120.319029,7.331218,129.279038,122.019700,7.259339,7.660306,0.042504
127.786302,120.457044,7.329258,129.430666,122.150945,7.279722,8.697201,0.032004
127.695918,120.369740,7.326178,129.346983,122.071393,7.275590,8.246787,0.029439
