199.185772,194.295372,4.890400,172.948045,161.943322,11.004722,2.719981,0.019335
162.977849,148.738406,14.239442,152.621849,135.171239,17.450612,2.388145,0.029497
148.145580,129.671288,18.474292,142.794458,122.836473,19.957986,2.579454,0.029491
140.530353,119.716940,20.813414,137.035199,115.361606,21.673593,2.414190,0.030914
135.671405,113.233569,22.437836,132.866945,109.926707,22.940238,2.556976,0.031414
132.203062,108.498409,23.704652,129.880865,105.734655,24.146209,2.727529,0.030935
129.794662,105.319385,24.475278,127.877174,103.284200,24.592975,2.538428,0.033957
127.880567,102.850716,25.029851,126.101721,101.010470,25.091250,2.692808,0.032775
126.303699,100.828140,25.475559,124.848525,99.186378,25.662147,2.669294,0.032590
125.103352,99.317021,25.786332,123.803783,98.079335,25.724448,2.638435,0.033403
123.965401,97.939740,26.025661,123.050841,97.010267,26.040574,2.824093,0.030366
123.104361,96.841847,26.262514,121.816006,95.720930,26.095076,2.709865,0.032505
122.226079,95.843945,26.382134,121.441757,95.025583,26.416174,2.781073,0.031845
121.469304,94.888847,26.580457,120.722738,94.136763,26.585974,2.938766,0.030560
120.855772,94.196871,26.658901,120.258666,93.518546,26.740120,2.789567,0.031953
120.250602,93.551509,26.699092,120.052817,93.328094,26.724723,2.677442,0.033076
119.715753,93.027277,26.688476,119.495000,92.726342,26.768658,2.734507,0.032447
119.269069,92.458038,26.811031,118.681170,91.931243,26.749928,2.832886,0.031592
118.708479,91.964748,26.743731,118.433918,91.672726,26.761191,2.709651,0.032398
118.280191,91.521001,26.759190,118.139552,91.530196,26.609356,2.806253,0.030918
117.885649,91.157821,26.727827,117.617459,90.886013,26.731447,2.810739,0.031626
117.430565,90.721743,26.708822,117.127712,90.589154,26.538557,2.747957,0.033639
117.069197,90.374553,26.694643,116.946460,90.444610,26.501850,2.918007,0.031429
116.707403,90.016703,26.690699,116.548039,89.970561,26.577478,2.753753,0.032485
116.361933,89.718008,26.643925,116.111065,89.644512,26.466553,2.927685,0.031575
116.131583,89.440750,26.690832,116.107298,89.449319,26.657980,2.940042,0.029897
115.689742,89.082732,26.607010,115.487502,89.071360,26.416142,2.986360,0.030486
115.348212,88.810266,26.537946,115.242337,89.069137,26.173200,2.894232,0.031711
115.096529,88.600812,26.495717,115.060157,88.829599,26.230557,2.946331,0.031024
114.720815,88.293457,26.427358,114.974273,88.731258,26.243014,2.797122,0.031614
114.506743,88.140619,26.366124,114.291098,88.070778,26.220320,2.820319,0.031830
114.178976,87.770511,26.408465,114.313153,88.027991,26.285162,2.927530,0.029183
113.919073,87.586296,26.332777,113.892033,87.721792,26.170240,2.847632,0.032551
113.622479,87.322740,26.299739,113.548316,87.364818,26.183497,2.941352,0.029406
113.410691,87.123741,26.286951,113.939661,87.758087,26.181573,2.776973,0.031525
113.157903,86.894342,26.263561,113.648201,87.495385,26.152817,2.900915,0.030116
112.914476,86.703199,26.211277,113.106345,86.985370,26.120975,2.821805,0.030310
112.536349,86.435231,26.101118,112.940888,87.219815,25.721073,2.934005,0.029780
112.350206,86.282685,26.067522,112.766276,86.861185,25.905091,2.909253,0.029557
112.173966,86.172303,26.001663,112.719008,86.787894,25.931114,2.826480,0.029390
111.940477,85.967226,25.973251,112.467227,86.696878,25.770348,2.988513,0.028845
111.742857,85.853879,25.888978,112.343231,86.726861,25.616369,2.832547,0.030856
111.496011,85.649820,25.846191,112.026699,86.245931,25.780768,2.854827,0.030187
111.279800,85.462594,25.817206,111.576543,86.064044,25.512499,3.035185,0.029003
111.158278,85.368442,25.789836,111.386749,85.856309,25.530440,3.041564,0.028102
110.924533,85.191492,25.733042,111.481173,85.771556,25.709617,2.820493,0.030749
110.720894,85.011902,25.708992,111.270868,85.864836,25.406032,3.016836,0.030701
110.565358,84.914927,25.650431,111.009142,85.648060,25.361082,2.912458,0.029068
110.309369,84.756069,25.553301,110.805847,85.492345,25.313502,2.891246,0.030915
110.161027,84.603623,25.557403,110.657670,85.280173,25.377497,2.844421,0.029462
109.982363,84.502459,25.479904,110.519359,85.269609,25.249749,3.080259,0.026254
109.832856,84.347605,25.485251,110.572072,85.281005,25.291067,2.908630,0.030128
109.661202,84.191720,25.469482,110.344429,84.967324,25.377106,3.035377,0.026790
109.497152,84.068274,25.428879,110.228301,85.098727,25.129574,2.839410,0.029894
109.360100,83.981820,25.378280,110.031538,84.856703,25.174835,3.103654,0.027138
109.160250,83.846860,25.313390,109.590845,84.578790,25.012055,3.081389,0.029574
108.987819,83.674998,25.312822,109.650878,84.594451,25.056427,2.990898,0.028900
108.874020,83.620099,25.253921,109.720225,84.609910,25.110315,3.007528,0.028056
108.710169,83.468915,25.241253,109.484707,84.371535,25.113172,2.878475,0.029190
108.562047,83.358354,25.203693,109.474887,84.315915,25.158972,2.864809,0.029375
108.393030,83.254725,25.138305,108.867676,84.034715,24.832960,3.144120,0.026064
108.149280,83.078738,25.070542,108.847785,84.061845,24.785940,3.029196,0.028331
108.111803,83.044428,25.067374,108.958417,83.975920,24.982497,2.973051,0.028005
108.017630,82.953259,25.064371,108.982310,83.802619,25.179692,3.014347,0.028177
107.756098,82.697345,25.058754,108.876577,83.936190,24.940388,2.907160,0.029983
107.665141,82.677634,24.987507,108.689847,83.849668,24.840179,2.893142,0.028280
107.505325,82.486486,25.018839,108.227836,83.444625,24.783212,2.924201,0.025860
107.310667,82.342679,24.967988,108.078575,83.377121,24.701454,3.112681,0.026227
107.198174,82.342697,24.855478,107.800320,83.173654,24.626666,3.018657,0.029605
107.075422,82.168836,24.906586,108.391416,83.620396,24.771020,2.782668,0.028526
106.951296,82.086840,24.864456,107.573927,83.062903,24.511025,3.129596,0.026180
106.863969,81.989118,24.874851,107.757234,82.974436,24.782799,3.073351,0.026839
106.730886,81.907999,24.822888,107.582550,82.976220,24.606331,3.097651,0.027558
106.548400,81.791216,24.757184,107.549408,83.056983,24.492426,2.974070,0.027341
106.462395,81.704769,24.757627,107.355794,82.582713,24.773081,2.958494,0.028015
106.347617,81.517104,24.830512,107.284443,82.799271,24.485172,3.122948,0.025784
106.235303,81.455613,24.779690,107.194698,82.619465,24.575233,2.800652,0.028043
106.109894,81.289919,24.819974,107.219088,82.702003,24.517085,2.950895,0.026185
105.955968,81.263967,24.692002,107.039870,82.483367,24.556503,3.056580,0.027016
105.819624,81.172326,24.647298,106.915584,82.330494,24.585090,3.102856,0.026499
105.782585,81.078667,24.703919,106.858608,82.393633,24.464975,2.975138,0.028590
105.603726,80.992177,24.611550,106.522566,82.150179,24.372387,2.993558,0.025996
105.464522,80.856380,24.608142,106.708446,82.274394,24.434052,3.075291,0.024892
105.393945,80.799269,24.594677,106.380088,82.080642,24.299445,3.007549,0.027464
105.327404,80.725842,24.601563,106.567706,82.172275,24.395432,2.895392,0.025958
105.130500,80.583296,24.547204,106.076848,81.800418,24.276430,3.194053,0.024315
105.068512,80.560306,24.508205,106.199182,81.916909,24.282273,3.101678,0.026380
105.091938,80.560389,24.531549,106.060704,81.654005,24.406698,2.883789,0.027129
104.927326,80.390196,24.537130,106.293426,81.744295,24.549131,2.908563,0.026212
104.824840,80.330421,24.494418,105.853863,81.529783,24.324081,2.931441,0.026305
104.682595,80.257591,24.425004,105.893843,81.499416,24.394426,3.007471,0.025122
104.708565,80.230277,24.478288,106.171566,81.800622,24.370944,2.769961,0.028919
104.507497,80.094626,24.412871,105.509553,81.269660,24.239893,3.058005,0.026225
104.453115,80.065615,24.387500,105.489208,81.207311,24.281897,3.043699,0.024268
104.356449,80.000765,24.355684,105.631497,81.385583,24.245914,3.176091,0.026289
104.231246,79.867779,24.363468,105.583080,81.275003,24.308077,2.899861,0.027668
104.188697,79.868395,24.320302,105.406355,81.191052,24.215304,3.006232,0.027981
104.120529,79.776416,24.344113,104.941065,80.905138,24.035926,3.155068,0.025428
104.000418,79.673821,24.326597,105.275787,81.289016,23.986771,3.177528,0.025112
103.895674,79.614919,24.280755,105.476164,81.143299,24.332865,2.996065,0.027256
103.878628,79.547882,24.330746,105.326506,81.080520,24.245987,2.968066,0.026025
103.831403,79.582685,24.248718,105.131435,81.026663,24.104773,3.100008,0.025891
103.766412,79.461931,24.304481,104.900851,80.828154,24.072697,2.978651,0.025858
103.635027,79.363116,24.271912,105.048625,81.030652,24.017973,3.229019,0.025375
103.611237,79.388045,24.223192,104.832450,80.671656,24.160794,3.072248,0.025959
103.568053,79.315823,24.252230,104.975388,80.863075,24.112314,3.028909,0.026205
103.488808,79.225563,24.263245,104.949121,80.617132,24.331989,3.176060,0.023768
103.488511,79.164900,24.323611,104.727028,80.358985,24.368043,3.095069,0.025338
103.316570,79.024382,24.292188,104.816129,80.559828,24.256300,3.095032,0.026185
103.293835,79.053068,24.240767,104.423927,80.279426,24.144500,3.338746,0.025452
103.233430,78.986707,24.246723,104.543590,80.490836,24.052753,3.143955,0.025611
103.217694,78.965988,24.251706,104.642225,80.410074,24.232151,2.973433,0.026456
103.127744,78.870470,24.257274,104.756651,80.546967,24.209684,3.070650,0.025115
103.116499,78.854336,24.262163,104.557026,80.459508,24.097518,3.249864,0.023337
103.065267,78.837564,24.227703,104.449120,80.279076,24.170044,3.212169,0.024385
103.011292,78.756300,24.254992,104.389570,80.307990,24.081580,3.237559,0.025233
103.015404,78.794106,24.221298,104.245172,79.966491,24.278681,3.090949,0.024124
102.870841,78.620070,24.250771,104.584962,80.463291,24.121670,3.126250,0.025638
102.878061,78.620266,24.257795,104.612365,80.333611,24.278754,2.899871,0.027800
102.848484,78.595217,24.253267,104.176121,80.238970,23.937151,3.212059,0.024783
102.747814,78.498124,24.249690,104.245898,80.169261,24.076638,2.962222,0.026322
102.667590,78.500663,24.166927,104.437135,80.324459,24.112676,2.946541,0.026190
102.755413,78.547652,24.207760,104.001792,80.008264,23.993528,3.016129,0.025257
102.673664,78.473801,24.199863,104.016754,80.130775,23.885978,2.940254,0.027267
102.605024,78.399928,24.205096,104.016427,79.937996,24.078430,3.097899,0.025191
102.513316,78.323591,24.189725,104.235512,80.277480,23.958032,2.978778,0.026375
102.540172,78.368339,24.171833,104.059447,80.065351,23.994096,3.121394,0.024347
102.485392,78.318387,24.167005,103.880961,79.916453,23.964508,3.117399,0.023865
102.454551,78.261892,24.192659,103.960056,80.106816,23.853240,2.980098,0.026362
102.428076,78.279394,24.148682,103.920175,79.845029,24.075146,3.105421,0.025309
102.339323,78.189701,24.149623,103.876662,79.765773,24.110889,3.098645,0.023918
102.310897,78.123409,24.187488,103.778960,79.762606,24.016354,3.379344,0.022517
102.352084,78.148477,24.203607,103.860813,79.657302,24.203511,2.949334,0.026366
102.272985,78.065749,24.207237,103.573943,79.438541,24.135403,3.221869,0.022552
102.197069,78.021486,24.175583,103.954159,79.862657,24.091502,2.988013,0.026935
102.165934,77.971695,24.194239,103.744589,79.482847,24.261741,3.155852,0.023034
102.218405,77.972922,24.245484,103.771647,79.840381,23.931266,3.012671,0.028137
102.150534,77.875538,24.274996,103.395112,79.395712,23.999400,3.140552,0.028450
102.166100,77.919871,24.246229,103.768810,79.526954,24.241856,3.192043,0.024245
102.119377,77.870361,24.249015,103.719289,79.571495,24.147794,3.073027,0.024484
102.016294,77.754794,24.261500,103.644724,79.408954,24.235770,3.165029,0.024924
102.012757,77.715444,24.297313,103.553004,79.366211,24.186793,3.170742,0.023762
102.043107,77.760324,24.282783,103.572716,79.389254,24.183462,3.157401,0.025078
102.019745,77.788088,24.231657,103.452581,79.530966,23.921615,3.069656,0.024937
102.044273,77.708126,24.336147,103.551806,79.431916,24.119891,3.208191,0.025283
102.003784,77.618240,24.385544,104.079881,79.547747,24.532134,2.895998,0.025747
102.069752,77.520618,24.549134,103.633012,79.396230,24.236782,3.048039,0.026321
102.016548,77.580003,24.436545,103.787643,79.373223,24.414420,2.929151,0.024610
101.875268,77.487995,24.387274,103.544540,79.346986,24.197554,3.073019,0.023588
101.859847,77.496708,24.363139,103.464053,79.233881,24.230172,3.146096,0.025668
101.910506,77.531434,24.379073,103.708093,79.238964,24.469129,2.943182,0.026195
101.989967,77.558335,24.431632,103.504936,79.149370,24.355566,3.041865,0.024739
101.955498,77.516859,24.438640,103.631445,79.363782,24.267664,2.852088,0.027936
101.864627,77.438268,24.426359,103.561816,79.250855,24.310961,2.845950,0.025301
101.865391,77.450124,24.415268,103.300160,79.229734,24.070426,2.976009,0.024883
101.828103,77.427213,24.400891,103.440550,79.422592,24.017958,3.170604,0.025599
101.833443,77.428298,24.405144,103.654561,79.214049,24.440512,3.026061,0.026493
101.809307,77.419623,24.389685,103.513321,79.370625,24.142696,2.878454,0.028706
101.814986,77.429142,24.385844,103.675323,79.416410,24.258913,3.254485,0.023940
101.771132,77.374625,24.396507,103.428703,79.300262,24.128441,3.289038,0.023318
