202.962247,200.237176,2.725071,185.491703,181.384128,4.107575,4.320604,0.006469
168.740407,160.867308,7.873099,156.907612,147.038854,9.868757,3.273870,0.011599
150.637383,139.818379,10.819004,145.617423,134.295516,11.321908,3.555943,0.013423
143.247677,131.599348,11.648329,140.130826,128.146922,11.983904,3.968909,0.013428
138.456794,126.089224,12.367569,135.146230,122.383894,12.762336,3.967552,0.012898
134.331934,121.251519,13.080415,131.956973,118.636905,13.320067,3.838967,0.013721
131.238959,117.780003,13.458956,129.265475,115.512798,13.752677,4.010958,0.014126
128.638691,114.803792,13.834899,127.423534,113.550449,13.873085,3.942352,0.015381
126.407630,112.296541,14.111089,125.216617,110.852516,14.364101,3.906319,0.014839
124.731898,110.387113,14.344785,123.213820,108.845894,14.367926,3.866117,0.015317
123.148219,108.638587,14.509632,121.900955,107.280155,14.620800,3.917243,0.015286
121.806895,107.147848,14.659047,120.516072,105.814601,14.701471,3.936944,0.014494
120.603318,105.876421,14.726898,119.548588,104.814586,14.734003,3.908569,0.015658
119.620536,104.865639,14.754897,118.768965,104.045132,14.723834,4.049465,0.015149
118.723202,103.885385,14.837818,117.714434,102.833613,14.880821,4.100223,0.015105
117.751522,102.857912,14.893610,116.971774,102.056226,14.915547,3.988955,0.015170
116.930053,102.024665,14.905388,116.694664,101.772797,14.921866,3.962589,0.015939
116.217617,101.228183,14.989435,115.789873,100.858933,14.930940,4.188292,0.014902
115.585928,100.527552,15.058375,114.813773,99.823112,14.990660,4.080597,0.015419
114.883588,99.851051,15.032537,114.350196,99.391340,14.958856,4.061337,0.015008
114.242357,99.217336,15.025021,114.176850,99.226781,14.950069,4.024290,0.016131
113.775327,98.724593,15.050734,113.483089,98.384952,15.098136,4.089947,0.014520
113.243925,98.168438,15.075487,112.894653,97.762487,15.132166,4.069586,0.015184
112.722905,97.600373,15.122531,112.459675,97.361529,15.098146,4.215814,0.014967
112.255827,97.151399,15.104428,112.194528,96.916840,15.277689,4.102762,0.014530
111.813917,96.650660,15.163257,111.802669,96.730905,15.071764,4.031269,0.014740
111.354882,96.164708,15.190175,111.541235,96.353080,15.188155,4.180775,0.015259
110.957992,95.790744,15.167248,110.740833,95.598830,15.142003,4.127853,0.014318
110.592982,95.396445,15.196538,110.521469,95.376426,15.145043,4.142893,0.013561
110.212929,95.048834,15.164095,110.216558,95.139284,15.077275,4.062610,0.014181
109.812231,94.622109,15.190122,109.983764,94.816200,15.167565,4.257552,0.014348
109.499357,94.299848,15.199509,109.734511,94.496352,15.238159,3.986193,0.015615
109.168911,93.922740,15.246171,109.113133,93.908976,15.204157,4.018974,0.015035
108.855068,93.616641,15.238427,109.213257,93.961659,15.251598,4.143184,0.014158
108.476363,93.213730,15.262633,108.739672,93.520653,15.219019,4.135736,0.014350
108.261522,92.988183,15.273339,108.159437,92.976628,15.182808,4.199217,0.014304
107.901491,92.600905,15.300586,108.165277,92.917366,15.247911,4.128064,0.013702
107.679702,92.414328,15.265374,107.914829,92.655635,15.259194,4.070312,0.014758
107.486070,92.219455,15.266615,107.938719,92.666863,15.271856,3.956259,0.014658
107.173818,91.858689,15.315129,107.580644,92.235293,15.345351,4.068860,0.013814
107.023877,91.691878,15.331998,107.282266,91.920248,15.362018,4.194239,0.013681
106.735297,91.365742,15.369554,107.486833,92.116125,15.370708,4.097966,0.014008
106.515571,91.161189,15.354382,107.161965,91.741403,15.420562,4.199397,0.013436
106.351378,90.965873,15.385505,106.682849,91.330196,15.352654,4.099748,0.013087
106.212099,90.831250,15.380849,106.559853,91.191201,15.368653,4.228435,0.014106
106.060531,90.664751,15.395779,106.706792,91.316027,15.390765,4.205315,0.014240
105.765216,90.389243,15.375974,106.483977,91.138942,15.345036,4.282757,0.013370
105.654096,90.267802,15.386294,106.068952,90.713723,15.355229,4.221955,0.014090
105.495752,90.079539,15.416213,106.257840,90.868929,15.388912,4.250171,0.013639
105.373959,89.928658,15.445301,106.243448,90.842244,15.401204,4.030162,0.014427
105.231971,89.764350,15.467621,105.982147,90.538302,15.443845,4.188644,0.013196
105.083411,89.581071,15.502340,105.910500,90.390592,15.519909,4.187773,0.013650
104.909365,89.387679,15.521686,105.813704,90.348183,15.465521,4.039139,0.014670
104.770221,89.225023,15.545198,105.488671,90.019487,15.469185,4.179199,0.013669
104.647533,89.105093,15.542440,105.350683,89.826169,15.524514,4.238358,0.014467
104.605434,89.022737,15.582697,105.414974,89.846928,15.568047,4.193858,0.013551
104.369686,88.727431,15.642255,105.504568,89.889077,15.615492,4.196974,0.013866
104.206070,88.585970,15.620100,105.219487,89.694025,15.525462,4.085268,0.014695
104.189091,88.538153,15.650939,105.019606,89.377439,15.642167,4.271832,0.012491
104.052770,88.431413,15.621358,104.975365,89.405135,15.570229,4.274736,0.013610
103.943766,88.293022,15.650743,105.017783,89.456359,15.561424,4.183950,0.013462
103.718032,88.036580,15.681452,104.676376,89.077096,15.599280,4.178393,0.013695
103.721177,88.035379,15.685799,104.722519,89.078256,15.644263,4.052056,0.013805
103.597367,87.891969,15.705397,104.536386,88.926911,15.609475,4.056439,0.014196
103.549535,87.848364,15.701172,104.578356,88.860111,15.718246,4.128927,0.013477
103.413698,87.662328,15.751370,104.687406,88.995859,15.691547,4.135876,0.013627
103.295049,87.543769,15.751281,104.203841,88.558895,15.644946,4.261930,0.013382
103.244679,87.513350,15.731329,104.322282,88.682633,15.639649,4.221696,0.012982
103.184654,87.479739,15.704915,104.609004,88.882401,15.726603,3.956354,0.013546
103.090103,87.359207,15.730895,104.042769,88.311345,15.731423,4.205299,0.013146
103.045745,87.317065,15.728680,104.258237,88.567792,15.690445,3.962747,0.015067
102.973740,87.257863,15.715877,104.467802,88.838196,15.629606,4.217042,0.013373
102.862101,87.084861,15.777240,104.434092,88.589041,15.845051,4.065980,0.013399
102.774698,86.983274,15.791424,104.115435,88.319149,15.796286,4.084118,0.013994
102.746805,86.985589,15.761216,103.825984,88.039450,15.786535,4.076384,0.016431
102.712274,86.917602,15.794672,103.922589,88.156944,15.765645,4.141428,0.013321
102.615532,86.765185,15.850347,103.808419,88.013875,15.794544,4.053426,0.013286
102.523873,86.716652,15.807221,103.794482,87.999003,15.795480,3.972763,0.013831
102.429525,86.609296,15.820229,103.799353,88.007492,15.791861,4.263826,0.013843
102.404436,86.580533,15.823904,103.559239,87.832514,15.726725,4.040313,0.013993
102.342956,86.494362,15.848594,103.780572,87.954960,15.825612,4.110979,0.013528
102.266737,86.426937,15.839800,103.639451,87.908765,15.730685,4.219460,0.012867
102.231088,86.416853,15.814236,103.649967,87.890934,15.759033,4.301620,0.014075
102.263355,86.428160,15.835195,103.438171,87.672029,15.766143,3.937468,0.013853
102.117943,86.271540,15.846402,103.566692,87.816742,15.749950,4.287542,0.012653
102.072507,86.222289,15.850218,103.591063,87.840957,15.750105,4.262999,0.012439
102.024263,86.193091,15.831173,103.446029,87.674272,15.771757,4.144631,0.013471
102.005708,86.144590,15.861118,103.512976,87.695844,15.817133,4.022243,0.013995
101.940871,86.079736,15.861135,103.294410,87.511698,15.782713,3.978932,0.013616
101.898675,86.024083,15.874592,103.592572,87.797778,15.794794,4.319724,0.012439
101.839480,85.964983,15.874497,103.204220,87.363479,15.840741,4.038398,0.014198
101.814564,85.941118,15.873446,103.545011,87.664311,15.880700,4.216009,0.013654
101.793655,85.917464,15.876191,103.359506,87.577711,15.781795,4.220711,0.013301
101.709050,85.808359,15.900691,103.416330,87.560510,15.855820,4.174542,0.013355
101.665472,85.737943,15.927529,103.360979,87.506931,15.854047,4.102326,0.013325
101.683221,85.767544,15.915677,103.302614,87.449801,15.852814,4.004645,0.013462
101.545347,85.633886,15.911460,103.279037,87.398595,15.880442,4.117042,0.013306
101.554951,85.596640,15.958311,102.956441,86.982104,15.974337,4.167767,0.013740
101.417501,85.459070,15.958431,103.223132,87.272246,15.950886,4.054934,0.012736
101.430167,85.474491,15.955677,103.199599,87.272933,15.926666,4.138604,0.015160
101.523451,85.539521,15.983929,103.054308,87.171720,15.882589,4.092027,0.013750
101.348357,85.401486,15.946871,103.119607,87.202376,15.917231,4.311197,0.012925
101.376983,85.431438,15.945545,103.168340,87.283647,15.884693,4.084270,0.013512
101.333752,85.380241,15.953511,102.931345,86.982220,15.949125,4.104663,0.013141
101.304953,85.333802,15.971151,103.032270,87.068220,15.964050,4.233554,0.013580
101.226583,85.264337,15.962245,103.040777,87.180396,15.860381,4.094996,0.012997
101.228959,85.257759,15.971200,103.200635,87.334208,15.866427,4.303951,0.013241
101.166503,85.192909,15.973594,103.038564,87.122122,15.916443,4.156818,0.014246
101.169879,85.224668,15.945211,103.225644,87.386646,15.838997,4.290084,0.012666
101.089865,85.108279,15.981586,102.879801,86.961576,15.918225,4.293915,0.012533
101.088513,85.118165,15.970348,102.789941,86.802500,15.987441,4.174920,0.014141
101.000226,85.017373,15.982853,103.080780,87.191507,15.889273,4.306785,0.013333
101.074641,85.073298,16.001344,102.827834,86.952202,15.875632,4.063481,0.013102
100.969651,84.993737,15.975914,102.965396,87.018809,15.946587,4.227656,0.013753
100.989828,85.008405,15.981423,102.822857,86.939735,15.883122,4.114876,0.013335
100.942634,84.983157,15.959477,102.502206,86.509018,15.993189,4.245978,0.013067
100.893363,84.902330,15.991033,102.765134,86.827681,15.937452,3.978270,0.014107
100.918129,84.929962,15.988167,102.769383,86.725411,16.043971,4.209933,0.013195
100.807787,84.774595,16.033192,102.617207,86.688408,15.928798,4.004762,0.013695
100.860229,84.853989,16.006240,102.656119,86.750028,15.906092,4.277746,0.012342
100.778123,84.812115,15.966008,102.878603,87.050570,15.828033,4.277774,0.012901
100.740798,84.771247,15.969552,102.890102,87.022286,15.867815,4.245674,0.013341
100.803653,84.809155,15.994498,102.984623,87.026301,15.958322,3.988575,0.014129
100.735812,84.682632,16.053180,102.585592,86.577195,16.008397,4.073520,0.013538
100.615413,84.621921,15.993492,102.566553,86.616817,15.949737,4.156931,0.013774
100.719499,84.727400,15.992099,102.685692,86.741702,15.943990,3.902294,0.014308
100.582482,84.593465,15.989016,102.668447,86.730655,15.937791,4.172507,0.013131
100.546140,84.554207,15.991933,102.417520,86.529569,15.887950,4.082873,0.012997
100.608191,84.612208,15.995983,102.648860,86.763828,15.885032,4.130394,0.013129
100.529570,84.508236,16.021334,102.685077,86.694299,15.990778,4.274465,0.012965
100.484712,84.461650,16.023062,102.919163,86.993367,15.925796,4.335456,0.013153
100.439928,84.410596,16.029332,102.576468,86.633930,15.942538,3.984575,0.013779
100.556404,84.546961,16.009442,102.362168,86.390366,15.971802,3.958969,0.014530
100.409320,84.405763,16.003557,102.455879,86.581304,15.874575,4.206607,0.013295
100.505262,84.519650,15.985613,102.471051,86.499766,15.971285,4.128438,0.013367
100.430937,84.408773,16.022165,102.621293,86.605107,16.016186,4.056836,0.013415
100.479993,84.458796,16.021197,102.454184,86.520559,15.933625,4.201237,0.013354
100.408973,84.399689,16.009283,102.502398,86.544543,15.957856,4.351182,0.012204
100.327123,84.292803,16.034320,102.745319,86.891620,15.853699,4.420013,0.012235
100.350451,84.360796,15.989656,102.712149,86.740681,15.971468,3.966671,0.013786
100.306792,84.275772,16.031021,102.316786,86.257911,16.058875,4.177464,0.013542
100.191360,84.140640,16.050720,102.369427,86.474317,15.895110,4.163771,0.013494
100.317260,84.302129,16.015131,102.751454,86.831582,15.919872,4.169425,0.013385
100.232608,84.216544,16.016064,102.434147,86.534306,15.899841,4.265015,0.012973
100.257088,84.263848,15.993241,102.253137,86.273846,15.979291,4.318847,0.012244
100.257981,84.201436,16.056545,102.451697,86.506112,15.945584,4.254176,0.012586
100.134921,84.137897,15.997024,102.488706,86.597284,15.891421,4.280058,0.013684
100.151459,84.147376,16.004082,102.448875,86.506400,15.942475,3.857468,0.015290
100.184432,84.165703,16.018729,102.428746,86.538402,15.890344,4.239370,0.014138
100.140730,84.130499,16.010231,102.540207,86.580065,15.960142,4.206682,0.013400
100.130147,84.063939,16.066207,102.459606,86.527661,15.931945,4.169868,0.013483
100.050032,84.037763,16.012269,102.559990,86.643990,15.916000,4.089643,0.013683
100.064883,84.006063,16.058821,102.284431,86.257953,16.026477,3.929529,0.014321
100.037552,84.008752,16.028801,102.507109,86.542235,15.964874,4.127998,0.015003
100.088750,84.047557,16.041193,102.297139,86.320114,15.977025,4.130682,0.013047
100.074953,84.029359,16.045593,102.210065,86.287895,15.922170,4.151910,0.014206
100.063934,84.030426,16.033509,102.105337,86.210385,15.894953,4.239342,0.012912
100.042514,83.994197,16.048316,102.401796,86.372723,16.029073,4.075187,0.013656
99.953864,83.927613,16.026251,102.435916,86.573459,15.862457,4.393968,0.012173
100.041538,84.013483,16.028055,102.273291,86.292564,15.980726,4.321808,0.012328
