213.680739,211.329385,2.351355,191.947734,188.535961,3.411773,6.261820,0.005847
185.773701,180.974114,4.799587,176.915800,170.515869,6.399930,4.678940,0.010651
168.309892,159.879813,8.430080,160.232468,150.289839,9.942629,4.257314,0.013499
154.818491,143.666328,11.152163,149.993372,138.257288,11.736084,3.871600,0.015648
147.352898,134.995778,12.357120,143.753949,130.811296,12.942652,3.709331,0.018044
141.611887,128.144899,13.466988,139.099547,125.025606,14.073941,3.792556,0.019090
137.360512,122.949890,14.410622,135.009106,120.052899,14.956207,3.748132,0.019041
134.220051,119.008476,15.211575,131.960693,116.409319,15.551373,3.867921,0.019710
131.764508,115.956057,15.808451,129.843172,113.752151,16.091021,3.938042,0.018280
129.940810,113.735148,16.205662,128.422284,112.020852,16.401432,3.850049,0.020672
128.354701,111.857052,16.497649,126.568479,109.961495,16.606984,3.962192,0.018917
127.082265,110.312754,16.769511,125.443848,108.403658,17.040190,4.085799,0.019170
125.807712,108.770009,17.037703,124.965442,107.735740,17.229701,3.979272,0.018898
124.745274,107.503757,17.241517,123.477936,106.117254,17.360681,3.846675,0.019112
123.786830,106.359969,17.426860,122.633154,105.079681,17.553472,3.852228,0.020031
122.867479,105.240339,17.627140,121.922437,104.177190,17.745247,3.935792,0.018751
122.070350,104.306408,17.763942,121.011786,103.067846,17.943940,4.039606,0.018700
121.369341,103.447553,17.921788,120.528398,102.460576,18.067821,3.810272,0.019843
120.696561,102.687617,18.008944,119.812496,101.737583,18.074914,4.088653,0.018758
120.165921,102.044165,18.121756,119.345547,101.135052,18.210494,3.984629,0.018603
119.463100,101.212362,18.250737,118.622517,100.387560,18.234957,4.065681,0.018151
119.004097,100.715728,18.288369,118.526327,100.251007,18.275319,4.112071,0.018533
118.373177,100.015141,18.358036,117.897469,99.455356,18.442114,3.930191,0.019369
117.965258,99.520022,18.445235,117.465910,98.958779,18.507131,3.836676,0.019216
117.472582,98.886579,18.586003,116.993055,98.351786,18.641269,3.997240,0.018915
116.936833,98.352904,18.583929,116.693912,98.028072,18.665841,3.845230,0.018575
116.449440,97.781538,18.667902,115.805396,97.147826,18.657570,3.893566,0.019448
116.098025,97.362168,18.735858,115.465149,96.739810,18.725338,3.986255,0.017972
115.653381,96.886030,18.767351,115.201161,96.492438,18.708723,3.889823,0.019219
115.363450,96.525587,18.837862,115.058125,96.169429,18.888696,3.881999,0.018648
114.921026,96.026716,18.894310,114.495305,95.581428,18.913878,3.911175,0.018413
114.407831,95.464848,18.942982,114.311748,95.386286,18.925462,3.900879,0.018975
114.115029,95.195436,18.919593,113.771477,94.908796,18.862682,3.801272,0.018234
113.758784,94.820481,18.938303,113.918944,94.947654,18.971290,3.664026,0.019348
113.504510,94.549394,18.955116,113.258752,94.194217,19.064535,4.013636,0.017920
113.025840,94.017893,19.007947,112.762891,93.802151,18.960739,3.976636,0.017734
112.725498,93.678940,19.046558,112.651284,93.710146,18.941138,3.820736,0.019172
112.377235,93.294856,19.082379,112.198783,93.145331,19.053452,3.987052,0.017969
112.062063,93.033977,19.028086,111.963695,93.011644,18.952051,3.818272,0.017994
111.716122,92.639407,19.076715,111.456795,92.428870,19.027925,3.965188,0.017462
111.402031,92.308056,19.093975,111.266332,92.253301,19.013031,3.807393,0.018728
111.133613,92.034077,19.099536,110.972483,91.899356,19.073126,4.092817,0.017661
110.880869,91.756868,19.124000,110.808329,91.689944,19.118386,3.892985,0.018227
110.598214,91.492232,19.105982,110.520684,91.467826,19.052857,3.931630,0.018345
110.376496,91.279840,19.096657,110.147826,91.062465,19.085361,3.839239,0.018808
110.074760,90.929108,19.145652,109.893295,90.723341,19.169954,3.941218,0.017641
109.855135,90.688578,19.166557,109.756246,90.681976,19.074269,4.043683,0.017571
109.569700,90.433485,19.136215,109.777139,90.535230,19.241908,3.861503,0.017148
109.347261,90.158440,19.188821,109.357460,90.220017,19.137443,3.921483,0.018068
109.106132,89.945541,19.160591,109.268111,90.205790,19.062321,3.786283,0.018250
108.909904,89.708402,19.201502,108.860226,89.714888,19.145338,4.047718,0.016851
108.726810,89.523338,19.203472,108.699034,89.482714,19.216320,3.930621,0.016448
108.446072,89.204288,19.241784,108.448504,89.270137,19.178367,3.927217,0.017302
108.274759,89.026902,19.247857,108.349181,89.150321,19.198860,3.821826,0.018284
108.039198,88.817305,19.221893,108.128147,89.023651,19.104497,3.866885,0.017426
107.917444,88.696631,19.220813,107.957416,88.793129,19.164287,4.037615,0.017717
107.711330,88.465023,19.246307,108.071812,88.854757,19.217055,4.031043,0.016979
107.549627,88.251620,19.298007,107.672761,88.409606,19.263155,3.936288,0.016639
107.428907,88.113747,19.315159,107.555799,88.295727,19.260072,4.045722,0.016062
107.224792,87.903085,19.321707,107.569203,88.198200,19.371003,3.892637,0.016735
106.996126,87.671637,19.324490,107.293315,88.017543,19.275771,3.976794,0.016103
106.851697,87.508211,19.343486,107.108400,87.743268,19.365132,3.960988,0.016583
106.661514,87.325721,19.335793,107.143498,87.812373,19.331125,3.808050,0.017806
106.498955,87.139700,19.359255,106.695465,87.348948,19.346516,3.871572,0.017591
106.436636,87.100717,19.335919,106.913373,87.637388,19.275985,3.906137,0.016857
106.210350,86.871859,19.338491,106.694202,87.439523,19.254680,3.870667,0.016578
106.094535,86.706602,19.387933,106.518760,87.173040,19.345720,3.811818,0.017047
105.935634,86.535683,19.399951,106.469190,87.106539,19.362651,3.781556,0.017261
105.786558,86.398879,19.387679,106.347603,86.945348,19.402255,3.907544,0.016437
105.713942,86.268154,19.445788,106.304067,86.921384,19.382683,3.745868,0.016893
105.592497,86.102308,19.490188,106.062702,86.582951,19.479752,3.871103,0.016914
105.427274,85.913481,19.513794,106.037011,86.570452,19.466559,3.860869,0.017363
105.299853,85.817159,19.482693,105.892639,86.491457,19.401181,3.716859,0.017563
105.168315,85.668264,19.500050,105.745811,86.358881,19.386930,3.788066,0.017432
105.103294,85.606719,19.496576,105.846403,86.451334,19.395069,3.952332,0.016526
104.969597,85.435862,19.533734,105.529371,86.060095,19.469276,4.017207,0.015737
104.832313,85.322237,19.510076,105.723125,86.323526,19.399599,3.961907,0.017354
104.746864,85.228804,19.518060,105.370610,85.897124,19.473486,3.981821,0.016223
104.634245,85.075517,19.558728,105.337957,85.775853,19.562105,3.742120,0.017004
104.561884,85.017245,19.544639,105.357401,85.876008,19.481392,3.811611,0.016504
104.455454,84.912048,19.543406,105.049267,85.566331,19.482937,3.956840,0.016926
104.355668,84.799305,19.556364,104.870191,85.419647,19.450545,3.923827,0.016596
104.249567,84.694138,19.555429,105.148028,85.602708,19.545321,3.988177,0.015609
104.140970,84.579628,19.561342,104.736021,85.213549,19.522472,3.953882,0.016220
104.056887,84.478842,19.578045,104.718974,85.198952,19.520021,3.760363,0.016839
103.938272,84.343671,19.594601,104.665323,85.124894,19.540429,4.038017,0.015297
103.811434,84.200977,19.610457,104.636962,85.057640,19.579321,3.842529,0.016819
103.724754,84.109496,19.615258,104.827884,85.308640,19.519244,3.884274,0.016915
103.669706,84.062574,19.607133,104.362693,84.812834,19.549859,3.711934,0.017298
103.582956,83.954076,19.628880,104.402534,84.882673,19.519860,3.709467,0.016571
103.422377,83.801009,19.621369,104.304547,84.714001,19.590546,3.770478,0.015687
103.423960,83.767948,19.656013,104.419332,84.828579,19.590752,3.765810,0.016949
103.318248,83.644617,19.673631,104.151780,84.562423,19.589357,3.881582,0.016062
103.264252,83.596696,19.667556,104.257105,84.640034,19.617072,3.852450,0.016053
103.228153,83.504624,19.723529,104.361320,84.679403,19.681917,3.781958,0.016856
103.115566,83.397666,19.717900,104.248523,84.594430,19.654092,3.758539,0.016438
102.981515,83.285324,19.696191,103.948169,84.325539,19.622630,3.997910,0.014727
102.931372,83.256691,19.674681,103.922773,84.233195,19.689577,3.893761,0.016500
102.889300,83.135261,19.754039,104.081232,84.384774,19.696458,3.874496,0.016063
102.767891,82.993397,19.774494,103.764801,84.027920,19.736881,3.918871,0.015817
102.787221,83.042364,19.744856,103.794455,84.111952,19.682503,3.930098,0.014971
102.696790,82.952101,19.744688,103.826855,84.097022,19.729833,3.659497,0.017620
102.653179,82.861629,19.791550,103.693319,83.912228,19.781091,3.796393,0.016738
102.547307,82.726126,19.821181,103.696075,83.889019,19.807056,3.879837,0.015633
102.452668,82.610954,19.841714,103.695361,83.934880,19.760481,3.818631,0.016136
102.376962,82.561375,19.815587,103.672136,83.914625,19.757511,3.653466,0.018527
102.392721,82.562150,19.830570,103.489024,83.763774,19.725250,3.832633,0.016240
102.284675,82.450049,19.834625,103.516099,83.769677,19.746422,3.761875,0.016568
102.191003,82.375431,19.815571,103.404137,83.736706,19.667431,3.779724,0.016866
102.225720,82.371960,19.853760,103.351051,83.551087,19.799964,3.930577,0.015140
102.114523,82.259963,19.854560,103.227587,83.494694,19.732892,3.792738,0.015234
102.124989,82.301867,19.823121,103.406611,83.616971,19.789639,3.925154,0.015017
102.037248,82.194237,19.843011,103.322929,83.488933,19.833995,3.865778,0.016181
101.984463,82.142863,19.841600,103.134790,83.337463,19.797328,3.669387,0.015659
101.880690,82.020974,19.859717,103.234786,83.416201,19.818585,3.827210,0.017080
101.836063,81.978106,19.857957,103.124820,83.318382,19.806437,3.836147,0.015477
101.811571,81.936723,19.874848,103.030204,83.291941,19.738262,3.818992,0.015659
101.775063,81.875113,19.899950,103.137145,83.254410,19.882735,3.747010,0.016254
101.705435,81.818302,19.887132,102.957538,83.128179,19.829359,3.753239,0.015766
101.625568,81.713931,19.911637,103.005347,83.133909,19.871438,3.990191,0.015685
101.610855,81.696338,19.914517,102.997799,83.208524,19.789275,3.845983,0.015729
101.594053,81.691866,19.902187,102.993760,83.126094,19.867666,3.840027,0.015794
101.503280,81.587483,19.915796,102.955229,83.056637,19.898592,3.850600,0.014754
101.470047,81.573375,19.896672,102.837225,82.992842,19.844383,3.731752,0.015896
101.383671,81.486643,19.897028,102.951391,83.131617,19.819774,3.905861,0.015366
101.433525,81.548190,19.885335,102.706061,82.903015,19.803045,3.745505,0.017457
101.323949,81.433371,19.890578,102.714086,82.899891,19.814195,3.798119,0.015398
101.287314,81.404437,19.882877,102.609605,82.753342,19.856263,3.910717,0.014955
101.179404,81.257343,19.922061,102.604205,82.783527,19.820679,3.729316,0.017061
101.158388,81.254432,19.903957,102.491006,82.700499,19.790508,3.765961,0.016794
101.144972,81.239051,19.905921,102.526094,82.639069,19.887026,3.949110,0.016464
101.125534,81.232829,19.892705,102.602873,82.788667,19.814206,3.840199,0.015749
101.054343,81.156896,19.897446,102.655924,82.829621,19.826303,3.840856,0.015698
101.016563,81.135278,19.881285,102.424255,82.678328,19.745927,3.703197,0.016282
100.974915,81.053997,19.920918,102.620098,82.785941,19.834157,3.779061,0.015412
100.905244,81.007413,19.897831,102.438179,82.566656,19.871523,3.743808,0.015819
100.874646,80.952715,19.921930,102.456842,82.611442,19.845400,3.835176,0.015033
100.870771,80.914476,19.956294,102.221043,82.359363,19.861680,3.803177,0.015158
100.779059,80.832747,19.946313,102.314526,82.437683,19.876843,3.906512,0.015746
100.750468,80.811529,19.938940,102.178506,82.400846,19.777660,3.865929,0.015706
100.761582,80.839471,19.922112,102.238570,82.371704,19.866866,3.798270,0.015824
100.648030,80.730947,19.917082,102.328752,82.465994,19.862758,3.744945,0.016637
100.598640,80.650663,19.947977,102.212653,82.347140,19.865513,3.688369,0.015669
100.543468,80.585990,19.957478,102.110128,82.213737,19.896391,3.621070,0.016314
100.499402,80.576515,19.922887,102.039377,82.267534,19.771843,3.742362,0.016631
100.490827,80.573413,19.917413,102.059203,82.225637,19.833566,3.911101,0.015379
100.415018,80.502722,19.912297,102.083934,82.207015,19.876919,3.809701,0.014801
100.377057,80.484071,19.892986,102.010695,82.238097,19.772599,3.686071,0.015688
100.367077,80.476415,19.890661,101.842076,82.013171,19.828905,3.864562,0.015862
100.317048,80.431231,19.885818,102.159873,82.337436,19.822437,3.776411,0.015322
100.301347,80.399009,19.902338,101.871368,82.058134,19.813234,3.636860,0.015942
100.263069,80.387856,19.875213,101.994208,82.160695,19.833513,3.782572,0.016091
100.246606,80.359420,19.887186,102.029539,82.217110,19.812429,3.802267,0.016242
100.212460,80.298379,19.914081,101.832622,82.036166,19.796457,3.786195,0.015615
100.169871,80.259785,19.910085,101.883544,82.010502,19.873043,3.777883,0.014998
100.134736,80.231442,19.903294,101.892213,82.065779,19.826434,3.737080,0.015607
100.064243,80.124200,19.940043,101.567271,81.671796,19.895475,3.742028,0.016993
100.011565,80.065540,19.946025,101.692764,81.804072,19.888691,3.818946,0.015978
99.947534,80.020074,19.927460,101.465955,81.638323,19.827633,3.873816,0.014575
99.952831,80.030336,19.922494,101.794538,81.954554,19.839984,3.810385,0.016037
