253.456106,247.309494,6.146613,193.710198,190.849725,2.860472,6.558324,0.004724
190.127891,186.340953,3.786937,182.013120,176.565020,5.448100,4.986663,0.007457
172.761874,165.529485,7.232389,162.218314,153.108115,9.110199,4.000071,0.011511
155.474394,145.171640,10.302754,149.342435,138.126916,11.215518,3.776659,0.014535
146.463926,134.788256,11.675670,142.241970,130.075441,12.166529,3.958046,0.015319
140.186893,127.431334,12.755559,137.178769,123.786863,13.391905,3.935179,0.016655
135.726684,122.199134,13.527549,132.920095,119.002670,13.917425,3.958212,0.016514
132.207126,117.990066,14.217059,129.689316,115.127411,14.561905,4.083039,0.017178
129.596854,114.964125,14.632729,127.396659,112.608559,14.788100,4.205752,0.016719
127.435430,112.434893,15.000537,125.796512,110.598456,15.198057,3.947767,0.017917
125.618809,110.355315,15.263493,124.362127,109.000490,15.361637,4.019532,0.016980
124.100113,108.537057,15.563056,122.694508,106.905981,15.788527,4.067942,0.018064
122.768769,107.043279,15.725491,121.173430,105.369337,15.804093,4.072418,0.016776
121.473915,105.602534,15.871381,120.637826,104.645117,15.992709,4.057571,0.017403
120.451212,104.435775,16.015437,119.083103,102.948929,16.134174,4.069950,0.016097
119.411561,103.203065,16.208496,118.271872,101.930452,16.341420,4.123507,0.016566
118.480718,102.216914,16.263804,117.343962,101.160161,16.183801,4.060677,0.016379
117.618477,101.340748,16.277729,116.567947,100.297740,16.270207,3.991881,0.016837
116.819764,100.468506,16.351258,116.043821,99.562919,16.480902,4.074627,0.016770
116.179466,99.724359,16.455106,115.560181,99.143889,16.416292,4.076023,0.016228
115.440557,99.017743,16.422814,114.790574,98.360605,16.429969,4.065191,0.016154
114.802944,98.278578,16.524366,114.132939,97.603492,16.529448,4.032219,0.016093
114.139855,97.546742,16.593113,113.545074,96.932775,16.612299,3.998584,0.016336
113.624448,97.063657,16.560792,112.978072,96.444751,16.533322,3.895277,0.017389
113.066806,96.462925,16.603880,112.661985,95.983400,16.678584,3.987956,0.015889
112.477632,95.860919,16.616714,111.840827,95.174718,16.666109,3.910026,0.016907
111.962375,95.319228,16.643147,111.520256,94.839012,16.681244,3.953102,0.016634
111.355924,94.696223,16.659701,111.042903,94.474437,16.568466,4.215343,0.015462
111.055924,94.423091,16.632833,110.743266,94.063026,16.680240,3.985698,0.016476
110.546576,93.883494,16.663082,110.255556,93.674479,16.581077,4.051414,0.016278
110.032370,93.336540,16.695829,110.145326,93.456974,16.688352,4.043524,0.016470
109.629992,92.965651,16.664341,109.458842,92.857220,16.601622,4.008435,0.017091
109.282724,92.663553,16.619171,109.201679,92.625879,16.575800,4.052743,0.015597
108.939252,92.206888,16.732364,108.677393,91.955787,16.721606,3.974564,0.014957
108.544064,91.844384,16.699680,108.676189,91.942165,16.734023,4.044088,0.016247
108.172067,91.470246,16.701821,108.120641,91.408462,16.712180,4.126308,0.014865
107.924960,91.223447,16.701514,107.705371,91.019758,16.685613,4.149906,0.016469
107.580714,90.837462,16.743252,107.508053,90.856876,16.651178,4.107819,0.015092
107.284207,90.590110,16.694097,107.364426,90.700283,16.664143,3.948205,0.016356
107.065363,90.309114,16.756249,106.861514,90.188753,16.672760,4.044903,0.015529
106.777602,89.978682,16.798920,107.213199,90.398351,16.814848,4.096899,0.014971
106.533094,89.758331,16.774763,106.632872,89.813338,16.819534,4.074879,0.015650
106.322329,89.516641,16.805688,106.495985,89.757155,16.738830,4.003179,0.016553
106.069633,89.279943,16.789690,106.138016,89.333329,16.804686,4.093380,0.015948
105.865917,88.994654,16.871263,106.032238,89.196891,16.835348,3.958260,0.015617
105.699662,88.904239,16.795424,105.900158,89.058937,16.841221,4.076983,0.015253
105.457164,88.605136,16.852028,105.872554,89.070675,16.801879,4.125519,0.014799
105.272925,88.388523,16.884402,105.534230,88.630595,16.903635,4.108686,0.013974
105.164519,88.278253,16.886266,105.241009,88.347887,16.893123,3.943042,0.014992
104.943125,87.997129,16.945996,105.421261,88.542630,16.878630,3.979156,0.015960
104.781249,87.845214,16.936036,105.310937,88.351725,16.959211,4.073764,0.014838
104.610480,87.666710,16.943770,104.882627,87.933081,16.949546,4.168750,0.014888
104.413872,87.444618,16.969254,105.012590,88.118272,16.894318,3.994672,0.016060
104.296785,87.346119,16.950667,104.705839,87.800289,16.905550,4.039885,0.015508
104.106471,87.150967,16.955504,104.370181,87.483504,16.886677,4.024446,0.014884
103.948786,87.016140,16.932646,104.604072,87.679421,16.924651,4.162571,0.015102
103.761777,86.793441,16.968335,104.206394,87.202049,17.004345,4.182617,0.015063
103.637740,86.679634,16.958105,104.386602,87.552538,16.834064,4.202703,0.014134
103.491708,86.531336,16.960373,104.329841,87.332102,16.997739,4.251939,0.014695
103.398642,86.388022,17.010620,104.028144,87.049941,16.978203,4.110806,0.014925
103.234723,86.229754,17.004969,103.751999,86.735337,17.016662,4.050988,0.013876
103.165820,86.173457,16.992363,103.728646,86.673449,17.055197,4.203213,0.013661
102.992158,85.957977,17.034181,103.592659,86.575208,17.017451,3.957197,0.015347
102.828008,85.794186,17.033822,103.280208,86.317321,16.962888,4.009704,0.015686
102.740966,85.729022,17.011944,103.451033,86.473753,16.977281,4.120229,0.014437
102.632375,85.575563,17.056812,103.375043,86.236499,17.138544,4.003954,0.014599
102.355866,85.291843,17.064023,103.219600,86.262512,16.957087,3.905334,0.015532
102.445557,85.392453,17.053104,103.164300,86.058797,17.105502,4.051606,0.014265
102.217056,85.149362,17.067694,103.220463,86.180010,17.040454,4.022966,0.014808
102.165928,85.118889,17.047039,102.963862,85.957816,17.006047,3.946609,0.014020
102.038273,84.951167,17.087106,102.911559,85.877412,17.034147,3.995087,0.015359
101.956072,84.905006,17.051065,102.896595,85.793936,17.102659,4.111206,0.014511
101.910279,84.821375,17.088904,103.085146,85.923701,17.161445,3.813115,0.015815
101.742778,84.629961,17.112817,102.583696,85.540516,17.043180,4.341665,0.014475
101.691702,84.581197,17.110506,102.760366,85.675663,17.084704,4.056460,0.014470
101.656885,84.541218,17.115667,102.625945,85.544764,17.081181,4.051874,0.014576
101.470063,84.380558,17.089505,102.759302,85.677538,17.081764,4.194489,0.013912
101.485166,84.396398,17.088767,102.384600,85.209583,17.175018,4.009058,0.014615
101.388145,84.199986,17.188159,102.415620,85.253285,17.162335,3.933954,0.014732
101.212872,84.042522,17.170350,102.325325,85.229227,17.096098,4.011395,0.014679
101.187137,83.986566,17.200571,102.282720,85.158454,17.124267,4.182666,0.014187
101.118824,83.913697,17.205127,102.162455,84.950857,17.211598,4.178802,0.015113
100.993947,83.823990,17.169958,102.173352,85.064858,17.108495,4.136013,0.013985
100.911340,83.765288,17.146053,102.084433,84.940809,17.143624,4.053636,0.014389
100.876342,83.697523,17.178820,102.014298,84.840031,17.174267,4.013953,0.014316
100.897433,83.681905,17.215529,101.987801,84.794038,17.193763,4.265948,0.013574
100.763628,83.581675,17.181952,101.893487,84.688794,17.204693,3.991113,0.014824
100.710026,83.493183,17.216843,102.115871,84.978498,17.137374,4.025059,0.014513
100.635918,83.427138,17.208780,102.023852,84.847858,17.175995,4.272186,0.014476
100.600333,83.363900,17.236432,101.946910,84.815827,17.131082,3.965886,0.014568
100.552376,83.326543,17.225833,101.986765,84.731337,17.255428,4.133955,0.013234
100.393693,83.127688,17.266005,101.723204,84.465648,17.257556,4.126510,0.013594
100.399449,83.151698,17.247751,101.794326,84.521314,17.273012,3.946864,0.015531
100.376871,83.064813,17.312058,101.660908,84.410230,17.250678,4.092842,0.014002
100.301514,83.008338,17.293175,101.743979,84.540391,17.203588,4.003314,0.016070
100.248438,82.946095,17.302343,101.605157,84.373635,17.231522,3.954842,0.014526
100.186466,82.863700,17.322766,101.599147,84.332132,17.267014,4.150613,0.013801
100.150607,82.827324,17.323283,101.593199,84.314062,17.279137,3.906604,0.016079
100.134157,82.801716,17.332442,101.410154,84.074948,17.335206,3.969270,0.014194
100.021680,82.686968,17.334712,101.618401,84.340816,17.277585,3.988654,0.015052
100.049863,82.747112,17.302752,101.403787,84.101345,17.302442,4.074084,0.013460
99.947722,82.576866,17.370856,101.447562,84.066820,17.380742,4.040663,0.015686
99.861501,82.457112,17.404389,101.444588,84.118389,17.326200,3.872826,0.015614
99.871120,82.505667,17.365454,101.236607,83.904179,17.332428,4.265325,0.013579
99.792938,82.382319,17.410619,101.287635,83.997305,17.290329,4.232982,0.013403
99.725593,82.344924,17.380669,101.390104,83.987688,17.402416,4.015844,0.015496
99.697937,82.349801,17.348137,101.190495,83.906406,17.284088,4.107424,0.014711
99.719415,82.366149,17.353267,101.205247,83.813564,17.391683,3.975767,0.014611
99.656886,82.257418,17.399468,101.114743,83.772250,17.342494,4.109766,0.013773
99.645616,82.252475,17.393141,101.228310,83.834098,17.394211,4.113877,0.013782
99.576189,82.176938,17.399252,101.201696,83.845890,17.355807,4.087224,0.013828
99.547875,82.149723,17.398152,101.052160,83.661784,17.390376,4.111465,0.013374
99.502963,82.080594,17.422369,101.104753,83.725921,17.378832,4.078886,0.014359
99.440546,82.060234,17.380312,100.925680,83.616651,17.309029,4.050067,0.013670
99.430367,82.047319,17.383047,101.155539,83.780437,17.375101,3.920436,0.014508
99.416697,82.011359,17.405337,101.276502,83.917957,17.358545,4.011989,0.014070
99.420412,82.005698,17.414714,101.010987,83.665981,17.345006,4.137286,0.013419
99.346586,81.948233,17.398353,101.027946,83.665623,17.362323,3.861030,0.014522
99.294991,81.855545,17.439445,101.292782,83.945612,17.347169,3.982566,0.014581
99.325001,81.920577,17.404424,100.884973,83.498881,17.386092,4.101383,0.015041
99.263544,81.819472,17.444072,101.026703,83.611409,17.415293,4.028535,0.015393
99.229868,81.747953,17.481915,101.001681,83.646273,17.355408,4.131481,0.013739
99.202084,81.727787,17.474297,100.937482,83.460525,17.476957,4.016177,0.013870
99.141676,81.641889,17.499787,101.106001,83.678718,17.427283,3.970492,0.014636
99.098202,81.621155,17.477046,100.969630,83.594234,17.375397,4.185818,0.013914
99.050612,81.563987,17.486625,100.800962,83.366202,17.434759,4.033243,0.015416
99.010290,81.542008,17.468282,100.770224,83.420699,17.349525,3.920034,0.014709
99.034783,81.559712,17.475071,100.818921,83.351634,17.467286,4.147141,0.013746
98.941977,81.444158,17.497819,100.816917,83.387395,17.429522,4.069148,0.014814
99.001771,81.521001,17.480770,100.662023,83.163388,17.498634,3.963217,0.014176
98.986025,81.472881,17.513144,100.893719,83.434732,17.458987,3.957412,0.014980
98.898882,81.372661,17.526221,100.741800,83.302247,17.439552,4.144195,0.013324
98.912381,81.355973,17.556408,100.878743,83.325633,17.553110,4.160275,0.013773
98.847093,81.337144,17.509949,100.790408,83.365141,17.425268,4.053565,0.014226
98.824962,81.277244,17.547718,100.999636,83.517386,17.482250,4.102265,0.013753
98.787296,81.224749,17.562547,100.759303,83.314627,17.444676,4.142962,0.014526
98.777768,81.247205,17.530563,100.707836,83.190001,17.517836,4.110282,0.014246
98.729910,81.177922,17.551988,100.587835,83.128337,17.459498,4.270137,0.013692
98.777969,81.179505,17.598464,100.783022,83.171105,17.611917,3.975112,0.014325
98.703920,81.137862,17.566058,100.747625,83.317318,17.430307,4.116393,0.014606
98.678112,81.126179,17.551932,100.813618,83.247881,17.565738,3.941295,0.014443
98.709494,81.148001,17.561493,100.707730,83.167609,17.540121,4.082780,0.013992
98.636907,81.064607,17.572300,100.676001,83.164050,17.511951,4.104602,0.013826
98.684839,81.115720,17.569119,100.506293,82.938142,17.568150,4.034196,0.015337
98.609006,81.030724,17.578283,100.615666,83.049256,17.566410,4.059885,0.014167
98.573216,80.989738,17.583478,100.843685,83.304753,17.538932,4.133530,0.014250
98.499237,80.910304,17.588933,100.799214,83.262508,17.536706,4.200135,0.013192
98.465719,80.827760,17.637960,100.654096,83.139864,17.514231,4.030246,0.013918
98.481222,80.856820,17.624402,100.581081,83.048472,17.532608,4.095369,0.014309
98.475490,80.878127,17.597363,100.366816,82.833182,17.533633,4.041585,0.013955
98.505561,80.893887,17.611673,100.503537,82.919161,17.584377,4.059431,0.014424
98.538305,80.892134,17.646171,100.487152,82.939492,17.547659,4.086718,0.014503
98.396179,80.737427,17.658752,100.393658,82.876046,17.517612,4.107739,0.014860
98.384152,80.757664,17.626488,100.713207,83.146020,17.567187,4.033573,0.014260
98.379609,80.735988,17.643622,100.454079,82.949996,17.504084,4.171587,0.014151
98.362866,80.709283,17.653583,100.483416,82.851915,17.631501,4.263221,0.013199
98.269839,80.610827,17.659013,100.425946,82.783110,17.642836,3.886034,0.015337
98.306325,80.625830,17.680496,100.558458,82.988171,17.570286,4.127736,0.015065
98.302378,80.606246,17.696132,100.451063,82.779915,17.671149,3.992182,0.013527
98.231792,80.581693,17.650099,100.519874,82.816413,17.703461,4.009277,0.013312
