237.316498,234.896650,2.419848,191.820101,188.507437,3.312664,5.077495,0.007748
179.612907,173.264036,6.348871,164.650493,155.251135,9.399359,3.518495,0.015802
155.185521,143.868062,11.317459,148.639464,136.270506,12.368957,2.987576,0.022148
143.318193,129.773863,13.544330,138.148823,123.620883,14.527940,3.394371,0.019416
136.114649,120.734826,15.379822,132.589672,116.565829,16.023843,3.378004,0.020311
131.282361,114.827675,16.454686,128.473780,111.497219,16.976562,3.245413,0.020935
127.920712,110.589544,17.331167,125.610606,107.935860,17.674747,3.381202,0.021073
125.291502,107.434909,17.856592,123.519492,105.390898,18.128595,3.276588,0.020857
123.282046,105.001188,18.280858,121.877960,103.333750,18.544210,3.183508,0.021166
121.596839,102.950692,18.646147,120.609667,101.693843,18.915823,3.225212,0.021490
120.059870,101.033551,19.026319,118.705397,99.458836,19.246560,3.325179,0.020471
118.746143,99.398376,19.347767,117.938029,98.478788,19.459242,3.042469,0.021727
117.589230,98.087272,19.501958,116.306341,96.651227,19.655114,3.354975,0.019748
116.452656,96.767219,19.685437,115.692839,95.900652,19.792187,3.303714,0.019672
115.635245,95.808834,19.826411,114.858505,94.913343,19.945162,3.266721,0.019020
114.726779,94.735692,19.991087,114.454195,94.391570,20.062625,3.210740,0.020383
113.869062,93.769694,20.099367,113.326108,93.147799,20.178309,3.200802,0.020342
113.231221,92.956452,20.274769,112.998300,92.708147,20.290153,3.220203,0.019881
112.543285,92.263751,20.279534,112.249190,91.908587,20.340602,3.097430,0.021050
111.895109,91.512390,20.382719,111.694023,91.267309,20.426713,3.393027,0.018678
111.260654,90.841155,20.419499,111.183848,90.860768,20.323080,3.372815,0.019920
110.678924,90.224266,20.454658,110.394006,90.024821,20.369185,3.267437,0.019120
110.217081,89.708405,20.508676,110.311095,89.868153,20.442942,3.282238,0.018406
109.808308,89.257262,20.551046,109.597078,89.009108,20.587970,3.235399,0.018667
109.356379,88.717292,20.639088,109.396074,88.746200,20.649874,3.339247,0.017514
108.930823,88.283549,20.647274,109.187859,88.487476,20.700383,3.142114,0.018797
108.563538,87.854037,20.709502,108.925871,88.239829,20.686042,3.202831,0.019178
108.260005,87.520926,20.739078,108.775470,88.131082,20.644389,3.151737,0.019585
107.911417,87.138446,20.772971,108.329186,87.610808,20.718378,3.169564,0.019257
107.766464,86.863217,20.903247,108.091935,87.266373,20.825562,3.275940,0.018878
107.412171,86.587621,20.824550,108.000871,87.046578,20.954293,3.261882,0.017563
107.043018,86.118611,20.924407,107.594695,86.690753,20.903942,3.287685,0.018554
106.815372,85.811882,21.003490,107.497505,86.560638,20.936867,3.238068,0.017722
106.543332,85.621435,20.921898,107.003943,86.085848,20.918095,3.388482,0.016969
106.366468,85.372379,20.994089,107.075344,86.001314,21.074031,3.149394,0.017192
106.197716,85.193675,21.004041,106.662201,85.632824,21.029377,3.126283,0.019575
105.924305,84.871260,21.053046,107.069243,86.079053,20.990190,3.179739,0.017790
105.746465,84.693231,21.053234,106.376617,85.402525,20.974093,3.173216,0.018751
105.596333,84.494531,21.101803,106.678202,85.586720,21.091483,3.102437,0.017895
105.393543,84.230384,21.163159,106.256644,85.070571,21.186073,3.194645,0.016699
105.126439,83.929242,21.197197,105.875753,84.865168,21.010585,3.239318,0.017474
105.046415,83.859313,21.187102,105.687849,84.531700,21.156149,3.217118,0.016491
104.820598,83.654127,21.166471,105.627166,84.514129,21.113037,3.267172,0.016145
104.637138,83.397845,21.239293,105.910783,84.699412,21.211371,3.280506,0.016968
104.490982,83.250349,21.240633,105.576101,84.400842,21.175259,3.191768,0.018131
104.335036,83.062377,21.272659,105.271089,84.028383,21.242706,3.334577,0.017372
104.131641,82.816933,21.314709,105.561930,84.276035,21.285894,3.238298,0.016441
104.063530,82.729366,21.334164,105.306297,84.087585,21.218712,3.085400,0.018904
103.930945,82.604369,21.326576,105.174467,83.903282,21.271184,3.156045,0.018700
103.734536,82.406057,21.328480,104.918520,83.632918,21.285602,3.124779,0.016892
103.612538,82.235919,21.376619,105.076693,83.860565,21.216128,3.172034,0.017843
103.537383,82.123773,21.413610,105.036374,83.757858,21.278516,3.062853,0.017272
103.349586,81.941598,21.407988,104.648279,83.296377,21.351903,3.271413,0.017066
103.282192,81.850668,21.431524,104.525589,83.142359,21.383230,3.168430,0.017102
103.099712,81.659851,21.439861,104.516649,83.158292,21.358357,3.024244,0.017992
103.003040,81.608396,21.394644,104.515063,83.081039,21.434024,3.295181,0.016490
102.982233,81.470534,21.511698,104.505580,83.092825,21.412755,3.197550,0.018100
102.786118,81.345330,21.440788,104.452817,83.049200,21.403617,3.260031,0.017458
102.793556,81.314665,21.478890,104.229686,82.802397,21.427289,3.051805,0.017027
102.660940,81.140577,21.520364,104.434839,82.951614,21.483225,3.116682,0.017808
102.539878,81.028263,21.511615,104.283050,82.924628,21.358421,3.398090,0.016335
102.512395,81.003020,21.509375,104.088075,82.633081,21.454994,3.187180,0.017399
102.414589,80.883501,21.531088,104.453918,83.005901,21.448017,3.026070,0.017137
102.268797,80.771408,21.497389,103.872988,82.506595,21.366393,3.106484,0.017243
102.205006,80.705316,21.499690,103.757097,82.391714,21.365383,3.080944,0.015949
102.147230,80.624893,21.522337,103.675576,82.250090,21.425486,3.213502,0.016687
101.997661,80.453679,21.543982,103.860684,82.393412,21.467273,3.203003,0.016984
101.977953,80.419515,21.558438,103.550422,82.059619,21.490803,3.104909,0.017013
101.795841,80.282781,21.513060,103.649167,82.228370,21.420798,3.251107,0.016225
101.735730,80.264330,21.471400,103.704373,82.326993,21.377380,3.041135,0.017252
101.778380,80.283231,21.495149,103.590639,82.068153,21.522486,3.272084,0.017298
101.604501,80.071255,21.533246,103.427639,81.976163,21.451476,3.343899,0.015444
101.556838,79.969065,21.587773,103.449503,82.024568,21.424935,3.230764,0.017013
101.539341,79.944925,21.594416,103.574275,82.077934,21.496341,3.013175,0.017255
101.464705,79.852573,21.612132,103.255492,81.760445,21.495047,3.175107,0.016087
101.420652,79.817431,21.603221,103.626902,82.029418,21.597484,3.141510,0.016267
101.362286,79.727064,21.635222,102.995472,81.495412,21.500061,3.002139,0.018472
101.241085,79.662691,21.578394,103.481597,81.978515,21.503082,3.007609,0.017600
101.161250,79.570162,21.591088,103.221135,81.622399,21.598736,3.138140,0.016090
101.102689,79.482047,21.620641,103.086278,81.646392,21.439886,3.205070,0.016920
101.113356,79.489933,21.623424,103.434108,81.826692,21.607417,3.103566,0.016799
101.036183,79.386516,21.649668,102.947474,81.423629,21.523844,3.086978,0.016553
101.035093,79.365267,21.669826,103.184878,81.585636,21.599241,3.153807,0.016222
101.026406,79.374241,21.652165,103.379159,81.904514,21.474646,3.142334,0.017863
100.877138,79.274756,21.602382,103.185587,81.677425,21.508162,3.035992,0.016567
100.845593,79.251913,21.593680,103.131140,81.610774,21.520367,3.137217,0.016488
100.843826,79.172059,21.671767,103.003682,81.426323,21.577359,3.159548,0.016386
100.841779,79.199247,21.642533,102.881110,81.310397,21.570713,3.128539,0.016425
100.708956,79.044072,21.664884,102.968206,81.366715,21.601491,3.056849,0.016568
100.671726,78.932036,21.739690,102.943484,81.295359,21.648125,3.147285,0.015780
100.652134,78.931564,21.720570,102.820428,81.223046,21.597383,3.103555,0.016515
100.631079,78.938964,21.692114,103.122745,81.558377,21.564367,3.136124,0.016268
100.507797,78.811016,21.696781,102.848432,81.312536,21.535896,3.094047,0.016257
100.554989,78.930644,21.624345,102.905437,81.324986,21.580451,3.058600,0.016924
100.493292,78.863325,21.629967,102.829767,81.196157,21.633610,3.103512,0.015556
100.504158,78.787120,21.717038,102.765758,81.238786,21.526972,3.231488,0.015532
100.390170,78.700133,21.690037,103.070597,81.527410,21.543186,3.099230,0.016805
100.338320,78.643127,21.695193,102.864468,81.204653,21.659815,3.030104,0.016878
100.266632,78.581272,21.685361,102.992899,81.367683,21.625216,3.233361,0.015029
100.294033,78.583245,21.710788,102.809159,81.130573,21.678586,3.109257,0.015443
100.233578,78.479185,21.754392,102.437287,80.815082,21.622206,3.091484,0.016300
100.157244,78.421820,21.735424,103.041041,81.497481,21.543560,3.085640,0.016186
100.191564,78.526427,21.665137,102.818270,81.345233,21.473037,3.134224,0.015676
100.101398,78.385052,21.716346,102.725783,81.092423,21.633360,3.041595,0.015980
100.089222,78.323999,21.765223,102.717882,80.969363,21.748519,3.013619,0.016358
100.030326,78.284122,21.746204,102.427427,80.824798,21.602629,3.187046,0.015933
99.903486,78.156586,21.746900,102.528751,80.858746,21.670006,3.065051,0.016937
99.986162,78.305462,21.680701,102.570446,81.005264,21.565182,3.066732,0.016333
99.988402,78.236349,21.752053,102.681898,81.046754,21.635144,2.985208,0.016032
99.894020,78.127074,21.766946,102.755957,81.068677,21.687281,2.963775,0.017222
99.805933,78.087173,21.718760,102.684068,81.117389,21.566680,3.124817,0.015438
99.920274,78.139871,21.780403,102.669935,80.888118,21.781817,3.145850,0.017370
99.839512,78.079496,21.760017,102.537912,80.819150,21.718762,3.019770,0.016871
99.736059,78.032127,21.703932,102.712750,81.084329,21.628420,3.074217,0.016562
99.756384,78.006620,21.749764,102.340245,80.739833,21.600411,3.177606,0.015815
99.700198,77.987420,21.712778,102.368517,80.864242,21.504274,3.036664,0.016933
99.627378,77.886488,21.740890,102.436103,80.835211,21.600892,3.032665,0.016374
99.659459,77.926943,21.732516,102.449277,80.753520,21.695757,3.074528,0.015611
99.599585,77.862374,21.737210,102.408481,80.702339,21.706142,3.093281,0.015850
99.651984,77.903328,21.748656,102.489257,80.798974,21.690283,3.119253,0.015748
99.645158,77.854391,21.790767,102.576042,80.893904,21.682138,3.059910,0.015942
99.569310,77.744045,21.825265,102.227336,80.543595,21.683741,3.020743,0.016640
99.541203,77.767784,21.773419,102.557802,80.939863,21.617939,3.113378,0.015770
99.471250,77.702318,21.768932,102.404536,80.794368,21.610168,3.084129,0.015704
99.450723,77.704274,21.746449,102.333010,80.645478,21.687532,3.105966,0.015915
99.396163,77.615954,21.780208,102.497732,80.886021,21.611711,3.120565,0.016110
99.399067,77.651725,21.747342,102.238129,80.680272,21.557857,3.017234,0.017047
99.422726,77.691676,21.731050,102.254768,80.578235,21.676533,3.022649,0.016584
99.454985,77.631780,21.823205,102.382783,80.703078,21.679705,3.141687,0.015648
99.429187,77.633597,21.795590,102.304743,80.573053,21.731690,3.061618,0.015337
99.263863,77.461396,21.802467,102.251094,80.628747,21.622348,3.227070,0.015497
99.381022,77.612362,21.768659,102.268719,80.563703,21.705016,3.031672,0.016454
99.357653,77.521031,21.836621,102.445271,80.781611,21.663660,3.106046,0.014927
99.266355,77.495921,21.770434,102.450526,80.767960,21.682565,3.076550,0.016043
99.286679,77.508208,21.778471,102.178075,80.529896,21.648179,3.127212,0.014754
99.223202,77.416597,21.806605,102.254871,80.590436,21.664435,3.152043,0.015899
99.324064,77.495398,21.828666,102.238326,80.532622,21.705704,3.113004,0.016069
99.197746,77.414230,21.783515,101.986065,80.320518,21.665548,3.120631,0.016124
99.136711,77.330374,21.806336,102.094731,80.399279,21.695452,2.987880,0.017241
99.118101,77.317693,21.800408,102.269559,80.599926,21.669633,3.037258,0.016529
99.098764,77.307016,21.791748,102.483878,80.777220,21.706658,3.002439,0.016342
99.096222,77.269719,21.826502,102.041679,80.388436,21.653243,3.176576,0.015787
99.088909,77.313109,21.775799,102.185779,80.494178,21.691602,3.134507,0.015869
99.135718,77.338575,21.797143,102.091675,80.447458,21.644218,3.045317,0.016796
99.074245,77.295007,21.779238,102.208901,80.596434,21.612467,3.069747,0.016409
98.986808,77.180061,21.806746,102.195649,80.403860,21.791789,3.018564,0.016223
99.071236,77.249938,21.821299,102.086370,80.359835,21.726535,3.140495,0.015313
98.985903,77.166054,21.819849,102.189168,80.494681,21.694487,2.963079,0.015531
98.966724,77.151896,21.814828,102.210464,80.605986,21.604479,3.077358,0.016751
98.932711,77.126953,21.805758,102.291120,80.599668,21.691451,3.070483,0.016463
98.867263,77.050210,21.817054,101.880398,80.216377,21.664022,3.106010,0.016149
98.869333,77.065077,21.804257,102.169145,80.471898,21.697247,2.968888,0.016425
98.887683,77.060078,21.827605,102.056338,80.336050,21.720287,3.157186,0.015520
98.838957,77.025116,21.813841,101.943263,80.268719,21.674544,3.157676,0.014496
98.767198,76.990077,21.777121,101.966031,80.304676,21.661355,3.147183,0.015031
98.851873,76.972311,21.879562,102.211867,80.497050,21.714817,3.195487,0.015946
98.782852,76.879041,21.903811,102.126493,80.428579,21.697914,3.021353,0.016532
98.809979,76.965144,21.844835,102.143322,80.383270,21.760052,3.143041,0.015645
98.715575,76.861923,21.853651,102.070787,80.350974,21.719814,3.234275,0.014926
98.680659,76.858665,21.821993,102.098899,80.412072,21.686828,2.912552,0.017120
