202.389631,197.410210,4.979420,192.431993,185.012443,7.419550,nan,0.002564
187.905961,180.307757,7.598205,184.816982,176.991007,7.825974,nan,0.003598
183.440547,175.543274,7.897274,185.568993,177.566665,8.002328,nan,0.002499
183.044347,175.033212,8.011135,184.707338,176.667597,8.039740,nan,0.003154
184.269992,176.211124,8.058868,185.971211,177.883257,8.087954,nan,0.003088
184.305785,176.234700,8.071084,184.896696,176.815742,8.080954,nan,0.001595
188.251541,180.142730,8.108811,189.906864,181.801298,8.105566,nan,0.002218
192.967251,184.839951,8.127300,188.742982,180.583920,8.159061,nan,0.001049
191.283384,183.128422,8.154962,190.885924,182.750524,8.135400,nan,0.001919
192.298070,184.137505,8.160565,193.745700,185.584559,8.161140,nan,0.001158
192.502799,184.337159,8.165640,196.455783,188.274056,8.181726,nan,0.000854
198.274306,190.086309,8.187998,201.749628,193.552277,8.197351,nan,0.001586
200.060160,191.869483,8.190677,200.452662,192.257768,8.194895,nan,0.000624
200.914087,192.717169,8.196919,200.818255,192.631642,8.186613,nan,0.000406
201.980734,193.768843,8.211891,201.392082,193.183052,8.209030,nan,0.000689
201.015727,192.804077,8.211650,198.717546,190.514604,8.202942,nan,0.000448
200.966893,192.757859,8.209034,201.008982,192.789517,8.219464,nan,0.000409
200.984280,192.766053,8.218227,201.489502,193.269086,8.220415,nan,0.000814
200.491165,192.278163,8.213002,201.941749,193.711352,8.230396,nan,0.000450
203.522503,195.292409,8.230093,202.792843,194.574586,8.218257,nan,0.001005
203.228043,195.004136,8.223907,204.376620,196.150926,8.225694,nan,0.000340
205.364923,197.132340,8.232583,204.830827,196.599819,8.231008,nan,0.000228
205.681198,197.443868,8.237330,204.462780,196.233834,8.228946,nan,0.000159
204.956810,196.728114,8.228697,206.500242,198.253532,8.246709,nan,0.000239
207.192465,198.944197,8.248268,204.269320,196.055727,8.213593,nan,0.000204
205.173025,196.937208,8.235817,204.561239,196.325343,8.235896,nan,0.000378
205.639029,197.401937,8.237092,205.011985,196.780111,8.231874,nan,0.000773
206.688882,198.440326,8.248556,207.597778,199.340525,8.257252,nan,0.000230
208.908782,200.644355,8.264427,208.377264,200.117002,8.260261,nan,0.000180
208.835595,200.578091,8.257504,208.401177,200.149687,8.251490,nan,0.000171
207.709393,199.456678,8.252716,207.807492,199.552579,8.254913,nan,0.000124
210.713226,202.436378,8.276848,208.130798,199.877874,8.252924,nan,0.000287
208.647112,200.386297,8.260815,207.860340,199.606596,8.253744,nan,0.000178
208.802009,200.540841,8.261168,208.115251,199.857978,8.257274,nan,0.000111
208.231459,199.975795,8.255664,207.962861,199.707640,8.255220,nan,0.000073
208.922548,200.665790,8.256758,207.192348,198.944194,8.248154,nan,0.000657
207.880834,199.621926,8.258908,207.585841,199.331669,8.254173,nan,0.000198
208.528908,200.264597,8.264311,208.640515,200.368534,8.271982,nan,0.000288
209.367048,201.092754,8.274294,209.807714,201.528675,8.279040,nan,0.000103
209.883648,201.609196,8.274451,206.968867,198.719378,8.249489,nan,0.000168
208.786451,200.519815,8.266636,208.517092,200.260202,8.256890,nan,0.000345
208.725172,200.469238,8.255935,207.255096,199.004786,8.250310,nan,0.000270
208.979546,200.720443,8.259103,208.151096,199.899971,8.251125,nan,0.000259
209.390169,201.129391,8.260778,208.135045,199.881441,8.253604,nan,0.000152
208.734002,200.484136,8.249866,208.166656,199.923383,8.243272,nan,0.000352
209.070052,200.818191,8.251862,206.725565,198.488667,8.236898,nan,0.000317
207.237907,198.996705,8.241201,204.476378,196.242063,8.234315,nan,0.000213
206.526416,198.281690,8.244726,206.679787,198.438820,8.240967,nan,0.000183
206.942588,198.701388,8.241201,206.210401,197.976973,8.233428,nan,0.000299
207.590801,199.351654,8.239147,206.390252,198.160157,8.230095,nan,0.000234
206.684064,198.447128,8.236936,206.071660,197.840882,8.230778,nan,0.000055
206.495915,198.264555,8.231360,207.091355,198.859319,8.232037,nan,0.000373
208.203424,199.958922,8.244502,207.141697,198.906703,8.234994,nan,0.000229
207.476660,199.239712,8.236948,207.150962,198.915493,8.235469,nan,0.000113
207.945136,199.697260,8.247876,206.994129,198.754816,8.239314,nan,0.000044
207.281368,199.040219,8.241150,206.235794,198.002211,8.233583,nan,0.000313
206.635916,198.395198,8.240718,206.053663,197.816145,8.237519,nan,0.000300
206.560256,198.313286,8.246969,206.230447,197.987454,8.242994,nan,0.000450
206.587131,198.345064,8.242068,206.606331,198.381539,8.224791,nan,0.000107
207.446768,199.201184,8.245583,206.404299,198.168186,8.236113,nan,0.000270
207.326726,199.078874,8.247852,206.550587,198.314033,8.236554,nan,0.000621
207.603098,199.348418,8.254680,206.642548,198.389122,8.253425,nan,0.000152
207.747467,199.491388,8.256079,208.149820,199.889918,8.259902,nan,0.000186
208.506310,200.247243,8.259066,208.123565,199.873797,8.249767,nan,0.000216
208.676441,200.422597,8.253844,207.674720,199.431887,8.242832,nan,0.000219
209.495067,201.228182,8.266884,206.897263,198.644093,8.253170,nan,0.000564
207.982234,199.724448,8.257786,207.057467,198.810577,8.246890,nan,0.000184
207.805659,199.551691,8.253968,207.770520,199.513926,8.256594,nan,0.000525
208.174996,199.920542,8.254454,206.294243,198.057485,8.236758,nan,0.000374
208.577845,200.321685,8.256161,209.662506,201.394837,8.267669,nan,0.000213
209.555154,201.293919,8.261235,208.868842,200.612012,8.256831,nan,0.000304
209.245730,200.991871,8.253859,209.115184,200.851082,8.264101,nan,0.000622
209.148681,200.894351,8.254330,208.141456,199.896021,8.245435,nan,0.000298
207.523085,199.278858,8.244227,207.481784,199.245576,8.236207,nan,0.000317
208.590010,200.340870,8.249139,207.833126,199.588161,8.244965,nan,0.000175
208.566185,200.319127,8.247058,207.953677,199.714055,8.239622,nan,0.000412
208.708923,200.459139,8.249784,208.105928,199.857386,8.248542,nan,0.000202
209.334275,201.076440,8.257835,208.879886,200.623623,8.256263,nan,0.000151
208.948767,200.694931,8.253835,207.956552,199.710349,8.246202,nan,0.000310
208.841798,200.592199,8.249598,207.524802,199.286439,8.238363,nan,0.000070
208.365868,200.121854,8.244013,207.861730,199.628919,8.232810,nan,0.000265
208.972215,200.723397,8.248818,208.360768,200.118259,8.242510,nan,0.000019
208.820207,200.574968,8.245238,207.448310,199.215766,8.232544,nan,0.000162
208.211981,199.970148,8.241832,207.820573,199.577345,8.243228,nan,0.000350
208.829693,200.579676,8.250017,208.906203,200.654906,8.251296,nan,0.000084
208.835122,200.583689,8.251433,207.676424,199.426200,8.250224,nan,0.000342
207.484440,199.235458,8.248981,207.274929,199.026787,8.248142,nan,0.000372
208.219031,199.967038,8.251993,207.100846,198.859289,8.241557,nan,0.000131
208.295576,200.044747,8.250829,207.682144,199.433493,8.248651,nan,0.000336
208.065875,199.817107,8.248768,207.161568,198.916773,8.244795,nan,0.000158
208.400420,200.144839,8.255581,207.395566,199.146993,8.248572,nan,0.000085
208.441083,200.186997,8.254085,207.968030,199.721867,8.246164,nan,0.000174
208.201957,199.953003,8.248954,207.147335,198.909487,8.237848,nan,0.000067
208.133175,199.883485,8.249690,207.437574,199.194710,8.242864,nan,0.000292
208.421206,200.173310,8.247897,208.732961,200.482934,8.250027,nan,0.000218
208.477089,200.224829,8.252260,207.422101,199.178393,8.243708,nan,0.000331
207.892516,199.643732,8.248783,207.779184,199.528145,8.251038,nan,0.000068
208.081399,199.827529,8.253870,207.182488,198.937299,8.245189,nan,0.000224
207.535740,199.288332,8.247407,207.313672,199.076871,8.236801,nan,0.000312
208.612061,200.360114,8.251948,207.865121,199.619990,8.245131,nan,0.000048
208.314019,200.066497,8.247522,207.130733,198.900367,8.230366,nan,0.000187
208.290800,200.042564,8.248236,207.762097,199.520771,8.241326,nan,0.000050
208.538184,200.287247,8.250937,208.221073,199.970507,8.250566,nan,0.000042
209.353331,201.089731,8.263601,208.272084,200.014304,8.257782,nan,0.000220
209.438904,201.171269,8.267634,208.874736,200.609930,8.264806,nan,0.000453
208.936606,200.675629,8.260977,208.238323,199.982666,8.255656,nan,0.000190
208.845883,200.586428,8.259454,207.944474,199.686248,8.258226,nan,0.000336
208.779542,200.520683,8.258860,208.341539,200.088775,8.252764,nan,0.000137
209.700288,201.435131,8.265157,208.461801,200.209695,8.252107,nan,0.000150
208.903804,200.648061,8.255743,207.928715,199.678042,8.250674,nan,0.000188
208.835694,200.582813,8.252881,208.119970,199.875423,8.244548,nan,0.000188
209.114171,200.856898,8.257273,208.282044,200.029705,8.252339,nan,0.000276
208.536009,200.282695,8.253314,207.543955,199.299216,8.244739,nan,0.000264
207.958278,199.708646,8.249632,206.862277,198.618271,8.244006,nan,0.000114
208.039382,199.786306,8.253076,207.862090,199.607507,8.254584,nan,0.000125
208.590815,200.332171,8.258645,208.639060,200.379193,8.259867,nan,0.000346
208.727018,200.467653,8.259365,208.133889,199.880975,8.252913,nan,0.000052
208.945416,200.684183,8.261233,206.996141,198.759187,8.236953,nan,0.000286
207.890106,199.639578,8.250528,207.453065,199.210340,8.242725,nan,0.000123
208.400201,200.146326,8.253875,207.891371,199.645453,8.245917,nan,0.000095
208.888480,200.632990,8.255490,208.656453,200.400503,8.255950,nan,0.000150
209.176815,200.916088,8.260727,207.907767,199.659320,8.248446,nan,0.000111
208.940688,200.684203,8.256485,208.025803,199.777902,8.247901,nan,0.000453
209.371931,201.107483,8.264448,208.435232,200.177771,8.257461,nan,0.000154
209.440965,201.176213,8.264752,208.736168,200.475333,8.260834,nan,0.000099
208.215772,199.956831,8.258940,207.506614,199.252449,8.254166,nan,0.000281
208.168002,199.911151,8.256851,207.346423,199.094285,8.252137,nan,0.000341
208.221362,199.964911,8.256450,207.130058,198.885039,8.245019,nan,0.000162
208.075728,199.820470,8.255258,207.049671,198.806794,8.242878,nan,0.000279
208.289990,200.031828,8.258162,206.871219,198.629161,8.242058,nan,0.000201
208.807224,200.541295,8.265928,207.480357,199.222007,8.258350,nan,0.000225
208.364167,200.099183,8.264983,207.568213,199.310675,8.257538,nan,0.000302
208.663586,200.400592,8.262994,208.117037,199.860154,8.256883,nan,0.000743
208.749284,200.485684,8.263600,207.631435,199.375472,8.255963,nan,0.000183
208.680623,200.417476,8.263146,208.105273,199.850307,8.254967,nan,0.000144
209.743264,201.468742,8.274522,208.696363,200.426832,8.269530,nan,0.000032
208.972708,200.705150,8.267557,207.408592,199.155488,8.253104,nan,0.000115
208.574148,200.307707,8.266442,208.026366,199.763117,8.263248,nan,0.000315
208.798195,200.529454,8.268741,208.647230,200.378731,8.268499,nan,0.000165
208.773470,200.506470,8.267000,207.980790,199.724308,8.256482,nan,0.000213
208.640917,200.378373,8.262544,207.688525,199.431691,8.256833,nan,0.000157
208.233960,199.972256,8.261704,207.114468,198.857330,8.257138,nan,0.000081
208.062120,199.799897,8.262223,207.263051,199.006038,8.257014,nan,0.000095
208.270208,200.004700,8.265508,207.495479,199.235196,8.260284,nan,0.000343
208.712678,200.443259,8.269418,207.923256,199.660430,8.262827,nan,0.000142
209.074757,200.801550,8.273207,209.163896,200.892123,8.271773,nan,0.000066
208.803676,200.532714,8.270962,207.219949,198.958920,8.261029,nan,0.000442
208.166086,199.900325,8.265761,207.282627,199.022857,8.259769,nan,0.000279
208.321438,200.055402,8.266036,207.579217,199.320013,8.259203,nan,0.000291
207.998636,199.732440,8.266196,207.161391,198.900737,8.260655,nan,0.000333
208.065749,199.801102,8.264647,207.314661,199.056656,8.258006,nan,0.000257
208.259207,199.993694,8.265514,207.279466,199.023667,8.255800,nan,0.000143
208.047447,199.782203,8.265244,207.881510,199.613651,8.267860,nan,0.000425
208.229106,199.962641,8.266464,207.291233,199.031617,8.259616,nan,0.000176
208.241937,199.974265,8.267672,207.547530,199.285736,8.261794,nan,0.000199
208.680361,200.412237,8.268124,207.609691,199.346889,8.262801,nan,0.000346
209.211940,200.938866,8.273074,208.205769,199.939449,8.266320,nan,0.000231
208.700685,200.433744,8.266941,207.622122,199.358292,8.263829,nan,0.000341
208.823057,200.554156,8.268901,208.132510,199.869269,8.263241,nan,0.000420
209.038236,200.768594,8.269642,208.261342,199.998981,8.262361,nan,0.000170
