207.187827,203.213783,3.974045,190.354776,183.699564,6.655213,8.971641,0.005806
186.703785,179.584828,7.118957,182.389010,174.845163,7.543847,8.862402,0.007717
179.585634,171.931899,7.653735,177.472158,169.810402,7.661756,65.669037,0.005541
175.604425,167.885256,7.719170,175.095472,167.393347,7.702124,nan,0.006597
174.015098,166.252865,7.762233,172.813396,165.055933,7.757463,nan,0.006237
172.925840,165.117202,7.808637,172.326605,164.494327,7.832278,nan,0.004972
171.640170,163.773439,7.866731,171.510343,163.641638,7.868706,nan,0.003901
172.174815,164.282453,7.892363,171.498467,163.643183,7.855284,nan,0.005061
170.228361,162.306413,7.921948,172.201610,164.207716,7.993894,nan,0.003844
172.063206,164.079692,7.983514,170.143241,162.135997,8.007244,nan,0.004060
170.700570,162.691729,8.008841,171.840784,163.823012,8.017772,nan,0.003234
171.369032,163.343410,8.025622,171.684387,163.634371,8.050016,nan,0.003573
170.873445,162.817641,8.055804,168.880393,160.864360,8.016033,nan,0.004229
173.334281,165.253794,8.080487,173.412997,165.330386,8.082610,nan,0.002784
172.827007,164.738774,8.088233,174.756214,166.651330,8.104883,nan,0.003166
173.619241,165.512966,8.106275,173.918022,165.818950,8.099072,nan,0.002123
174.958968,166.830342,8.128626,175.582986,167.445608,8.137377,nan,0.002665
175.277176,167.145894,8.131281,177.399704,169.259434,8.140270,nan,0.002885
177.332883,169.189420,8.143464,178.402823,170.259221,8.143601,nan,0.001427
177.959440,169.825331,8.134109,176.135032,168.000327,8.134705,nan,0.002505
178.563154,170.417187,8.145966,178.660704,170.501187,8.159517,nan,0.001808
178.617773,170.460458,8.157316,182.915177,174.757237,8.157940,nan,0.001470
179.054968,170.898202,8.156767,177.861589,169.701341,8.160247,nan,0.002212
179.517969,171.349643,8.168325,178.407525,170.247462,8.160064,nan,0.002072
178.503388,170.319373,8.184016,179.373257,171.197958,8.175299,nan,0.002042
180.943524,172.755794,8.187730,182.995940,174.804716,8.191224,nan,0.002183
183.545386,175.353400,8.191986,187.375223,179.173745,8.201478,nan,0.001897
186.645565,178.442545,8.203020,188.251499,180.047419,8.204081,nan,0.000728
187.587868,179.385322,8.202546,184.603887,176.402141,8.201746,nan,0.001679
186.637903,178.428820,8.209084,188.463894,180.243682,8.220212,nan,0.000604
185.632763,177.425514,8.207249,187.696904,179.474099,8.222805,nan,0.001405
189.337646,181.110112,8.227533,187.916970,179.691487,8.225484,nan,0.001988
186.039834,177.820985,8.218849,186.953116,178.734552,8.218564,nan,0.001167
188.513290,180.284622,8.228667,190.891824,182.661006,8.230818,nan,0.000633
191.895263,183.668698,8.226565,191.009916,182.795195,8.214721,nan,0.001022
193.640662,185.408424,8.232238,194.541280,186.302962,8.238318,nan,0.001528
194.143471,185.906288,8.237182,193.244519,185.012403,8.232116,nan,0.000402
195.464962,187.218371,8.246591,197.512722,189.269939,8.242783,nan,0.000982
195.127092,186.886465,8.240628,196.128273,187.888267,8.240005,nan,0.000395
193.679231,185.439632,8.239599,193.534733,185.291547,8.243186,nan,0.000693
195.238091,186.993749,8.244342,193.055209,184.815166,8.240043,nan,0.000876
193.044522,184.800627,8.243895,193.694183,185.453403,8.240779,nan,0.000756
196.915737,188.666911,8.248826,197.090477,188.844068,8.246408,nan,0.000709
198.916531,190.664977,8.251553,198.311262,190.070456,8.240806,nan,0.000700
198.637829,190.385920,8.251910,198.791096,190.540694,8.250402,nan,0.000682
198.526077,190.272625,8.253452,196.188332,187.940441,8.247891,nan,0.000791
200.063575,191.807396,8.256179,199.860296,191.604033,8.256263,nan,0.000354
200.644570,192.385223,8.259347,199.537515,191.280154,8.257362,nan,0.000594
199.962884,191.704388,8.258497,198.539845,190.282089,8.257756,nan,0.000306
200.385828,192.126688,8.259140,203.718492,195.453453,8.265040,nan,0.000551
200.917532,192.657206,8.260325,200.696503,192.440168,8.256335,nan,0.000033
200.581668,192.322286,8.259381,200.111224,191.856240,8.254985,nan,0.000903
201.602823,193.339021,8.263802,201.137123,192.871999,8.265124,nan,0.001052
202.369439,194.102867,8.266572,202.392829,194.126207,8.266621,nan,0.000280
202.143020,193.874552,8.268468,200.929497,192.664159,8.265337,nan,0.000344
202.191985,193.922350,8.269635,199.802710,191.541277,8.261434,nan,0.000320
201.919141,193.652902,8.266239,199.756017,191.497641,8.258376,nan,0.000093
201.289272,193.022982,8.266289,201.626555,193.358352,8.268203,nan,0.000161
201.661062,193.392617,8.268446,201.081788,192.812606,8.269182,nan,0.000545
202.998863,194.726427,8.272436,204.004023,195.729854,8.274169,nan,0.000661
204.567373,196.291417,8.275956,205.625152,197.347078,8.278074,nan,0.000667
204.608332,196.329269,8.279063,201.613136,193.341435,8.271701,nan,0.000317
202.740774,194.466525,8.274249,202.429938,194.156386,8.273552,nan,0.000315
203.646738,195.370339,8.276400,201.698366,193.428741,8.269625,nan,0.000183
202.358639,194.083606,8.275033,202.462998,194.189529,8.273469,nan,0.000333
204.397137,196.120278,8.276859,205.211541,196.932826,8.278716,nan,0.000352
204.903762,196.624293,8.279469,204.876230,196.596726,8.279504,nan,0.000289
204.892509,196.613803,8.278706,204.939581,196.660094,8.279488,nan,0.000485
203.802828,195.524536,8.278292,202.778234,194.503755,8.274480,nan,0.000761
204.338874,196.060492,8.278382,203.238885,194.966340,8.272544,nan,0.000390
203.814937,195.534402,8.280535,205.141983,196.861482,8.280500,nan,0.000141
205.911795,197.627450,8.284344,204.874564,196.598448,8.276115,nan,0.000620
204.932516,196.653247,8.279269,204.157242,195.879315,8.277926,nan,0.000165
205.417502,197.136907,8.280596,204.811509,196.531896,8.279614,nan,0.000224
205.918042,197.635743,8.282299,206.060811,197.776514,8.284297,nan,0.000172
205.704541,197.422133,8.282408,203.971273,195.689967,8.281305,nan,0.000166
205.393310,197.108911,8.284398,206.711331,198.424617,8.286714,nan,0.000070
206.394895,198.107565,8.287330,205.849124,197.565959,8.283164,nan,0.000261
205.548740,197.265394,8.283346,204.226553,195.946442,8.280111,nan,0.000227
204.238037,195.956916,8.281122,205.394396,197.113053,8.281343,nan,0.000137
205.021345,196.737797,8.283548,203.654336,195.373832,8.280505,nan,0.000458
204.943499,196.659721,8.283779,205.829855,197.545496,8.284359,nan,0.000259
205.807340,197.523062,8.284279,204.499629,196.220498,8.279130,nan,0.000313
204.017017,195.735555,8.281462,203.296480,195.019945,8.276534,nan,0.000296
202.706167,194.426620,8.279547,200.757535,192.482350,8.275185,nan,0.000402
203.661513,195.379656,8.281856,204.537890,196.255674,8.282215,nan,0.000411
203.800874,195.517701,8.283172,203.052141,194.770256,8.281885,nan,0.000551
203.717256,195.433794,8.283462,203.914475,195.631867,8.282608,nan,0.000251
204.234019,195.951877,8.282143,203.382805,195.102543,8.280263,nan,0.000227
205.629640,197.344509,8.285131,204.833431,196.550125,8.283306,nan,0.000195
204.973370,196.689727,8.283643,204.528079,196.247689,8.280390,nan,0.000088
205.379553,197.093551,8.286002,204.524584,196.238615,8.285970,nan,0.000336
204.636671,196.351279,8.285392,204.274134,195.987805,8.286330,nan,0.000318
204.579486,196.291308,8.288178,202.517992,194.235227,8.282765,nan,0.000376
201.841076,193.557162,8.283915,202.563737,194.278082,8.285655,nan,0.000488
205.438902,197.151439,8.287463,204.971537,196.686636,8.284901,nan,0.000380
204.977450,196.690310,8.287140,204.727646,196.440051,8.287595,nan,0.000258
205.941007,197.651688,8.289319,205.707829,197.418516,8.289312,nan,0.000013
206.535883,198.244565,8.291318,205.619166,197.331189,8.287978,nan,0.000300
205.937961,197.647405,8.290556,203.346119,195.061055,8.285063,nan,0.000080
203.669844,195.380461,8.289382,203.255755,194.966934,8.288820,nan,0.000444
203.591448,195.304409,8.287039,201.906781,193.622618,8.284162,nan,0.000089
202.276922,193.989603,8.287318,202.461998,194.174190,8.287809,nan,0.000015
205.902665,197.609975,8.292690,207.591877,199.300060,8.291817,nan,0.000077
207.815530,199.521781,8.293749,206.123086,197.832973,8.290113,nan,0.000435
207.312595,199.019388,8.293207,206.912769,198.621596,8.291173,nan,0.000107
207.195174,198.903898,8.291276,205.154594,196.866961,8.287633,nan,0.000231
206.542405,198.251204,8.291202,205.087114,196.799718,8.287397,nan,0.000785
205.843782,197.552197,8.291584,204.709335,196.420758,8.288578,nan,0.000176
204.054100,195.765709,8.288391,203.903465,195.617217,8.286248,nan,0.000297
206.753499,198.462011,8.291488,206.350307,198.059182,8.291125,nan,0.000197
206.185569,197.894089,8.291481,205.366069,197.077553,8.288515,nan,0.000847
206.392136,198.100595,8.291541,205.650287,197.362166,8.288121,nan,0.000323
206.754226,198.462760,8.291466,207.144255,198.853567,8.290688,nan,0.000245
207.034726,198.742126,8.292600,205.230966,196.941911,8.289055,nan,0.000161
206.103950,197.812181,8.291769,204.249289,195.960932,8.288357,nan,0.000192
205.660857,197.370054,8.290804,205.783085,197.493537,8.289548,nan,0.000138
205.867417,197.574300,8.293117,205.110720,196.820546,8.290174,nan,0.000184
205.979370,197.687000,8.292369,205.432399,197.142107,8.290292,nan,0.000256
206.491196,198.198495,8.292701,205.671544,197.381237,8.290307,nan,0.000196
207.263589,198.969714,8.293875,206.032953,197.742235,8.290718,nan,0.000289
207.282389,198.987725,8.294665,207.247572,198.954212,8.293360,nan,0.000168
207.328053,199.032222,8.295831,205.921664,197.629063,8.292600,nan,0.000121
207.280770,198.985129,8.295641,207.547413,199.251131,8.296283,nan,0.000015
207.494408,199.198169,8.296239,207.314549,199.020152,8.294396,nan,0.000459
207.703209,199.408632,8.294577,207.415883,199.121751,8.294133,nan,0.000111
207.620942,199.326386,8.294556,208.403913,200.109586,8.294327,nan,0.000425
208.243728,199.947851,8.295878,206.642762,198.350677,8.292086,nan,0.000225
207.226495,198.931952,8.294543,206.620272,198.325979,8.294293,nan,0.000235
207.457310,199.162573,8.294738,207.762101,199.466841,8.295260,nan,0.000079
208.017735,199.722687,8.295048,208.865185,200.569402,8.295782,nan,0.000093
208.559778,200.263273,8.296505,206.979729,198.685543,8.294187,nan,0.000071
208.087246,199.790285,8.296962,208.005220,199.709195,8.296025,nan,0.000189
208.760088,200.461987,8.298101,207.555518,199.260811,8.294708,nan,0.000091
207.909359,199.613888,8.295470,206.546115,198.255338,8.290778,nan,0.000199
207.110426,198.817441,8.292985,206.245209,197.956417,8.288793,nan,0.000156
207.279795,198.985528,8.294266,206.833969,198.541946,8.292024,nan,0.000085
206.139077,197.847638,8.291439,207.770371,199.475587,8.294784,nan,0.000339
208.153891,199.858223,8.295668,207.841661,199.547155,8.294506,nan,0.000096
206.576804,198.282834,8.293970,206.729556,198.437344,8.292212,nan,0.000261
207.053530,198.757644,8.295886,207.239788,198.945930,8.293857,nan,0.000211
207.720273,199.425378,8.294894,206.027628,197.737559,8.290069,nan,0.000120
207.352659,199.059059,8.293600,207.898808,199.605281,8.293528,nan,0.000110
206.736369,198.443990,8.292379,205.670718,197.378719,8.291999,nan,0.000084
206.399301,198.104109,8.295191,205.838905,197.546451,8.292455,nan,0.000153
207.097490,198.802129,8.295361,207.723536,199.428585,8.294951,nan,0.000040
207.840180,199.543990,8.296191,207.574240,199.280176,8.294064,nan,0.000164
207.578672,199.283270,8.295402,206.718003,198.424765,8.293238,nan,0.000141
207.773804,199.477268,8.296536,207.755701,199.459208,8.296492,nan,0.000250
208.043577,199.745230,8.298347,207.161003,198.865684,8.295319,nan,0.000299
207.602143,199.305932,8.296211,206.893244,198.598799,8.294444,nan,0.000336
208.001746,199.704873,8.296873,207.517700,199.221147,8.296553,nan,0.000056
208.146658,199.848810,8.297848,208.220019,199.921740,8.298279,nan,0.000037
208.498764,200.199186,8.299578,208.259714,199.961679,8.298034,nan,0.000167
208.543820,200.244765,8.299055,207.158104,198.861422,8.296682,nan,0.000057
208.065450,199.767686,8.297763,207.008851,198.712781,8.296069,nan,0.000104
207.376690,199.080989,8.295702,207.358618,199.064236,8.294382,nan,0.000037
208.204082,199.906759,8.297323,208.121672,199.826249,8.295423,nan,0.000083
208.370016,200.071313,8.298704,206.955348,198.660298,8.295050,nan,0.000132
207.616045,199.318957,8.297088,207.321955,199.027416,8.294538,nan,0.000178
