259.853690,257.881767,1.971923,196.316976,193.630797,2.686179,5.293637,0.005103
194.176584,191.275842,2.900742,191.445814,187.773699,3.672113,4.752058,0.006614
184.708423,179.456766,5.251657,176.471633,169.692418,6.779215,4.367519,0.009776
171.201504,163.158666,8.042837,163.384683,153.777034,9.607649,4.141348,0.011786
157.916418,147.048169,10.868249,152.371573,140.614523,11.757050,4.100419,0.013465
150.135425,138.208692,11.926732,146.333108,134.063584,12.269524,3.839199,0.014738
145.224312,132.556764,12.667547,142.620255,129.558766,13.061490,3.961089,0.014878
141.371486,127.980934,13.390552,138.568210,124.577390,13.990821,4.144258,0.014194
138.273585,124.122202,14.151383,135.772462,121.215716,14.556746,3.920672,0.015135
135.909113,121.269009,14.640105,133.788571,118.842000,14.946571,3.921173,0.015456
133.792388,118.686299,15.106089,132.111926,116.633732,15.478194,3.655056,0.016429
131.796629,116.203625,15.593005,129.824834,113.970763,15.854072,3.758986,0.016141
129.879447,113.782026,16.097420,128.425200,112.025509,16.399690,3.887894,0.015791
128.320037,111.857094,16.462942,126.918544,110.025683,16.892861,3.755725,0.017073
126.848034,110.034591,16.813443,125.107323,108.032921,17.074402,3.869028,0.016452
125.608344,108.510608,17.097736,124.140680,106.872749,17.267931,3.889428,0.016035
124.463167,107.178065,17.285102,123.162306,105.683714,17.478591,4.034794,0.015686
123.396852,105.939403,17.457449,121.989907,104.368727,17.621180,3.943897,0.015847
122.529600,104.955943,17.573657,121.463025,103.704921,17.758104,3.883196,0.016144
121.683475,103.949793,17.733682,120.685075,102.805271,17.879804,3.910860,0.016293
120.873321,103.002812,17.870508,119.904012,101.853674,18.050338,3.847067,0.016907
120.127877,102.107603,18.020274,119.086258,101.120629,17.965629,4.238444,0.015271
119.374113,101.311644,18.062468,118.676606,100.438022,18.238584,4.002132,0.016596
118.845921,100.631813,18.214108,117.896359,99.518122,18.378237,4.095336,0.016212
118.263986,99.946740,18.317246,117.388845,99.096150,18.292695,3.997135,0.016155
117.707307,99.331525,18.375782,116.975202,98.434162,18.541040,3.938977,0.016594
117.103284,98.700487,18.402796,116.491913,97.996684,18.495228,3.905391,0.016498
116.635006,98.154643,18.480363,115.762881,97.193123,18.569757,4.103359,0.015331
116.114164,97.603891,18.510274,115.426183,96.908699,18.517483,4.080420,0.016137
115.713416,97.213180,18.500236,115.075317,96.526845,18.548472,4.135246,0.015641
115.279002,96.682804,18.596198,114.753022,96.146873,18.606149,3.836680,0.016502
114.796779,96.166141,18.630638,114.299162,95.614777,18.684386,4.130797,0.014969
114.431870,95.784885,18.646985,113.732567,95.137583,18.594984,4.044131,0.015388
114.032289,95.385264,18.647026,113.771715,95.087232,18.684484,4.013535,0.015590
113.643987,94.952594,18.691394,113.184761,94.506531,18.678229,3.907051,0.015471
113.236540,94.574104,18.662437,112.905133,94.249051,18.656082,3.987503,0.015628
112.845567,94.151963,18.693604,112.349363,93.578967,18.770396,3.971478,0.016312
112.500837,93.748478,18.752358,111.909965,93.175104,18.734861,4.181176,0.014983
112.138556,93.404657,18.733899,111.879447,93.136106,18.743341,3.822291,0.016213
111.847516,93.081424,18.766092,111.639454,92.872542,18.766912,4.012488,0.015959
111.427211,92.682938,18.744273,111.054552,92.391541,18.663011,4.117657,0.015205
111.180630,92.424376,18.756254,110.730810,91.930522,18.800288,4.146891,0.014873
110.837562,92.040341,18.797221,110.626057,91.750508,18.875549,3.998573,0.014779
110.575316,91.752707,18.822608,110.327091,91.489462,18.837630,4.107821,0.015307
110.256497,91.419393,18.837104,110.126050,91.317829,18.808221,4.106166,0.014566
109.997765,91.171981,18.825784,109.888736,91.078322,18.810414,4.022053,0.015161
109.775807,90.934515,18.841292,109.673738,90.819124,18.854615,3.829530,0.015837
109.471059,90.596843,18.874216,109.557365,90.672458,18.884908,4.067465,0.015331
109.249690,90.428502,18.821188,108.963610,90.142304,18.821305,4.081134,0.015012
109.017564,90.159321,18.858243,108.963013,90.023458,18.939554,3.984757,0.015397
108.835079,89.970526,18.864553,108.516829,89.564026,18.952802,4.231718,0.014189
108.586966,89.681717,18.905249,108.392450,89.394604,18.997845,4.060452,0.015255
108.325668,89.430589,18.895079,108.419055,89.498343,18.920711,4.002443,0.016208
108.146515,89.183487,18.963029,108.013865,89.030972,18.982894,3.979067,0.015233
107.891166,88.938770,18.952396,107.903855,88.945122,18.958733,3.846143,0.015309
107.702027,88.721178,18.980849,107.660549,88.653522,19.007027,3.918214,0.014344
107.437122,88.410210,19.026912,107.343201,88.391239,18.951963,3.982412,0.014817
107.203978,88.199694,19.004285,107.240167,88.228881,19.011286,3.951226,0.014356
107.022852,88.012278,19.010574,107.243967,88.250049,18.993919,3.994458,0.014391
106.851025,87.846916,19.004108,106.920661,87.905104,19.015558,3.787202,0.015898
106.722146,87.688786,19.033360,106.871313,87.706001,19.165311,3.952054,0.014062
106.468867,87.431275,19.037591,106.669326,87.648108,19.021218,4.118842,0.013882
106.273431,87.218118,19.055313,106.762824,87.771991,18.990833,3.812457,0.015973
106.157434,87.119557,19.037877,106.312826,87.266625,19.046201,4.033816,0.014263
105.956884,86.899613,19.057270,106.360401,87.298929,19.061472,4.026276,0.014713
105.809285,86.763663,19.045622,106.351006,87.229051,19.121955,4.167379,0.014593
105.722808,86.619379,19.103430,106.163460,86.986947,19.176513,3.889363,0.014746
105.544710,86.414108,19.130603,105.686523,86.532107,19.154416,3.984306,0.014180
105.333317,86.194966,19.138352,105.427180,86.269684,19.157496,3.791855,0.015406
105.193103,86.048605,19.144497,105.432083,86.286429,19.145655,3.866713,0.014791
105.047282,85.889144,19.158138,105.418302,86.173420,19.244882,3.927485,0.014954
104.971412,85.796905,19.174507,105.166977,85.925453,19.241524,3.962170,0.014223
104.807082,85.617577,19.189505,104.920679,85.708917,19.211761,3.972126,0.015257
104.650797,85.421429,19.229368,104.924607,85.634869,19.289738,3.969131,0.014610
104.463766,85.227019,19.236747,104.814173,85.495993,19.318180,3.920746,0.015026
104.319364,85.101611,19.217753,104.806044,85.522044,19.284000,3.873016,0.015017
104.251692,85.027361,19.224331,104.715120,85.501643,19.213478,4.214383,0.013776
104.217756,84.935836,19.281920,104.556280,85.299949,19.256331,3.969621,0.014431
104.063590,84.748155,19.315435,104.445613,85.128902,19.316710,3.886422,0.014693
103.893585,84.595265,19.298320,104.313824,85.036284,19.277540,3.841908,0.014653
103.810525,84.505859,19.304666,104.262286,84.970131,19.292155,3.932964,0.014358
103.664420,84.350266,19.314154,104.426550,85.089063,19.337487,3.883168,0.015306
103.610960,84.281791,19.329169,104.086715,84.720068,19.366647,3.978451,0.013743
103.475391,84.107828,19.367563,103.981013,84.588155,19.392859,4.025348,0.014197
103.337143,83.952236,19.384907,104.006976,84.597224,19.409752,3.814673,0.015481
103.257616,83.821314,19.436302,103.847540,84.391605,19.455935,3.937146,0.014854
103.188443,83.761186,19.427257,103.590634,84.178760,19.411874,3.921932,0.013875
103.034297,83.608139,19.426159,103.711671,84.320531,19.391140,3.957037,0.013645
102.981036,83.579600,19.401436,103.719061,84.335768,19.383294,3.794739,0.015546
102.938614,83.505802,19.432812,103.402841,83.963282,19.439560,4.069312,0.013474
102.796883,83.368005,19.428878,103.440338,83.967350,19.472988,4.001078,0.013994
102.794657,83.367380,19.427277,103.403483,83.937018,19.466465,3.872703,0.015281
102.678322,83.200278,19.478044,103.435862,84.085092,19.350770,4.161550,0.013762
102.591182,83.131205,19.459977,103.269423,83.786192,19.483230,3.811697,0.015025
102.475370,83.018385,19.456984,103.072571,83.618937,19.453634,4.044656,0.014360
102.466951,82.985415,19.481535,103.166078,83.765767,19.400311,3.965167,0.013900
102.384225,82.909337,19.474889,103.212148,83.808734,19.403414,4.042525,0.014046
102.338758,82.823214,19.515543,103.060064,83.576936,19.483128,3.995696,0.013923
102.205361,82.682870,19.522492,102.915356,83.338108,19.577249,3.900991,0.013950
102.180237,82.652909,19.527328,102.881141,83.319570,19.561572,3.788667,0.015150
102.068205,82.533308,19.534896,102.835959,83.346971,19.488988,3.721932,0.015170
102.037622,82.506071,19.531552,102.931062,83.483334,19.447728,3.818401,0.014650
101.935430,82.388363,19.547067,102.572807,82.939450,19.633357,3.895527,0.013826
101.888153,82.318538,19.569615,102.686191,83.177224,19.508967,3.811276,0.014413
101.854062,82.268134,19.585928,102.553575,82.957455,19.596120,3.936668,0.014043
101.744209,82.166940,19.577269,102.364335,82.854746,19.509589,4.039071,0.013895
101.720653,82.143879,19.576774,102.759831,83.204663,19.555167,3.860671,0.014808
101.597476,82.005172,19.592304,102.537023,82.931432,19.605591,4.148220,0.012964
101.581612,82.017882,19.563730,102.228129,82.723624,19.504506,3.783781,0.015018
101.532199,81.937527,19.594672,102.352584,82.774777,19.577807,3.879386,0.014692
101.403222,81.823621,19.579600,102.297261,82.819602,19.477659,4.055446,0.013054
101.403534,81.804878,19.598655,102.325372,82.737422,19.587950,3.836394,0.014630
101.312447,81.680507,19.631940,102.115607,82.455090,19.660517,3.761919,0.014754
101.252687,81.668534,19.584153,102.264260,82.682663,19.581597,3.841036,0.014093
101.234342,81.610307,19.624035,102.203362,82.526445,19.676916,4.088464,0.013428
101.126393,81.489914,19.636479,102.166768,82.595811,19.570957,3.849791,0.014554
101.171630,81.556162,19.615469,102.021409,82.422167,19.599243,4.012691,0.013478
101.034977,81.424536,19.610441,102.146175,82.499105,19.647070,3.768484,0.014888
100.980308,81.348574,19.631735,102.093718,82.528863,19.564855,3.948802,0.013812
100.947275,81.324746,19.622529,101.805266,82.170154,19.635111,4.091971,0.012748
100.904889,81.270305,19.634584,101.841039,82.238935,19.602103,3.851974,0.014267
100.861697,81.200511,19.661186,101.880865,82.229721,19.651143,3.827700,0.014065
100.789351,81.116990,19.672361,101.703608,82.017929,19.685679,3.801842,0.014305
100.778907,81.106160,19.672747,101.669928,82.063661,19.606267,3.876276,0.013741
100.733749,81.087685,19.646064,101.791458,82.194764,19.596693,3.992109,0.014326
100.711651,81.069307,19.642344,101.711406,82.054698,19.656708,3.867631,0.013743
100.591918,80.937111,19.654807,101.625392,81.960941,19.664452,3.772711,0.014692
100.649941,80.970042,19.679899,102.115885,82.468115,19.647770,3.730880,0.015401
100.587644,80.918960,19.668683,101.752195,82.181766,19.570429,4.015286,0.013760
100.536759,80.868923,19.667835,101.701763,82.088476,19.613287,3.936805,0.013894
100.463042,80.815952,19.647090,101.637525,82.013557,19.623969,4.081373,0.013482
100.432904,80.769082,19.663822,101.528828,81.886724,19.642104,4.200540,0.013597
100.350381,80.706542,19.643839,101.609739,82.011707,19.598032,3.987568,0.013558
100.407430,80.674075,19.733355,101.506966,81.876140,19.630826,3.855247,0.014243
100.332546,80.653882,19.678664,101.652750,81.983612,19.669137,3.960753,0.013813
100.273856,80.603738,19.670118,101.520848,81.861767,19.659081,3.909729,0.014516
100.248028,80.578690,19.669338,101.524596,81.838225,19.686371,3.941982,0.014186
100.270504,80.562468,19.708036,101.270754,81.524868,19.745886,3.905696,0.013370
100.167622,80.448395,19.719227,101.565821,81.950927,19.614893,3.877731,0.014773
100.127995,80.412199,19.715796,101.341806,81.678453,19.663353,4.051949,0.013528
100.102860,80.413149,19.689711,101.320453,81.716697,19.603756,4.040930,0.013323
100.080222,80.388025,19.692197,101.243913,81.625614,19.618299,4.002816,0.013242
100.039831,80.343788,19.696043,101.040576,81.322675,19.717901,3.931303,0.013667
99.973840,80.261669,19.712171,101.367911,81.588999,19.778911,3.705204,0.015027
99.999815,80.298147,19.701668,101.239849,81.499929,19.739920,3.862348,0.014521
99.908268,80.207947,19.700322,101.123949,81.490974,19.632975,3.951613,0.014550
99.891258,80.240176,19.651082,101.229234,81.641249,19.587985,3.858159,0.013826
99.785719,80.117584,19.668136,101.289415,81.713866,19.575549,3.759181,0.015198
99.840515,80.163074,19.677441,101.100009,81.456621,19.643389,3.824032,0.014249
99.827502,80.158019,19.669483,101.045016,81.353797,19.691219,3.932623,0.014497
99.742645,80.046127,19.696517,101.004371,81.332361,19.672010,3.928701,0.014157
99.697300,80.007026,19.690275,101.096617,81.494380,19.602236,3.806724,0.014263
99.694011,80.011536,19.682476,101.036872,81.365397,19.671475,3.735363,0.014731
99.633879,79.964672,19.669207,101.054972,81.406096,19.648876,3.828035,0.014145
99.606670,79.975806,19.630864,100.938661,81.243178,19.695483,3.854370,0.014067
99.580770,79.925238,19.655531,100.896902,81.224684,19.672219,3.764275,0.015057
99.496456,79.860078,19.636379,100.788878,81.177752,19.611126,3.884974,0.013876
99.531580,79.892587,19.638993,101.302426,81.664577,19.637849,3.951079,0.015149
99.602345,79.916977,19.685368,101.047840,81.389680,19.658161,3.779839,0.013914
99.427904,79.801807,19.626097,100.997212,81.354380,19.642832,3.905775,0.013545
