200.744170,197.374794,3.369376,174.804056,167.850063,6.953993,3.337692,0.013395
159.556952,149.557267,9.999686,149.197374,137.541896,11.655478,2.953562,0.019413
145.480439,133.053473,12.426966,140.815040,127.670591,13.144449,3.082780,0.020461
138.848449,125.268310,13.580139,135.599946,121.573290,14.026655,3.100361,0.020993
134.301292,120.004214,14.297078,131.868602,117.221094,14.647507,3.141468,0.021837
131.013123,116.112268,14.900855,128.801142,113.638059,15.163083,3.312780,0.020337
128.391846,113.017951,15.373895,126.639769,111.085701,15.554067,3.116457,0.022197
126.322326,110.608721,15.713605,124.657687,108.677275,15.980412,3.135981,0.021962
124.472221,108.460108,16.012113,123.023444,106.865623,16.157821,3.224003,0.021969
123.079590,106.814679,16.264911,121.938650,105.484414,16.454236,2.939831,0.024563
121.680977,105.185144,16.495833,120.595697,104.012676,16.583022,3.130281,0.023291
120.519711,103.830412,16.689299,119.589323,102.685148,16.904175,3.205929,0.021784
119.476117,102.616010,16.860107,118.441709,101.429635,17.012075,3.253461,0.021091
118.477998,101.468305,17.009693,117.663433,100.506251,17.157182,3.206314,0.022329
117.663840,100.612056,17.051784,117.032765,99.869492,17.163273,3.210839,0.021843
116.952510,99.797985,17.154524,116.395007,99.303049,17.091958,3.282290,0.021612
116.209618,98.958487,17.251131,115.616897,98.364217,17.252680,3.198324,0.021929
115.470129,98.139524,17.330605,114.950904,97.531600,17.419304,3.235679,0.021405
114.815432,97.414117,17.401315,114.247442,96.945576,17.301866,3.319927,0.019862
114.248135,96.795385,17.452749,113.757633,96.260516,17.497116,3.420308,0.020167
113.705551,96.191820,17.513731,113.236120,95.707758,17.528361,3.229514,0.021649
113.159589,95.563497,17.596092,112.674647,94.967347,17.707300,3.233039,0.019983
112.606372,94.939922,17.666450,112.361214,94.679283,17.681931,3.242972,0.020664
112.192691,94.423298,17.769393,112.090837,94.279750,17.811087,3.295226,0.021226
111.761200,93.957779,17.803421,111.693044,93.757671,17.935373,3.292774,0.020222
111.335065,93.446755,17.888310,111.078002,93.123677,17.954324,3.315979,0.019844
110.910502,92.977823,17.932679,110.936171,93.044265,17.891905,3.210395,0.020780
110.557008,92.609913,17.947096,110.707387,92.792143,17.915244,3.345112,0.020889
110.252667,92.312646,17.940021,110.121777,92.099055,18.022722,3.230682,0.020816
109.895252,91.890054,18.005198,109.842342,91.828961,18.013381,3.303054,0.020389
109.613183,91.603519,18.009664,109.611932,91.627068,17.984865,3.324303,0.020453
109.236676,91.207391,18.029285,109.373574,91.342645,18.030929,3.298372,0.020284
109.029397,91.026288,18.003109,109.183823,91.157816,18.026007,3.323862,0.019918
108.760114,90.755330,18.004784,108.941306,90.924046,18.017261,3.300811,0.019906
108.441396,90.466218,17.975178,108.665613,90.666990,17.998623,3.316833,0.019048
108.278497,90.297201,17.981296,108.584610,90.575997,18.008613,3.328988,0.018959
108.059986,90.071425,17.988561,108.191332,90.203273,17.988059,3.450891,0.018981
107.740334,89.777883,17.962451,108.255670,90.405348,17.850322,3.389333,0.020620
107.462444,89.520497,17.941947,107.703962,89.713898,17.990064,3.367737,0.019639
107.343948,89.373396,17.970552,107.688637,89.780776,17.907860,3.300416,0.019829
107.055545,89.080445,17.975100,107.495252,89.530158,17.965095,3.337404,0.020416
106.884433,88.910271,17.974162,107.213454,89.248498,17.964956,3.604888,0.018930
106.689600,88.715658,17.973942,106.977545,88.941684,18.035861,3.338580,0.019144
106.485217,88.537605,17.947612,107.229094,89.273865,17.955229,3.318841,0.019855
106.362831,88.355249,18.007582,107.139254,89.258868,17.880386,3.226130,0.021304
106.102497,88.110346,17.992152,106.798509,88.740156,18.058353,3.373063,0.018617
105.951051,87.931749,18.019302,106.736468,88.740672,17.995797,3.446613,0.018191
105.834177,87.823843,18.010333,106.225234,88.144830,18.080404,3.456011,0.018039
105.717555,87.706989,18.010566,106.110760,88.164498,17.946263,3.458644,0.020200
105.494418,87.483125,18.011293,106.066441,88.114439,17.952001,3.450904,0.018853
105.443188,87.443585,17.999602,106.076991,88.052220,18.024772,3.288654,0.019884
105.240743,87.186726,18.054017,106.109154,88.099205,18.009949,3.336185,0.019419
105.116751,87.067903,18.048848,105.813615,87.796646,18.016969,3.433099,0.019134
104.925085,86.888671,18.036415,105.732004,87.746053,17.985950,3.494575,0.019006
104.819408,86.730275,18.089134,105.944537,87.921453,18.023084,3.373530,0.019601
104.684913,86.618187,18.066726,105.360265,87.271979,18.088286,3.364753,0.018685
104.561593,86.477997,18.083597,105.592141,87.547221,18.044920,3.439875,0.020286
104.507801,86.424863,18.082937,105.458336,87.405839,18.052497,3.300246,0.020359
104.458120,86.356763,18.101357,105.059407,86.909500,18.149907,3.363378,0.020434
104.223701,86.089239,18.134462,105.089137,86.911657,18.177480,3.303632,0.020956
104.144913,85.971888,18.173026,105.091070,86.988190,18.102880,3.356293,0.019501
104.099284,85.948506,18.150779,104.869818,86.807206,18.062611,3.395874,0.018171
104.042527,85.855162,18.187365,104.969895,86.851614,18.118280,3.514173,0.018077
103.923855,85.716296,18.207559,104.695685,86.525427,18.170258,3.516403,0.018995
103.811917,85.605251,18.206666,104.739052,86.557181,18.181871,3.454845,0.018233
103.734350,85.497432,18.236918,104.797746,86.543500,18.254246,3.470544,0.017360
103.656730,85.437469,18.219261,104.587764,86.427685,18.160079,3.480932,0.020165
103.535719,85.310396,18.225322,104.769256,86.613660,18.155596,3.534317,0.018151
103.505346,85.277673,18.227674,104.725582,86.543449,18.182133,3.406332,0.018872
103.493108,85.219107,18.274001,104.553994,86.363689,18.190305,3.383711,0.019324
103.431675,85.145582,18.286093,104.512356,86.254763,18.257593,3.451559,0.019710
103.324966,85.069841,18.255125,104.426412,86.184997,18.241415,3.552170,0.018762
103.266169,85.016848,18.249321,104.410418,86.100132,18.310286,3.434258,0.019830
103.263492,84.973807,18.289685,104.394213,86.135888,18.258325,3.357756,0.019635
103.140736,84.846742,18.293994,104.445033,86.220209,18.224824,3.396947,0.018032
103.161873,84.855249,18.306624,104.330818,86.076621,18.254197,3.395060,0.019355
103.044530,84.729585,18.314945,104.409304,86.132095,18.277209,3.529191,0.018849
103.002174,84.713196,18.288978,104.369349,86.122468,18.246881,3.482477,0.019655
102.933101,84.625441,18.307660,103.991669,85.773827,18.217842,3.628741,0.017970
102.853431,84.533343,18.320088,104.107565,85.776283,18.331282,3.532795,0.017385
102.852556,84.506968,18.345588,104.071045,85.816046,18.254999,3.546494,0.017735
102.753642,84.409346,18.344296,104.095685,85.803271,18.292413,3.342155,0.019018
102.754453,84.406161,18.348292,104.062979,85.779539,18.283439,3.322406,0.020579
102.675264,84.315304,18.359960,103.973588,85.701353,18.272236,3.489330,0.018746
102.636182,84.229327,18.406855,103.943862,85.579474,18.364388,3.463450,0.019003
102.605456,84.219038,18.386418,104.037044,85.730120,18.306924,3.433980,0.018185
102.582531,84.165864,18.416667,104.006439,85.580391,18.426047,3.576562,0.019386
102.532258,84.138887,18.393371,103.904837,85.493837,18.411000,3.536137,0.017595
102.467560,84.040124,18.427437,104.102899,85.744746,18.358154,3.648776,0.018575
102.404906,84.001294,18.403612,103.888110,85.517720,18.370391,3.375096,0.020291
102.344372,83.871937,18.472435,103.918335,85.602150,18.316185,3.459838,0.018863
102.377670,83.937557,18.440112,104.015349,85.562502,18.452847,3.338770,0.020048
102.293936,83.817470,18.476466,103.642659,85.230025,18.412634,3.621974,0.017937
102.326835,83.862499,18.464336,103.920563,85.548266,18.372296,3.438048,0.019379
102.196934,83.709965,18.486969,103.828093,85.431804,18.396289,3.506682,0.018659
102.227711,83.771335,18.456377,103.905745,85.438570,18.467175,3.563311,0.017538
102.172649,83.684970,18.487679,103.922273,85.495884,18.426388,3.545929,0.018348
102.214795,83.700376,18.514419,103.694059,85.199358,18.494701,3.639611,0.019293
102.097349,83.556422,18.540927,103.695546,85.151871,18.543675,3.520167,0.017827
102.091989,83.570945,18.521044,103.746306,85.206680,18.539626,3.506977,0.019250
102.013512,83.515987,18.497525,103.803826,85.319689,18.484136,3.514772,0.018563
101.918756,83.363726,18.555030,103.445799,84.880304,18.565495,3.323215,0.020269
102.019588,83.520920,18.498668,103.596529,85.069383,18.527146,3.425478,0.020039
101.948892,83.415979,18.532913,103.807145,85.429852,18.377294,3.616280,0.018782
101.940718,83.407231,18.533487,103.819181,85.388486,18.430695,3.434812,0.019266
101.881143,83.361980,18.519163,103.547903,85.065469,18.482435,3.708181,0.017018
101.891811,83.343020,18.548791,103.720006,85.196532,18.523474,3.388204,0.019300
101.870394,83.300208,18.570185,103.691386,85.164768,18.526618,3.436600,0.020948
101.888981,83.324446,18.564536,103.433939,84.826617,18.607322,3.325439,0.020030
101.766382,83.144832,18.621550,103.576923,84.955284,18.621639,3.418842,0.018741
101.755990,83.137827,18.618163,103.426185,84.879019,18.547166,3.521955,0.019053
101.722415,83.102368,18.620047,103.490915,84.874324,18.616590,3.522426,0.018963
101.781477,83.198289,18.583188,103.241363,84.741831,18.499532,3.780298,0.018102
101.678081,83.085553,18.592528,103.699353,85.216072,18.483281,3.547066,0.020461
101.685835,83.080731,18.605105,103.513544,84.932872,18.580672,3.384385,0.020466
101.646530,83.038670,18.607860,103.767065,85.148062,18.619002,3.520827,0.019114
101.657860,83.008328,18.649532,103.568997,85.018562,18.550435,3.348722,0.020477
101.627057,83.009723,18.617333,103.685421,85.062496,18.622924,3.390760,0.019951
101.628344,82.976051,18.652293,103.552570,84.862341,18.690229,3.436258,0.019238
101.539677,82.886925,18.652752,103.341502,84.628440,18.713062,3.535288,0.017060
101.479408,82.795510,18.683898,103.543838,84.936693,18.607145,3.408848,0.019891
101.465651,82.797469,18.668183,103.726116,85.148633,18.577482,3.713525,0.018018
101.554253,82.900780,18.653472,103.451269,84.904817,18.546451,3.401650,0.020124
101.494718,82.862982,18.631736,103.491550,84.907485,18.584064,3.599985,0.018469
101.473918,82.840996,18.632922,103.545536,84.908261,18.637275,3.705286,0.017105
101.532126,82.864320,18.667805,103.535062,84.811595,18.723467,3.651710,0.018119
101.471245,82.739893,18.731353,103.301027,84.582626,18.718402,3.499986,0.018679
101.480805,82.812117,18.668688,103.416381,84.711313,18.705068,3.565478,0.017504
101.411476,82.665678,18.745798,103.256514,84.627690,18.628824,3.478302,0.019091
101.494622,82.780315,18.714307,103.404593,84.644870,18.759723,3.591175,0.018664
101.294288,82.579989,18.714299,103.371860,84.672988,18.698873,3.546306,0.019305
101.381902,82.693860,18.688042,103.436964,84.728979,18.707985,3.603574,0.019441
101.346983,82.598699,18.748284,103.314982,84.626730,18.688251,3.598665,0.019108
101.337339,82.621392,18.715946,103.800585,85.079123,18.721462,3.420088,0.018885
101.408746,82.685718,18.723028,103.928585,85.198613,18.729972,3.421379,0.018606
101.310484,82.596064,18.714420,103.396761,84.709958,18.686803,3.402385,0.018473
101.310787,82.606353,18.704434,103.667810,84.951669,18.716140,3.263636,0.020598
101.258331,82.502589,18.755742,103.596096,84.945258,18.650837,3.472445,0.018229
101.229098,82.495455,18.733642,103.403625,84.625336,18.778288,3.490075,0.019420
101.254970,82.523430,18.731541,103.588539,84.851243,18.737296,3.479331,0.019713
101.286426,82.566640,18.719786,103.406748,84.765209,18.641539,3.593603,0.018365
101.193740,82.500852,18.692888,103.561582,84.794682,18.766900,3.583305,0.018927
101.206339,82.502362,18.703978,103.405207,84.722231,18.682976,3.678012,0.016411
101.163628,82.425604,18.738024,103.333801,84.615959,18.717842,3.662905,0.018343
101.141295,82.388868,18.752427,103.426960,84.677833,18.749128,3.623958,0.018625
101.120332,82.380728,18.739605,103.169566,84.520167,18.649399,3.598261,0.020292
101.143105,82.369775,18.773330,103.367398,84.625207,18.742192,3.468550,0.020156
101.089815,82.332620,18.757195,103.225770,84.484253,18.741517,3.603384,0.017861
101.083239,82.340484,18.742755,103.386240,84.661873,18.724367,3.508587,0.020066
101.133428,82.385249,18.748179,103.266496,84.493589,18.772907,3.740865,0.017503
101.143268,82.360534,18.782734,103.330223,84.520744,18.809480,3.494462,0.018575
101.033427,82.245616,18.787811,103.218526,84.545793,18.672732,3.704522,0.017613
101.029832,82.267234,18.762598,103.230879,84.520788,18.710091,3.568523,0.019140
101.014337,82.251347,18.762990,103.120885,84.371426,18.749459,3.601536,0.018945
101.007444,82.249891,18.757553,103.257718,84.587463,18.670255,3.525559,0.019235
101.039487,82.269613,18.769874,103.279461,84.584328,18.695132,3.494348,0.019714
100.967150,82.173208,18.793942,103.451184,84.610055,18.841129,3.590964,0.018019
101.001357,82.209276,18.792081,103.593035,84.831271,18.761764,3.614625,0.018401
100.947969,82.168900,18.779069,103.153202,84.340875,18.812326,3.554780,0.018392
100.915006,82.120490,18.794516,103.166129,84.307956,18.858173,3.454754,0.020183
