211.044271,207.561879,3.482392,190.146658,185.236248,4.910410,3.033257,0.012932
178.821746,169.706287,9.115459,167.974775,155.857733,12.117043,2.715493,0.020077
161.152201,146.708193,14.444007,154.274106,137.892162,16.381944,2.689496,0.024073
151.187300,133.860025,17.327275,146.961076,128.541832,18.419244,2.844728,0.025112
145.206487,126.237789,18.968697,141.778621,121.881752,19.896870,2.780692,0.026518
140.785705,120.430888,20.354817,138.213632,116.969329,21.244305,2.781332,0.027931
137.395541,115.914803,21.480738,135.194068,113.112769,22.081298,2.721045,0.028290
134.821348,112.523399,22.297949,132.634601,110.011569,22.623031,2.803715,0.028899
132.687376,109.807092,22.880284,130.718693,107.312345,23.406348,2.824994,0.029657
131.076156,107.563635,23.512521,129.255356,105.395368,23.859988,3.037151,0.028650
129.605325,105.669755,23.935570,127.975264,103.573089,24.402175,2.939080,0.028299
128.373726,104.045102,24.328624,126.880944,102.304469,24.576475,2.830790,0.028720
127.244628,102.665324,24.579304,125.923541,101.251079,24.672462,2.933245,0.028652
126.355746,101.493703,24.862042,125.214575,100.308136,24.906438,2.882236,0.030041
125.523805,100.470420,25.053384,124.421677,99.388143,25.033535,2.813320,0.030111
124.738760,99.449465,25.289294,123.540013,98.255176,25.284837,3.030571,0.029263
124.081868,98.666720,25.415148,123.148134,97.647383,25.500751,2.992051,0.029569
123.531845,97.964544,25.567301,122.597323,96.776365,25.820959,2.897799,0.030449
122.822721,97.168865,25.653855,122.161673,96.372301,25.789372,3.105819,0.029016
122.346920,96.585948,25.760972,121.418975,95.695375,25.723600,2.951662,0.030026
121.890983,96.056636,25.834347,121.325491,95.276872,26.048619,2.907635,0.030678
121.259787,95.424213,25.835574,120.657339,94.771829,25.885510,2.909508,0.029597
120.845034,94.903700,25.941334,120.107056,94.252859,25.854197,2.963222,0.030771
120.408798,94.469337,25.939462,119.599592,93.791184,25.808408,2.955079,0.029659
119.983150,93.953166,26.029983,119.405735,93.400854,26.004880,3.028046,0.030708
119.588130,93.539794,26.048336,119.319125,93.167530,26.151595,2.982100,0.029643
119.189599,93.068952,26.120647,118.666417,92.664048,26.002369,3.059007,0.027916
118.791980,92.657791,26.134190,118.497775,92.372294,26.125481,3.101035,0.029885
118.459621,92.328695,26.130926,118.107003,92.012169,26.094835,3.028874,0.029787
118.180624,91.974344,26.206280,117.613895,91.640610,25.973284,3.098936,0.028738
117.841468,91.710797,26.130671,117.535756,91.410905,26.124851,2.970320,0.031018
117.566820,91.406050,26.160770,117.230941,91.186552,26.044389,3.089002,0.028520
117.146492,90.988854,26.157638,117.075269,91.069615,26.005654,2.979241,0.029565
116.941694,90.734884,26.206809,116.664026,90.592904,26.071121,3.042538,0.028978
116.562883,90.433851,26.129033,116.155558,90.264715,25.890843,3.153526,0.028384
116.304875,90.189285,26.115591,116.257797,90.231499,26.026297,3.189928,0.027191
115.963647,89.873570,26.090077,115.907831,90.082096,25.825735,3.082920,0.027640
115.761357,89.720231,26.041126,115.694278,89.633604,26.060674,3.111265,0.028753
115.460313,89.425752,26.034561,115.330628,89.436046,25.894582,3.304810,0.026311
115.198790,89.230696,25.968094,114.866794,89.115255,25.751539,3.287636,0.026793
114.968577,88.977512,25.991065,114.715838,88.825070,25.890768,3.184206,0.027570
114.675495,88.712521,25.962975,114.492477,88.614349,25.878127,3.193600,0.027498
114.422700,88.528964,25.893736,114.163962,88.562252,25.601710,3.179247,0.027700
114.213407,88.315033,25.898374,114.260493,88.597127,25.663366,3.063835,0.026738
113.919408,88.108901,25.810506,113.769703,87.958287,25.811416,3.223944,0.026417
113.721187,87.904997,25.816191,113.689361,87.904389,25.784973,3.108222,0.026946
113.441343,87.677697,25.763646,113.668435,88.074761,25.593674,3.066099,0.028887
113.299579,87.525038,25.774541,113.428855,87.590101,25.838755,3.149076,0.027539
113.066412,87.313353,25.753059,112.936857,87.473718,25.463139,3.165145,0.027332
112.789283,87.045468,25.743814,112.905469,87.265403,25.640066,3.158506,0.028069
112.626063,86.954428,25.671635,112.850809,87.149414,25.701395,3.084534,0.027068
112.434698,86.720881,25.713817,112.393959,86.748559,25.645400,3.259043,0.025887
112.151330,86.503735,25.647595,112.390237,86.989132,25.401105,3.085350,0.027009
112.012168,86.387639,25.624529,112.143829,86.560493,25.583336,3.175447,0.025107
111.785403,86.167990,25.617413,111.938701,86.386338,25.552364,3.274519,0.026279
111.669659,86.073643,25.596017,111.818951,86.401836,25.417115,3.067981,0.027883
111.400850,85.826325,25.574525,111.561830,86.109433,25.452397,3.196899,0.026941
111.201700,85.666139,25.535560,111.237647,86.000877,25.236769,3.220342,0.026937
110.981690,85.508247,25.473443,111.023479,85.641923,25.381556,3.435936,0.025792
110.786932,85.289726,25.497206,110.939405,85.578817,25.360588,3.254627,0.024267
110.611700,85.186365,25.425335,110.909199,85.626702,25.282497,3.185829,0.026930
110.442394,85.028639,25.413755,110.781511,85.540024,25.241487,3.040955,0.027602
110.259059,84.838329,25.420730,110.540539,85.135362,25.405177,3.369542,0.025190
110.165000,84.747078,25.417922,110.249918,84.944738,25.305181,3.223363,0.026515
109.960283,84.572317,25.387965,110.181544,85.040913,25.140631,3.190090,0.026370
109.824995,84.475504,25.349490,110.026500,84.922500,25.104000,3.201434,0.025550
109.677160,84.381267,25.295892,110.035792,84.753991,25.281801,3.328099,0.022750
109.576280,84.258192,25.318087,109.963490,84.678890,25.284600,3.361917,0.025240
109.349474,84.047698,25.301776,109.613211,84.482710,25.130500,3.153077,0.024976
109.204850,83.926705,25.278145,109.311426,84.183243,25.128183,3.205404,0.025243
109.042610,83.793334,25.249276,109.395182,84.195116,25.200067,3.269114,0.024977
108.899011,83.648830,25.250181,109.207196,84.081853,25.125343,3.161060,0.027131
108.834839,83.582095,25.252744,109.159826,83.884830,25.274995,3.263997,0.026326
108.533709,83.377092,25.156617,108.830432,83.879215,24.951217,3.348503,0.024400
108.474440,83.327866,25.146574,108.672106,83.582645,25.089461,3.294840,0.025418
108.360900,83.213679,25.147221,108.620589,83.638108,24.982481,3.288086,0.024454
108.158288,83.025362,25.132926,108.362160,83.499415,24.862745,3.231642,0.025208
108.057826,82.917713,25.140113,108.437424,83.281739,25.155686,3.256094,0.024892
107.963763,82.801368,25.162395,108.478603,83.390498,25.088105,3.226440,0.024074
107.851539,82.701135,25.150404,108.156352,83.170570,24.985782,3.305192,0.023822
107.730397,82.642408,25.087989,108.297317,83.222975,25.074342,3.162232,0.026749
107.609365,82.539785,25.069579,108.074492,83.204373,24.870119,3.256427,0.024375
107.482398,82.405175,25.077223,107.847820,82.898398,24.949422,3.352895,0.023197
107.335538,82.328413,25.007125,107.877786,82.781369,25.096417,3.285173,0.024940
107.170748,82.135062,25.035686,107.591028,82.686543,24.904486,3.265342,0.025778
107.100054,82.111804,24.988250,107.486035,82.735832,24.750203,3.270614,0.025510
106.992128,82.020741,24.971387,107.579198,82.717948,24.861250,3.338716,0.025173
106.871776,81.959405,24.912371,107.660122,82.799687,24.860436,3.239018,0.025681
106.796044,81.867173,24.928871,107.228957,82.460475,24.768482,3.269977,0.025211
106.667043,81.675745,24.991299,107.191363,82.373295,24.818068,3.290446,0.023621
106.584291,81.677180,24.907111,106.995812,82.300110,24.695702,3.346408,0.023732
106.487206,81.520424,24.966782,107.071887,82.265917,24.805971,3.181500,0.025104
106.375146,81.449257,24.925889,107.171497,82.245632,24.925866,3.252739,0.023807
106.230347,81.307079,24.923268,106.994896,82.096349,24.898547,3.362380,0.022983
106.150134,81.276726,24.873409,106.784742,82.021780,24.762962,3.336702,0.026443
106.056228,81.184860,24.871368,106.832391,82.020826,24.811565,3.258598,0.025279
106.018755,81.141663,24.877092,106.667956,82.054200,24.613756,3.123352,0.025707
105.855989,81.009809,24.846180,106.437106,81.821139,24.615966,3.245421,0.023725
105.800160,80.947236,24.852925,106.579992,81.617621,24.962371,3.287941,0.023197
105.801618,80.923697,24.877922,106.105092,81.385386,24.719706,3.309692,0.024402
105.594907,80.686532,24.908376,106.424515,81.746146,24.678369,3.618724,0.021619
105.585544,80.682768,24.902776,106.309187,81.448517,24.860669,3.268466,0.022415
105.415275,80.563209,24.852066,106.311990,81.384828,24.927162,3.411996,0.023954
105.391111,80.494585,24.896526,106.036706,81.273218,24.763489,3.351693,0.023930
105.275933,80.346677,24.929256,105.858518,81.078664,24.779854,3.225803,0.022798
105.240404,80.272766,24.967638,105.864229,81.071255,24.792974,3.193759,0.025472
105.206766,80.200068,25.006697,105.879106,81.027594,24.851512,3.188726,0.023791
105.184172,80.087791,25.096381,105.967355,80.964235,25.003120,3.276004,0.022837
105.078792,80.046016,25.032776,106.081725,80.903169,25.178556,3.186965,0.023062
105.044147,80.031609,25.012537,105.870848,80.794537,25.076311,3.320214,0.023638
105.056922,79.871317,25.185605,105.895819,80.541123,25.354695,3.237730,0.022609
105.148009,79.755165,25.392844,105.695818,80.672481,25.023337,3.204850,0.023291
104.960199,79.760096,25.200103,105.760399,80.673664,25.086735,3.151291,0.024037
104.848421,79.758657,25.089764,105.688413,80.541816,25.146598,3.198033,0.022214
104.709501,79.712504,24.996997,105.727314,80.589687,25.137626,3.257818,0.022866
104.616592,79.563236,25.053356,105.534956,80.499156,25.035800,3.185640,0.023880
104.631243,79.622549,25.008694,105.617575,80.753716,24.863860,3.085777,0.023409
104.496288,79.504512,24.991775,105.363399,80.594193,24.769205,3.339955,0.022793
104.373735,79.504801,24.868934,105.420475,80.465765,24.954711,3.239019,0.022809
104.343268,79.400130,24.943138,105.249117,80.490356,24.758761,3.211296,0.024399
104.291271,79.401166,24.890104,104.955675,80.177621,24.778054,3.335262,0.022975
104.232631,79.312578,24.920053,105.172171,80.257358,24.914813,3.274355,0.023309
104.093498,79.223731,24.869768,104.976997,80.232451,24.744546,3.326180,0.023368
104.070728,79.217789,24.852939,104.978931,80.324838,24.654092,3.148118,0.022428
104.100827,79.190127,24.910700,105.692913,80.572120,25.120793,3.083638,0.024201
104.020458,79.101837,24.918621,105.029391,80.180008,24.849383,3.298312,0.022814
103.864434,79.061103,24.803331,104.694780,79.929587,24.765193,3.461452,0.022226
103.811765,79.001330,24.810434,104.947605,80.258811,24.688795,3.400367,0.022544
103.777340,78.941550,24.835791,104.771848,80.035890,24.735958,3.405274,0.021884
103.733210,78.905012,24.828197,104.657943,79.948601,24.709341,3.262889,0.022859
103.655583,78.881714,24.773869,104.818090,80.081199,24.736892,3.331736,0.022762
103.637382,78.861590,24.775793,104.580213,79.909950,24.670263,3.434349,0.021334
103.611564,78.836668,24.774896,104.643287,79.957098,24.686189,3.323045,0.023024
103.522836,78.774966,24.747871,104.543537,79.927587,24.615949,3.109924,0.024606
103.524725,78.816488,24.708237,104.259928,79.664529,24.595398,3.295950,0.022543
103.434131,78.648161,24.785971,104.476780,79.758884,24.717895,3.300605,0.023672
103.394933,78.607142,24.787791,104.231146,79.658783,24.572364,3.155775,0.023213
103.271792,78.542279,24.729514,104.262993,79.726207,24.536786,3.333066,0.022296
103.261077,78.536868,24.724209,104.311165,79.685862,24.625303,3.293582,0.024666
103.224160,78.486249,24.737910,104.262902,79.685391,24.577511,3.282331,0.024093
103.174860,78.453169,24.721691,104.196782,79.470497,24.726284,3.369864,0.022510
103.027316,78.366113,24.661203,104.244432,79.602867,24.641565,3.396855,0.021001
103.011146,78.368730,24.642416,104.206980,79.590969,24.616011,3.439186,0.022082
103.024944,78.316867,24.708077,103.982996,79.345683,24.637313,3.580652,0.022034
102.926082,78.233539,24.692543,104.040685,79.362533,24.678153,3.371736,0.022503
102.921293,78.206501,24.714791,104.091464,79.520580,24.570885,3.167270,0.023622
102.830144,78.190989,24.639155,104.066262,79.332425,24.733838,3.265336,0.023032
102.875216,78.220550,24.654666,103.978737,79.218443,24.760293,3.261208,0.022352
102.776866,78.054562,24.722305,103.943766,79.361318,24.582449,3.341956,0.025128
102.672366,78.009802,24.662564,104.000051,79.373338,24.626714,3.236176,0.022713
102.717589,78.040698,24.676892,104.026632,79.239387,24.787245,3.339296,0.023247
102.681586,77.984762,24.696825,103.714531,79.253949,24.460582,3.449394,0.023622
102.569339,77.909344,24.659995,103.684744,79.185580,24.499164,3.243682,0.022814
102.589874,77.971008,24.618866,103.631174,79.182451,24.448722,3.348938,0.022086
102.511669,77.847254,24.664416,103.945188,79.380443,24.564745,3.186605,0.024022
102.537091,77.855239,24.681852,103.739941,79.111669,24.628272,3.248004,0.023423
102.530776,77.816206,24.714570,103.730131,79.151203,24.578928,3.108217,0.024354
102.475000,77.785036,24.689965,104.098221,79.251635,24.846587,3.093991,0.024536
102.425331,77.714693,24.710637,103.616432,78.982808,24.633625,3.367281,0.022157
102.348176,77.694691,24.653485,103.383724,78.734376,24.649348,3.339494,0.022529
