198.809572,195.698755,3.110818,178.072065,171.629198,6.442868,3.715392,0.009308
162.533632,152.594101,9.939530,151.816044,140.224464,11.591581,3.609075,0.012038
148.045002,135.945311,12.099691,143.870042,131.435316,12.434726,3.586379,0.013647
142.060149,129.242810,12.817339,138.475791,125.290759,13.185033,3.866401,0.012577
137.755630,124.203108,13.552522,135.459861,121.640494,13.819367,3.773531,0.013976
134.830342,120.750551,14.079791,133.438175,119.147659,14.290515,3.461424,0.015072
132.501022,118.172061,14.328960,131.090486,116.783601,14.306886,3.857396,0.014926
130.664696,116.171280,14.493417,128.897701,114.322208,14.575494,3.913988,0.014236
128.889329,114.174042,14.715287,127.373797,112.451028,14.922769,3.932938,0.013013
127.439256,112.508936,14.930320,125.999010,110.939981,15.059029,3.757624,0.014980
126.126857,111.019630,15.107227,125.591900,110.479409,15.112491,3.859077,0.014825
125.156401,109.902432,15.253969,124.180120,108.881154,15.298966,4.029250,0.013836
124.220314,108.861946,15.358367,123.535449,108.047626,15.487823,3.825838,0.014163
123.301547,107.780827,15.520720,122.375030,106.827035,15.547995,3.802391,0.014859
122.477895,106.856618,15.621276,121.871829,106.166498,15.705332,3.780120,0.015854
121.761069,105.981786,15.779283,120.899302,105.072344,15.826958,4.019194,0.014317
120.913976,104.990892,15.923084,120.294097,104.352568,15.941529,3.850944,0.015035
120.230798,104.259420,15.971378,119.922002,103.930551,15.991450,3.972259,0.014116
119.653379,103.565975,16.087403,119.820338,103.775782,16.044556,3.776240,0.015434
119.034830,102.907678,16.127153,118.736902,102.607828,16.129073,4.080202,0.015397
118.614600,102.394650,16.219950,118.115328,101.841111,16.274217,4.001330,0.014262
118.000104,101.753819,16.246285,117.463687,101.261375,16.202312,3.912643,0.014979
117.512880,101.233014,16.279866,117.784804,101.408995,16.375809,4.111476,0.013928
117.041038,100.712631,16.328406,117.095719,100.760527,16.335192,3.884028,0.015370
116.683277,100.321620,16.361657,116.448156,100.054856,16.393300,3.961849,0.014669
116.264304,99.823954,16.440351,116.105934,99.728190,16.377745,3.842537,0.015019
115.975565,99.532193,16.443372,115.876931,99.562002,16.314929,4.208071,0.014301
115.633247,99.204572,16.428675,115.751525,99.341465,16.410061,3.915587,0.015786
115.338254,98.882874,16.455380,115.387827,98.901195,16.486631,4.055098,0.013914
115.024549,98.504758,16.519791,114.890949,98.414078,16.476871,4.188357,0.014464
114.794581,98.276227,16.518355,114.966437,98.410929,16.555508,4.238549,0.013880
114.487813,97.936298,16.551515,114.509019,97.964929,16.544091,4.355074,0.013476
114.242711,97.666219,16.576492,114.156771,97.537941,16.618830,4.172432,0.014607
113.889970,97.328245,16.561726,114.267803,97.670201,16.597602,4.391680,0.013564
113.745228,97.172236,16.572992,114.036768,97.563371,16.473397,4.222640,0.014180
113.508093,96.911144,16.596949,114.110987,97.672794,16.438193,4.045930,0.015623
113.279055,96.689346,16.589710,113.256598,96.713147,16.543451,4.263608,0.014169
113.084760,96.463425,16.621336,113.604660,97.123243,16.481418,4.280479,0.014868
112.896115,96.312953,16.583162,113.208343,96.653612,16.554731,4.145800,0.014554
112.705405,96.113335,16.592069,113.229913,96.687247,16.542666,4.243233,0.014659
112.636707,96.014363,16.622344,113.055259,96.522557,16.532702,4.258277,0.013757
112.394891,95.796362,16.598529,112.985420,96.385814,16.599605,4.261689,0.014376
112.264415,95.666450,16.597965,112.670567,96.000062,16.670505,4.228370,0.013590
112.158494,95.536087,16.622407,112.650823,95.938128,16.712695,4.178302,0.014984
112.015792,95.364676,16.651116,112.601073,96.035600,16.565473,4.185602,0.015898
111.871068,95.251977,16.619091,112.687528,96.078778,16.608751,4.053834,0.015046
111.637416,95.042348,16.595068,112.467191,96.013431,16.453759,4.366307,0.013902
111.631731,95.022602,16.609128,112.266903,95.640717,16.626186,4.297741,0.014005
111.474235,94.876698,16.597537,112.425385,95.788818,16.636566,4.242756,0.014032
111.265277,94.649575,16.615702,112.133056,95.617056,16.516001,4.230819,0.014445
111.260480,94.616293,16.644187,112.064514,95.454229,16.610285,4.363079,0.013730
111.106344,94.443320,16.663024,111.826985,95.213198,16.613787,4.279848,0.014682
111.065707,94.424357,16.641350,112.030767,95.297962,16.732805,4.100985,0.014584
110.962603,94.310919,16.651684,111.812831,95.130396,16.682434,4.427952,0.013159
110.900580,94.230801,16.669778,111.901131,95.381789,16.519341,4.459909,0.013192
110.833150,94.185872,16.647278,111.486038,94.810466,16.675572,4.512532,0.013923
110.695721,94.053688,16.642033,111.635140,95.090713,16.544428,4.483380,0.014281
110.553178,93.910709,16.642469,111.637846,94.736309,16.901537,4.209107,0.014628
110.553596,93.836873,16.716723,111.500540,94.856309,16.644231,4.533992,0.014371
110.414863,93.734754,16.680109,111.633734,94.923400,16.710334,4.351305,0.014017
110.327333,93.601249,16.726084,111.162234,94.450550,16.711684,4.203693,0.013859
110.237280,93.561858,16.675421,111.442082,94.790203,16.651878,4.279289,0.014710
110.202545,93.527239,16.675306,111.094780,94.549046,16.545733,4.554230,0.013428
110.149173,93.464101,16.685072,111.253714,94.587447,16.666267,4.449306,0.013828
109.943792,93.252759,16.691033,110.758362,94.090047,16.668315,4.394139,0.013752
109.962501,93.251780,16.710721,111.289499,94.613184,16.676314,4.155216,0.014223
109.840885,93.123026,16.717860,110.742397,93.979705,16.762692,4.416731,0.014555
109.771507,93.064956,16.706551,110.914049,94.242091,16.671958,4.411113,0.013481
109.653041,92.924628,16.728412,110.540149,93.912488,16.627662,4.338017,0.014756
109.612400,92.890787,16.721613,110.589787,93.911681,16.678106,4.505683,0.013763
109.566121,92.842156,16.723965,110.574381,93.974403,16.599978,4.557465,0.014237
109.562654,92.851121,16.711533,110.524734,93.919193,16.605540,4.609392,0.014000
109.474968,92.685971,16.788997,110.675558,93.929617,16.745941,4.311183,0.013939
109.313779,92.562248,16.751531,110.389094,93.708747,16.680348,4.464756,0.014244
109.306395,92.556550,16.749846,110.594212,93.999033,16.595179,4.629306,0.013868
109.285118,92.541104,16.744014,110.160326,93.407412,16.752914,4.600460,0.013814
109.285776,92.502918,16.782858,110.690503,93.886189,16.804314,4.402142,0.013373
109.160304,92.402643,16.757661,110.479035,93.833966,16.645069,4.491811,0.014202
109.158294,92.421004,16.737291,110.110673,93.346413,16.764260,4.606428,0.013202
109.107344,92.355382,16.751962,110.261766,93.502163,16.759604,4.497052,0.014518
109.063077,92.292643,16.770434,110.403539,93.664562,16.738977,4.238432,0.013140
109.018224,92.251510,16.766714,110.186890,93.326526,16.860364,4.418782,0.013534
108.899627,92.127037,16.772590,110.156320,93.583586,16.572734,4.471600,0.014495
108.835141,92.063736,16.771405,109.836945,93.059559,16.777386,4.414021,0.015070
108.857912,92.094084,16.763828,110.204154,93.391911,16.812243,4.564230,0.014115
108.783422,91.963255,16.820166,110.282104,93.521079,16.761024,4.346436,0.015309
108.662157,91.839384,16.822774,110.035214,93.387708,16.647506,4.787957,0.013115
108.754807,91.949423,16.805383,110.068439,93.301004,16.767435,4.673273,0.014378
108.675846,91.832199,16.843647,110.115015,93.306599,16.808416,4.444036,0.015223
108.581562,91.746520,16.835041,109.913905,93.058496,16.855410,4.429398,0.014386
108.559222,91.740867,16.818354,109.904055,93.093612,16.810442,4.514788,0.014479
108.624942,91.757955,16.866987,109.876668,93.099591,16.777077,4.562919,0.013619
108.441435,91.559993,16.881442,109.394167,92.651595,16.742572,4.999812,0.013808
108.507586,91.639764,16.867822,109.614436,92.735733,16.878703,4.520224,0.014348
108.424431,91.577164,16.847267,109.601104,92.775199,16.825906,4.700528,0.014646
108.333762,91.440690,16.893072,109.123246,92.222392,16.900853,4.774645,0.014885
108.285162,91.395264,16.889898,109.671740,92.769060,16.902680,4.600988,0.014128
108.375354,91.471642,16.903713,109.728488,92.874258,16.854231,4.570041,0.013813
108.306808,91.370562,16.936245,109.571726,92.613142,16.958583,4.623438,0.013889
108.103175,91.198974,16.904201,109.279344,92.379572,16.899773,4.811169,0.012990
108.174378,91.286390,16.887987,109.487999,92.708558,16.779442,4.535966,0.014482
108.160947,91.232595,16.928353,109.420233,92.469156,16.951076,4.465698,0.013938
108.088012,91.159576,16.928437,109.672499,92.742391,16.930109,4.330622,0.014434
107.997986,91.074959,16.923027,108.991239,92.149129,16.842111,4.610958,0.014027
108.114262,91.230610,16.883652,109.471625,92.678534,16.793092,4.380129,0.013991
107.982671,91.058521,16.924150,109.172075,92.329467,16.842608,4.487895,0.014943
107.935623,91.044976,16.890647,109.132979,92.245847,16.887132,4.548713,0.013583
108.013687,91.106883,16.906804,109.168944,92.159643,17.009300,4.391153,0.015321
107.793822,90.858387,16.935435,109.180902,92.423361,16.757541,4.474973,0.014985
107.831666,90.933756,16.897910,109.375592,92.469449,16.906144,4.679902,0.012772
107.778628,90.850050,16.928578,108.947950,91.985194,16.962756,4.814536,0.013575
107.887987,90.935670,16.952317,109.345140,92.417257,16.927882,4.618904,0.014928
107.753552,90.832547,16.921005,109.271718,92.561307,16.710410,4.843059,0.013446
107.773325,90.815898,16.957427,109.051306,92.101126,16.950179,4.519915,0.013610
107.708074,90.768696,16.939378,109.322678,92.471546,16.851132,4.618050,0.014225
107.644994,90.704403,16.940591,109.135420,92.262026,16.873394,4.492425,0.015002
107.640589,90.669398,16.971191,109.288393,92.412423,16.875969,4.621719,0.014724
107.542927,90.594971,16.947956,108.938696,92.128804,16.809892,4.870163,0.014749
107.504431,90.585740,16.918691,109.016365,92.157058,16.859307,4.454535,0.015587
107.495922,90.563222,16.932700,109.274261,92.325762,16.948500,4.310190,0.015552
107.575116,90.618678,16.956438,109.064414,92.020256,17.044158,4.476541,0.015078
107.464728,90.510274,16.954454,108.801023,91.952400,16.848623,4.679928,0.013957
107.503236,90.535776,16.967460,108.917946,92.044791,16.873155,4.875674,0.014931
107.436705,90.476352,16.960354,108.890788,92.083537,16.807252,4.383865,0.014778
107.383262,90.435352,16.947910,108.807893,91.946183,16.861710,4.764114,0.013751
107.361341,90.431702,16.929639,108.873593,91.873757,16.999836,4.612884,0.013873
107.410417,90.448868,16.961549,108.975678,91.984807,16.990872,4.610397,0.014310
107.434271,90.431690,17.002581,108.931963,92.022837,16.909126,4.562696,0.014437
107.245382,90.291518,16.953863,108.856461,92.055209,16.801251,4.817334,0.014099
107.317413,90.278476,17.038937,108.782003,91.929388,16.852615,4.666646,0.013990
107.322318,90.343607,16.978711,108.795425,91.907178,16.888247,4.676577,0.014029
107.201688,90.199228,17.002461,108.887812,91.999364,16.888447,4.820952,0.014022
107.253660,90.291371,16.962289,108.730683,91.703939,17.026744,4.841665,0.014066
107.195931,90.208485,16.987445,108.888667,91.873028,17.015639,4.414631,0.014523
107.170353,90.162645,17.007708,108.701689,91.618862,17.082827,4.618560,0.014123
107.164137,90.133910,17.030226,108.560966,91.613481,16.947485,4.315807,0.015774
107.141658,90.114958,17.026700,108.678309,91.763470,16.914839,4.306825,0.015037
107.026357,90.004299,17.022058,108.667803,91.654915,17.012889,4.234833,0.015238
107.080811,90.056213,17.024598,108.477076,91.464479,17.012598,4.512275,0.014206
106.999727,90.013901,16.985826,108.453129,91.540504,16.912625,4.935720,0.014452
107.045841,90.023378,17.022463,108.683712,91.781288,16.902424,4.393525,0.015317
107.046577,90.063837,16.982739,108.749084,91.822696,16.926388,4.839329,0.013418
106.992475,89.971959,17.020516,108.723730,91.578896,17.144835,4.661025,0.013840
107.038057,90.004580,17.033477,108.628047,91.614661,17.013386,4.917108,0.014131
106.910344,89.904287,17.006057,108.547629,91.600103,16.947525,4.751095,0.014607
106.939763,89.854979,17.084785,108.665624,91.656831,17.008793,4.377266,0.014772
106.923876,89.890479,17.033396,108.304406,91.325582,16.978824,4.742712,0.012898
106.941977,89.901122,17.040855,108.504859,91.595933,16.908926,5.007676,0.014597
106.861482,89.864644,16.996838,108.408785,91.410549,16.998237,4.740117,0.013299
106.798198,89.751355,17.046843,108.473801,91.513208,16.960593,4.627059,0.015345
106.861894,89.820085,17.041809,108.774028,91.717026,17.057002,4.371959,0.014881
106.828363,89.779407,17.048956,108.397295,91.452214,16.945081,4.809793,0.014326
106.793919,89.748944,17.044974,108.401694,91.347720,17.053975,4.847756,0.015132
106.919267,89.860574,17.058693,108.508420,91.542120,16.966300,4.579232,0.014498
106.773363,89.725381,17.047982,108.414364,91.405674,17.008690,4.485905,0.014080
106.781911,89.767395,17.014516,108.393159,91.388473,17.004687,4.846048,0.014258
106.698423,89.667102,17.031321,108.410394,91.431987,16.978406,4.666424,0.015562
106.741220,89.691404,17.049816,108.539814,91.575061,16.964753,4.610757,0.015129
106.657503,89.663829,16.993674,108.112412,91.148074,16.964338,4.698032,0.014322
106.711063,89.658741,17.052322,108.437265,91.474364,16.962901,4.551993,0.013858
