236.346914,234.510153,1.836761,193.496637,190.651910,2.844727,5.428683,0.004956
186.986011,182.466164,4.519848,174.974810,167.770616,7.204195,4.068468,0.008899
165.112792,155.946133,9.166659,155.708934,145.112336,10.596598,3.599598,0.011977
150.941396,139.589677,11.351719,146.419389,134.669981,11.749408,4.196646,0.011577
144.494855,132.360383,12.134471,140.764892,128.232166,12.532726,3.945696,0.012672
139.283978,126.236680,13.047298,137.155981,123.649086,13.506894,3.799212,0.014980
135.225365,121.389000,13.836365,132.411602,118.252689,14.158913,3.832020,0.014904
132.081540,117.884384,14.197156,130.207652,115.904973,14.302679,3.793385,0.015897
129.740728,115.224645,14.516084,128.104788,113.401761,14.703028,3.883902,0.015029
127.806691,113.015721,14.790970,126.528607,111.799896,14.728710,3.923027,0.015029
126.145688,111.205668,14.940020,124.870919,109.833352,15.037566,4.107995,0.014842
124.665504,109.624304,15.041200,123.330000,108.386222,14.943778,4.039790,0.015270
123.447608,108.341021,15.106587,122.358199,107.291224,15.066975,4.007999,0.015068
122.307079,107.128959,15.178120,121.356339,106.116395,15.239945,4.147927,0.015191
121.323159,106.050031,15.273129,120.342593,104.978043,15.364550,3.838934,0.016368
120.262254,104.922666,15.339588,119.957349,104.636490,15.320859,3.835540,0.016095
119.461087,104.030487,15.430600,118.835606,103.420182,15.415425,3.912668,0.014998
118.745365,103.213399,15.531966,118.032975,102.377617,15.655358,4.032581,0.014599
117.956322,102.371928,15.584394,117.419561,101.780371,15.639190,4.086394,0.015073
117.201618,101.544388,15.657230,116.769131,101.166465,15.602666,4.200654,0.013716
116.528520,100.806153,15.722367,116.255975,100.586903,15.669072,4.026861,0.015461
115.960939,100.149075,15.811863,115.751744,99.977851,15.773893,4.193199,0.014992
115.418447,99.585487,15.832960,115.039479,99.171071,15.868408,4.182590,0.014368
114.935878,99.053125,15.882752,114.875266,99.032971,15.842296,3.992632,0.016349
114.429177,98.480581,15.948596,114.222734,98.308389,15.914345,4.222085,0.014627
113.973008,98.000320,15.972687,113.743863,97.811776,15.932087,4.276982,0.015038
113.556093,97.510913,16.045180,113.553585,97.591712,15.961874,4.255866,0.013744
113.215723,97.157927,16.057796,113.119677,97.122862,15.996814,4.102223,0.016086
112.854061,96.710048,16.144012,112.718929,96.482061,16.236868,4.128096,0.014552
112.544402,96.395839,16.148563,112.671827,96.668329,16.003497,4.322818,0.014909
112.251823,96.064870,16.186953,112.580450,96.543101,16.037349,4.235294,0.015707
111.918743,95.709416,16.209327,111.963121,95.708959,16.254161,4.371890,0.013146
111.547360,95.276768,16.270592,111.972600,95.679366,16.293233,4.062781,0.015198
111.380323,95.045838,16.334485,111.763833,95.516298,16.247535,4.298929,0.014377
111.097228,94.739446,16.357782,111.169439,94.779405,16.390034,4.148611,0.015219
110.820619,94.369655,16.450964,111.031507,94.563332,16.468175,4.274935,0.014566
110.552301,94.099423,16.452878,111.048270,94.747847,16.300422,4.309442,0.015259
110.376390,93.899360,16.477030,110.737990,94.252783,16.485207,4.161690,0.014421
110.106597,93.572765,16.533832,110.849861,94.397661,16.452200,4.020837,0.015588
109.820977,93.265843,16.555134,110.176658,93.714604,16.462054,4.372698,0.014086
109.706469,93.123270,16.583199,110.106657,93.443727,16.662930,4.132676,0.014024
109.477539,92.857769,16.619770,109.848716,93.276790,16.571925,4.286737,0.014897
109.255681,92.691433,16.564248,110.050316,93.562865,16.487451,4.206097,0.015181
109.197996,92.558153,16.639843,110.043432,93.422925,16.620507,4.118067,0.015963
108.991043,92.359654,16.631389,109.793737,93.116668,16.677069,4.519338,0.013526
108.872952,92.232417,16.640534,109.464482,92.908480,16.556001,4.165590,0.016175
108.789739,92.080398,16.709341,109.256215,92.565703,16.690512,4.390266,0.014527
108.570194,91.888937,16.681257,109.246077,92.524653,16.721424,4.374602,0.014426
108.401731,91.655147,16.746584,109.018251,92.403170,16.615080,4.488309,0.014200
108.277535,91.548921,16.728614,109.007776,92.323900,16.683877,4.201879,0.014566
108.132857,91.371261,16.761596,108.863830,92.070206,16.793624,4.476664,0.012891
108.074418,91.325842,16.748576,108.831966,92.181218,16.650748,4.321065,0.014798
107.902217,91.109937,16.792280,108.550219,91.801815,16.748404,4.407418,0.013525
107.759361,90.990137,16.769224,108.665675,91.955995,16.709680,4.506616,0.012863
107.664203,90.889497,16.774706,108.685801,91.969544,16.716257,4.397664,0.013767
107.523238,90.738063,16.785176,108.677629,92.003764,16.673865,4.259337,0.014713
107.456678,90.598850,16.857828,108.346376,91.688369,16.658006,4.461429,0.014654
107.435300,90.612886,16.822415,108.056100,91.140361,16.915739,4.270114,0.013572
107.326503,90.533889,16.792613,108.300998,91.487784,16.813214,4.533420,0.013863
107.201265,90.390359,16.810907,108.248519,91.478181,16.770338,4.314754,0.013572
107.155697,90.289886,16.865811,108.146579,91.343342,16.803237,4.233627,0.014332
107.006555,90.183559,16.822996,108.044078,91.182539,16.861539,4.203509,0.014564
106.929691,90.053831,16.875861,107.917484,91.185677,16.731807,4.265309,0.014827
106.837209,89.946041,16.891168,107.747369,90.862546,16.884823,4.216476,0.014978
106.686695,89.786024,16.900672,107.737577,90.924989,16.812589,4.323143,0.015121
106.626334,89.722673,16.903661,107.767477,90.894326,16.873151,4.231588,0.014635
106.604410,89.689638,16.914773,107.825792,90.737192,17.088600,4.209287,0.014592
106.457880,89.510669,16.947211,107.730293,90.902793,16.827501,4.196244,0.013566
106.443495,89.539099,16.904396,107.402642,90.438016,16.964625,4.126498,0.014601
106.345830,89.460349,16.885481,107.546367,90.754936,16.791430,4.315921,0.014439
106.292511,89.375441,16.917070,107.472585,90.593921,16.878664,4.338648,0.014538
106.179166,89.261078,16.918089,107.422828,90.596999,16.825830,4.495689,0.013549
106.264389,89.346463,16.917926,107.518619,90.597638,16.920980,4.518298,0.013811
106.145788,89.178892,16.966896,107.345428,90.438754,16.906674,4.278939,0.014249
106.145630,89.236348,16.909282,107.275293,90.411044,16.864249,4.236552,0.014835
106.008547,89.050752,16.957795,107.383882,90.473214,16.910668,4.213988,0.014888
105.913515,89.004350,16.909165,107.168469,90.367736,16.800734,4.340858,0.014651
105.835481,88.916444,16.919037,106.912184,90.000466,16.911718,4.578654,0.013921
105.868163,88.939321,16.928842,107.135777,90.206786,16.928992,4.255108,0.014943
105.786174,88.840841,16.945333,107.066098,90.190939,16.875158,4.288358,0.014108
105.731247,88.742882,16.988366,107.051665,90.119121,16.932545,4.253312,0.015929
105.683696,88.776545,16.907151,107.204451,90.348121,16.856330,4.357259,0.014567
105.576096,88.642170,16.933926,107.052779,90.261229,16.791550,4.408062,0.013073
105.597130,88.668657,16.928473,107.062203,90.235861,16.826342,4.311651,0.015230
105.523821,88.605029,16.918793,107.011778,90.159862,16.851916,4.602435,0.013487
105.425390,88.478450,16.946940,107.108458,90.189101,16.919357,4.435839,0.013527
105.428635,88.487397,16.941238,106.716475,89.771360,16.945115,4.449178,0.015074
105.387994,88.455892,16.932102,106.691742,89.960883,16.730859,4.282301,0.015725
105.321550,88.394061,16.927489,106.885869,89.986110,16.899759,4.413489,0.014138
105.327727,88.442187,16.885540,106.958553,90.198854,16.759700,4.437272,0.014523
105.277516,88.311809,16.965706,106.634420,89.726440,16.907980,4.199777,0.013875
105.218243,88.267095,16.951147,106.790653,89.919189,16.871464,4.271878,0.014734
105.195680,88.279959,16.915721,106.714680,89.845600,16.869081,4.230293,0.015633
105.158488,88.231667,16.926822,106.805659,89.984234,16.821426,4.413745,0.014175
105.112046,88.199904,16.912142,106.497934,89.639468,16.858467,4.645296,0.013799
105.074606,88.096959,16.977647,106.781158,89.944769,16.836389,4.312997,0.014515
105.032934,88.079736,16.953198,106.554496,89.570242,16.984253,4.446287,0.015939
104.972806,88.048682,16.924124,106.670797,89.779902,16.890896,4.483280,0.014400
104.935372,87.974702,16.960670,106.692431,89.831592,16.860839,4.488206,0.014639
104.942240,88.003667,16.938573,106.585523,89.735614,16.849909,4.323466,0.014862
104.851452,87.947483,16.903969,106.646801,89.821428,16.825373,4.413436,0.014304
104.878896,87.932294,16.946603,106.386250,89.501474,16.884776,4.452087,0.015075
104.819879,87.924930,16.894949,106.392875,89.423859,16.969016,4.352468,0.014051
104.785299,87.872910,16.912389,106.170670,89.252537,16.918134,4.434951,0.014656
104.753499,87.807527,16.945972,106.536244,89.665110,16.871134,4.309152,0.015119
104.735764,87.793310,16.942454,106.559484,89.692775,16.866710,4.277040,0.014747
104.733406,87.834044,16.899362,106.262519,89.372601,16.889918,4.548907,0.014470
104.689280,87.779093,16.910187,106.224745,89.331443,16.893302,4.471537,0.014425
104.633726,87.759834,16.873893,106.609479,89.761685,16.847794,4.236108,0.015377
104.574169,87.622904,16.951264,106.286089,89.361554,16.924535,4.411240,0.014170
104.601670,87.632930,16.968740,106.263140,89.446878,16.816261,4.535633,0.014843
104.462512,87.552571,16.909941,106.231800,89.451124,16.780676,4.631561,0.015684
104.450234,87.539672,16.910562,106.152866,89.262375,16.890491,4.581434,0.014231
104.436337,87.515626,16.920711,106.554243,89.693014,16.861229,4.468258,0.014336
104.432816,87.475086,16.957730,106.158696,89.269312,16.889384,4.802648,0.013082
104.402779,87.403738,16.999041,105.933870,89.036373,16.897496,4.524670,0.014450
104.316985,87.369405,16.947580,106.156522,89.379669,16.776854,4.658253,0.013900
104.249791,87.303614,16.946176,106.168194,89.255167,16.913027,4.333809,0.015204
104.360873,87.390296,16.970577,106.009941,89.057565,16.952376,4.428201,0.014587
104.307147,87.323317,16.983830,106.252337,89.404443,16.847894,4.242354,0.014234
104.271230,87.327146,16.944085,106.061820,89.229281,16.832539,4.322039,0.014088
104.229221,87.328492,16.900729,106.248712,89.372878,16.875835,4.654012,0.013820
104.171505,87.196067,16.975439,106.108074,89.170876,16.937198,4.360818,0.014201
104.145224,87.233277,16.911947,105.985549,89.106008,16.879541,4.529396,0.016951
104.088739,87.139514,16.949224,105.881208,88.988010,16.893199,4.658924,0.014411
104.121083,87.159510,16.961574,106.159745,89.310944,16.848800,4.466932,0.015242
104.096356,87.138655,16.957701,105.980776,89.120509,16.860266,4.413019,0.013967
103.957366,87.044160,16.913206,105.934959,89.083098,16.851861,4.767654,0.013927
104.012457,87.087429,16.925027,105.929745,89.055804,16.873941,4.388620,0.015381
103.977793,86.978341,16.999452,106.140275,89.174816,16.965460,4.402109,0.015365
103.956373,86.975599,16.980774,105.830991,88.915032,16.915960,4.601884,0.015061
103.860476,86.842731,17.017745,105.942323,89.032533,16.909791,4.412844,0.014095
103.883294,86.899752,16.983542,105.848024,88.926793,16.921231,4.528744,0.014252
103.854299,86.826001,17.028298,106.113495,89.113652,16.999842,4.282169,0.014044
103.750455,86.683411,17.067044,105.926113,88.888435,17.037678,4.335519,0.014349
103.844447,86.809514,17.034933,105.796839,88.837084,16.959755,4.325412,0.015092
103.840754,86.821916,17.018838,105.896044,89.010873,16.885171,4.517418,0.014526
103.726158,86.701616,17.024542,105.778093,88.807113,16.970980,4.284650,0.014811
103.715618,86.718055,16.997564,105.812936,88.829695,16.983241,4.405679,0.014884
103.698624,86.639907,17.058717,105.624317,88.619770,17.004547,4.514028,0.013420
103.629492,86.560709,17.068784,105.617088,88.657560,16.959528,4.507000,0.014714
103.664904,86.619897,17.045007,105.684812,88.606856,17.077956,4.499746,0.014115
103.601632,86.552333,17.049300,105.848156,88.907784,16.940373,4.308238,0.014474
103.547002,86.498528,17.048473,105.735354,88.748724,16.986631,4.469641,0.014845
103.578639,86.543540,17.035099,105.858094,88.884671,16.973423,4.480669,0.015712
103.626031,86.574404,17.051627,105.785550,88.745236,17.040314,4.368715,0.014976
103.525031,86.461820,17.063211,105.684814,88.730289,16.954525,4.654466,0.015254
103.579981,86.494664,17.085317,105.580373,88.644599,16.935774,4.626012,0.015179
103.502612,86.432907,17.069705,105.635542,88.607858,17.027684,4.567671,0.014544
103.512122,86.441753,17.070369,105.713514,88.734919,16.978595,4.407289,0.015371
103.477931,86.401411,17.076520,105.693130,88.715386,16.977743,4.566768,0.014158
103.418080,86.334380,17.083701,105.554556,88.483880,17.070676,4.614995,0.014167
103.472052,86.406046,17.066006,105.766214,88.754574,17.011639,4.578103,0.016177
103.448263,86.326342,17.121922,105.691551,88.687740,17.003811,4.490227,0.014630
103.393473,86.304142,17.089332,105.662535,88.674742,16.987793,4.615976,0.014501
103.413737,86.327557,17.086180,105.593787,88.547266,17.046522,4.641305,0.014129
103.492005,86.338555,17.153450,105.656913,88.590805,17.066108,4.388770,0.014926
103.376634,86.298489,17.078144,105.626016,88.424464,17.201552,4.249885,0.015397
103.374672,86.296933,17.077739,105.770890,88.851272,16.919618,4.451368,0.015037
103.373582,86.266349,17.107233,105.567711,88.521527,17.046183,4.592964,0.015010
