194.613903,188.073618,6.540284,169.496250,162.176146,7.320104,7.252906,0.012631
160.159913,152.642617,7.517296,153.789308,146.127262,7.662046,7.766498,0.019708
151.732619,144.015254,7.717365,148.809391,141.077775,7.731617,11.956409,0.017728
148.245080,140.497763,7.747316,146.268062,138.518723,7.749339,7.785682,0.014539
146.341654,138.551254,7.790401,145.227171,137.398820,7.828351,9.434886,0.011821
145.382556,137.558526,7.824030,144.462951,136.626690,7.836261,25.545170,0.013579
144.813953,136.955184,7.858769,143.980036,136.110290,7.869745,12.315310,0.013698
143.946078,136.059104,7.886974,142.930911,135.038476,7.892434,13.448065,0.012113
142.995146,135.091944,7.903202,142.427741,134.516311,7.911430,10.691848,0.013586
143.201233,135.274572,7.926661,144.616980,136.682119,7.934861,13.817846,0.010204
143.091296,135.150708,7.940588,142.372689,134.435401,7.937288,13.050727,0.013668
142.469130,134.521027,7.948103,142.491807,134.543205,7.948602,11.729645,0.015537
142.328716,134.367554,7.961162,143.158129,135.194887,7.963241,16.031191,0.010739
142.258145,134.286293,7.971852,141.352167,133.376089,7.976077,10.782650,0.012683
142.329526,134.345096,7.984429,142.961202,134.966314,7.994888,17.434504,0.012322
142.306942,134.312465,7.994478,143.124448,135.126315,7.998133,18.082285,0.012816
143.040865,135.034115,8.006751,143.077399,135.069670,8.007730,19.171350,0.010329
142.388309,134.377550,8.010758,141.856429,133.833556,8.022874,11.652571,0.014771
142.415432,134.390733,8.024699,144.624670,136.598375,8.026295,18.201874,0.008277
142.874547,134.845368,8.029180,141.743813,133.738745,8.005068,21.289310,0.014591
142.917382,134.894166,8.023216,142.729890,134.709379,8.020510,15.066995,0.004860
143.377651,135.343874,8.033776,144.947216,136.915789,8.031427,13.139721,0.007466
144.050755,136.013360,8.037395,143.633674,135.618748,8.014927,12.266271,0.008647
144.015704,135.969824,8.045879,145.266932,137.226628,8.040303,16.714037,0.007745
143.333530,135.283120,8.050410,142.376427,134.324119,8.052308,16.157187,0.005489
144.088146,136.037193,8.050953,144.426803,136.381591,8.045213,12.585010,0.010511
143.803994,135.749132,8.054862,144.342783,136.287479,8.055304,16.365219,0.016695
143.932737,135.873183,8.059553,144.143529,136.088305,8.055223,24.857422,0.010902
144.211005,136.149691,8.061314,145.272118,137.218680,8.053438,9.135687,0.011141
145.071642,137.013726,8.057916,144.320949,136.265140,8.055809,9.912515,0.007534
145.361411,137.298605,8.062806,146.384871,138.319489,8.065382,33.847549,0.009225
145.869742,137.805742,8.064000,145.806521,137.740218,8.066303,10.609259,0.012028
145.998830,137.928009,8.070821,147.057219,138.979359,8.077860,31.625244,0.008362
145.961401,137.882785,8.078616,145.931124,137.850591,8.080532,34.008442,0.006666
146.216520,138.126220,8.090300,147.352892,139.264843,8.088050,28.665766,0.009761
147.539402,139.444089,8.095313,146.931824,138.842788,8.089034,50.213840,0.006912
146.518359,138.414432,8.103926,148.899697,140.793690,8.106007,8.369227,0.008656
146.995790,138.897721,8.098069,147.883978,139.782438,8.101541,8.755953,0.006143
147.086661,138.980085,8.106576,147.423096,139.324379,8.098717,13.980200,0.008212
146.563073,138.457152,8.105920,147.746634,139.641124,8.105510,13.263392,0.005989
147.957905,139.840142,8.117763,150.295190,142.174693,8.120496,nan,0.005274
148.312610,140.195046,8.117564,149.433960,141.320359,8.113601,nan,0.009142
148.833907,140.712513,8.121394,150.270520,142.141545,8.128975,nan,0.010165
149.338601,141.223719,8.114882,151.259183,143.142957,8.116226,10.473917,0.005361
149.822620,141.707169,8.115450,150.765806,142.640049,8.125756,12.675917,0.007466
150.165749,142.038766,8.126982,152.002672,143.872051,8.130621,8.143497,0.009983
151.108208,142.983986,8.124222,152.317109,144.186283,8.130827,nan,0.006139
151.978455,143.841268,8.137186,152.889350,144.748455,8.140895,inf,0.011114
152.600340,144.459499,8.140842,152.671076,144.526884,8.144192,nan,0.007449
153.379643,145.245246,8.134397,153.790814,145.656324,8.134489,15.537159,0.010903
153.536834,145.389482,8.147352,153.878819,145.727719,8.151100,15.619335,0.004603
153.706214,145.557599,8.148615,155.092815,146.933564,8.159250,nan,0.005008
155.247346,147.091525,8.155822,156.901085,148.746461,8.154623,nan,0.004958
157.437274,149.280031,8.157243,160.424812,152.274240,8.150572,nan,0.010360
159.846685,151.699727,8.146958,162.621732,154.471223,8.150509,7.956205,0.006894
161.600536,153.440526,8.160010,162.415407,154.273199,8.142209,8.594127,0.005938
159.550612,151.403720,8.146892,161.639603,153.488692,8.150911,nan,0.008511
162.560853,154.398532,8.162321,165.901125,157.733727,8.167398,16.735542,0.007133
161.831769,153.660843,8.170926,162.516050,154.333760,8.182290,8.681878,0.006268
161.547548,153.367475,8.180073,163.639359,155.459390,8.179969,nan,0.003957
165.443286,157.268116,8.175170,171.750758,163.567263,8.183494,nan,0.006228
167.230336,159.056919,8.173417,170.389055,162.220673,8.168382,nan,0.005738
168.023347,159.839487,8.183859,168.449909,160.260065,8.189844,nan,0.006313
170.334380,162.144205,8.190175,170.267532,162.077515,8.190018,nan,0.004285
170.122121,161.933713,8.188408,170.088593,161.901194,8.187399,nan,0.006923
170.037650,161.843576,8.194074,171.110583,162.901423,8.209160,nan,0.003204
170.068976,161.864647,8.204329,171.125871,162.926761,8.199111,nan,0.002900
170.360119,162.153521,8.206598,170.883607,162.677352,8.206256,nan,0.005600
172.195486,163.987126,8.208360,173.186029,164.969527,8.216502,nan,0.005648
174.280747,166.069864,8.210883,176.501544,168.297639,8.203906,nan,0.002722
174.587849,166.384570,8.203279,173.008366,164.797752,8.210614,nan,0.006325
172.304378,164.097571,8.206807,174.457681,166.245928,8.211752,nan,0.003505
173.932375,165.717547,8.214828,174.885868,166.676620,8.209249,nan,0.002833
175.877303,167.663289,8.214014,175.021879,166.805577,8.216302,nan,0.002063
177.127542,168.911469,8.216073,180.017616,171.804734,8.212882,nan,0.004997
178.675608,170.453620,8.221987,178.625137,170.401202,8.223935,nan,0.005056
180.151033,171.930545,8.220489,181.984420,173.775898,8.208522,nan,0.010665
184.200375,175.968987,8.231387,185.986272,177.758352,8.227920,8.463760,0.007464
188.902881,180.642986,8.259895,189.595498,181.322993,8.272505,nan,0.001205
187.868176,179.595908,8.272269,186.079031,177.806588,8.272444,nan,0.001503
187.313526,179.039539,8.273987,188.500318,180.226127,8.274191,nan,0.002927
185.440965,177.167661,8.273303,186.103332,177.830108,8.273224,nan,0.004990
184.442876,176.189248,8.253628,186.600107,178.343821,8.256287,nan,0.005359
184.830417,176.570773,8.259644,183.620470,175.356320,8.264150,nan,0.001361
184.156731,175.897053,8.259679,184.935507,176.672690,8.262817,nan,0.003129
184.474541,176.209118,8.265423,183.625859,175.362870,8.262990,nan,0.003098
186.866014,178.597452,8.268562,188.311205,180.040045,8.271159,nan,0.002057
188.320355,180.048940,8.271415,186.199026,177.924106,8.274920,nan,0.002424
187.617291,179.345113,8.272178,185.238403,176.967256,8.271146,nan,0.002584
187.367508,179.097703,8.269805,186.907766,178.636958,8.270808,nan,0.004257
188.410915,180.139472,8.271443,187.636889,179.379116,8.257773,nan,0.001984
186.836793,178.566268,8.270526,186.231353,177.963665,8.267688,inf,0.001570
186.943384,178.673974,8.269410,189.098419,180.831052,8.267367,6.971913,0.001431
189.326925,181.058735,8.268190,189.594510,181.327673,8.266837,nan,0.001827
192.208059,183.938102,8.269957,192.134000,183.863316,8.270684,6.538550,0.006281
193.269745,184.996810,8.272936,194.480765,186.211465,8.269300,nan,0.008203
191.525505,183.250147,8.275358,191.599006,183.322868,8.276137,nan,0.002709
191.734744,183.461030,8.273714,191.226200,182.958048,8.268151,5.316858,0.005514
191.507848,183.240049,8.267799,192.818988,184.548439,8.270549,nan,0.005295
191.274499,183.002693,8.271806,192.012077,183.741775,8.270302,5.525379,0.003391
192.935571,184.660729,8.274842,193.899543,185.622408,8.277135,nan,0.003875
194.957350,186.681057,8.276294,194.183613,185.911327,8.272286,nan,0.003182
193.927781,185.656521,8.271259,191.662371,183.388846,8.273524,5.185115,0.003373
192.454973,184.173153,8.281820,187.673136,179.444442,8.228694,12.351613,0.005041
186.621263,178.395893,8.225370,189.111709,180.863378,8.248331,9.452608,0.006212
181.562818,173.349975,8.212842,174.439212,166.207075,8.232136,4.005819,0.050655
169.326182,161.101391,8.224791,165.626165,157.415714,8.210451,nan,0.039892
165.970848,157.771222,8.199626,165.818578,157.622490,8.196088,4.586216,0.021922
168.186717,160.011604,8.175112,169.313662,161.142786,8.170877,5.905553,0.028026
169.458384,161.292410,8.165974,164.940237,156.763478,8.176758,10.626894,0.035962
166.788670,158.616060,8.172610,166.009275,157.822849,8.186426,nan,0.033435
167.259664,159.085269,8.174395,167.697112,159.524677,8.172435,nan,0.017159
167.236774,159.065085,8.171689,166.842595,158.671751,8.170844,nan,0.023546
167.523423,159.352307,8.171116,165.404474,157.242753,8.161722,nan,0.019559
165.968095,157.797272,8.170823,164.616521,156.453930,8.162591,nan,0.016688
164.398945,156.247728,8.151218,163.856821,155.715868,8.140953,13.783727,0.017231
165.599784,157.454364,8.145420,164.449946,156.306814,8.143133,8.429265,0.020784
164.353201,156.203595,8.149605,164.722009,156.576338,8.145671,7.833645,0.014128
165.791805,157.636442,8.155363,167.600799,159.435556,8.165243,nan,0.015355
167.807515,159.634521,8.172994,167.572109,159.404951,8.167158,8.603389,0.007772
168.595944,160.416453,8.179491,168.840996,160.666119,8.174877,7.326044,0.013126
169.072819,160.905344,8.167475,169.897143,161.743755,8.153388,11.849162,0.013567
169.959295,161.803611,8.155684,170.001842,161.850806,8.151036,nan,0.008268
169.823327,161.663856,8.159471,167.822911,159.659207,8.163704,20.083328,0.010528
169.210235,161.036559,8.173676,169.065084,160.890070,8.175014,8.433838,0.011166
169.079216,160.904639,8.174577,169.148114,160.985796,8.162319,4.711866,0.010339
170.175981,162.008518,8.167462,169.956867,161.791739,8.165129,18.238729,0.008573
168.886379,160.715395,8.170984,167.153954,158.984118,8.169837,9.616190,0.010804
167.697480,159.523631,8.173848,166.485991,158.325189,8.160802,17.038025,0.013887
166.264343,158.108201,8.156141,165.714252,157.546099,8.168153,19.523767,0.017928
166.107765,157.946230,8.161535,165.775411,157.606446,8.168964,20.081146,0.014149
167.659414,159.479475,8.179938,166.389436,158.207832,8.181603,nan,0.013595
168.399560,160.211878,8.187682,169.446991,161.251809,8.195182,9.344752,0.013588
169.267737,161.073503,8.194234,168.419668,160.226215,8.193454,nan,0.012927
168.628586,160.436005,8.192581,168.155669,159.958106,8.197562,15.423018,0.012440
169.816651,161.619317,8.197334,169.381281,161.180147,8.201133,nan,0.009663
169.733437,161.529328,8.204109,169.051456,160.854720,8.196737,nan,0.008504
169.901372,161.699851,8.201521,169.627046,161.426528,8.200519,nan,0.006478
169.467773,161.265868,8.201905,169.344956,161.139792,8.205164,nan,0.006092
169.936966,161.739277,8.197688,169.969795,161.781192,8.188602,nan,0.009005
169.790900,161.601481,8.189420,169.407994,161.232457,8.175538,nan,0.009078
170.200730,162.024588,8.176142,170.889786,162.715849,8.173937,nan,0.015570
171.253546,163.074841,8.178706,169.706524,161.538283,8.168241,nan,0.015350
171.655999,163.481789,8.174210,171.968674,163.798804,8.169870,nan,0.010924
172.415116,164.244993,8.170123,172.035153,163.857452,8.177701,nan,0.012759
172.004104,163.823234,8.180870,171.160202,162.984445,8.175758,nan,0.011854
172.121100,163.938430,8.182670,172.909916,164.720703,8.189213,nan,0.010318
173.257442,165.065381,8.192062,174.002337,165.803781,8.198556,nan,0.012162
174.619454,166.421472,8.197982,175.578370,167.375656,8.202714,nan,0.006826
175.207359,167.008809,8.198550,175.481188,167.276092,8.205097,nan,0.007964
175.452903,167.246223,8.206680,175.641406,167.438211,8.203195,nan,0.011401
176.673413,168.469559,8.203854,175.328725,167.131094,8.197632,nan,0.013881
176.533288,168.327642,8.205646,175.738177,167.527570,8.210606,nan,0.005079
175.824312,167.618940,8.205372,175.853582,167.648975,8.204607,nan,0.009077
176.190960,167.986305,8.204655,175.066642,166.859642,8.207000,nan,0.006083
174.959865,166.756183,8.203682,173.957162,165.752769,8.204394,nan,0.007597
175.238870,167.036651,8.202219,174.665250,166.464556,8.200694,nan,0.005699
176.533960,168.327812,8.206148,174.415802,166.206595,8.209207,nan,0.006983
175.583316,167.377105,8.206211,174.999146,166.793056,8.206089,nan,0.005691
175.690646,167.487343,8.203303,174.308403,166.096981,8.211422,nan,0.007024
