209.725097,207.860567,1.864529,190.382955,187.246174,3.136780,4.293767,0.010686
176.555706,170.442575,6.113131,162.791039,154.034523,8.756517,3.466687,0.017634
155.690565,145.339393,10.351171,149.985755,138.750079,11.235675,3.391846,0.017836
147.443326,135.649949,11.793377,143.610328,131.071719,12.538609,3.384825,0.017020
141.830698,128.859232,12.971466,138.681553,124.933984,13.747568,3.280138,0.018087
138.001772,123.937001,14.064771,135.921136,121.227188,14.693949,3.303927,0.017651
135.357494,120.446811,14.910683,133.932517,118.674408,15.258109,3.145911,0.019780
133.150496,117.568700,15.581796,131.443170,115.483124,15.960046,3.245666,0.017993
131.491093,115.357045,16.134048,130.082037,113.546181,16.535856,3.084670,0.019879
129.791840,113.203363,16.588477,127.959052,111.176385,16.782667,3.197939,0.019654
128.489501,111.522069,16.967432,127.307143,110.179246,17.127897,3.202571,0.017954
127.525816,110.175374,17.350442,126.035047,108.543594,17.491453,3.230309,0.017841
126.473128,108.833953,17.639175,125.183787,107.368748,17.815038,3.281155,0.017132
125.408663,107.498132,17.910532,124.754590,106.822292,17.932299,3.243648,0.017784
124.731768,106.592895,18.138874,123.465030,105.284421,18.180609,3.299618,0.018139
123.980853,105.583606,18.397247,123.478139,104.934538,18.543600,3.365312,0.017344
123.384387,104.744825,18.639563,122.566864,103.842346,18.724518,3.410793,0.015878
122.927859,104.118288,18.809571,122.426096,103.571506,18.854590,3.307975,0.017484
122.375365,103.406080,18.969285,121.917980,102.792732,19.125249,3.318954,0.016876
121.955048,102.832833,19.122215,121.049998,101.855223,19.194775,3.370474,0.017213
121.433176,102.164086,19.269090,121.166838,101.843689,19.323150,3.367270,0.016998
120.951541,101.562369,19.389172,120.559211,101.157098,19.402113,3.461428,0.015610
120.506955,101.034458,19.472497,119.824568,100.313938,19.510630,3.461457,0.015904
120.205882,100.649163,19.556719,119.625505,100.023205,19.602300,3.395327,0.016442
119.954146,100.289962,19.664184,119.415109,99.700439,19.714670,3.268758,0.016577
119.489458,99.720185,19.769273,119.330166,99.502717,19.827449,3.269878,0.016476
119.239045,99.357105,19.881940,119.073448,99.126852,19.946597,3.273037,0.015751
118.942888,98.966930,19.975958,118.579400,98.632428,19.946972,3.355876,0.015585
118.707093,98.656636,20.050458,118.299922,98.167101,20.132820,3.158438,0.017264
118.289555,98.160030,20.129525,118.262980,98.094081,20.168899,3.575650,0.014653
118.118986,97.906239,20.212747,117.717905,97.549710,20.168195,3.558204,0.014915
117.935182,97.662535,20.272647,117.707981,97.431121,20.276860,3.571243,0.014470
117.656011,97.323477,20.332534,117.477489,97.087468,20.390021,3.610227,0.014265
117.479153,97.101827,20.377327,117.740654,97.361452,20.379201,3.519676,0.014837
117.203097,96.723403,20.479694,117.781611,97.172800,20.608811,3.573669,0.013927
117.037864,96.475554,20.562310,116.764075,96.264271,20.499804,3.658662,0.014967
116.661308,96.081664,20.579644,117.025929,96.417939,20.607990,3.479536,0.016718
116.518783,95.870482,20.648301,116.390020,95.681518,20.708501,3.742572,0.013817
116.397410,95.684104,20.713306,116.446255,95.727990,20.718265,3.435650,0.015058
116.140302,95.363333,20.776969,116.276515,95.451489,20.825026,3.591953,0.013862
116.013010,95.197009,20.816002,116.087943,95.202362,20.885581,3.501751,0.013398
115.792341,94.905140,20.887202,115.782010,94.887107,20.894903,3.604269,0.014220
115.465028,94.519233,20.945795,115.448870,94.475615,20.973256,3.778476,0.012060
115.438019,94.466522,20.971497,115.816625,94.893783,20.922842,3.564452,0.015265
115.223274,94.229542,20.993732,115.834593,94.804026,21.030566,3.677456,0.012808
115.092691,93.997839,21.094852,115.361488,94.217643,21.143844,3.846619,0.014173
114.932205,93.847753,21.084452,115.186670,94.173179,21.013491,3.649460,0.013339
114.813756,93.668051,21.145705,115.129668,93.938777,21.190891,3.725294,0.012709
114.649891,93.445791,21.204099,115.097239,94.037619,21.059620,3.653892,0.013906
114.544715,93.327571,21.217145,114.973317,93.865076,21.108241,3.877273,0.012263
114.347367,93.069349,21.278018,115.089557,93.859875,21.229683,3.688123,0.012695
114.402706,93.096879,21.305827,114.791867,93.547544,21.244322,3.801847,0.013401
114.238246,92.867645,21.370601,115.008297,93.614222,21.394075,3.844195,0.012996
114.281443,92.883656,21.397786,114.667075,93.255539,21.411536,3.721672,0.012730
113.814490,92.458649,21.355840,114.442463,93.134466,21.307996,3.961031,0.012172
113.871615,92.468846,21.402770,114.674287,93.251627,21.422660,3.891107,0.013138
113.935669,92.482216,21.453453,114.483832,92.987083,21.496748,4.081479,0.011519
113.638515,92.150306,21.488209,114.350717,92.889968,21.460749,4.014327,0.012255
113.664150,92.135736,21.528413,114.007014,92.450584,21.556430,3.963655,0.010883
113.458654,91.949231,21.509423,114.032734,92.551798,21.480936,3.689285,0.012231
113.285820,91.739225,21.546596,113.846075,92.217016,21.629058,4.268181,0.010974
113.259847,91.718553,21.541294,113.845059,92.269118,21.575941,3.810045,0.012609
113.252247,91.668809,21.583438,113.796882,92.192983,21.603899,3.893368,0.011843
112.975774,91.362436,21.613338,113.926547,92.372083,21.554464,3.982688,0.012420
112.882403,91.258474,21.623929,113.598326,92.042385,21.555941,3.928162,0.011782
112.954694,91.313078,21.641616,113.775342,92.161517,21.613825,4.227246,0.012870
112.846538,91.178542,21.667996,113.868599,92.171764,21.696835,3.965623,0.011755
112.792353,91.105281,21.687071,113.622364,92.003492,21.618872,4.289111,0.011782
112.599289,90.889275,21.710015,113.109997,91.348341,21.761656,4.167709,0.012072
112.609434,90.903360,21.706074,113.397086,91.732395,21.664691,4.243975,0.012367
112.472858,90.741305,21.731553,113.245530,91.548775,21.696755,4.062747,0.011514
112.348968,90.541610,21.807358,113.517201,91.727925,21.789276,4.374628,0.011270
112.286286,90.490234,21.796052,113.363963,91.449095,21.914867,3.959933,0.010615
112.253110,90.477452,21.775658,113.386349,91.587585,21.798764,4.130148,0.013275
112.077355,90.292244,21.785111,113.280806,91.468815,21.811990,4.111003,0.011741
112.080773,90.239846,21.840927,113.603304,91.819573,21.783731,4.057487,0.010698
111.968665,90.132708,21.835957,112.798588,91.021171,21.777416,4.523325,0.010073
111.968728,90.151519,21.817209,113.055286,91.325547,21.729740,3.845249,0.013205
111.829570,89.967514,21.862056,112.713532,90.913935,21.799597,4.135909,0.011775
111.812751,89.965410,21.847341,113.060545,91.275708,21.784837,4.346965,0.010457
111.720686,89.832193,21.888493,113.120098,91.223251,21.896848,4.161963,0.010943
111.627577,89.746913,21.880664,112.484682,90.611821,21.872860,4.320693,0.011307
111.579283,89.660372,21.918911,113.046843,91.117153,21.929690,4.102097,0.011158
111.613253,89.726128,21.887126,112.755590,90.842631,21.912959,4.445959,0.010112
111.582032,89.705216,21.876817,112.789663,90.888467,21.901195,3.984294,0.012080
111.533673,89.581983,21.951690,112.839256,90.940381,21.898875,4.316120,0.010854
111.398527,89.464343,21.934184,112.653962,90.769519,21.884443,4.475293,0.010650
111.414467,89.429177,21.985290,113.096426,91.025856,22.070570,4.474544,0.009487
111.382999,89.394511,21.988488,112.201031,90.271450,21.929581,4.465621,0.010014
111.314653,89.335833,21.978819,112.578028,90.605494,21.972534,4.615288,0.010287
111.215828,89.244073,21.971754,112.585384,90.682847,21.902538,4.234756,0.010629
111.133018,89.128839,22.004179,112.699670,90.720276,21.979395,4.054821,0.011198
111.110197,89.125847,21.984350,112.392906,90.440580,21.952326,4.272760,0.010104
111.088585,89.087898,22.000687,112.678722,90.778620,21.900103,4.094455,0.010525
110.975658,88.960827,22.014831,112.509344,90.478544,22.030799,4.001677,0.010075
110.978143,88.973874,22.004269,112.517379,90.577964,21.939415,4.284493,0.010549
110.914438,88.903524,22.010913,112.614547,90.717908,21.896639,3.955138,0.009382
110.882610,88.871356,22.011254,112.528686,90.581131,21.947555,4.522422,0.010201
110.845442,88.810002,22.035440,112.247334,90.188859,22.058475,4.383216,0.009520
110.649069,88.578143,22.070926,112.255283,90.303545,21.951738,4.148300,0.011036
110.612772,88.567518,22.045254,112.198313,90.145508,22.052805,4.029847,0.009877
110.684258,88.562193,22.122065,112.201517,90.141914,22.059603,4.264847,0.009723
110.594017,88.503503,22.090514,112.358901,90.334131,22.024770,4.399776,0.009916
110.493776,88.423401,22.070375,111.936901,89.924273,22.012629,4.073736,0.011214
110.481045,88.391192,22.089854,111.947164,89.927908,22.019256,4.452083,0.010522
110.643062,88.537906,22.105157,112.320533,90.163316,22.157217,4.508219,0.009285
110.535365,88.423057,22.112308,112.354517,90.384334,21.970184,4.811045,0.008545
110.422160,88.275130,22.147029,111.878539,89.865923,22.012616,4.545835,0.008805
110.275333,88.156576,22.118757,111.986953,89.869390,22.117562,4.650573,0.010256
110.280778,88.120831,22.159947,112.073645,89.996329,22.077316,4.776887,0.009681
110.383562,88.219186,22.164376,111.789785,89.727128,22.062656,4.227319,0.009934
110.331712,88.182743,22.148969,112.231262,90.254120,21.977142,4.231034,0.010965
110.350129,88.208563,22.141566,111.903469,89.875623,22.027846,4.250064,0.009790
110.219609,88.045482,22.174127,112.221208,89.952571,22.268637,4.382888,0.009620
110.293074,88.089062,22.204012,112.199033,89.955034,22.243999,4.319831,0.009282
110.290838,88.149916,22.140922,112.048754,89.837440,22.211314,4.368682,0.009213
110.055495,87.875953,22.179542,112.114713,90.004972,22.109741,4.339008,0.009919
110.141670,87.954782,22.186888,112.058337,89.911528,22.146809,4.749380,0.009762
110.216719,87.995951,22.220767,112.098126,89.933623,22.164502,4.267658,0.010086
110.071168,87.870750,22.200418,112.369786,90.137008,22.232778,4.324812,0.009234
110.162977,87.953839,22.209139,112.354790,90.264536,22.090253,4.643889,0.008831
110.158503,87.960633,22.197870,112.083547,89.959400,22.124147,4.329082,0.009756
110.017686,87.828339,22.189347,111.759899,89.569292,22.190607,4.581996,0.008740
109.935046,87.752970,22.182076,112.108311,89.975663,22.132648,4.356537,0.009781
109.885067,87.673000,22.212067,111.789341,89.621627,22.167714,4.534683,0.008891
109.782877,87.603312,22.179565,112.106326,89.980375,22.125951,4.387387,0.010000
109.837206,87.637237,22.199969,111.615938,89.473065,22.142873,4.337730,0.009567
109.811903,87.547095,22.264807,112.050880,89.926946,22.123934,4.370965,0.010347
109.700853,87.489040,22.211813,111.671678,89.452286,22.219392,4.534873,0.009094
109.940861,87.701852,22.239008,111.849784,89.619053,22.230731,4.617323,0.009062
109.735845,87.465692,22.270153,111.957871,89.665537,22.292335,4.672363,0.009680
109.712863,87.493820,22.219043,111.633683,89.492923,22.140761,4.506746,0.008531
109.683067,87.454992,22.228075,111.666603,89.479091,22.187512,4.358905,0.010279
109.613923,87.376508,22.237415,111.627289,89.437378,22.189911,4.584200,0.008224
109.790132,87.520104,22.270028,111.954688,89.587471,22.367217,4.639911,0.008484
109.584270,87.283858,22.300411,111.703455,89.511002,22.192453,4.211433,0.009093
109.654158,87.363471,22.290687,111.821997,89.542002,22.279994,4.827754,0.007650
109.792644,87.492845,22.299799,111.717514,89.412599,22.304914,4.596354,0.009517
109.549839,87.238319,22.311521,111.304270,88.996773,22.307497,4.544972,0.008716
109.636360,87.323837,22.312524,112.006897,89.737124,22.269772,4.200969,0.009924
109.790523,87.454790,22.335732,111.816777,89.530816,22.285960,4.505727,0.008322
109.529808,87.199552,22.330256,111.732720,89.406622,22.326099,4.652243,0.009800
109.381630,87.054923,22.326707,111.620900,89.336403,22.284497,4.445543,0.008410
109.359085,87.033252,22.325833,111.672229,89.307395,22.364834,4.744139,0.008138
109.538743,87.211894,22.326849,111.997770,89.696900,22.300870,4.366004,0.008530
109.440175,87.078240,22.361935,111.598876,89.271895,22.326980,4.565035,0.008905
109.373410,87.041957,22.331453,111.850678,89.568200,22.282478,4.521801,0.009498
109.226733,86.886036,22.340697,111.472603,89.091957,22.380647,4.413468,0.008223
109.318904,86.946284,22.372619,111.626533,89.209798,22.416735,4.348519,0.009549
109.266508,86.934130,22.332378,111.257514,88.995235,22.262279,4.183997,0.009232
109.228208,86.899873,22.328336,111.863580,89.554194,22.309386,4.201409,0.009751
109.173425,86.807259,22.366165,111.415450,89.097145,22.318305,4.233078,0.010131
109.200698,86.888025,22.312674,111.218941,89.057025,22.161916,4.656941,0.008841
109.182045,86.863120,22.318926,111.565541,89.323612,22.241929,4.741744,0.009253
109.422063,87.068108,22.353955,111.753246,89.279477,22.473769,4.465195,0.009390
109.223597,86.869301,22.354296,111.610094,89.337603,22.272490,4.166133,0.009635
109.122224,86.802165,22.320059,111.280273,89.098459,22.181814,4.788572,0.007981
109.003807,86.675973,22.327834,111.375896,89.083612,22.292284,4.758876,0.008570
108.936907,86.555176,22.381731,111.435711,89.118419,22.317292,4.944522,0.007212
109.053903,86.746416,22.307486,111.547340,89.201850,22.345490,4.555224,0.007641
