196.486975,193.114559,3.372416,174.243231,167.963167,6.280064,3.281913,0.012592
159.509350,150.178624,9.330726,147.976910,137.100249,10.876661,3.207041,0.017643
144.524670,133.159926,11.364744,140.137311,128.231306,11.906005,3.220840,0.018534
137.558894,125.170976,12.387919,133.940638,121.188471,12.752167,3.339245,0.018798
132.722211,119.584892,13.137319,130.104639,116.654293,13.450345,3.325955,0.019093
129.215259,115.421526,13.793733,126.932529,112.849920,14.082609,3.361822,0.018843
126.496360,112.123545,14.372816,124.821461,110.252685,14.568776,3.309709,0.019888
124.249579,109.441151,14.808427,123.055230,107.995019,15.060211,3.187269,0.020279
122.565041,107.421224,15.143817,121.005666,105.780593,15.225073,3.386574,0.019953
120.920580,105.573881,15.346699,119.924161,104.510229,15.413931,3.147634,0.020370
119.508804,104.043287,15.465518,118.551696,102.946188,15.605508,3.342787,0.019148
118.320509,102.706484,15.614025,117.376133,101.683178,15.692955,3.439753,0.019056
117.297394,101.578862,15.718533,116.755442,101.098552,15.656890,3.238737,0.020356
116.188611,100.336493,15.852118,115.209909,99.388104,15.821805,3.507050,0.018910
115.286136,99.316187,15.969950,114.358726,98.396312,15.962413,3.363781,0.019429
114.425157,98.418632,16.006526,113.747405,97.770945,15.976460,3.312491,0.018922
113.685504,97.607699,16.077806,113.342088,97.254226,16.087862,3.364358,0.020209
112.836863,96.757385,16.079478,112.349199,96.245247,16.103952,3.396197,0.018991
112.268427,96.196382,16.072045,112.168224,96.101461,16.066763,3.540954,0.019058
111.581613,95.496929,16.084683,111.490186,95.334670,16.155516,3.397344,0.019280
111.055297,94.950568,16.104730,110.918269,94.768100,16.150169,3.345829,0.018427
110.515369,94.358028,16.157340,110.624029,94.406306,16.217723,3.497591,0.017981
110.048791,93.862625,16.186166,110.236406,94.010918,16.225488,3.435912,0.018452
109.612028,93.417159,16.194869,109.417771,93.167525,16.250246,3.412713,0.017785
109.101618,92.816854,16.284764,109.241884,92.891551,16.350334,3.184600,0.020169
108.751867,92.406745,16.345122,108.944135,92.590725,16.353410,3.438565,0.017550
108.376492,92.016508,16.359984,108.551342,92.243291,16.308051,3.499679,0.018473
108.025184,91.637905,16.387279,108.342560,91.970269,16.372291,3.234275,0.019239
107.794616,91.327597,16.467020,107.716221,91.186943,16.529278,3.441506,0.016835
107.490816,91.035163,16.455652,107.668546,91.206067,16.462480,3.302145,0.017920
107.174248,90.653904,16.520344,107.476448,90.887442,16.589006,3.431850,0.017352
107.035376,90.492881,16.542495,107.295353,90.608707,16.686646,3.336321,0.017322
106.764327,90.156628,16.607699,107.274126,90.524052,16.750074,3.317177,0.018565
106.541327,89.894650,16.646677,107.058439,90.519857,16.538582,3.234724,0.018774
106.435323,89.761907,16.673416,106.729812,90.082291,16.647521,3.459819,0.017815
106.138947,89.425502,16.713444,107.059428,90.304035,16.755393,3.293873,0.018645
105.947350,89.232185,16.715165,106.605915,89.898323,16.707592,3.357960,0.019271
105.796434,89.078503,16.717932,106.500873,89.863795,16.637078,3.323006,0.017881
105.693304,88.961359,16.731945,106.346847,89.615590,16.731258,3.344855,0.017795
105.505324,88.682114,16.823210,106.078285,89.219702,16.858582,3.278914,0.017277
105.312254,88.487006,16.825248,105.991609,89.208649,16.782960,3.406819,0.017147
105.200886,88.401005,16.799882,106.026624,89.349765,16.676859,3.439970,0.017271
105.052934,88.242019,16.810915,105.785706,88.872080,16.913626,3.333008,0.017137
104.927383,88.045563,16.881820,105.660993,88.795306,16.865687,3.210562,0.018565
104.762799,87.893206,16.869592,105.798142,88.925050,16.873093,3.446698,0.016548
104.721750,87.859653,16.862098,105.928378,89.131000,16.797378,3.280474,0.017507
104.495279,87.615541,16.879739,105.188856,88.405639,16.783217,3.299440,0.017635
104.506839,87.583050,16.923788,106.357060,89.309142,17.047919,3.132604,0.018832
104.247190,87.305245,16.941945,105.085429,88.177844,16.907585,3.402469,0.018425
104.207453,87.299935,16.907518,105.334031,88.436446,16.897584,3.194298,0.019280
104.103559,87.175463,16.928096,105.312669,88.403985,16.908684,3.357327,0.018002
103.959844,87.020112,16.939732,105.026207,88.093579,16.932628,3.512372,0.015404
103.865751,86.930614,16.935137,105.122995,88.229687,16.893308,3.271338,0.018314
103.815606,86.819572,16.996034,104.527748,87.582502,16.945246,3.557880,0.016486
103.761791,86.763142,16.998649,104.723882,87.696564,17.027318,3.203067,0.016672
103.569977,86.553611,17.016367,104.849816,87.945462,16.904353,3.274035,0.017508
103.508806,86.519031,16.989775,104.688772,87.650945,17.037827,3.344111,0.016919
103.422691,86.361266,17.061425,104.617181,87.524620,17.092561,3.360587,0.016783
103.383780,86.377928,17.005852,104.850597,87.766630,17.083966,3.104224,0.017944
103.265269,86.181261,17.084008,104.368672,87.367445,17.001227,3.267113,0.017516
103.225083,86.172926,17.052157,104.379501,87.362211,17.017290,3.392672,0.016707
103.073164,86.008768,17.064397,104.452161,87.389712,17.062449,3.414458,0.016866
103.093403,86.012921,17.080482,104.605021,87.527178,17.077843,3.257901,0.018023
102.941166,85.869407,17.071759,104.145900,87.070898,17.075002,3.562896,0.016369
102.915449,85.815850,17.099599,104.104499,87.025853,17.078646,3.350384,0.017770
102.910879,85.815366,17.095513,104.365622,87.259218,17.106404,3.467894,0.016539
102.879543,85.746342,17.133201,104.165910,87.036215,17.129696,3.406040,0.016646
102.740791,85.573377,17.167414,104.021977,86.850262,17.171715,3.466187,0.015641
102.688950,85.503016,17.185934,104.144856,87.055235,17.089621,3.205142,0.017751
102.627065,85.467232,17.159832,104.243893,87.098523,17.145370,3.418074,0.016976
102.533121,85.370286,17.162836,103.926552,86.769602,17.156951,3.375225,0.016894
102.544423,85.359424,17.184999,103.993451,86.812905,17.180546,3.256736,0.017600
102.571656,85.359743,17.211913,103.760775,86.606538,17.154236,3.663432,0.016991
102.477337,85.269006,17.208331,104.038848,86.826912,17.211935,3.394439,0.016367
102.350675,85.163483,17.187193,103.960943,86.778067,17.182877,3.328679,0.017170
102.386171,85.185062,17.201109,103.668714,86.440834,17.227880,3.403468,0.016766
102.278788,85.064955,17.213833,103.623138,86.440786,17.182352,3.420969,0.015856
102.321059,85.093354,17.227705,103.811568,86.596029,17.215539,3.353578,0.016846
102.264033,85.039636,17.224397,104.318600,87.120408,17.198191,3.305078,0.017754
102.248659,85.030409,17.218250,103.983008,86.817079,17.165929,3.347755,0.017002
102.133390,84.922331,17.211059,103.800472,86.587570,17.212902,3.290324,0.016115
102.187803,84.948352,17.239450,104.047458,86.864872,17.182585,3.392819,0.016573
102.121428,84.885717,17.235711,103.929418,86.759173,17.170245,3.312763,0.018042
102.123839,84.860429,17.263410,103.469375,86.273413,17.195961,3.619154,0.014968
102.001831,84.741060,17.260770,103.822234,86.645981,17.176252,3.336941,0.016439
102.012550,84.743548,17.269002,103.754333,86.597682,17.156652,3.377128,0.015690
101.983180,84.733192,17.249988,103.719660,86.525221,17.194439,3.401293,0.016923
101.963344,84.670285,17.293059,103.597483,86.397941,17.199542,3.311149,0.017208
101.855846,84.565240,17.290606,103.617512,86.387143,17.230369,3.505709,0.017312
101.929795,84.655953,17.273842,104.051623,86.723747,17.327876,3.296940,0.016988
101.940933,84.609558,17.331375,103.282622,86.022182,17.260440,3.547345,0.016058
101.757112,84.442728,17.314384,103.809371,86.480065,17.329306,3.416520,0.015920
101.810441,84.544703,17.265737,103.763976,86.544251,17.219725,3.245433,0.017250
101.733826,84.432478,17.301348,103.596921,86.322268,17.274653,3.498405,0.016339
101.766138,84.509873,17.256265,103.457658,86.249693,17.207964,3.330370,0.017020
101.703988,84.413957,17.290031,103.339856,86.115747,17.224109,3.412886,0.016299
101.658270,84.371411,17.286858,103.564107,86.358030,17.206077,3.271636,0.017932
101.595897,84.344829,17.251068,103.536627,86.325571,17.211057,3.355027,0.017705
101.597245,84.346591,17.250653,103.756305,86.464060,17.292244,3.120563,0.017600
101.554947,84.314706,17.240241,103.345570,86.191895,17.153675,3.483541,0.016507
101.556279,84.319079,17.237200,103.608018,86.419795,17.188224,3.337902,0.018097
101.555288,84.303718,17.251569,103.417081,86.184418,17.232663,3.343930,0.016593
101.528026,84.240554,17.287472,103.499080,86.150341,17.348739,3.169796,0.018540
101.472672,84.137247,17.335425,103.599086,86.366560,17.232527,3.362639,0.016060
101.523777,84.223380,17.300398,103.528166,86.289833,17.238334,3.366349,0.017571
101.399234,84.084248,17.314986,103.584190,86.295927,17.288264,3.487767,0.017515
101.388637,84.082698,17.305939,103.170223,85.901073,17.269149,3.504065,0.015071
101.302227,84.002826,17.299401,103.363268,86.170835,17.192433,3.449192,0.017087
101.340600,84.085335,17.255265,103.363026,86.157199,17.205827,3.509381,0.016760
101.310623,84.056565,17.254057,103.272787,86.039672,17.233115,3.370471,0.016669
101.248032,83.954645,17.293387,103.431112,86.110909,17.320203,3.414266,0.016947
101.282838,83.998440,17.284399,103.176388,85.946160,17.230228,3.434916,0.016174
101.207443,83.913099,17.294344,103.229817,86.001337,17.228480,3.370048,0.016197
101.251542,83.943372,17.308170,103.407327,86.117593,17.289734,3.478661,0.016359
101.273679,83.960151,17.313529,103.361461,86.128306,17.233155,3.234022,0.017969
101.264380,83.932295,17.332085,103.240573,86.010500,17.230073,3.429368,0.016326
101.206670,83.940679,17.265992,103.318767,86.122434,17.196333,3.349540,0.016693
101.135944,83.819438,17.316506,103.271997,85.868790,17.403207,3.390717,0.017505
101.131722,83.792158,17.339564,103.014406,85.691631,17.322775,3.598461,0.016571
101.077629,83.763682,17.313947,103.101694,85.886813,17.214882,3.456110,0.017353
101.128379,83.788223,17.340156,103.240383,85.936270,17.304113,3.345526,0.017128
101.053933,83.682892,17.371041,103.006550,85.785805,17.220744,3.498635,0.016272
101.068125,83.741200,17.326925,103.235550,85.904529,17.331020,3.581875,0.016225
100.965574,83.634159,17.331415,103.095047,85.824670,17.270377,3.535759,0.016140
101.062919,83.721061,17.341857,102.944137,85.618509,17.325628,3.447371,0.016418
101.043150,83.703149,17.340001,102.986631,85.680587,17.306044,3.530180,0.015311
100.984039,83.680304,17.303735,102.855066,85.602977,17.252089,3.380488,0.017654
101.010655,83.703292,17.307363,103.144671,85.849590,17.295081,3.453764,0.015885
100.971128,83.626711,17.344417,103.143759,85.881237,17.262521,3.461625,0.016961
100.960098,83.620142,17.339956,103.026971,85.806110,17.220861,3.228214,0.017978
100.889318,83.551518,17.337800,102.967530,85.671524,17.296006,3.283169,0.018244
100.852636,83.502885,17.349751,103.027929,85.791848,17.236081,3.429165,0.017376
100.945163,83.632360,17.312802,103.153969,85.896760,17.257209,3.714234,0.016115
100.841673,83.503183,17.338491,103.168730,85.977674,17.191056,3.343537,0.018476
100.866053,83.509314,17.356739,102.928854,85.726114,17.202739,3.642140,0.016004
100.841506,83.528979,17.312527,102.901022,85.605428,17.295594,3.508005,0.015785
100.877215,83.545054,17.332161,103.074799,85.784961,17.289838,3.363711,0.017608
100.856606,83.505730,17.350876,103.176715,85.767241,17.409474,3.495493,0.016914
100.918225,83.556490,17.361736,102.993255,85.659465,17.333790,3.365750,0.017567
100.763437,83.380578,17.382859,102.801190,85.501376,17.299814,3.362806,0.016789
100.781136,83.381161,17.399975,103.055162,85.763043,17.292119,3.454888,0.017073
100.730153,83.379579,17.350574,102.890387,85.573445,17.316942,3.236912,0.017255
100.784623,83.394757,17.389865,102.852383,85.524755,17.327627,3.386273,0.015892
100.744416,83.381711,17.362705,102.946726,85.597792,17.348933,3.308064,0.016947
100.693022,83.308421,17.384601,103.146218,85.779406,17.366812,3.280148,0.017153
100.687852,83.331866,17.355986,102.966722,85.643668,17.323055,3.587926,0.016316
100.715842,83.355257,17.360585,102.805629,85.491047,17.314581,3.565959,0.016793
100.709974,83.334140,17.375834,102.859733,85.566821,17.292912,3.605030,0.016274
100.727253,83.351554,17.375699,102.973169,85.672272,17.300897,3.349293,0.017688
100.623788,83.235951,17.387837,102.955278,85.671023,17.284255,3.391177,0.017267
100.631799,83.268760,17.363038,102.863360,85.482451,17.380909,3.423144,0.016367
100.647575,83.262666,17.384910,102.827021,85.440311,17.386710,3.347745,0.017348
100.576386,83.190345,17.386041,103.450257,86.139577,17.310680,3.205662,0.017914
100.613731,83.227614,17.386116,102.693478,85.376141,17.317336,3.482691,0.015970
100.611248,83.231727,17.379521,102.989951,85.600563,17.389388,3.285178,0.017326
100.538729,83.127600,17.411129,102.945697,85.582585,17.363112,3.293117,0.016893
100.663737,83.274336,17.389401,103.041198,85.709739,17.331459,3.379221,0.018127
100.619446,83.249548,17.369898,102.888326,85.493270,17.395057,3.150147,0.018436
100.481724,83.113762,17.367962,102.997547,85.734187,17.263360,3.172652,0.021357
100.574735,83.194068,17.380667,102.893996,85.533176,17.360820,3.401158,0.016816
