200.796621,197.881264,2.915356,178.845689,173.641690,5.204000,3.447656,0.010401
165.662951,157.622353,8.040598,153.474274,143.914334,9.559940,3.317151,0.013099
148.118495,137.395174,10.723320,143.959329,132.587243,11.372087,2.877433,0.017823
140.622317,128.631705,11.990612,137.226630,124.592355,12.634276,3.063449,0.019483
135.242540,122.322351,12.920189,132.018929,118.730020,13.288910,3.469143,0.017759
131.697223,118.272787,13.424436,129.625464,115.983570,13.641893,3.398676,0.017659
129.090373,115.315995,13.774378,126.666318,112.801702,13.864615,3.691133,0.016569
127.004503,112.973811,14.030693,125.102044,111.001301,14.100743,3.522739,0.018161
125.215857,110.983522,14.232335,123.760085,109.460347,14.299739,3.709401,0.017005
123.795646,109.470016,14.325630,122.622547,108.265153,14.357394,3.368858,0.019667
122.595784,108.179133,14.416651,121.637599,107.189601,14.447999,3.557035,0.018221
121.483547,106.988918,14.494629,120.699365,106.160196,14.539169,3.432280,0.020025
120.706978,106.134376,14.572603,120.053551,105.520999,14.532552,3.467068,0.019321
119.707143,105.047047,14.660096,118.848600,104.196312,14.652288,3.527206,0.017911
118.801053,104.086625,14.714428,118.234246,103.553203,14.681044,3.522828,0.018463
118.060969,103.339492,14.721477,117.327548,102.611030,14.716518,3.778834,0.017703
117.296224,102.528958,14.767266,116.841991,102.037416,14.804576,3.575865,0.018795
116.578865,101.767404,14.811461,116.161525,101.398230,14.763295,3.630678,0.017445
115.854700,100.992838,14.861862,115.472447,100.663089,14.809359,3.608123,0.018494
115.339172,100.465507,14.873664,114.898717,100.043793,14.854924,3.740828,0.016760
114.814943,99.924213,14.890730,114.425292,99.480148,14.945144,3.778222,0.018224
114.204865,99.259676,14.945189,113.824632,98.935427,14.889204,3.684018,0.018183
113.702437,98.750610,14.951827,113.302675,98.315714,14.986961,3.604943,0.017841
113.307875,98.335454,14.972421,112.911862,97.967830,14.944033,3.717368,0.016869
112.862133,97.895415,14.966718,112.604059,97.673656,14.930403,3.790326,0.016856
112.403556,97.405301,14.998255,112.468988,97.471321,14.997667,3.741279,0.017272
112.044257,96.980774,15.063483,111.864861,96.788421,15.076440,3.751745,0.017869
111.680088,96.579928,15.100161,111.685389,96.609417,15.075972,3.502377,0.018183
111.349313,96.216847,15.132466,111.402402,96.249742,15.152660,3.567963,0.018907
110.987368,95.805763,15.181604,111.013634,95.893826,15.119808,3.655400,0.017326
110.714884,95.536595,15.178289,110.715395,95.525635,15.189760,3.792802,0.016666
110.488684,95.218134,15.270550,110.474007,95.290790,15.183218,3.794746,0.016790
110.182320,94.872135,15.310184,110.224181,94.869487,15.354694,3.673451,0.016589
109.825667,94.538836,15.286832,110.021910,94.775437,15.246474,3.954072,0.015528
109.691689,94.363051,15.328638,110.091539,94.791318,15.300221,3.702328,0.017195
109.458093,94.139564,15.318529,109.945505,94.689349,15.256156,3.526614,0.019197
109.231568,93.927223,15.304345,109.700842,94.437160,15.263682,3.628300,0.017025
109.017585,93.710892,15.306693,109.403567,94.256880,15.146687,3.844625,0.017332
108.810910,93.497988,15.312922,109.187960,93.899335,15.288625,3.727624,0.016198
108.685475,93.373100,15.312375,109.260269,93.991732,15.268538,3.666443,0.017137
108.501491,93.141232,15.360259,108.996354,93.661793,15.334561,3.704023,0.016710
108.349880,92.980709,15.369172,108.643980,93.351101,15.292880,3.926236,0.016084
108.185014,92.825873,15.359141,108.729695,93.407603,15.322092,3.763066,0.016196
107.961997,92.620002,15.341995,108.442010,93.120335,15.321676,3.868443,0.015661
107.820075,92.445384,15.374691,108.556810,93.222360,15.334450,3.653194,0.017137
107.635108,92.249216,15.385892,108.479327,93.150363,15.328964,3.699039,0.016705
107.584155,92.152284,15.431871,108.275904,93.054033,15.221871,3.756200,0.016247
107.367424,91.928588,15.438836,107.995795,92.579656,15.416139,3.860123,0.017099
107.144385,91.685111,15.459274,108.305657,92.988811,15.316846,3.726730,0.017381
106.986592,91.527712,15.458880,107.741594,92.344962,15.396632,3.649637,0.016736
106.840899,91.345709,15.495190,107.610570,92.131312,15.479257,3.789545,0.017592
106.746235,91.220005,15.526230,107.385227,91.875671,15.509556,3.914319,0.014299
106.615239,91.093064,15.522175,107.377577,91.957879,15.419697,3.837363,0.015284
106.495875,90.965798,15.530077,107.178677,91.651730,15.526946,3.650738,0.017756
106.420806,90.859242,15.561565,107.128718,91.570179,15.558539,3.570352,0.017029
106.262944,90.696105,15.566839,106.951350,91.405390,15.545960,3.596616,0.016285
106.105410,90.547204,15.558206,106.895979,91.457896,15.438083,3.629507,0.017469
105.939501,90.323027,15.616473,106.894057,91.309511,15.584547,3.579620,0.016397
105.846919,90.224138,15.622781,106.881968,91.329719,15.552249,3.764826,0.015702
105.799005,90.194236,15.604769,106.653060,90.995007,15.658053,3.729200,0.015489
105.658344,90.016863,15.641481,106.553079,90.940771,15.612309,4.016303,0.015303
105.573029,89.913169,15.659861,106.752157,91.089738,15.662419,3.592500,0.016909
105.500276,89.815054,15.685222,106.457632,90.915706,15.541927,3.864126,0.016685
105.351965,89.693044,15.658921,106.395356,90.712417,15.682938,3.918525,0.016208
105.210853,89.523344,15.687509,106.342734,90.660121,15.682613,3.870382,0.014693
105.159158,89.454946,15.704212,105.976642,90.243075,15.733567,3.655815,0.015770
105.083466,89.402568,15.680897,106.381441,90.708906,15.672536,3.547035,0.017076
104.953834,89.258414,15.695420,106.143244,90.480859,15.662385,3.717746,0.016335
104.910540,89.184802,15.725739,105.861017,90.177358,15.683659,3.774987,0.016147
104.819558,89.116715,15.702844,106.007257,90.278667,15.728590,3.614078,0.016752
104.761382,89.038011,15.723371,106.138119,90.457830,15.680289,3.850037,0.016016
104.708683,88.988666,15.720017,105.764671,90.085498,15.679173,3.937830,0.014408
104.573529,88.859530,15.713999,105.821825,90.204235,15.617591,3.725147,0.016913
104.595613,88.904597,15.691016,105.704012,89.984528,15.719483,3.862170,0.015475
104.471216,88.740801,15.730415,105.708560,90.052380,15.656180,3.924817,0.015204
104.496092,88.803539,15.692554,105.751486,89.950629,15.800857,3.649306,0.016308
104.341325,88.606183,15.735142,105.573985,89.925803,15.648183,3.787034,0.016954
104.369484,88.634443,15.735041,105.821681,90.122371,15.699310,3.668112,0.017404
104.257765,88.538716,15.719050,105.583307,89.894194,15.689112,3.803688,0.015777
104.163035,88.404585,15.758450,105.384588,89.659169,15.725420,3.771191,0.016966
104.143090,88.359354,15.783736,105.500521,89.727659,15.772863,3.797924,0.016908
104.074039,88.311855,15.762185,105.422029,89.590349,15.831680,3.712706,0.016260
104.005781,88.230348,15.775433,105.569829,89.839395,15.730434,3.683021,0.016693
103.929253,88.171499,15.757754,105.341960,89.604954,15.737006,3.907035,0.016415
103.887432,88.112699,15.774734,105.287080,89.535767,15.751313,3.758304,0.015763
103.858691,88.068904,15.789786,105.359939,89.682369,15.677569,3.824212,0.016477
103.820950,88.022367,15.798583,105.140367,89.412533,15.727834,3.879966,0.015266
103.724528,87.921338,15.803190,105.453628,89.709660,15.743969,3.844434,0.015640
103.674440,87.869392,15.805047,105.389813,89.604922,15.784891,3.897891,0.015677
103.665799,87.868343,15.797457,105.112255,89.293177,15.819078,3.770131,0.016307
103.624443,87.819975,15.804468,105.303705,89.461706,15.841998,3.892145,0.015484
103.527037,87.707529,15.819508,105.220797,89.475413,15.745384,3.819602,0.015658
103.460524,87.639561,15.820963,105.111480,89.397827,15.713653,3.854501,0.016399
103.472009,87.637233,15.834776,105.115235,89.370403,15.744832,3.765481,0.015015
103.435799,87.579625,15.856174,105.112931,89.260744,15.852188,4.004827,0.015120
103.419536,87.562716,15.856821,104.997114,89.143783,15.853330,3.968231,0.014247
103.357317,87.522350,15.834967,105.170105,89.372944,15.797160,3.878540,0.017144
103.323505,87.442982,15.880523,105.139077,89.265075,15.874002,3.799759,0.015441
103.213174,87.317437,15.895737,105.240178,89.337376,15.902802,3.748346,0.015882
103.291106,87.411157,15.879949,104.916722,89.086250,15.830473,3.843468,0.015667
103.237762,87.362419,15.875343,104.922209,89.182396,15.739814,3.839952,0.015410
103.206007,87.365173,15.840835,104.959073,89.207872,15.751201,3.726551,0.017525
103.200796,87.302172,15.898624,104.828849,88.900159,15.928691,3.994836,0.014932
103.119192,87.234201,15.884991,104.867610,89.038433,15.829177,3.827064,0.015477
103.024141,87.174727,15.849413,104.967922,89.113632,15.854290,3.696365,0.017906
103.118342,87.240888,15.877454,104.754531,88.938439,15.816093,3.984202,0.015516
103.059663,87.184723,15.874940,104.773665,88.884845,15.888820,3.963710,0.017149
103.039257,87.151447,15.887810,104.815202,88.905630,15.909572,3.898707,0.014902
102.977613,87.075427,15.902186,104.831238,88.996394,15.834845,3.707296,0.015757
102.898731,86.997818,15.900913,104.688721,88.805209,15.883512,3.673057,0.016570
102.845989,86.923825,15.922164,104.792779,88.899821,15.892958,4.236474,0.014249
102.915548,86.981639,15.933909,104.759686,88.922707,15.836979,3.867831,0.015609
102.810329,86.914122,15.896207,104.489428,88.590311,15.899117,3.851440,0.016723
102.791111,86.836768,15.954343,104.550385,88.625746,15.924638,3.760699,0.015809
102.751935,86.800730,15.951205,104.621227,88.726490,15.894737,4.031761,0.015814
102.805411,86.816098,15.989314,104.239646,88.248449,15.991197,3.856099,0.015455
102.651591,86.662925,15.988666,104.551502,88.603336,15.948166,3.617422,0.015983
102.608762,86.636743,15.972020,104.543860,88.573265,15.970595,3.919868,0.015100
102.635054,86.641181,15.993873,104.432854,88.477168,15.955686,3.803668,0.016474
102.622013,86.660102,15.961911,104.631145,88.741262,15.889884,3.834578,0.016816
102.636031,86.658304,15.977727,104.269757,88.225486,16.044272,3.837936,0.017090
102.560157,86.581655,15.978501,104.485347,88.547808,15.937540,4.094336,0.014961
102.472009,86.496086,15.975923,104.387056,88.460672,15.926384,3.743431,0.016309
102.532870,86.559364,15.973506,104.378224,88.433344,15.944880,3.770801,0.016692
102.452974,86.469578,15.983396,104.712403,88.722299,15.990103,3.888080,0.015994
102.503087,86.516463,15.986624,104.570485,88.680773,15.889711,3.989614,0.015826
102.514866,86.524971,15.989895,104.381287,88.453423,15.927864,3.704476,0.017070
102.420846,86.466233,15.954613,104.386010,88.524099,15.861911,3.987691,0.015573
102.464756,86.478857,15.985899,104.578181,88.602797,15.975384,3.909844,0.014614
102.288379,86.314088,15.974292,104.368832,88.496509,15.872323,4.064276,0.014140
102.361222,86.394875,15.966347,104.269259,88.346675,15.922584,3.932503,0.014750
102.369524,86.376980,15.992544,104.449063,88.440083,16.008981,3.689955,0.015684
102.264827,86.273177,15.991650,104.564376,88.663148,15.901228,3.880318,0.014926
102.283235,86.292793,15.990442,104.396606,88.425996,15.970610,3.839282,0.015163
102.332972,86.340287,15.992685,104.479466,88.438639,16.040826,3.863451,0.014287
102.270869,86.273471,15.997398,104.535638,88.601608,15.934030,3.823987,0.015364
102.304269,86.312212,15.992057,104.202568,88.246639,15.955929,3.838994,0.016183
102.205015,86.196568,16.008447,104.180663,88.186333,15.994330,3.789117,0.016660
102.267898,86.292787,15.975111,104.124623,88.121451,16.003171,3.931634,0.015671
102.230538,86.197393,16.033145,104.126703,88.174852,15.951850,3.914739,0.016101
102.174641,86.203033,15.971608,104.339894,88.395645,15.944249,3.707408,0.016936
102.094637,86.107751,15.986886,104.212599,88.255259,15.957340,3.859271,0.015668
102.079505,86.094849,15.984655,104.186180,88.249978,15.936203,3.720645,0.016290
102.086873,86.142101,15.944772,104.099829,88.131079,15.968750,3.778401,0.015624
102.083165,86.094824,15.988341,104.820140,88.892014,15.928126,3.736512,0.016451
102.116897,86.126923,15.989974,104.250479,88.259827,15.990653,3.801120,0.016371
102.078500,86.091714,15.986786,104.229263,88.312592,15.916671,4.064235,0.015306
102.060128,86.096225,15.963903,104.101766,88.175676,15.926089,3.835326,0.015912
102.045425,86.074881,15.970544,104.419444,88.427938,15.991506,3.780124,0.016271
102.061153,86.065551,15.995602,104.240192,88.315688,15.924504,3.888156,0.015892
102.008901,86.036879,15.972022,104.259486,88.279743,15.979743,3.654975,0.017022
101.978896,85.982041,15.996855,104.130510,88.179016,15.951493,3.989983,0.014209
102.023257,86.009898,16.013359,104.242242,88.298031,15.944211,3.600554,0.017032
101.934874,85.923428,16.011446,104.238778,88.284869,15.953910,3.539173,0.017081
101.928363,85.934282,15.994081,104.086392,88.169861,15.916531,3.859112,0.016718
101.919661,85.919911,15.999750,103.805855,87.793656,16.012199,3.915568,0.015483
101.922481,85.916282,16.006200,104.274972,88.369516,15.905456,3.835563,0.015912
101.852623,85.843006,16.009617,104.084327,88.151443,15.932883,3.771621,0.015515
101.858485,85.883231,15.975254,104.182536,88.320976,15.861560,3.905341,0.015203
101.798731,85.834815,15.963916,104.020626,88.063260,15.957366,3.887033,0.017003
