201.797641,198.869129,2.928512,182.169790,176.460826,5.708964,8.758615,0.006486
168.639454,159.883697,8.755758,156.551957,145.602386,10.949571,5.172108,0.014801
151.466713,138.801283,12.665429,146.370291,132.631616,13.738675,4.514038,0.016795
144.153704,129.907754,14.245950,140.784448,126.061777,14.722671,4.663074,0.017507
138.930119,123.588093,15.342026,135.724080,119.855182,15.868898,4.369531,0.018541
134.791420,118.555133,16.236287,132.099552,115.455685,16.643868,4.666208,0.018852
131.748398,114.884249,16.864149,129.930956,112.862576,17.068380,4.529245,0.020637
129.329994,112.009002,17.320992,127.820038,110.365356,17.454682,4.338383,0.021090
127.608950,109.924999,17.683952,126.444781,108.445296,17.999485,4.505280,0.019769
126.171304,108.240551,17.930754,125.342391,107.417464,17.924927,4.453197,0.020209
124.937722,106.793837,18.143885,124.357639,106.222507,18.135132,4.353894,0.020229
123.887019,105.638690,18.248329,123.213919,105.109199,18.104719,4.665152,0.019661
122.940154,104.554171,18.385982,122.123132,103.695298,18.427833,4.740519,0.018465
122.156280,103.722445,18.433836,121.940568,103.420625,18.519943,4.516402,0.019892
121.490067,102.892654,18.597413,120.917627,102.317849,18.599777,4.981112,0.017603
120.827172,102.118435,18.708737,120.729788,101.900864,18.828924,4.378466,0.019489
120.183554,101.419722,18.763832,120.048063,101.192604,18.855459,4.327501,0.020300
119.628418,100.865262,18.763156,119.367031,100.624745,18.742287,4.622079,0.019128
119.093250,100.385721,18.707529,119.204287,100.503570,18.700717,4.651583,0.020989
118.720559,99.861691,18.858868,118.874392,99.893329,18.981063,4.925703,0.019072
118.243248,99.334589,18.908659,118.542628,99.674513,18.868116,4.807502,0.019313
117.959129,98.976164,18.982965,117.704478,98.781018,18.923459,4.637926,0.018834
117.370803,98.421624,18.949179,117.662121,98.952356,18.709765,4.790969,0.018763
117.127928,98.127986,18.999942,117.171831,98.139962,19.031869,4.805657,0.017569
116.692554,97.729099,18.963456,116.926368,98.010994,18.915374,4.790682,0.018810
116.338184,97.351510,18.986674,116.489742,97.454164,19.035578,4.735898,0.019008
116.072001,97.012566,19.059435,116.602920,97.750915,18.852005,4.773611,0.019912
115.809957,96.841892,18.968065,116.378332,97.487932,18.890400,4.777996,0.018107
115.433864,96.471279,18.962584,116.065609,97.132803,18.932806,4.746358,0.020331
115.146511,96.146189,19.000323,115.469486,96.436163,19.033323,5.005029,0.017169
114.782406,95.738685,19.043721,115.302515,96.224246,19.078269,4.865676,0.017523
114.600444,95.451591,19.148853,114.812294,95.696326,19.115967,4.498905,0.018641
114.237249,95.231517,19.005732,114.772107,95.816329,18.955778,4.754220,0.018303
114.032922,94.926058,19.106864,114.890585,95.924810,18.965775,4.561945,0.019682
113.827991,94.792246,19.035746,114.458346,95.515875,18.942471,4.605282,0.018941
113.575032,94.476078,19.098954,114.198331,95.225791,18.972540,4.726175,0.018592
113.208420,94.106525,19.101895,114.183877,95.233961,18.949916,4.700336,0.018499
113.095477,94.056256,19.039221,114.057106,95.134096,18.923010,4.588563,0.017924
112.915149,93.882548,19.032601,113.729131,94.695627,19.033505,4.730206,0.018271
112.680595,93.520521,19.160074,113.626310,94.339666,19.286646,4.737529,0.019186
112.427005,93.312548,19.114457,113.720803,94.697991,19.022812,4.783195,0.017964
112.198306,93.078652,19.119654,113.248716,94.156494,19.092222,4.726375,0.018494
112.040373,92.938339,19.102034,113.120194,94.088854,19.031341,4.565571,0.017741
111.824423,92.675894,19.148529,112.986068,93.882602,19.103466,4.550255,0.019081
111.670591,92.510529,19.160062,112.548082,93.356353,19.191730,4.685606,0.017836
111.484106,92.316770,19.167336,112.548730,93.584568,18.964162,4.788360,0.018523
111.251265,92.108146,19.143119,112.535836,93.558083,18.977753,4.723357,0.017391
111.127570,92.015275,19.112295,112.113022,93.247689,18.865332,4.536047,0.020445
110.918510,91.794571,19.123939,112.091211,93.031417,19.059794,4.849420,0.017955
110.705151,91.615303,19.089848,111.972955,93.138378,18.834578,4.913208,0.017755
110.606375,91.545856,19.060519,111.876277,92.956366,18.919910,4.754184,0.018290
110.390588,91.320053,19.070535,111.823322,92.906435,18.916887,4.680024,0.018094
110.199612,91.088354,19.111258,111.812207,92.827188,18.985019,4.577616,0.018997
110.083423,91.015441,19.067982,111.264200,92.362926,18.901274,4.777760,0.017918
109.970243,90.909810,19.060433,111.045101,92.103116,18.941985,4.622249,0.018747
109.761967,90.680137,19.081829,111.177099,92.101990,19.075110,4.997208,0.017159
109.634649,90.533946,19.100703,111.006010,91.896297,19.109712,4.833354,0.018096
109.511381,90.468729,19.042652,110.989862,91.885981,19.103881,4.704329,0.017192
109.368450,90.218808,19.149642,110.375261,91.533845,18.841416,4.911549,0.016510
109.225258,90.118412,19.106846,110.368249,91.297334,19.070916,4.591134,0.018170
109.020604,89.900746,19.119857,110.554224,91.529293,19.024931,4.607196,0.017197
108.841948,89.711080,19.130868,110.377075,91.386956,18.990118,4.526618,0.018189
108.660029,89.637495,19.022534,110.184338,91.211238,18.973100,4.364864,0.018921
108.597872,89.522847,19.075025,110.044044,91.097603,18.946441,4.643689,0.016746
108.520235,89.409567,19.110669,110.135743,91.026451,19.109293,4.590423,0.017262
108.275073,89.138362,19.136710,109.683045,90.812516,18.870528,4.407098,0.018274
108.195849,89.125397,19.070451,109.816743,90.879401,18.937342,4.703502,0.017085
108.042258,88.959600,19.082658,109.857950,90.781186,19.076764,4.590065,0.016739
107.897911,88.790345,19.107566,109.565322,90.588876,18.976446,4.685713,0.017433
107.835700,88.760982,19.074718,109.734448,90.715742,19.018706,4.629041,0.017514
107.656422,88.531436,19.124986,109.566499,90.573976,18.992524,4.608517,0.018194
107.540719,88.432916,19.107803,109.170737,90.108981,19.061756,4.805091,0.016632
107.442944,88.375817,19.067128,109.386319,90.400322,18.985996,4.545930,0.017294
107.261990,88.223437,19.038553,108.979050,90.135726,18.843324,4.800961,0.016725
107.208419,88.192442,19.015977,108.886998,90.052962,18.834036,4.736575,0.017291
107.024944,87.971001,19.053944,108.710679,89.793058,18.917621,4.699575,0.016469
106.940085,87.947378,18.992707,108.866372,90.114692,18.751680,4.815249,0.017110
106.883695,87.873335,19.010360,108.486411,89.521982,18.964429,4.574091,0.017122
106.811892,87.710749,19.101143,108.653116,89.636493,19.016623,4.765277,0.016226
106.708096,87.577485,19.130611,108.595264,89.408027,19.187237,4.644519,0.016766
106.539989,87.411609,19.128381,108.206893,89.170228,19.036665,4.782120,0.016570
106.458377,87.402743,19.055633,108.506204,89.600464,18.905740,4.437951,0.017635
106.332004,87.255452,19.076553,108.367660,89.320469,19.047190,4.613240,0.016088
106.229662,87.144326,19.085337,108.097311,89.142569,18.954742,4.697850,0.015754
106.096331,87.005520,19.090811,108.277633,89.402167,18.875466,4.469680,0.019045
106.143742,87.043881,19.099861,107.770994,88.724070,19.046924,4.862523,0.016811
105.855753,86.787091,19.068661,108.045808,89.099469,18.946339,4.633700,0.015621
105.869590,86.799784,19.069806,107.923232,88.934019,18.989213,4.520475,0.017261
105.730659,86.664930,19.065729,107.674596,88.769825,18.904772,4.600076,0.016034
105.560775,86.473029,19.087746,107.749691,88.723582,19.026108,4.570295,0.016567
105.643895,86.572596,19.071299,107.614408,88.724957,18.889452,4.534783,0.017097
105.432902,86.314909,19.117993,107.367943,88.243089,19.124854,4.454226,0.017113
105.379391,86.243551,19.135840,107.553413,88.506333,19.047079,4.706410,0.015957
105.324735,86.150713,19.174022,107.397535,88.321105,19.076430,4.729204,0.016322
105.163598,86.039424,19.124174,107.185633,88.196173,18.989460,4.425284,0.015823
105.147073,86.036045,19.111028,107.250777,88.202433,19.048343,4.471531,0.017676
105.001776,85.925965,19.075811,106.963431,88.028437,18.934995,4.521869,0.016339
105.003862,85.890077,19.113785,107.169870,88.200548,18.969322,4.522478,0.016597
104.760625,85.659869,19.100756,107.061163,88.057094,19.004070,4.593225,0.016993
104.718177,85.628385,19.089792,107.074889,88.108042,18.966847,4.424760,0.016167
104.723461,85.614797,19.108664,106.851572,87.816836,19.034735,4.450523,0.016851
104.633339,85.493873,19.139466,106.831694,87.759218,19.072477,4.424275,0.016791
104.544976,85.410409,19.134567,106.805549,87.654213,19.151336,4.451803,0.015863
104.438323,85.282969,19.155354,106.651442,87.656421,18.995021,4.545962,0.015463
104.354452,85.210176,19.144277,106.544329,87.583342,18.960988,4.397287,0.016509
104.263257,85.129997,19.133260,106.554195,87.396273,19.157923,4.510728,0.015901
104.199192,85.025881,19.173312,106.550144,87.387654,19.162490,4.510224,0.015796
104.101504,84.998554,19.102950,106.281939,87.320992,18.960946,4.573932,0.016773
104.042449,84.862142,19.180307,106.250970,87.267475,18.983495,4.412124,0.016278
104.029092,84.934019,19.095072,106.135652,87.150795,18.984857,4.502956,0.016197
103.891989,84.780587,19.111402,106.401385,87.382535,19.018850,4.627504,0.018207
103.943925,84.802912,19.141013,105.858657,86.764692,19.093965,4.627263,0.015565
103.832077,84.630981,19.201096,106.104603,86.955708,19.148895,4.441233,0.016786
103.750997,84.555381,19.195616,105.930313,86.992703,18.937610,4.272059,0.018257
103.586696,84.388733,19.197964,105.870735,86.672772,19.197963,4.519371,0.015797
103.602853,84.423949,19.178904,106.231114,87.051535,19.179579,4.375116,0.017157
103.551674,84.344508,19.207165,105.991151,87.094472,18.896680,4.389380,0.016455
103.484814,84.300576,19.184238,105.942333,86.824794,19.117539,4.451986,0.015434
103.404399,84.164846,19.239553,105.752189,86.593615,19.158574,4.599829,0.015692
103.362061,84.143273,19.218789,105.829918,86.685422,19.144496,4.270640,0.016996
103.377732,84.146507,19.231225,105.779923,86.701723,19.078200,4.475502,0.017471
103.223337,83.985666,19.237671,105.828150,86.769067,19.059084,4.367416,0.016637
103.143944,83.931792,19.212152,105.766544,86.682843,19.083701,4.462961,0.017163
103.142415,83.912238,19.230177,105.274333,86.092824,19.181509,4.550461,0.016252
103.056628,83.764577,19.292050,105.625152,86.396193,19.228959,4.571076,0.015557
103.051759,83.782991,19.268768,105.539291,86.277755,19.261536,4.844637,0.014581
102.972731,83.742655,19.230076,105.592529,86.358879,19.233650,4.580796,0.015622
102.888781,83.618638,19.270143,105.328208,86.072239,19.255969,4.519486,0.016246
102.941018,83.630175,19.310842,105.617002,86.364920,19.252082,4.578603,0.014423
102.748243,83.437507,19.310736,105.329831,86.149407,19.180424,4.597727,0.014866
102.742475,83.505219,19.237255,105.103804,85.996295,19.107509,4.472491,0.014637
102.628370,83.358371,19.269999,105.502927,86.315806,19.187120,4.451950,0.016558
102.585162,83.311330,19.273832,105.247629,86.101654,19.145976,4.459092,0.016575
102.735601,83.358224,19.377377,105.327571,86.184160,19.143411,4.421474,0.016290
102.653036,83.307583,19.345453,105.172403,85.879155,19.293248,4.633845,0.014393
102.567258,83.234423,19.332835,105.385407,86.001868,19.383539,4.484113,0.014976
102.424085,83.067788,19.356297,105.106287,85.832321,19.273967,4.513156,0.014933
102.424127,83.089285,19.334842,104.992281,85.780033,19.212247,4.484662,0.015292
102.430292,83.146832,19.283460,105.041575,85.891104,19.150471,4.387395,0.016603
102.350648,83.092107,19.258541,105.051687,85.956617,19.095070,4.318556,0.016365
102.307622,82.979682,19.327940,105.092291,85.948555,19.143735,4.555084,0.014774
102.302581,82.988624,19.313956,104.853342,85.704550,19.148792,4.649868,0.014509
102.140022,82.843619,19.296403,104.800630,85.734939,19.065692,4.576558,0.014841
102.109025,82.819265,19.289760,104.778357,85.560832,19.217526,4.611507,0.014253
102.169306,82.827473,19.341833,104.977886,85.752167,19.225719,4.441332,0.016048
102.115410,82.768306,19.347104,104.946078,85.663263,19.282816,4.432819,0.015456
101.967850,82.620716,19.347134,104.626927,85.466505,19.160422,4.457155,0.015712
101.977130,82.680673,19.296458,104.976017,85.663594,19.312423,4.518713,0.015690
101.912140,82.607179,19.304961,104.668758,85.412150,19.256608,4.547565,0.015639
101.868161,82.542958,19.325203,104.764865,85.425105,19.339760,4.493432,0.015773
101.821037,82.484975,19.336061,104.764208,85.568726,19.195482,4.565441,0.015320
101.798867,82.431599,19.367268,104.498571,85.178773,19.319799,4.319099,0.015453
101.813764,82.465843,19.347922,104.619965,85.473377,19.146588,4.563945,0.015627
101.692905,82.369129,19.323776,104.496400,85.222626,19.273775,4.416985,0.016355
101.794823,82.451025,19.343797,104.629120,85.314555,19.314566,4.510220,0.015064
101.639263,82.293679,19.345584,104.873507,85.590610,19.282897,4.339822,0.015831
101.683246,82.292217,19.391029,104.518642,85.250917,19.267725,4.519513,0.014678
101.564029,82.228289,19.335740,104.583446,85.310512,19.272934,4.481810,0.016254
101.625367,82.263193,19.362174,104.736292,85.391284,19.345008,4.549435,0.015365
101.632665,82.280118,19.352546,104.405256,85.208931,19.196325,4.485008,0.015453
