250.395977,248.599265,1.796713,196.453766,191.654588,4.799177,10.610901,0.004807
192.256687,186.213257,6.043430,187.979553,181.066813,6.912741,7.039735,0.003887
184.291128,177.063304,7.227824,180.033195,172.458989,7.574206,11.178372,0.007049
177.275480,169.590937,7.684543,174.996799,167.212570,7.784229,13.265215,0.005737
172.448638,164.606077,7.842561,172.768031,164.865429,7.902602,nan,0.005274
171.582619,163.631567,7.951052,171.658294,163.699482,7.958813,nan,0.005216
168.819074,160.833382,7.985692,168.480634,160.478087,8.002548,nan,0.003632
167.860760,159.832240,8.028519,167.476049,159.447002,8.029047,nan,0.006864
165.626234,157.585654,8.040580,165.398549,157.332199,8.066350,nan,0.005141
163.456085,155.374537,8.081548,160.384749,152.306410,8.078340,nan,0.005162
160.406565,152.317339,8.089225,161.235048,153.122506,8.112543,nan,0.003070
159.669921,151.546929,8.122992,158.379815,150.253728,8.126088,nan,0.002784
159.590574,151.453959,8.136615,162.319504,154.164986,8.154517,nan,0.002447
159.946227,151.791492,8.154736,161.078215,152.897866,8.180348,nan,0.002979
160.390389,152.215365,8.175025,163.255470,155.072988,8.182482,nan,0.002473
160.517556,152.344553,8.173003,160.534187,152.353105,8.181082,nan,0.003724
159.823236,151.643651,8.179585,160.794507,152.614279,8.180228,nan,0.002798
160.679117,152.495655,8.183462,161.501382,153.312692,8.188689,nan,0.002625
159.462798,151.266446,8.196352,157.666068,149.480114,8.185954,nan,0.002257
158.359259,150.157811,8.201449,159.301025,151.098481,8.202545,nan,0.003293
160.055748,151.849120,8.206627,158.526780,150.321890,8.204890,nan,0.002649
158.409927,150.199764,8.210164,159.083587,150.871243,8.212344,nan,0.002802
159.074708,150.864074,8.210633,162.532716,154.306680,8.226036,nan,0.002184
160.408092,152.195164,8.212928,157.961848,149.757259,8.204588,nan,0.003947
158.176195,149.961343,8.214852,157.914768,149.702847,8.211920,nan,0.001825
157.089641,148.873105,8.216536,157.943957,149.722552,8.221405,nan,0.002417
159.729934,151.502686,8.227249,163.707663,155.477535,8.230127,nan,0.001170
162.234599,153.999488,8.235112,162.816414,154.577361,8.239053,nan,0.001656
160.084064,151.850240,8.233824,159.218709,150.987105,8.231603,nan,0.000726
160.599431,152.364957,8.234474,159.388328,151.153297,8.235030,nan,0.001928
159.926266,151.691690,8.234576,158.080650,149.851470,8.229179,nan,0.002256
159.780794,151.543289,8.237505,162.936988,154.695522,8.241467,nan,0.002140
161.302098,153.061043,8.241055,161.932119,153.682991,8.249127,nan,0.001035
161.145270,152.899463,8.245808,161.497244,153.252368,8.244876,nan,0.001777
160.537636,152.289822,8.247814,161.855161,153.602590,8.252570,nan,0.002106
159.395704,151.155024,8.240680,158.882740,150.642735,8.240006,nan,0.003638
161.141014,152.894615,8.246399,160.513538,152.263654,8.249884,nan,0.001707
160.598111,152.348664,8.249447,160.691201,152.442868,8.248334,nan,0.001307
161.427276,153.174084,8.253192,163.279498,155.022767,8.256730,nan,0.001421
164.282280,156.028696,8.253585,162.529174,154.272289,8.256884,nan,0.001478
163.433432,155.175919,8.257513,165.374661,157.109726,8.264935,nan,0.000725
163.304348,155.046494,8.257854,161.738635,153.482490,8.256145,nan,0.001250
162.043373,153.783482,8.259891,165.842378,157.578522,8.263856,nan,0.001479
165.422213,157.159482,8.262731,164.513683,156.248770,8.264913,nan,0.002594
165.209156,156.946983,8.262173,166.141890,157.877424,8.264466,nan,0.000971
164.093175,155.829322,8.263853,164.427310,156.164893,8.262417,nan,0.001410
166.282006,158.015852,8.266155,164.540671,156.277554,8.263116,nan,0.000589
165.379591,157.112212,8.267379,165.731187,157.462375,8.268811,nan,0.000984
170.183953,161.911159,8.272794,169.409274,161.135979,8.273294,nan,0.000691
166.625194,158.354509,8.270685,164.800694,156.530853,8.269840,nan,0.001160
165.339084,157.069018,8.270067,165.504537,157.232550,8.271988,nan,0.001105
162.767718,154.500703,8.267015,161.388174,153.120232,8.267943,nan,0.001819
162.805479,154.536711,8.268769,163.422596,155.152972,8.269624,nan,0.001184
164.553458,156.282014,8.271445,163.635908,155.365920,8.269986,nan,0.000646
163.543606,155.272293,8.271313,164.159848,155.888031,8.271817,nan,0.000855
167.592381,159.319620,8.272761,167.536610,159.262653,8.273956,nan,0.000821
166.750392,158.476818,8.273575,166.520186,158.246156,8.274030,nan,0.000682
166.294065,158.019695,8.274371,163.842989,155.567598,8.275390,nan,0.000663
165.240783,156.961668,8.279115,166.574660,158.296534,8.278125,nan,0.000440
165.559887,157.283067,8.276819,166.373814,158.094654,8.279160,nan,0.000644
167.385903,159.106454,8.279449,171.484106,163.200288,8.283818,nan,0.001216
168.500028,160.218006,8.282022,167.060699,158.779336,8.281363,nan,0.000576
165.762499,157.483669,8.278830,167.067519,158.787401,8.280118,nan,0.001168
168.032794,159.752107,8.280688,168.409992,160.127465,8.282527,nan,0.001397
167.848231,159.565348,8.282883,168.193169,159.909339,8.283831,nan,0.000501
167.178360,158.894250,8.284111,166.134866,157.854792,8.280074,nan,0.000471
166.305041,158.022787,8.282254,167.009064,158.728046,8.281019,nan,0.001060
166.943516,158.659775,8.283742,166.067434,157.782447,8.284986,nan,0.000814
168.424644,160.140314,8.284330,170.410438,162.124561,8.285877,nan,0.000773
168.833085,160.548671,8.284414,167.845815,159.564089,8.281725,nan,0.000103
168.432516,160.149493,8.283023,166.755647,158.475909,8.279738,nan,0.000628
167.077259,158.793769,8.283491,166.682156,158.399965,8.282192,nan,0.000933
168.717960,160.433784,8.284176,168.635311,160.352114,8.283196,nan,0.001012
171.199054,162.914953,8.284101,171.730159,163.446167,8.283991,nan,0.000741
169.394964,161.113046,8.281918,169.427005,161.142887,8.284119,nan,0.001383
166.913248,158.629279,8.283969,167.206642,158.923493,8.283150,nan,0.000464
166.979390,158.695189,8.284200,167.308711,159.022789,8.285920,nan,0.000512
169.250857,160.965732,8.285125,167.544149,159.257099,8.287050,nan,0.001608
168.952503,160.667355,8.285148,171.123519,162.833930,8.289588,nan,0.000838
171.833417,163.546265,8.287151,170.460393,162.175294,8.285100,nan,0.000188
169.729715,161.442030,8.287684,171.768306,163.482039,8.286266,nan,0.000494
170.523627,162.236121,8.287506,168.192905,159.907972,8.284933,nan,0.000870
167.486627,159.199656,8.286972,170.231685,161.941436,8.290249,nan,0.000258
171.615272,163.326501,8.288771,172.819137,164.529036,8.290101,nan,0.000709
169.988604,161.701175,8.287429,168.806827,160.519543,8.287285,nan,0.000389
173.662789,165.373014,8.289775,176.740306,168.450117,8.290188,nan,0.000268
173.571591,165.281541,8.290050,171.000664,162.710840,8.289824,nan,0.000061
172.449871,164.160469,8.289402,173.276904,164.985605,8.291300,nan,0.000896
172.966501,164.677489,8.289012,174.420291,166.130030,8.290261,nan,0.001025
176.054581,167.764164,8.290417,174.928094,166.637625,8.290469,nan,0.000811
176.662770,168.371409,8.291361,174.834676,166.541668,8.293008,nan,0.000440
173.085826,164.795569,8.290257,177.581997,169.290279,8.291718,nan,0.000633
174.373992,166.082234,8.291757,173.516425,165.222702,8.293724,nan,0.000326
173.432842,165.139229,8.293613,171.623685,163.330228,8.293457,nan,0.000525
174.650731,166.358330,8.292401,174.505966,166.212243,8.293724,nan,0.000994
175.436210,167.141146,8.295064,174.918416,166.624824,8.293592,nan,0.000510
177.109330,168.813724,8.295605,179.627178,171.330408,8.296770,nan,0.000141
179.751277,171.453640,8.297636,180.294848,171.995168,8.299679,nan,0.000471
179.386019,171.088692,8.297326,177.524164,169.229700,8.294465,nan,0.000153
177.613343,169.317200,8.296143,178.913314,170.614525,8.298789,nan,0.001078
179.381917,171.083140,8.298778,177.707894,169.408256,8.299638,nan,0.000014
178.672294,170.373339,8.298955,177.940109,169.642995,8.297115,nan,0.000306
181.414231,173.115189,8.299042,182.651674,174.351183,8.300491,nan,0.000166
180.699759,172.400098,8.299661,181.606861,173.306637,8.300224,nan,0.000258
184.244619,175.942810,8.301809,185.798180,177.497223,8.300957,nan,0.000055
185.149407,176.847183,8.302224,185.739605,177.436665,8.302940,nan,0.000369
185.645350,177.343059,8.302291,185.752904,177.451382,8.301522,nan,0.000196
184.950902,176.648966,8.301936,185.162785,176.861971,8.300815,nan,0.000046
187.548761,179.245689,8.303071,185.706637,177.404768,8.301869,nan,0.000061
185.405706,177.103186,8.302520,183.607881,175.307085,8.300795,nan,0.000273
184.086081,175.784148,8.301933,182.842923,174.542695,8.300227,nan,0.000295
184.096510,175.794352,8.302158,184.826330,176.524032,8.302298,nan,0.000095
185.631757,177.329527,8.302229,183.291950,174.991131,8.300818,nan,0.000341
183.008584,174.706597,8.301987,183.677877,175.374793,8.303084,nan,0.000034
183.207477,174.905689,8.301788,182.864646,174.563766,8.300878,nan,0.000143
187.005644,178.702207,8.303437,189.674814,181.370938,8.303876,nan,0.000109
188.817248,180.513982,8.303267,189.163679,180.860703,8.302976,nan,0.000292
187.917372,179.613594,8.303778,186.153647,177.849375,8.304273,nan,0.000221
187.264327,178.960568,8.303758,187.161297,178.858076,8.303221,nan,0.000485
187.021587,178.718219,8.303368,184.814626,176.512144,8.302482,nan,0.000107
186.801986,178.498545,8.303441,186.072458,177.769600,8.302858,nan,0.000021
185.112221,176.810522,8.301699,184.855641,176.552305,8.303336,nan,0.000110
184.907236,176.604512,8.302724,182.821825,174.519506,8.302319,nan,0.000131
183.912909,175.609581,8.303329,182.160168,173.856875,8.303293,nan,0.000441
184.134458,175.831069,8.303389,185.040692,176.736802,8.303889,nan,0.000061
185.079259,176.774592,8.304667,189.019965,180.715409,8.304556,nan,0.000975
186.574746,178.269962,8.304784,185.376237,177.070077,8.306159,nan,0.000189
186.295351,177.990388,8.304963,184.717645,176.413337,8.304308,nan,0.000694
185.929585,177.624714,8.304871,184.577265,176.273553,8.303712,nan,0.000065
184.648599,176.343846,8.304754,186.101572,177.798172,8.303400,nan,0.000270
189.426186,181.121021,8.305166,187.921428,179.617725,8.303703,nan,0.000270
189.008735,180.703714,8.305021,189.021756,180.716104,8.305651,nan,0.000167
186.917341,178.612246,8.305095,187.868482,179.561550,8.306932,nan,0.000264
188.731112,180.426245,8.304867,187.564595,179.259409,8.305186,nan,0.000133
186.317939,178.013305,8.304634,184.638397,176.333544,8.304853,nan,0.000077
184.850018,176.545842,8.304176,186.417069,178.113465,8.303604,nan,0.000189
186.743826,178.439170,8.304656,183.111819,174.807078,8.304740,nan,0.000127
187.867723,179.561771,8.305951,193.425333,185.118375,8.306958,nan,0.000097
196.323249,188.015190,8.308060,193.768567,185.461592,8.306975,nan,0.000086
191.872780,183.566138,8.306641,191.784730,183.479446,8.305284,nan,0.000255
191.311666,183.005282,8.306384,193.441343,185.134463,8.306880,nan,0.000042
194.040200,185.732460,8.307740,197.570483,189.261992,8.308490,nan,0.000280
194.861000,186.552956,8.308044,191.054125,182.746816,8.307310,nan,0.000211
191.987056,183.679889,8.307167,191.629140,183.323179,8.305959,nan,0.000029
192.407233,184.100532,8.306701,191.758288,183.451292,8.306995,nan,0.000089
194.685715,186.377667,8.308048,196.660709,188.350661,8.310047,nan,0.000026
195.360699,187.051703,8.308995,191.818948,183.509807,8.309142,nan,0.000193
192.871214,184.562606,8.308608,193.851127,185.542711,8.308416,nan,0.000022
194.456523,186.147599,8.308923,195.307034,186.996733,8.310302,nan,0.000097
195.201003,186.891255,8.309748,199.971184,191.659027,8.312157,nan,0.000014
198.640098,190.327964,8.312133,195.817516,187.505694,8.311822,nan,0.000225
197.306722,188.994942,8.311780,197.812060,189.499034,8.313026,nan,0.000000
195.324480,187.012959,8.311521,194.130789,185.820014,8.310775,nan,0.000045
194.919359,186.607729,8.311630,196.388321,188.076058,8.312263,nan,0.000000
196.704457,188.392533,8.311924,195.629747,187.319292,8.310455,nan,0.000025
192.805101,184.496512,8.308589,191.545567,183.237230,8.308336,nan,0.000322
189.368137,181.060722,8.307414,185.074314,176.767002,8.307312,nan,0.000008
188.276368,179.968350,8.308018,191.463482,183.154861,8.308621,nan,0.000051
191.847063,183.538972,8.308092,191.502128,183.193929,8.308198,nan,0.000027
190.772968,182.464726,8.308242,189.111616,180.803642,8.307974,nan,0.000395
