207.951178,204.597239,3.353939,182.874461,176.902129,5.972332,2.814529,0.019164
169.388499,159.866508,9.521991,157.401217,145.091002,12.310216,2.749651,0.025630
152.109263,138.649871,13.459392,146.474059,131.822838,14.651221,2.712161,0.026697
143.318725,127.590674,15.728051,139.435326,122.680570,16.754756,2.778171,0.027985
138.093535,120.843344,17.250190,135.342190,117.710347,17.631843,2.846575,0.026857
134.356785,116.275834,18.080951,131.759962,113.187478,18.572483,2.824540,0.028594
131.326434,112.408989,18.917444,129.002529,109.648884,19.353644,2.884903,0.027390
129.223422,109.747788,19.475634,127.610242,107.832511,19.777730,2.831521,0.029420
127.415628,107.496975,19.918653,125.876694,105.668303,20.208391,2.837527,0.028795
126.051748,105.758056,20.293692,124.591097,103.984365,20.606732,2.965745,0.028207
124.771478,104.187993,20.583485,123.695974,102.852025,20.843949,2.823263,0.029899
123.704779,102.901819,20.802960,122.384463,101.428367,20.956097,2.914545,0.026654
122.830849,101.805704,21.025145,121.593830,100.389160,21.204670,3.000010,0.027996
121.959702,100.716085,21.243617,120.984549,99.572173,21.412376,3.003942,0.029015
121.244372,99.835713,21.408659,120.054142,98.521245,21.532898,2.914392,0.028069
120.525436,98.954933,21.570503,119.493628,97.835809,21.657818,2.845868,0.028772
119.880965,98.131495,21.749470,119.260997,97.387387,21.873610,3.041122,0.027452
119.291817,97.412978,21.878838,118.586361,96.619862,21.966498,2.885693,0.028624
118.820612,96.850023,21.970588,118.436761,96.342937,22.093824,2.869742,0.027631
118.394125,96.309047,22.085077,117.579361,95.455265,22.124096,3.092990,0.026635
117.967668,95.760153,22.207515,117.402101,95.078194,22.323907,3.006339,0.027075
117.530432,95.231043,22.299389,117.013017,94.619550,22.393467,3.056066,0.025737
117.081094,94.712468,22.368626,116.779173,94.360794,22.418380,3.095709,0.026240
116.727942,94.255920,22.472022,116.151337,93.652830,22.498508,2.950414,0.025964
116.380181,93.847352,22.532829,115.843568,93.268633,22.574935,2.933118,0.026377
115.995688,93.406893,22.588795,115.969721,93.335058,22.634664,3.034089,0.027038
115.630281,92.964175,22.666106,115.827150,93.051332,22.775819,3.057274,0.026949
115.414488,92.692570,22.721918,115.185044,92.480860,22.704184,2.874307,0.027452
114.993946,92.288197,22.705749,115.063993,92.271991,22.792002,3.225408,0.025032
114.787644,91.964110,22.823534,114.686293,91.799115,22.887179,3.158608,0.025918
114.459107,91.581081,22.878026,114.375547,91.600211,22.775336,3.056810,0.027630
114.184254,91.321328,22.862926,114.187087,91.308378,22.878709,3.194877,0.025820
113.986135,91.057562,22.928573,113.846118,90.950610,22.895508,3.080388,0.024146
113.741996,90.791919,22.950077,113.573877,90.608634,22.965243,3.005165,0.026660
113.433505,90.445338,22.988167,113.522277,90.468483,23.053794,2.972842,0.027277
113.218057,90.214944,23.003113,113.171057,90.174599,22.996457,2.994249,0.025345
112.933174,89.863389,23.069785,112.792357,89.734806,23.057551,3.141679,0.024588
112.775424,89.655414,23.120010,112.656026,89.615076,23.040950,3.004140,0.026006
112.525479,89.442604,23.082875,112.721716,89.601747,23.119969,3.066629,0.026254
112.262949,89.125383,23.137565,112.828354,89.689254,23.139100,2.866596,0.027359
112.106962,88.942191,23.164771,112.303456,89.176191,23.127266,3.001583,0.027392
111.856499,88.664274,23.192226,111.920407,88.740388,23.180020,3.138456,0.025185
111.653207,88.435026,23.218180,112.179257,89.034727,23.144530,2.998568,0.025096
111.533045,88.309583,23.223462,111.614377,88.409491,23.204886,3.003475,0.026172
111.287490,88.074347,23.213144,111.389215,88.168615,23.220600,3.077266,0.025699
111.095879,87.834871,23.261008,111.373889,88.051720,23.322170,3.070142,0.025527
110.862504,87.574148,23.288356,111.178577,87.993136,23.185441,3.148634,0.023698
110.724635,87.421132,23.303503,111.349768,88.104198,23.245569,3.122757,0.025049
110.564766,87.242233,23.322533,111.103917,87.839298,23.264619,2.923323,0.028931
110.387713,87.099715,23.287998,110.785114,87.527466,23.257648,2.969803,0.025157
110.246772,86.975002,23.271770,110.894553,87.567130,23.327423,3.045510,0.024798
110.059417,86.779966,23.279451,110.793205,87.515435,23.277770,2.953578,0.026523
109.959311,86.594292,23.365019,110.562070,87.210250,23.351820,3.111373,0.023984
109.742007,86.323371,23.418637,110.183499,86.848078,23.335421,3.066402,0.024984
109.675250,86.289222,23.386028,110.480452,87.117075,23.363378,3.127159,0.024183
109.432901,86.047864,23.385036,109.928004,86.606465,23.321538,3.110276,0.023718
109.344118,85.942967,23.401151,109.898880,86.533675,23.365205,3.026343,0.026776
109.175170,85.821358,23.353812,109.851000,86.472253,23.378748,3.073649,0.025211
109.000052,85.606278,23.393774,109.645797,86.358092,23.287705,3.034181,0.025713
108.881082,85.483048,23.398034,109.554582,86.279182,23.275401,3.009177,0.024880
108.739670,85.334977,23.404693,109.701825,86.343129,23.358696,2.944022,0.025326
108.537950,85.172165,23.365785,109.479203,86.077681,23.401522,3.123081,0.024345
108.483191,85.049614,23.433577,109.248801,85.941842,23.306959,3.075342,0.025227
108.362672,84.949391,23.413281,109.119886,85.758812,23.361075,3.066799,0.024167
108.188339,84.776347,23.411992,109.291031,85.849356,23.441675,2.954745,0.025154
108.150677,84.710879,23.439797,109.115488,85.713729,23.401759,3.028763,0.026218
107.931853,84.511899,23.419954,108.897458,85.483833,23.413625,3.019469,0.026281
107.863162,84.406225,23.456936,108.929756,85.549885,23.379871,3.053225,0.023841
107.733136,84.288460,23.444676,108.648184,85.256580,23.391603,3.034696,0.023387
107.616874,84.186929,23.429945,108.552945,85.168715,23.384230,2.934830,0.025067
107.534596,84.089113,23.445482,108.326493,84.982344,23.344149,2.898670,0.025286
107.433947,83.997589,23.436358,108.400422,85.002552,23.397870,3.030933,0.025005
107.315699,83.872935,23.442764,108.405478,85.022827,23.382651,3.069970,0.023191
107.211209,83.740964,23.470245,108.283578,84.904577,23.379001,2.983485,0.024393
107.141061,83.652272,23.488789,108.164142,84.744333,23.419808,3.028668,0.024850
107.035527,83.540524,23.495003,108.217302,84.791150,23.426152,3.007504,0.023008
106.929336,83.463237,23.466099,107.934743,84.503632,23.431111,2.928216,0.025814
106.884838,83.371519,23.513319,107.891688,84.513889,23.377799,2.898685,0.024314
106.784692,83.269384,23.515309,107.972464,84.530227,23.442237,3.022902,0.024878
106.723809,83.196378,23.527430,108.013184,84.508683,23.504501,2.913979,0.025798
106.519554,83.024789,23.494765,107.858391,84.472679,23.385712,3.053224,0.024672
106.510078,82.993324,23.516754,107.790949,84.331956,23.458993,3.113357,0.022615
106.450189,82.927025,23.523164,107.766496,84.327945,23.438550,2.984114,0.024341
106.332831,82.863013,23.469819,107.602560,84.207362,23.395198,3.078986,0.024213
106.181812,82.688962,23.492850,107.259182,83.908950,23.350232,2.936077,0.024222
106.157016,82.685284,23.471732,107.148096,83.790065,23.358031,3.009686,0.024488
106.111846,82.606904,23.504942,107.373452,83.866306,23.507146,3.035820,0.023497
106.038163,82.531551,23.506612,107.495590,84.084388,23.411201,2.992504,0.024063
105.945969,82.484360,23.461609,107.195967,83.807526,23.388441,3.063905,0.023340
105.841714,82.357410,23.484304,107.175255,83.785432,23.389823,2.943457,0.022702
105.754354,82.285939,23.468416,107.236238,83.832595,23.403643,3.099600,0.022927
105.632015,82.146939,23.485075,107.020136,83.575185,23.444952,3.083678,0.022811
105.585510,82.119515,23.465995,107.170416,83.730810,23.439607,2.978043,0.024352
105.516496,82.061981,23.454515,107.023839,83.649070,23.374768,2.969092,0.022831
105.439655,81.977456,23.462199,107.024943,83.661095,23.363847,2.997804,0.025193
105.437922,81.932811,23.505111,106.796009,83.398957,23.397052,3.169612,0.023455
105.297799,81.812792,23.485007,106.849468,83.411769,23.437699,3.143868,0.023905
105.252348,81.768936,23.483413,106.596426,83.197280,23.399147,3.119091,0.023196
105.232738,81.741154,23.491584,106.617528,83.196028,23.421500,3.074690,0.022237
105.169953,81.639604,23.530349,106.683962,83.212861,23.471102,3.059754,0.021902
105.095194,81.561962,23.533231,106.744597,83.236945,23.507652,3.060728,0.024041
105.000602,81.499041,23.501562,106.552695,83.142540,23.410156,3.133886,0.022440
104.963834,81.462084,23.501750,106.681542,83.326534,23.355008,3.110013,0.022444
104.873231,81.362714,23.510516,106.402015,83.048862,23.353154,3.193152,0.022087
104.834770,81.320421,23.514350,106.574624,83.161959,23.412665,3.131122,0.023619
104.819782,81.301746,23.518037,106.258784,82.816431,23.442353,3.081234,0.024112
104.739592,81.209535,23.530058,106.199324,82.798712,23.400611,3.045528,0.022066
104.686311,81.146389,23.539923,106.271991,82.879992,23.391999,3.045530,0.023085
104.645129,81.131397,23.513732,106.245791,82.884194,23.361599,3.054822,0.023151
104.591527,81.083565,23.507963,106.400272,82.923847,23.476425,3.132842,0.022302
104.508151,80.971044,23.537106,106.023113,82.600165,23.422947,3.174703,0.022628
104.479345,80.940443,23.538902,106.066234,82.685543,23.380691,3.143083,0.021409
104.360513,80.845787,23.514726,106.009582,82.665965,23.343618,3.215203,0.021785
104.395637,80.889863,23.505774,106.172791,82.750464,23.422328,2.978049,0.023157
104.234049,80.737034,23.497015,105.871005,82.537058,23.333947,3.070951,0.022977
104.267430,80.764270,23.503160,106.145660,82.795342,23.350318,3.072151,0.022450
104.215231,80.707009,23.508222,106.127085,82.694619,23.432466,2.828784,0.025035
104.187594,80.675281,23.512313,105.988637,82.582225,23.406411,2.978146,0.022871
104.077652,80.534418,23.543234,105.886660,82.466561,23.420099,3.073869,0.023262
104.037135,80.565674,23.471461,105.931054,82.603579,23.327475,3.051713,0.024165
104.033673,80.520462,23.513210,105.784363,82.375350,23.409014,3.131740,0.022656
103.991904,80.500923,23.490981,106.032309,82.582144,23.450166,2.845215,0.023819
103.918598,80.415824,23.502775,105.969277,82.608091,23.361186,3.212942,0.021720
103.832489,80.353053,23.479436,105.600480,82.243458,23.357022,2.984613,0.022599
103.782354,80.357240,23.425114,105.694372,82.355305,23.339067,3.113791,0.022234
103.773902,80.306452,23.467450,105.733796,82.419558,23.314239,3.022684,0.023259
103.728508,80.246928,23.481580,105.540433,82.239766,23.300667,2.993817,0.023522
103.710394,80.239434,23.470959,105.590012,82.248835,23.341177,3.166170,0.020444
103.637798,80.134453,23.503345,105.529171,82.155614,23.373556,3.147565,0.021463
103.657637,80.138367,23.519270,105.624698,82.256084,23.368614,3.168639,0.021299
103.544728,80.042850,23.501878,105.418292,82.083253,23.335039,3.159624,0.022305
103.436183,79.951463,23.484720,105.523968,82.131923,23.392045,3.152314,0.021956
103.446586,79.953067,23.493519,105.400882,82.101868,23.299014,2.852726,0.023808
103.468034,79.990078,23.477957,105.500481,82.146735,23.353747,3.341883,0.022418
103.371663,79.874615,23.497048,105.385597,82.094881,23.290716,3.292607,0.023172
103.329840,79.870355,23.459485,105.511963,82.187634,23.324329,2.964183,0.022990
103.338792,79.823011,23.515780,105.344243,81.931546,23.412697,3.320449,0.021806
103.315394,79.806893,23.508500,105.465632,82.114060,23.351571,3.374601,0.020491
103.231680,79.739437,23.492243,105.321729,81.924051,23.397679,3.252047,0.020297
103.226868,79.723569,23.503298,105.406416,82.036332,23.370083,3.096115,0.020784
103.266927,79.727782,23.539145,105.302776,81.885109,23.417668,3.126008,0.023316
103.114517,79.576624,23.537894,105.461818,82.055660,23.406158,3.231357,0.022941
103.116171,79.582598,23.533573,105.213113,81.821075,23.392038,2.919456,0.023810
103.095163,79.547255,23.547908,105.265333,81.851588,23.413746,3.087955,0.023046
103.020251,79.524474,23.495777,105.160780,81.832680,23.328100,3.229029,0.020659
102.976357,79.493496,23.482861,105.300497,81.876031,23.424466,3.085747,0.023522
102.980225,79.451900,23.528324,105.236985,81.841855,23.395130,2.963105,0.024342
102.868350,79.311905,23.556445,105.284427,81.874795,23.409631,3.041450,0.021737
102.861857,79.343889,23.517968,105.084295,81.684616,23.399679,3.102873,0.021341
102.867519,79.342822,23.524696,105.214497,81.822529,23.391968,3.175322,0.021170
102.855120,79.271357,23.583763,105.009537,81.577928,23.431608,3.186930,0.020781
102.798792,79.234875,23.563917,105.124617,81.731406,23.393211,3.130173,0.021660
102.768621,79.203609,23.565012,105.150396,81.660064,23.490332,2.913873,0.024197
102.774135,79.222367,23.551768,105.088655,81.660183,23.428472,3.027922,0.023313
102.673391,79.161830,23.511561,105.036127,81.675271,23.360856,3.312119,0.021796
102.682866,79.138040,23.544826,105.018803,81.665919,23.352884,3.135092,0.022260
102.637052,79.119807,23.517246,105.063614,81.755516,23.308099,3.091969,0.022819
102.675539,79.125878,23.549661,105.091792,81.662027,23.429765,3.249608,0.022318
102.645395,79.077303,23.568092,104.988593,81.559062,23.429531,3.110785,0.021593
102.581498,79.003312,23.578186,104.878166,81.475049,23.403117,3.225766,0.022275
