245.872920,243.385118,2.487802,193.651609,190.780164,2.871445,6.065879,0.005865
186.400580,181.690241,4.710339,174.951927,167.782803,7.169124,3.772563,0.013556
163.229883,153.527377,9.702506,154.192601,142.644052,11.548549,3.393428,0.018921
148.904040,136.380657,12.523383,143.203658,129.511561,13.692098,3.414383,0.019969
140.455345,126.098413,14.356932,136.734719,121.650622,15.084097,3.447585,0.019598
135.425229,119.896586,15.528643,132.265470,116.207185,16.058285,3.523029,0.019611
131.706316,115.346050,16.360266,130.283929,113.407048,16.876882,3.197505,0.021441
129.075260,112.055016,17.020244,127.224588,109.800422,17.424167,3.455800,0.020717
126.927518,109.398371,17.529146,125.374546,107.682568,17.691977,3.207813,0.021574
125.022412,107.073268,17.949144,123.384404,105.097206,18.287198,3.354578,0.020610
123.521632,105.241166,18.280466,122.044710,103.594017,18.450693,3.528108,0.020272
122.190765,103.682202,18.508563,120.649901,101.959924,18.689976,3.386047,0.020590
121.028768,102.245452,18.783316,120.070264,101.066831,19.003434,3.266912,0.020191
120.058193,101.012131,19.046062,118.943100,99.735351,19.207749,3.415740,0.020134
119.060468,99.848210,19.212258,118.450512,99.154466,19.296046,3.465003,0.019000
118.206173,98.845365,19.360808,117.341112,97.884621,19.456491,3.198379,0.020920
117.373098,97.803933,19.569165,116.674951,97.020507,19.654443,3.269766,0.019850
116.739646,97.108244,19.631402,116.028675,96.388055,19.640620,3.306028,0.021583
116.112460,96.389024,19.723436,115.516724,95.630898,19.885826,3.497874,0.018590
115.468834,95.640080,19.828753,115.576722,95.670945,19.905777,3.135365,0.022467
114.986380,95.006620,19.979761,114.334841,94.272289,20.062552,3.281031,0.020540
114.353462,94.352733,20.000730,113.885054,93.832127,20.052926,3.461556,0.018956
113.889056,93.854513,20.034544,113.356397,93.314333,20.042064,3.329021,0.018879
113.379969,93.288218,20.091751,113.050032,92.850717,20.199315,3.234674,0.020047
112.866652,92.640478,20.226173,112.630008,92.401372,20.228637,3.201265,0.021135
112.579449,92.306299,20.273150,112.266518,91.916454,20.350064,3.340597,0.019969
112.145682,91.816789,20.328893,111.974540,91.581500,20.393040,3.139299,0.020102
111.682617,91.319588,20.363028,111.810986,91.459463,20.351524,3.336293,0.019981
111.320333,90.894938,20.425395,111.158871,90.665152,20.493719,3.449713,0.017639
110.901047,90.468705,20.432343,111.134585,90.765923,20.368662,3.255889,0.019637
110.617470,90.121756,20.495713,110.459989,89.928468,20.531520,3.262092,0.019709
110.338511,89.766929,20.571582,110.284186,89.695003,20.589183,3.292312,0.019160
109.870235,89.339382,20.530854,109.967423,89.400463,20.566960,3.246895,0.018436
109.641021,89.095062,20.545959,109.939419,89.360584,20.578835,3.129642,0.020617
109.306668,88.753643,20.553025,109.439205,88.864627,20.574578,3.257508,0.018636
108.950674,88.380444,20.570230,109.005017,88.423236,20.581781,3.331354,0.017914
108.617724,88.086683,20.531041,108.871791,88.356795,20.514996,3.515352,0.017432
108.398376,87.831209,20.567166,108.521056,88.063518,20.457538,3.282311,0.019417
108.153924,87.551165,20.602759,108.660266,88.060539,20.599727,3.308281,0.018157
107.808572,87.239759,20.568813,108.004780,87.403223,20.601557,3.150385,0.020010
107.581680,87.011803,20.569877,107.885896,87.360452,20.525444,3.250569,0.019623
107.374274,86.766735,20.607539,107.648286,87.087684,20.560602,3.316426,0.018482
107.139922,86.554015,20.585907,107.554773,86.940099,20.614674,3.258328,0.018174
106.869641,86.296567,20.573074,107.325533,86.709731,20.615802,3.190043,0.018819
106.614811,86.053121,20.561690,107.500381,86.940015,20.560367,3.281041,0.018776
106.462565,85.849074,20.613490,107.302317,86.736450,20.565867,3.325572,0.018027
106.298164,85.666759,20.631405,107.002528,86.330186,20.672342,3.455243,0.016101
106.055638,85.406604,20.649034,106.772952,86.117116,20.655837,3.184799,0.018863
105.867136,85.178515,20.688621,106.849512,86.052661,20.796851,3.405489,0.016146
105.663457,84.974961,20.688496,106.344687,85.742499,20.602188,3.271244,0.017321
105.439547,84.812247,20.627300,106.165822,85.495265,20.670557,3.343105,0.016574
105.307758,84.618086,20.689672,106.100427,85.460262,20.640164,3.341710,0.017493
105.140177,84.474909,20.665267,106.085184,85.358188,20.726997,3.162226,0.019384
104.877493,84.207393,20.670100,105.862360,85.252697,20.609663,3.308203,0.017456
104.738338,84.053541,20.684797,105.887430,85.265186,20.622244,3.458893,0.017078
104.588301,83.858981,20.729320,105.692714,85.040244,20.652470,3.315337,0.018264
104.441665,83.770519,20.671146,105.432726,84.898791,20.533936,3.372731,0.017040
104.297450,83.623560,20.673890,105.504535,84.828680,20.675856,3.335220,0.016783
104.135371,83.409291,20.726080,105.233502,84.566704,20.666798,3.333529,0.017417
104.001742,83.286910,20.714832,105.042369,84.279150,20.763218,3.316435,0.016118
103.838331,83.059544,20.778787,104.855185,84.245713,20.609471,3.138517,0.018033
103.678512,82.927034,20.751479,105.116704,84.319475,20.797229,3.314815,0.017306
103.644139,82.863531,20.780607,104.754839,84.092909,20.661929,3.275085,0.017000
103.490283,82.695034,20.795249,104.886048,84.042854,20.843195,3.247789,0.017267
103.356138,82.527935,20.828204,104.542556,83.673608,20.868948,3.391608,0.017435
103.218544,82.403249,20.815295,104.492906,83.690324,20.802583,3.329653,0.016416
103.210453,82.370749,20.839704,104.141706,83.314878,20.826828,3.408238,0.016888
103.041334,82.211442,20.829892,104.177262,83.360827,20.816434,3.264912,0.017233
102.986552,82.155456,20.831096,104.214096,83.416661,20.797435,3.130905,0.018239
102.815564,82.006710,20.808855,104.368081,83.523207,20.844874,3.245821,0.017623
102.808682,81.971355,20.837327,104.095342,83.361799,20.733542,3.151421,0.017894
102.705074,81.855597,20.849477,104.094344,83.315315,20.779028,3.321310,0.016918
102.571363,81.692140,20.879223,103.942154,83.185911,20.756244,3.230245,0.016511
102.490346,81.675734,20.814612,103.954115,83.155166,20.798949,3.299754,0.017432
102.363192,81.496131,20.867061,103.746148,82.923303,20.822845,3.362442,0.016176
102.293473,81.399483,20.893990,103.787172,82.990864,20.796307,3.208806,0.017866
102.163920,81.260643,20.903277,103.648660,82.873615,20.775046,3.384443,0.016428
102.154506,81.300007,20.854500,103.954146,83.062837,20.891309,3.164756,0.017737
102.180568,81.312794,20.867774,103.790631,82.894563,20.896068,3.367236,0.015741
102.016016,81.179418,20.836597,103.702959,82.808754,20.894206,3.295274,0.016728
101.878825,81.031216,20.847608,103.388223,82.581194,20.807028,3.334378,0.015930
101.785081,80.932815,20.852266,103.636578,82.842793,20.793785,3.259262,0.017519
101.732312,80.909904,20.822408,103.409376,82.568964,20.840412,3.293885,0.016627
101.651272,80.784373,20.866899,103.227151,82.385830,20.841321,3.329105,0.015656
101.564822,80.730808,20.834014,103.487995,82.676188,20.811806,3.257355,0.015994
101.498396,80.628339,20.870057,103.660080,82.802317,20.857763,3.201508,0.018283
101.459589,80.617163,20.842426,103.288257,82.463776,20.824481,3.208855,0.015950
101.375482,80.491567,20.883914,103.144768,82.292462,20.852306,3.271711,0.015543
101.260056,80.406059,20.853997,103.212371,82.520935,20.691437,3.234660,0.015994
101.236599,80.412535,20.824064,103.062744,82.184026,20.878718,3.264089,0.017293
101.127085,80.330844,20.796241,102.890368,82.142900,20.747469,3.201974,0.017332
101.086482,80.250090,20.836392,103.035285,82.330091,20.705193,3.277060,0.016035
100.958222,80.124396,20.833826,102.738543,81.936291,20.802252,3.398517,0.015831
100.884738,80.058730,20.826008,102.724024,81.939651,20.784374,3.156476,0.017764
100.860304,79.973207,20.887097,102.665152,81.731557,20.933595,3.208444,0.016628
100.739769,79.838648,20.901120,102.628021,81.767672,20.860348,3.321610,0.015741
100.726185,79.833300,20.892885,102.691870,81.889202,20.802668,3.142385,0.016997
100.657738,79.834626,20.823112,102.562010,81.816900,20.745110,3.303443,0.015788
100.614984,79.798251,20.816733,102.491844,81.580358,20.911487,3.273743,0.016620
100.565454,79.694893,20.870561,102.639043,81.820466,20.818577,3.213587,0.017297
100.532247,79.639836,20.892411,102.561977,81.757918,20.804059,3.208266,0.016523
100.405927,79.516506,20.889421,102.377359,81.564161,20.813197,3.169774,0.016844
100.353712,79.486781,20.866931,102.611915,81.843907,20.768007,3.311686,0.015761
100.380021,79.476426,20.903595,102.692546,81.818252,20.874293,3.279851,0.016473
100.315738,79.367996,20.947742,102.272430,81.382854,20.889576,3.240006,0.015361
100.310356,79.418108,20.892248,102.374972,81.508029,20.866943,3.265902,0.016227
100.260540,79.347571,20.912969,102.343688,81.481901,20.861787,3.367341,0.015606
100.222725,79.272851,20.949874,102.483927,81.558924,20.925002,3.085643,0.018609
100.123719,79.247521,20.876198,102.334660,81.466084,20.868576,3.311082,0.015427
100.080597,79.146856,20.933741,102.414203,81.624942,20.789261,3.304603,0.015690
100.066591,79.143802,20.922789,102.288009,81.522695,20.765313,3.197814,0.016939
100.066526,79.158976,20.907550,102.133612,81.292999,20.840612,3.392949,0.016685
99.914077,78.988517,20.925559,102.397484,81.467419,20.930066,3.278819,0.016356
99.949927,78.977248,20.972679,102.187075,81.257044,20.930031,3.361684,0.016681
99.943356,78.966015,20.977340,102.445628,81.556543,20.889085,3.253242,0.015587
99.882987,78.934138,20.948849,102.403839,81.528398,20.875440,3.207659,0.016999
99.865796,78.901160,20.964636,102.148121,81.195603,20.952518,3.265665,0.015901
99.790946,78.850367,20.940579,102.391257,81.469537,20.921720,3.237082,0.016064
99.798068,78.833010,20.965058,102.332399,81.499345,20.833054,3.397877,0.015932
99.741132,78.756495,20.984638,102.324767,81.318974,21.005793,3.291798,0.015090
99.728506,78.750333,20.978173,102.024813,81.185773,20.839041,3.294836,0.015488
99.690593,78.733047,20.957546,102.140279,81.261301,20.878979,3.189037,0.016300
99.633555,78.703408,20.930147,102.008162,81.219043,20.789119,3.406771,0.015988
99.605403,78.655029,20.950374,102.022981,81.149637,20.873345,3.157020,0.015844
99.529745,78.550090,20.979655,102.037076,81.155188,20.881888,3.223515,0.017320
99.546252,78.610459,20.935793,102.043877,81.173567,20.870310,3.189817,0.016899
99.563009,78.585589,20.977420,101.967577,81.026537,20.941041,3.136173,0.016416
99.462765,78.509744,20.953021,101.879308,81.048375,20.830934,3.218685,0.017778
99.419300,78.437277,20.982024,101.945677,81.015285,20.930392,3.223047,0.015534
99.449721,78.424597,21.025124,101.996487,81.031832,20.964656,3.200846,0.016314
99.370734,78.356169,21.014565,101.829192,80.764682,21.064510,3.226872,0.016488
99.303656,78.324481,20.979175,101.904739,81.025918,20.878820,3.332793,0.015881
99.287987,78.298380,20.989607,102.016146,81.107924,20.908222,3.369309,0.016106
99.295322,78.258267,21.037055,101.955656,80.940272,21.015385,3.225946,0.016168
99.205482,78.169861,21.035621,101.767334,80.873015,20.894318,3.206629,0.015740
99.232372,78.235574,20.996798,101.696970,80.773532,20.923438,3.188709,0.016068
99.171619,78.163247,21.008373,101.882127,81.010794,20.871333,3.261455,0.016247
99.156073,78.167007,20.989066,101.671787,80.765466,20.906321,3.370971,0.015318
99.160325,78.144916,21.015409,101.953464,81.013096,20.940368,3.237742,0.016341
99.192851,78.180096,21.012755,101.738451,80.769046,20.969405,3.264928,0.015012
99.105556,78.095359,21.010197,101.778644,80.863824,20.914821,3.157891,0.017921
99.076750,78.056738,21.020012,101.635508,80.713584,20.921924,3.213464,0.015987
99.019613,77.988591,21.031022,101.854872,80.907364,20.947507,3.312874,0.015707
98.962286,77.955505,21.006781,101.835774,80.987280,20.848494,3.190846,0.016512
99.003990,78.020997,20.982993,101.756830,80.885949,20.870880,3.340790,0.015591
99.000389,77.997716,21.002673,101.800221,80.851855,20.948367,3.154710,0.017070
98.987104,77.951109,21.035996,101.712035,80.654616,21.057419,3.269817,0.014999
98.924401,77.867883,21.056518,101.783295,80.880113,20.903182,3.113587,0.015813
98.897390,77.824800,21.072590,101.591566,80.584232,21.007334,3.168861,0.015180
98.820243,77.759301,21.060942,101.742433,80.783035,20.959398,3.214014,0.015237
98.791386,77.772133,21.019253,101.775581,80.812458,20.963123,3.257598,0.016014
98.823911,77.790209,21.033701,101.570980,80.641654,20.929326,3.140845,0.015863
98.763164,77.713326,21.049838,101.734012,80.810362,20.923650,3.181049,0.015568
98.742368,77.730476,21.011893,101.521758,80.532946,20.988812,3.342113,0.014172
98.681321,77.668111,21.013210,101.479246,80.501893,20.977354,3.245282,0.015827
98.681638,77.669716,21.011922,101.729097,80.795664,20.933433,3.165696,0.015730
98.657267,77.641814,21.015453,101.606049,80.590254,21.015795,3.224285,0.015840
98.591910,77.573411,21.018499,101.665859,80.710372,20.955487,3.065180,0.017194
98.706438,77.661139,21.045299,101.801903,80.827343,20.974560,3.199144,0.016523
98.700580,77.636494,21.064086,101.449498,80.471760,20.977738,3.215075,0.016212
