198.818787,193.850989,4.967798,169.768545,159.847858,9.920687,2.599022,0.024424
155.812070,142.684033,13.128036,146.911142,131.819130,15.092012,2.818172,0.028567
142.947816,126.780428,16.167387,137.482052,120.244956,17.237097,2.713130,0.033917
135.690227,117.629946,18.060281,131.963871,113.207953,18.755917,2.875892,0.030392
131.295074,112.082572,19.212502,128.971957,109.498101,19.473857,2.730079,0.035107
128.488245,108.680725,19.807520,126.755731,106.677365,20.078366,2.773461,0.034423
126.414109,106.162265,20.251844,124.594869,104.171761,20.423108,2.864135,0.032669
124.675816,104.130107,20.545709,123.254271,102.529225,20.725047,2.924660,0.032855
123.323094,102.447951,20.875143,121.997360,100.934469,21.062891,2.828270,0.032301
122.140606,101.070687,21.069919,121.091578,99.948972,21.142606,3.006480,0.031479
121.061065,99.798467,21.262598,120.323478,98.985897,21.337581,2.781631,0.033565
120.252653,98.888034,21.364619,119.716821,98.207099,21.509722,2.947339,0.033531
119.466224,97.901156,21.565068,118.814866,97.218823,21.596044,2.873422,0.033851
118.803776,97.152618,21.651158,118.187690,96.442221,21.745469,3.014274,0.029572
118.106235,96.303621,21.802614,117.489482,95.613429,21.876053,2.868757,0.034240
117.488803,95.591355,21.897447,117.068469,95.117937,21.950532,2.848873,0.034223
116.914665,94.954288,21.960376,116.220712,94.212543,22.008169,3.184248,0.031705
116.483172,94.396305,22.086867,116.067096,93.968029,22.099068,2.875830,0.034212
115.933811,93.793827,22.139984,115.782197,93.593531,22.188667,2.855202,0.032433
115.556485,93.374565,22.181920,115.659517,93.499239,22.160278,2.717062,0.034579
115.023083,92.793003,22.230080,115.322113,93.046281,22.275832,2.870358,0.032962
114.700883,92.472495,22.228388,114.611541,92.379511,22.232030,3.169386,0.030269
114.302127,92.045082,22.257044,114.504425,92.286788,22.217637,2.954197,0.032330
113.969586,91.697561,22.272025,113.882297,91.612097,22.270201,2.941863,0.031017
113.547811,91.210781,22.337030,113.895183,91.578754,22.316429,2.894676,0.032512
113.236022,90.844891,22.391131,113.389238,91.054636,22.334602,2.982920,0.032041
112.945082,90.574882,22.370201,113.182340,90.873089,22.309251,2.941991,0.031195
112.586293,90.174274,22.412019,113.119293,90.684416,22.434876,2.983777,0.031478
112.344153,89.886608,22.457545,112.573470,90.174537,22.398933,3.118446,0.028848
111.973191,89.530051,22.443140,112.223480,89.787276,22.436205,2.943889,0.030665
111.780107,89.260617,22.519490,112.294958,89.833729,22.461229,2.923645,0.031777
111.483669,88.967187,22.516482,112.091468,89.625511,22.465957,2.970031,0.032034
111.178632,88.631222,22.547410,111.760201,89.188182,22.572019,3.110930,0.030048
110.951032,88.414973,22.536058,111.219813,88.658370,22.561443,3.077393,0.028036
110.716604,88.158625,22.557979,111.276373,88.731186,22.545187,2.868683,0.030454
110.418369,87.830876,22.587493,110.896083,88.348677,22.547406,3.015077,0.029554
110.261519,87.666066,22.595453,110.666284,88.083162,22.583123,3.066781,0.030809
110.127381,87.468020,22.659361,110.751006,88.132897,22.618109,2.987816,0.030310
109.858530,87.157677,22.700853,110.605682,87.963602,22.642081,3.036979,0.029195
109.661037,87.002455,22.658582,110.216917,87.562156,22.654761,3.149505,0.029613
109.479367,86.794167,22.685200,110.129737,87.549133,22.580604,3.025451,0.030894
109.309692,86.646993,22.662698,110.180742,87.621394,22.559348,3.078279,0.028226
109.076867,86.390065,22.686803,109.792239,87.170228,22.622012,3.063703,0.029170
108.927742,86.230711,22.697031,109.723844,87.149383,22.574461,3.147337,0.029910
108.750784,86.021294,22.729491,109.563970,86.920233,22.643737,3.098585,0.028657
108.664274,85.958229,22.706045,109.585288,86.995966,22.589322,2.968843,0.029866
108.490071,85.737855,22.752217,109.320604,86.619478,22.701126,2.853879,0.032535
108.378584,85.645710,22.732874,109.159602,86.378371,22.781231,3.047255,0.029712
108.155482,85.457823,22.697659,109.042023,86.404945,22.637077,2.975436,0.031424
108.012102,85.225330,22.786771,108.839023,86.110607,22.728416,2.933197,0.029513
107.874961,85.117859,22.757102,108.782633,86.061493,22.721140,3.010642,0.028176
107.752043,85.016220,22.735823,108.708840,85.973714,22.735126,2.928523,0.029496
107.665122,84.847554,22.817568,108.790078,86.044245,22.745833,3.027160,0.029041
107.537475,84.737967,22.799509,108.469390,85.715912,22.753477,2.909265,0.030177
107.394148,84.636915,22.757233,108.529016,85.833163,22.695853,2.918897,0.028542
107.301924,84.532571,22.769352,108.316221,85.574965,22.741256,3.045637,0.028805
107.098822,84.329784,22.769038,108.252261,85.590528,22.661733,2.889966,0.029918
106.985602,84.262877,22.722726,108.327092,85.580630,22.746463,2.886108,0.031090
106.847909,84.100195,22.747714,108.049324,85.405510,22.643814,3.068171,0.026512
106.722277,83.984847,22.737430,107.822141,85.108688,22.713454,3.058826,0.027863
106.600674,83.868602,22.732071,108.049764,85.359352,22.690413,3.036463,0.030098
106.506595,83.732925,22.773671,107.567522,84.980019,22.587503,2.830253,0.031007
106.413031,83.669407,22.743623,107.715262,84.962302,22.752960,2.942262,0.031351
106.296013,83.576668,22.719345,107.570184,85.025001,22.545183,2.991300,0.028962
106.209421,83.537818,22.671603,107.470549,84.870576,22.599973,3.004268,0.030676
106.144134,83.426351,22.717783,107.256281,84.590378,22.665903,2.861484,0.031092
105.984110,83.284489,22.699621,107.252199,84.562800,22.689399,2.948248,0.029575
105.857252,83.150583,22.706669,107.256589,84.695741,22.560848,3.002973,0.029024
105.795652,83.110466,22.685187,107.101054,84.556428,22.544627,3.084774,0.026225
105.633532,82.968333,22.665199,107.073864,84.622814,22.451050,2.966779,0.029676
105.590492,82.929386,22.661106,106.743632,84.127716,22.615916,3.199064,0.028560
105.455407,82.772274,22.683133,106.594064,84.084647,22.509417,2.973802,0.030488
105.376781,82.743441,22.633341,106.597588,83.898899,22.698689,3.149748,0.025911
105.254304,82.646188,22.608115,106.675829,84.201561,22.474268,3.131573,0.028749
105.147578,82.561323,22.586255,106.620485,84.021198,22.599287,3.063519,0.029118
105.102788,82.488264,22.614524,106.387128,83.938253,22.448875,2.916551,0.028429
104.952084,82.359981,22.592103,106.569171,84.048457,22.520714,2.899192,0.029938
104.890738,82.313678,22.577060,106.492982,84.013457,22.479525,2.859816,0.030951
104.789692,82.268963,22.520729,106.364439,83.925796,22.438643,3.078303,0.028344
104.683216,82.135116,22.548100,106.193905,83.643342,22.550563,3.076228,0.027050
104.660063,82.032694,22.627369,106.166460,83.612285,22.554175,2.949933,0.030438
104.457336,81.896658,22.560678,105.983730,83.596287,22.387443,3.023852,0.029055
104.405075,81.855148,22.549927,106.087807,83.636867,22.450940,2.865604,0.030245
104.326832,81.762884,22.563947,106.115487,83.673060,22.442427,2.958993,0.027327
104.240919,81.662579,22.578340,106.128799,83.644559,22.484240,3.116695,0.027899
104.089303,81.574564,22.514739,105.775149,83.300731,22.474419,2.961186,0.029623
104.118027,81.514459,22.603568,105.622910,82.989714,22.633196,3.004658,0.027105
104.009829,81.358233,22.651596,105.887278,83.300779,22.586500,3.041621,0.027836
103.891135,81.263863,22.627271,105.895768,83.363394,22.532374,2.969642,0.027649
103.913054,81.357807,22.555248,105.429510,82.973690,22.455820,2.894583,0.029337
103.819506,81.230679,22.588827,105.879026,83.307551,22.571474,2.819980,0.030098
103.683781,81.090792,22.592989,105.462634,82.987702,22.474933,2.951881,0.027843
103.626479,81.025062,22.601417,105.247322,82.782379,22.464942,3.059632,0.027232
103.562000,80.963280,22.598720,105.231410,82.789561,22.441848,3.003951,0.029009
103.519071,80.901744,22.617327,105.286837,82.754547,22.532290,3.039125,0.028889
103.473384,80.862017,22.611367,105.378659,82.895196,22.483463,2.945959,0.028674
103.445702,80.784321,22.661381,105.321787,82.827313,22.494475,3.073611,0.026561
103.348625,80.712877,22.635748,105.277040,82.776540,22.500501,2.940418,0.029431
103.271810,80.617565,22.654245,105.092606,82.605966,22.486640,3.062076,0.027040
103.264860,80.681979,22.582881,105.323874,82.812186,22.511688,2.836409,0.029036
103.267629,80.637487,22.630142,105.049680,82.424686,22.624994,3.157549,0.027279
103.131557,80.452299,22.679258,105.300486,82.694066,22.606420,3.033023,0.028502
103.066830,80.449129,22.617701,105.120230,82.520824,22.599405,3.120258,0.029382
103.054676,80.430515,22.624162,104.968316,82.360272,22.608044,3.272079,0.025960
102.987362,80.322854,22.664508,104.978009,82.406498,22.571511,3.117054,0.025891
102.991546,80.313863,22.677683,104.850107,82.291756,22.558351,3.051887,0.025014
102.837237,80.231751,22.605485,105.002212,82.570764,22.431449,3.014285,0.027500
102.867680,80.217829,22.649850,105.151168,82.561569,22.589599,3.004399,0.027584
102.775836,80.133061,22.642774,104.900655,82.359897,22.540757,2.962061,0.029795
102.779909,80.128275,22.651634,104.822823,82.306084,22.516739,2.991505,0.027541
102.674105,80.020621,22.653483,104.904207,82.282939,22.621267,2.932409,0.028043
102.640162,79.949831,22.690331,104.639037,82.086818,22.552218,3.099704,0.028039
102.638206,79.984982,22.653225,104.850822,82.335939,22.514884,3.028256,0.026424
102.537108,79.876375,22.660734,104.739762,82.150634,22.589129,3.010434,0.028543
102.554276,79.895673,22.658604,104.611926,82.030180,22.581746,3.063663,0.025855
102.483027,79.816582,22.666446,104.466351,81.967358,22.498993,3.062801,0.028154
102.446224,79.825095,22.621128,104.612102,82.054982,22.557121,2.926398,0.028819
102.394801,79.724122,22.670680,104.753543,82.137195,22.616348,2.935178,0.025528
102.361004,79.768142,22.592862,104.705082,82.131580,22.573503,3.113011,0.028001
102.292289,79.629275,22.663015,104.605952,82.092144,22.513808,3.169947,0.027429
102.262192,79.618918,22.643274,104.562538,81.997008,22.565530,3.295029,0.025173
102.266818,79.618096,22.648722,104.368169,81.767831,22.600338,2.987251,0.028753
102.195845,79.514118,22.681727,104.342188,81.744498,22.597690,3.156177,0.027762
102.059888,79.403754,22.656134,104.302479,81.774256,22.528223,3.052303,0.026065
102.085677,79.481442,22.604234,104.442993,81.844024,22.598970,2.980402,0.029319
102.096639,79.450398,22.646242,104.389342,81.874710,22.514632,2.990561,0.027390
102.090129,79.417112,22.673016,104.541850,81.935064,22.606786,3.086203,0.027485
102.011683,79.347549,22.664133,104.368479,81.799641,22.568838,3.150461,0.024897
101.953082,79.311963,22.641120,104.125726,81.612546,22.513180,3.087203,0.026686
101.972889,79.320520,22.652369,104.406196,81.881860,22.524335,3.281302,0.024607
101.903689,79.234974,22.668715,104.496186,81.904466,22.591721,2.933656,0.029177
101.916665,79.278546,22.638120,104.456875,81.950933,22.505942,3.241439,0.026066
101.957643,79.273807,22.683836,104.492892,81.884915,22.607977,3.011799,0.027837
101.889217,79.198713,22.690504,104.253543,81.682774,22.570769,3.040042,0.026117
101.847023,79.177127,22.669896,104.399220,81.751301,22.647919,3.065398,0.027264
101.782417,79.110989,22.671428,103.998972,81.492037,22.506935,3.048425,0.028938
101.776842,79.101052,22.675790,104.085113,81.551375,22.533737,3.071147,0.027054
101.739105,79.066162,22.672943,104.277778,81.765880,22.511897,3.192364,0.025903
101.631798,78.996108,22.635690,104.247694,81.725839,22.521854,2.995144,0.027211
101.672397,79.009561,22.662837,104.283974,81.776532,22.507442,2.915977,0.027234
101.638837,78.939033,22.699804,104.148197,81.578277,22.569920,3.021006,0.029050
101.618082,78.929057,22.689025,104.510392,81.906986,22.603406,3.095286,0.026657
101.556962,78.878491,22.678471,104.111307,81.548106,22.563201,3.115956,0.024686
101.537397,78.825555,22.711842,103.990601,81.477060,22.513541,3.069051,0.026520
101.545594,78.876894,22.668700,104.103551,81.517197,22.586354,3.286071,0.024494
101.541991,78.877391,22.664600,104.080717,81.501654,22.579063,3.215563,0.026921
101.459484,78.773947,22.685538,104.347196,81.713328,22.633868,3.135589,0.027340
101.455872,78.810598,22.645274,103.962272,81.378933,22.583339,2.997073,0.029115
101.355736,78.659830,22.695906,103.898306,81.285252,22.613054,3.189330,0.027037
101.402697,78.726540,22.676157,104.065461,81.509284,22.556178,3.251814,0.026067
101.447770,78.749742,22.698028,104.075137,81.397256,22.677881,3.075698,0.027976
101.381515,78.627784,22.753731,104.146320,81.548609,22.597711,2.962764,0.028678
101.370640,78.634014,22.736626,104.014010,81.440604,22.573406,2.843729,0.028108
101.348694,78.605515,22.743180,104.043245,81.374231,22.669015,3.029973,0.025968
101.315659,78.557089,22.758570,104.118626,81.459263,22.659363,3.170805,0.024666
101.300937,78.537963,22.762974,104.231267,81.402142,22.829125,2.848929,0.026954
101.317087,78.550203,22.766884,104.033589,81.388327,22.645262,3.044015,0.027431
101.313107,78.512704,22.800403,104.141223,81.412316,22.728908,3.097177,0.027125
101.244425,78.424985,22.819439,104.251143,81.570073,22.681069,2.976535,0.028902
101.213528,78.451080,22.762449,104.005470,81.266203,22.739267,3.163808,0.024831
