216.899427,210.837509,6.061918,193.671154,186.679094,6.992060,4.155962,0.008353
184.354720,176.997749,7.356972,176.340509,169.171567,7.168942,4.929545,0.013215
168.095425,161.099757,6.995668,161.611670,154.464295,7.147375,7.156685,0.014943
159.459788,152.440169,7.019619,156.052872,148.975041,7.077832,6.265968,0.017033
155.215090,148.110639,7.104451,153.211863,146.059102,7.152760,7.275017,0.016637
152.772757,145.652651,7.120106,151.032880,143.948702,7.084179,6.086993,0.019033
150.904994,143.849274,7.055720,149.136658,142.331807,6.804851,6.169351,0.018926
148.725589,141.844794,6.880795,147.207466,140.284611,6.922854,6.072473,0.018587
147.097748,140.327172,6.770576,145.698123,139.030762,6.667361,6.752156,0.019313
145.363532,138.683692,6.679840,144.436233,137.709865,6.726367,5.906445,0.020773
143.704156,137.103463,6.600693,142.773952,136.156814,6.617138,5.589170,0.021004
142.330226,135.680119,6.650108,141.444939,134.813662,6.631277,6.327742,0.018541
141.203539,134.514357,6.689181,140.614324,133.916051,6.698273,6.420308,0.018876
140.270687,133.546445,6.724242,139.521626,132.777859,6.743766,5.769495,0.021665
139.374097,132.748723,6.625374,138.271304,131.635055,6.636249,5.718592,0.019844
138.557623,131.937791,6.619832,138.372240,131.768303,6.603938,6.163097,0.018919
138.022323,131.365033,6.657289,137.311048,130.632753,6.678295,5.627748,0.021698
137.423617,130.742997,6.680621,136.356157,129.669167,6.686990,6.201159,0.019732
136.928308,130.240947,6.687361,136.272854,129.581624,6.691229,5.876801,0.019690
136.375872,129.724495,6.651377,135.463134,128.848433,6.614701,5.982847,0.021081
135.859158,129.236840,6.622319,135.095467,128.471119,6.624348,6.176843,0.020936
135.343650,128.709228,6.634421,134.730743,128.113884,6.616859,5.708573,0.021205
134.973666,128.323444,6.650221,134.306244,127.661369,6.644875,5.809186,0.023561
134.736567,128.077766,6.658802,133.764498,127.087142,6.677356,6.201945,0.021956
134.318191,127.638663,6.679528,133.623873,126.953606,6.670267,6.618712,0.019657
134.121636,127.440722,6.680914,133.278828,126.560084,6.718744,5.930583,0.022900
133.745437,127.072453,6.672985,133.114364,126.550711,6.563654,6.587483,0.020566
133.461246,126.853703,6.607543,132.807795,126.188815,6.618980,6.707206,0.019731
133.036488,126.409507,6.626981,132.594130,125.986844,6.607287,6.263174,0.022448
132.783776,126.150072,6.633703,132.455262,125.823633,6.631628,6.304111,0.020993
132.604924,125.950678,6.654246,132.170837,125.536750,6.634087,7.065060,0.018468
132.405771,125.757676,6.648095,131.927772,125.284053,6.643720,6.432145,0.022854
132.019700,125.371286,6.648414,131.409891,124.752688,6.657203,6.917460,0.021189
131.791179,125.151134,6.640045,131.434299,124.780564,6.653736,6.113705,0.022614
131.580716,124.946090,6.634626,131.609888,125.016067,6.593821,6.039006,0.022255
131.340904,124.712632,6.628273,131.408837,124.784968,6.623869,6.763685,0.020511
131.305042,124.674035,6.631008,131.009604,124.386410,6.623193,5.791634,0.024000
131.089154,124.442906,6.646248,130.730756,124.079222,6.651534,6.509815,0.019499
130.866719,124.200979,6.665740,130.420795,123.742391,6.678403,6.095501,0.022049
130.656991,124.015917,6.641074,130.152555,123.497108,6.655447,6.832738,0.019129
130.606946,123.953049,6.653897,130.034594,123.360598,6.673996,7.308636,0.018520
130.530267,123.872732,6.657535,130.085821,123.385986,6.699835,6.517193,0.020349
130.291227,123.618909,6.672317,130.125628,123.471811,6.653816,6.825516,0.018371
130.147666,123.476413,6.671253,129.997939,123.342762,6.655177,6.233438,0.022160
130.045695,123.377895,6.667800,129.352448,122.653689,6.698758,6.148816,0.020193
129.860553,123.178179,6.682374,129.567958,122.894244,6.673714,7.167212,0.020926
129.663769,122.979585,6.684184,129.312256,122.615432,6.696823,6.987535,0.019045
129.538741,122.850016,6.688724,129.175100,122.472528,6.702571,6.908298,0.021717
129.533081,122.848075,6.685006,129.372074,122.723918,6.648156,6.728540,0.018931
129.497445,122.812077,6.685368,129.307153,122.608073,6.699080,6.582003,0.018420
129.382803,122.689761,6.693043,129.281908,122.585273,6.696636,6.201630,0.020996
129.171247,122.460175,6.711072,129.241815,122.575266,6.666550,7.509713,0.019669
129.064395,122.350218,6.714177,128.865263,122.203305,6.661957,7.014003,0.019953
129.162253,122.465600,6.696653,129.440805,122.747858,6.692948,6.452984,0.022417
128.881741,122.156502,6.725239,129.206934,122.501361,6.705574,6.991490,0.022929
128.903434,122.209537,6.693897,129.068544,122.375424,6.693121,6.264759,0.021953
128.915110,122.210069,6.705040,128.534173,121.805122,6.729051,6.679742,0.020079
128.662216,121.927685,6.734532,128.844701,122.138695,6.706006,6.722930,0.021164
128.615164,121.886505,6.728659,128.513139,121.777042,6.736097,6.733530,0.019732
128.407635,121.670986,6.736649,128.625913,121.920291,6.705622,6.734128,0.021438
128.415707,121.682337,6.733370,128.430028,121.702351,6.727677,6.579084,0.020559
128.347522,121.629555,6.717967,128.641593,121.935399,6.706194,6.335560,0.022318
128.319587,121.597565,6.722022,128.259268,121.521594,6.737674,7.042297,0.021119
128.261029,121.523465,6.737564,128.284925,121.562170,6.722755,7.101098,0.019511
128.188611,121.448921,6.739690,128.244411,121.526238,6.718173,6.607364,0.021030
128.115934,121.395518,6.720416,128.489410,121.787972,6.701438,7.623753,0.018579
128.097817,121.393124,6.704694,128.120309,121.380480,6.739829,6.996807,0.019212
128.085820,121.353523,6.732297,128.192519,121.481760,6.710760,6.944180,0.019721
128.101829,121.371895,6.729934,128.350333,121.624071,6.726262,6.417208,0.022407
127.985402,121.262412,6.722991,128.079745,121.372891,6.706854,6.544279,0.020659
127.945258,121.231303,6.713955,128.210241,121.481867,6.728374,6.417851,0.021519
127.804234,121.072262,6.731971,127.803170,121.072490,6.730679,7.961586,0.020352
127.755359,121.031310,6.724050,127.904416,121.181114,6.723302,7.455536,0.018436
127.722261,120.985177,6.737084,128.087613,121.376992,6.710622,7.858670,0.018736
127.641858,120.913884,6.727974,128.049015,121.338681,6.710334,7.109417,0.022386
127.609195,120.873477,6.735719,127.677547,120.956072,6.721474,6.964969,0.023126
127.441726,120.706101,6.735625,128.043504,121.347787,6.695717,6.575810,0.020949
127.566225,120.825675,6.740550,127.637657,120.900211,6.737446,6.586850,0.021162
127.487059,120.755747,6.731313,127.676817,120.953309,6.723509,7.371445,0.019665
127.420119,120.672325,6.747794,127.763418,121.044415,6.719004,6.812324,0.021164
127.380210,120.650051,6.730159,127.801435,121.066908,6.734527,6.605497,0.021832
127.365621,120.637804,6.727817,127.623496,120.920963,6.702533,7.042312,0.019241
127.228550,120.480566,6.747984,127.433637,120.686206,6.747430,7.041473,0.019192
127.243255,120.515601,6.727653,127.349089,120.617162,6.731927,6.442422,0.020994
127.245123,120.510648,6.734475,127.566484,120.850973,6.715511,6.628754,0.020548
127.183084,120.449289,6.733795,127.858367,121.169463,6.688905,6.603876,0.021914
127.187294,120.465803,6.721492,127.418243,120.685713,6.732530,6.928618,0.020405
127.078991,120.325001,6.753991,127.345063,120.594384,6.750680,6.669841,0.021437
126.963106,120.217443,6.745663,127.214245,120.487787,6.726458,7.642291,0.018858
127.009358,120.259876,6.749482,127.345326,120.589390,6.755936,6.614487,0.022598
126.981471,120.225302,6.756169,126.910522,120.168418,6.742103,6.204271,0.023989
126.903112,120.157878,6.745233,127.196650,120.457276,6.739373,7.251908,0.019615
126.835126,120.088421,6.746705,126.935715,120.190799,6.744916,7.478523,0.020978
126.748807,119.977741,6.771066,127.445586,120.691229,6.754357,6.107592,0.024514
126.785680,120.016735,6.768945,126.849865,120.081142,6.768723,6.717762,0.020333
126.674814,119.910935,6.763880,127.372112,120.643209,6.728903,6.645420,0.020573
126.832852,120.098076,6.734775,126.973174,120.236607,6.736567,7.205011,0.019215
126.639084,119.883814,6.755270,127.249164,120.526481,6.722683,6.881896,0.023709
126.622703,119.887847,6.734856,127.065474,120.353495,6.711979,6.699311,0.020101
126.677451,119.926514,6.750937,126.854690,120.120053,6.734636,6.869465,0.020835
126.678695,119.927366,6.751328,126.756357,120.021692,6.734665,6.231734,0.023644
126.564265,119.800444,6.763821,127.111899,120.371460,6.740440,6.714362,0.024683
126.491201,119.736661,6.754540,126.832022,120.066622,6.765401,6.706847,0.021390
126.468841,119.689306,6.779535,126.598629,119.823463,6.775166,7.142821,0.020560
126.449888,119.684147,6.765740,126.733293,119.968249,6.765044,6.563060,0.021861
126.504926,119.724168,6.780758,126.427110,119.650338,6.776773,7.410407,0.021266
126.335048,119.559742,6.775306,126.679745,119.912934,6.766811,6.756830,0.021383
126.258418,119.484250,6.774168,127.216691,120.503279,6.713412,7.838787,0.019385
126.434748,119.685300,6.749448,126.937852,120.179158,6.758694,6.777898,0.022808
126.288831,119.507327,6.781504,126.614768,119.823808,6.790960,6.515432,0.021235
126.254481,119.472046,6.782435,126.829882,120.064654,6.765227,6.791448,0.022407
126.243769,119.477568,6.766201,127.014605,120.273979,6.740625,6.688133,0.024206
126.300123,119.523006,6.777117,126.897418,120.145646,6.751772,7.094563,0.021086
126.150038,119.375026,6.775012,126.826046,120.079966,6.746080,7.200220,0.020705
126.176857,119.422707,6.754149,126.945742,120.226848,6.718893,6.266572,0.021379
126.270395,119.517689,6.752706,126.868734,120.111031,6.757703,6.973072,0.018995
126.081777,119.296151,6.785626,126.702945,119.934777,6.768168,6.647988,0.022625
126.003996,119.219859,6.784137,126.789243,120.039659,6.749583,7.359050,0.018433
126.105059,119.338180,6.766879,126.956297,120.215510,6.740787,7.207843,0.020155
126.142616,119.377652,6.764964,126.645124,119.899589,6.745534,7.167753,0.022780
126.126781,119.358181,6.768600,126.879094,120.131931,6.747164,7.273141,0.020778
126.107606,119.336564,6.771042,126.557266,119.760254,6.797012,7.141012,0.019883
126.004553,119.211906,6.792648,126.719829,119.986490,6.733339,6.569737,0.020544
125.979893,119.193719,6.786174,126.629351,119.868948,6.760403,7.528569,0.017237
125.968978,119.191939,6.777039,126.474142,119.704397,6.769745,6.278353,0.022523
125.909527,119.134264,6.775263,126.660419,119.922972,6.737447,7.491676,0.020176
125.927097,119.160494,6.766604,126.369797,119.596478,6.773318,7.498810,0.020591
125.895615,119.105343,6.790273,126.497189,119.737924,6.759265,7.238871,0.019670
125.973921,119.217539,6.756382,126.732733,119.997577,6.735157,7.453505,0.019943
125.877450,119.108591,6.768859,126.714086,119.972496,6.741590,7.131852,0.020157
125.948870,119.176419,6.772450,126.310845,119.551991,6.758854,6.598071,0.021478
125.876628,119.085320,6.791309,126.482759,119.708084,6.774675,6.751389,0.022155
125.917487,119.151918,6.765569,126.298949,119.562281,6.736668,6.684974,0.020865
125.877133,119.092096,6.785037,126.376994,119.574500,6.802493,7.036325,0.020107
125.660624,118.847195,6.813429,126.359133,119.600439,6.758693,6.997920,0.021735
125.758056,118.961840,6.796216,126.642617,119.864556,6.778061,6.723106,0.021873
125.784302,118.994695,6.789607,126.588606,119.830382,6.758224,6.826597,0.021689
125.811174,119.032526,6.778648,126.676530,119.921199,6.755330,7.478244,0.021033
125.749819,118.967386,6.782434,126.484567,119.719555,6.765013,6.544924,0.024379
125.668202,118.870857,6.797346,126.622543,119.873219,6.749324,7.417265,0.021583
125.707657,118.924720,6.782938,126.285961,119.501203,6.784757,7.392512,0.020808
125.613865,118.821757,6.792108,126.537221,119.761601,6.775620,7.008101,0.024842
125.495086,118.693453,6.801633,126.523788,119.776746,6.747041,6.524831,0.024155
125.710881,118.924707,6.786173,126.342411,119.590250,6.752161,6.586276,0.023382
125.655643,118.869241,6.786402,126.655818,119.926374,6.729444,7.247596,0.021225
125.588237,118.803326,6.784911,126.477206,119.729084,6.748122,8.069794,0.019379
125.627764,118.863313,6.764451,126.399880,119.655858,6.744022,7.459893,0.019819
125.563250,118.768350,6.794900,126.308343,119.549338,6.759005,6.907014,0.020340
125.512229,118.714083,6.798146,126.065934,119.284312,6.781621,7.524747,0.018816
125.486223,118.708572,6.777651,126.336133,119.603417,6.732716,7.203082,0.022656
125.524810,118.744065,6.780745,126.268155,119.485938,6.782218,6.765103,0.021022
125.462378,118.672037,6.790340,126.264270,119.472103,6.792168,7.510557,0.020948
125.403054,118.599862,6.803192,125.987471,119.178855,6.808616,6.669759,0.023855
125.495282,118.706744,6.788539,126.577261,119.817970,6.759292,7.202631,0.020057
125.458019,118.651368,6.806651,126.534046,119.774350,6.759696,7.083326,0.021460
125.526563,118.743853,6.782709,126.236671,119.441808,6.794862,6.902516,0.024163
125.454375,118.651956,6.802419,126.465209,119.685457,6.779752,6.767264,0.021358
125.405699,118.592438,6.813260,126.214311,119.428665,6.785646,6.756943,0.022056
125.399652,118.597184,6.802467,126.470174,119.723872,6.746301,7.569803,0.019547
125.444253,118.663722,6.780531,125.949926,119.158658,6.791268,6.962833,0.021163
