259.802818,241.293579,18.509239,193.279038,189.015010,4.264028,2.625064,0.012560
179.808116,171.379953,8.428163,165.907004,153.423169,12.483836,2.316026,0.024262
156.923973,142.161283,14.762689,149.877869,133.293404,16.584465,2.361557,0.028939
145.656631,127.880320,17.776311,140.632682,121.641070,18.991612,2.536677,0.032182
138.855017,119.174755,19.680262,135.651908,115.285365,20.366543,2.520898,0.035028
134.301616,113.567699,20.733917,131.714596,110.725414,20.989182,2.605490,0.033812
131.245917,109.900138,21.345779,128.974507,107.399243,21.575265,2.686363,0.035004
128.841477,107.119157,21.722320,127.209120,105.263251,21.945868,2.772051,0.035888
127.112424,105.107316,22.005108,125.419144,103.325346,22.093798,2.950886,0.034683
125.675798,103.463624,22.212174,124.876651,102.426536,22.450115,2.752059,0.038234
124.507448,102.105475,22.401973,123.420843,101.151315,22.269529,2.971341,0.035268
123.457191,100.992462,22.464729,122.830869,100.190452,22.640417,2.838380,0.037470
122.604554,100.019882,22.584673,121.891856,99.339211,22.552645,2.901981,0.035719
121.739618,99.133915,22.605703,120.995998,98.268762,22.727237,2.846704,0.038374
121.112859,98.425556,22.687303,120.351898,97.578338,22.773560,3.027073,0.037049
120.454267,97.699694,22.754573,120.038468,97.219419,22.819049,3.003978,0.038875
119.852142,97.008469,22.843674,119.281601,96.495856,22.785746,2.906451,0.038105
119.291471,96.466795,22.824676,119.019810,96.270280,22.749530,3.159960,0.035384
118.756685,95.964380,22.792305,118.706332,95.979786,22.726547,3.022864,0.037934
118.400495,95.548219,22.852276,118.163000,95.215127,22.947873,3.133193,0.037640
117.945343,95.057934,22.887409,117.861040,94.853814,23.007227,2.890367,0.038713
117.579736,94.696036,22.883700,117.522670,94.722620,22.800050,2.996882,0.036624
117.195589,94.273265,22.922324,117.161088,94.407747,22.753341,3.036194,0.036878
116.917524,94.018525,22.898999,116.843200,94.077502,22.765698,3.052689,0.035939
116.534186,93.603861,22.930325,116.293029,93.487001,22.806028,2.993903,0.037192
116.220502,93.277403,22.943099,116.532016,93.683144,22.848872,3.015964,0.035929
115.911055,93.010756,22.900299,116.111199,93.257378,22.853822,3.052848,0.036888
115.588113,92.689641,22.898472,115.765523,92.841372,22.924151,3.019048,0.036540
115.469078,92.535300,22.933778,115.463805,92.595508,22.868297,3.176690,0.033449
115.114367,92.202321,22.912046,115.285773,92.403941,22.881833,3.238677,0.032331
114.826605,91.912802,22.913804,115.395918,92.505645,22.890273,3.097249,0.036995
114.711190,91.751780,22.959410,115.225952,92.418581,22.807371,3.038961,0.037144
114.429674,91.510364,22.919310,114.827990,91.956770,22.871220,3.104474,0.038066
114.204077,91.296743,22.907334,114.934602,92.010682,22.923920,3.032053,0.038945
114.068558,91.168544,22.900014,114.327286,91.446018,22.881269,3.261131,0.036974
113.760599,90.851995,22.908603,114.156104,91.266678,22.889425,3.088683,0.038763
113.621817,90.683259,22.938558,114.182167,91.286518,22.895649,3.010221,0.038765
113.402876,90.481003,22.921873,113.821412,90.998213,22.823200,3.195869,0.034970
113.262408,90.330726,22.931682,113.794228,90.824648,22.969580,3.181817,0.034363
113.074627,90.146471,22.928156,113.532412,90.722670,22.809742,3.078861,0.036155
112.877642,89.972361,22.905281,113.465162,90.644458,22.820704,3.052931,0.037487
112.689351,89.781685,22.907666,113.140764,90.327206,22.813559,3.238637,0.033421
112.523041,89.643724,22.879317,113.168918,90.384115,22.784804,3.145666,0.035066
112.361480,89.471495,22.889986,112.961523,90.123683,22.837839,3.202493,0.035621
112.211088,89.314356,22.896733,113.049219,90.292347,22.756871,3.070921,0.037264
111.976253,89.113915,22.862338,112.839195,90.065088,22.774108,3.227572,0.034962
111.954370,89.109176,22.845194,112.808856,90.039665,22.769191,3.268647,0.033817
111.752178,88.889833,22.862344,112.538340,89.617003,22.921337,3.083977,0.035599
111.535486,88.697989,22.837497,112.508567,89.687641,22.820926,3.044966,0.040531
111.465419,88.639107,22.826313,112.242950,89.500621,22.742330,3.161360,0.037649
111.256685,88.436892,22.819792,112.202063,89.439907,22.762155,3.311274,0.034145
111.101432,88.320797,22.780635,112.028101,89.323789,22.704312,3.202209,0.032994
111.019845,88.253145,22.766700,112.099866,89.331488,22.768377,3.026048,0.036516
110.888860,88.090593,22.798268,111.754494,89.125289,22.629205,3.141007,0.034317
110.665829,87.930195,22.735634,111.710621,89.037415,22.673206,3.299275,0.033970
110.631522,87.902025,22.729497,111.625674,88.932386,22.693289,3.309964,0.036054
110.556935,87.863295,22.693640,111.807771,89.133813,22.673958,3.236691,0.033653
110.462836,87.730095,22.732741,111.158047,88.571168,22.586879,3.240745,0.033928
110.264223,87.563156,22.701066,111.526091,88.879626,22.646466,3.067710,0.036011
110.205970,87.507369,22.698601,111.230456,88.567936,22.662520,3.089319,0.037488
110.016942,87.310973,22.705968,111.093267,88.517329,22.575938,3.113965,0.034825
109.927098,87.296348,22.630751,111.068072,88.474390,22.593682,3.154071,0.033498
109.838223,87.150328,22.687895,110.852309,88.141816,22.710493,3.123529,0.036561
109.688125,87.029954,22.658171,110.887319,88.256330,22.630988,3.153294,0.033820
109.591728,86.949528,22.642200,110.599174,88.069842,22.529332,3.137376,0.039137
109.485112,86.848256,22.636857,110.788853,88.343412,22.445441,3.298444,0.032186
109.339075,86.738526,22.600549,110.494547,87.930621,22.563927,3.123896,0.034709
109.212268,86.609133,22.603136,110.409820,87.918678,22.491142,3.123284,0.035151
109.105231,86.525216,22.580015,110.428551,88.047343,22.381208,3.247595,0.034251
108.993092,86.407214,22.585878,110.229797,87.808004,22.421793,3.247507,0.033515
108.906857,86.315744,22.591113,110.013718,87.511767,22.501951,3.173903,0.032247
108.801688,86.276267,22.525422,110.183200,87.829907,22.353294,3.128326,0.034246
108.706697,86.146261,22.560436,110.010274,87.540461,22.469813,3.138945,0.034814
108.623898,86.063557,22.560340,110.007721,87.490824,22.516896,3.270258,0.032324
108.474920,85.918617,22.556303,109.969405,87.520479,22.448926,3.204231,0.034565
108.454665,85.970203,22.484462,109.730797,87.278862,22.451935,3.166681,0.032768
108.324561,85.836206,22.488355,109.644748,87.221692,22.423056,3.251999,0.031510
108.198968,85.715977,22.482990,110.102378,87.636695,22.465683,3.139668,0.035187
108.136524,85.626561,22.509963,109.608666,87.246028,22.362638,3.176397,0.035102
108.061236,85.634813,22.426423,109.517371,87.149735,22.367636,3.077491,0.035307
107.979651,85.527437,22.452214,109.435955,87.128809,22.307145,3.252679,0.035383
107.896693,85.493050,22.403643,109.338698,87.076094,22.262605,3.248948,0.035322
107.790245,85.412467,22.377778,109.391059,87.152693,22.238366,3.208674,0.034694
107.748278,85.321878,22.426400,109.343647,87.023587,22.320061,3.443740,0.029403
107.612077,85.212937,22.399140,108.912016,86.499231,22.412785,3.360793,0.032147
107.485559,85.144566,22.340992,109.043811,86.737086,22.306726,3.198360,0.032025
107.418900,85.053007,22.365894,108.819941,86.660503,22.159439,3.173651,0.032346
107.384438,85.081449,22.302989,108.775576,86.477743,22.297832,3.334392,0.033191
107.251584,84.919551,22.332033,108.920084,86.772593,22.147491,3.325804,0.033410
107.203705,84.928658,22.275047,108.624849,86.484124,22.140725,3.274293,0.034224
107.097338,84.862044,22.235294,108.479032,86.297553,22.181479,3.428968,0.030782
106.995124,84.731130,22.263994,108.419316,86.131505,22.287811,3.373074,0.030281
106.922876,84.598144,22.324732,108.387231,86.196581,22.190649,3.161252,0.033005
106.871782,84.611678,22.260104,108.324696,86.050037,22.274659,3.147102,0.032515
106.756556,84.466143,22.290413,108.540342,86.337972,22.202370,3.153669,0.034552
106.628973,84.394770,22.234203,108.256852,86.218677,22.038175,3.190261,0.032251
106.583213,84.373163,22.210050,108.296157,86.152214,22.143944,3.137160,0.035666
106.461171,84.266035,22.195136,108.101093,86.068782,22.032310,3.075094,0.033536
106.320636,84.107415,22.213222,108.041614,86.010229,22.031385,3.237940,0.032935
106.311892,84.138826,22.173066,107.930592,85.832699,22.097894,3.077071,0.033900
106.270554,84.047811,22.222743,107.912041,85.830044,22.081997,3.264025,0.032364
106.231376,84.052298,22.179078,107.750826,85.674724,22.076102,3.102731,0.032626
106.131036,83.958695,22.172342,107.893320,85.781949,22.111370,3.046093,0.035847
106.080505,83.896096,22.184409,107.569155,85.534920,22.034234,3.213969,0.032014
105.909555,83.756176,22.153379,107.613539,85.574225,22.039314,3.069931,0.034191
105.903103,83.750123,22.152980,107.359855,85.268746,22.091109,3.177022,0.032471
105.794561,83.646435,22.148126,107.650335,85.683458,21.966877,3.350505,0.029784
105.705877,83.560377,22.145500,107.406248,85.444564,21.961684,3.173608,0.036623
105.611373,83.501042,22.110331,107.158481,85.176513,21.981968,3.327560,0.033184
105.554201,83.421401,22.132800,107.181333,85.275910,21.905423,3.373383,0.029467
105.493658,83.417697,22.075961,107.159990,85.135310,22.024681,3.058690,0.033259
105.396787,83.298454,22.098334,107.249160,85.240013,22.009148,3.153067,0.033004
105.353776,83.236513,22.117263,106.815262,84.900285,21.914978,3.293086,0.030491
105.319683,83.235226,22.084457,107.231999,85.348553,21.883445,3.311339,0.033570
105.240715,83.154107,22.086608,106.980000,85.062311,21.917689,3.179596,0.033516
105.149521,83.128280,22.021242,106.953106,84.826668,22.126438,3.345123,0.031933
105.055463,82.983452,22.072012,106.856267,84.932347,21.923920,3.181264,0.032927
105.059529,82.996822,22.062706,106.921992,84.980897,21.941094,3.244086,0.032027
105.032104,82.981574,22.050530,106.701990,84.737483,21.964507,3.090431,0.032949
104.882059,82.863883,22.018176,106.663451,84.852691,21.810760,3.144941,0.030963
104.837614,82.814602,22.023012,106.649739,84.773755,21.875984,3.349569,0.032507
104.752639,82.766886,21.985753,106.592054,84.759832,21.832223,3.342972,0.028471
104.680985,82.675839,22.005146,106.517859,84.594172,21.923687,3.289726,0.030762
104.603667,82.627393,21.976274,106.420114,84.544679,21.875435,3.356786,0.031314
104.552674,82.604201,21.948473,106.467301,84.637804,21.829497,3.186210,0.032008
104.551969,82.532098,22.019871,106.322281,84.403375,21.918906,3.171219,0.029892
104.441362,82.463407,21.977955,106.429651,84.648813,21.780838,3.316238,0.032848
104.371876,82.461213,21.910663,106.120367,84.335187,21.785180,3.264565,0.030137
104.331187,82.414467,21.916720,106.025091,84.241433,21.783658,3.290164,0.031934
104.261285,82.335427,21.925857,105.989911,84.191659,21.798252,3.081235,0.033934
104.189763,82.278808,21.910956,106.165451,84.364617,21.800833,3.081216,0.033821
104.064200,82.139823,21.924376,106.061506,84.415635,21.645870,3.317091,0.033069
104.054429,82.158961,21.895469,106.073088,84.286573,21.786515,3.359001,0.031374
103.967397,82.047914,21.919483,105.941116,84.164528,21.776587,3.214273,0.033452
103.899908,82.022191,21.877717,105.940503,84.270770,21.669733,3.242928,0.031535
103.905603,82.038296,21.867307,105.950729,84.236796,21.713933,3.257318,0.031722
103.911473,81.997686,21.913787,105.572026,83.826578,21.745448,3.220901,0.033268
103.779928,81.851238,21.928690,105.748884,83.994450,21.754434,3.360157,0.030343
103.663559,81.819389,21.844171,105.412235,83.703158,21.709077,3.142792,0.033177
103.692070,81.838428,21.853642,105.548231,83.789124,21.759107,3.488292,0.029059
103.607999,81.684669,21.923330,105.616106,83.893953,21.722152,3.198394,0.033669
103.541429,81.683300,21.858128,105.493288,83.834220,21.659067,3.232795,0.032357
103.503959,81.663151,21.840808,105.669519,83.926962,21.742558,3.226421,0.030262
103.446430,81.556652,21.889778,105.222298,83.421180,21.801118,3.117071,0.031940
103.346684,81.489842,21.856842,105.277155,83.523590,21.753565,2.997580,0.032996
103.298665,81.419557,21.879108,105.289260,83.522391,21.766869,3.316495,0.028044
103.313849,81.431635,21.882214,105.352831,83.627587,21.725244,3.233039,0.031623
103.276984,81.421950,21.855034,105.370256,83.687522,21.682734,3.338501,0.032007
103.210290,81.339613,21.870676,105.286617,83.595147,21.691470,3.104920,0.032312
103.145740,81.242020,21.903720,105.043634,83.328485,21.715149,3.180512,0.032244
103.072599,81.191014,21.881585,105.173617,83.480616,21.693001,3.430434,0.028676
103.059408,81.243014,21.816394,105.131129,83.401822,21.729307,3.220378,0.031176
103.062958,81.164963,21.897995,105.215824,83.476569,21.739255,3.404296,0.029221
103.003877,81.159329,21.844548,104.939977,83.281437,21.658541,3.392944,0.028903
102.959649,81.108480,21.851169,104.902768,83.113383,21.789385,3.381261,0.031990
102.946502,81.121947,21.824555,105.033924,83.307731,21.726193,3.457595,0.030335
102.889044,81.018536,21.870508,105.081906,83.350060,21.731846,3.313685,0.031557
102.826014,80.992493,21.833521,104.756112,83.074480,21.681632,3.182153,0.031583
102.739934,80.890218,21.849716,104.801511,83.024506,21.777004,3.217605,0.032193
102.688751,80.837487,21.851264,104.865493,83.238360,21.627133,3.346358,0.032022
