210.023083,207.525671,2.497412,191.027563,187.693781,3.333782,8.518773,0.003720
184.285808,179.296275,4.989533,174.728679,167.793406,6.935273,6.076390,0.007529
166.085845,157.171116,8.914730,158.306269,148.232439,10.073829,5.523445,0.009832
153.545976,142.281626,11.264350,148.670673,136.618654,12.052020,4.919696,0.012133
146.633291,134.037800,12.595491,143.276878,130.131781,13.145097,4.915717,0.013260
142.113978,128.705500,13.408478,139.608708,125.965877,13.642831,5.173028,0.013385
138.523585,124.527222,13.996363,135.960522,121.557066,14.403456,5.183054,0.013582
135.197949,120.524773,14.673177,132.953162,117.994240,14.958922,5.108063,0.014169
132.379042,117.173129,15.205913,130.381023,114.887933,15.493090,4.696821,0.015917
130.241852,114.636791,15.605061,128.846964,112.988509,15.858455,5.059649,0.014873
128.459199,112.547638,15.911562,126.997854,110.884056,16.113798,5.281008,0.014050
127.124043,111.016854,16.107189,125.706912,109.498307,16.208605,4.899061,0.015234
125.825742,109.569428,16.256314,124.903188,108.588888,16.314301,4.977615,0.014753
124.750307,108.351747,16.398560,124.080893,107.605655,16.475239,4.896622,0.016297
123.816068,107.282138,16.533930,122.785449,106.239505,16.545943,5.142208,0.015531
122.999347,106.354032,16.645316,121.961454,105.353660,16.607794,4.929353,0.015799
122.275375,105.545141,16.730234,121.609697,104.776911,16.832785,4.951369,0.015688
121.462886,104.688206,16.774679,120.936574,104.235807,16.700768,5.105243,0.015359
120.849356,104.062693,16.786664,120.308143,103.589459,16.718684,5.039360,0.015267
120.237138,103.363769,16.873369,119.635905,102.757047,16.878858,4.883399,0.016421
119.704822,102.792562,16.912260,119.130830,102.191135,16.939695,5.265534,0.014572
119.221692,102.277430,16.944261,118.547539,101.432736,17.114803,4.977376,0.015633
118.739188,101.661622,17.077565,118.232882,101.177283,17.055598,5.268741,0.015547
118.187252,101.118619,17.068633,117.955581,101.025676,16.929905,5.132021,0.015704
117.785022,100.674791,17.110231,117.541136,100.401061,17.140074,5.129145,0.015103
117.426066,100.353239,17.072827,117.139364,100.086311,17.053052,5.240645,0.015572
117.057738,99.870310,17.187428,116.412954,99.159117,17.253837,5.072050,0.015781
116.507727,99.315573,17.192155,116.392251,99.326053,17.066198,5.414844,0.014438
116.266667,99.136036,17.130631,116.140264,98.764948,17.375316,5.079745,0.014806
115.881996,98.628606,17.253390,115.672925,98.470524,17.202401,5.170234,0.015502
115.597910,98.376575,17.221335,115.537255,98.288904,17.248351,5.303002,0.014789
115.240836,98.045138,17.195698,115.301618,98.112351,17.189267,5.292888,0.014939
114.939467,97.695249,17.244217,114.996960,97.896647,17.100312,5.181543,0.016248
114.630740,97.396275,17.234465,114.750002,97.516147,17.233855,5.108947,0.015368
114.404927,97.158465,17.246461,114.449591,97.197840,17.251752,5.113355,0.015066
114.013194,96.709012,17.304182,114.181308,96.929220,17.252088,5.551094,0.014152
113.889953,96.603433,17.286520,113.874322,96.591420,17.282902,5.213857,0.015067
113.515854,96.205483,17.310371,113.859387,96.613474,17.245913,5.251635,0.015293
113.301045,95.986557,17.314488,113.738476,96.483813,17.254664,5.096641,0.016087
113.052674,95.726530,17.326145,112.998508,95.657570,17.340938,5.348306,0.014458
112.825892,95.488068,17.337824,113.285410,95.995245,17.290164,5.280347,0.014912
112.534322,95.261779,17.272543,112.863540,95.660163,17.203377,5.149366,0.015358
112.361317,95.085783,17.275534,112.572083,95.317252,17.254831,5.092594,0.015678
112.090860,94.744211,17.346649,112.568452,95.301390,17.267063,5.206904,0.014754
111.940228,94.645277,17.294951,112.243273,95.085232,17.158041,5.211178,0.015419
111.662972,94.387501,17.275471,111.952803,94.807806,17.144996,5.251400,0.015455
111.468448,94.148204,17.320245,111.842892,94.523380,17.319511,5.170107,0.014229
111.301722,93.984396,17.317325,111.665960,94.457763,17.208196,5.384227,0.014889
111.038042,93.761517,17.276525,111.589615,94.256017,17.333598,5.298281,0.014410
110.898720,93.535720,17.362999,111.341383,94.074048,17.267335,5.186095,0.014503
110.680130,93.388151,17.291979,111.111827,93.753898,17.357930,5.157796,0.015301
110.599214,93.249362,17.349853,111.132227,93.730495,17.401732,5.246979,0.015326
110.344785,93.071678,17.273107,110.808993,93.520765,17.288228,4.923293,0.015407
110.184738,92.847824,17.336914,110.678064,93.396024,17.282041,5.385341,0.014385
109.984363,92.651096,17.333266,110.273537,92.929737,17.343800,5.166432,0.015599
109.814103,92.505140,17.308963,110.358597,93.072980,17.285616,4.987300,0.016844
109.642048,92.304254,17.337793,110.191335,92.958672,17.232664,5.277507,0.015277
109.502918,92.183676,17.319242,110.149235,92.924426,17.224810,5.140749,0.015109
109.264303,91.955337,17.308966,109.847777,92.659702,17.188075,5.320973,0.014684
109.140312,91.887036,17.253276,109.619635,92.321180,17.298455,5.257599,0.015411
109.041231,91.737703,17.303528,109.325399,91.977844,17.347556,5.431530,0.013100
108.782336,91.501923,17.280413,109.401937,92.210992,17.190946,5.179741,0.014560
108.627457,91.355231,17.272227,109.292763,92.052667,17.240096,5.022889,0.014566
108.433354,91.206035,17.227320,109.088042,91.895152,17.192890,5.093159,0.015036
108.342141,91.106072,17.236069,109.181334,91.937454,17.243881,5.126527,0.016093
108.275096,91.008399,17.266696,108.673428,91.443031,17.230397,5.072597,0.014251
108.016795,90.770343,17.246452,108.890279,91.655492,17.234787,5.329854,0.014367
107.949759,90.724413,17.225346,108.576519,91.352654,17.223864,5.172342,0.014943
107.799644,90.518433,17.281211,108.599888,91.384737,17.215151,5.250654,0.014852
107.576744,90.318589,17.258155,108.381711,91.223830,17.157880,5.407428,0.014156
107.492825,90.242811,17.250014,108.284818,91.022030,17.262788,5.086880,0.015086
107.408493,90.155077,17.253416,108.098912,90.848500,17.250412,5.228538,0.014739
107.346114,90.053492,17.292622,107.911238,90.756182,17.155056,5.389525,0.014557
107.101131,89.821743,17.279388,107.748637,90.561835,17.186802,5.120296,0.014777
106.964054,89.724036,17.240018,108.039276,90.893941,17.145335,5.198389,0.014600
106.799111,89.554473,17.244637,107.468065,90.223645,17.244420,5.177600,0.015204
106.641189,89.396390,17.244800,107.552368,90.405768,17.146601,5.144299,0.015033
106.567837,89.334592,17.233245,107.510329,90.373519,17.136810,5.118520,0.015495
106.478605,89.287430,17.191175,107.360827,90.264502,17.096326,5.282058,0.014033
106.382474,89.166656,17.215818,107.397282,90.181597,17.215685,5.227995,0.015167
106.202931,88.956768,17.246162,107.012842,89.831078,17.181765,5.379397,0.013513
106.099558,88.847687,17.251870,107.018788,89.849166,17.169622,5.080929,0.014748
105.935994,88.728550,17.207444,106.856243,89.782138,17.074105,5.417960,0.013702
105.859710,88.672207,17.187503,106.549353,89.382041,17.167312,5.405668,0.012622
105.669726,88.469441,17.200284,106.875104,89.663580,17.211524,4.877222,0.015467
105.608507,88.390983,17.217525,106.729233,89.512995,17.216238,5.054852,0.015263
105.444938,88.207598,17.237340,106.671199,89.497509,17.173690,5.208381,0.014750
105.371768,88.106430,17.265337,106.381888,89.237692,17.144195,5.392664,0.013318
105.294843,88.091087,17.203756,106.490587,89.317589,17.172998,5.038435,0.014620
105.102352,87.834593,17.267759,106.174119,88.992525,17.181594,5.345340,0.013839
105.049780,87.813741,17.236039,106.172751,88.931559,17.241192,5.229004,0.014013
104.950190,87.755510,17.194680,105.821977,88.784498,17.037479,5.309592,0.013800
104.819665,87.574925,17.244740,105.929229,88.746011,17.183219,5.123818,0.014119
104.732906,87.558994,17.173911,105.820684,88.714136,17.106548,5.282127,0.013420
104.657620,87.474291,17.183330,105.875179,88.760331,17.114848,5.139404,0.014165
104.504041,87.305022,17.199019,105.641318,88.435901,17.205417,5.326490,0.015270
104.469359,87.241106,17.228253,105.553400,88.326768,17.226632,5.504803,0.011586
104.296999,87.042354,17.254645,105.572129,88.356160,17.215970,5.357114,0.013587
104.278349,87.049843,17.228506,105.469155,88.208910,17.260245,5.380263,0.012897
104.117867,86.852936,17.264931,105.238002,88.004694,17.233308,5.194092,0.013206
103.977044,86.770226,17.206818,105.236745,88.165384,17.071361,5.444154,0.013247
103.964801,86.691102,17.273699,105.105188,87.905613,17.199575,5.124202,0.013767
103.883484,86.571842,17.311642,105.042227,87.790909,17.251318,5.020256,0.014239
103.741082,86.488471,17.252611,105.081301,87.924700,17.156601,5.373945,0.014933
103.728331,86.437157,17.291174,104.972693,87.778573,17.194120,5.098350,0.014174
103.687152,86.375849,17.311303,104.907699,87.584319,17.323381,5.209942,0.013990
103.535996,86.252900,17.283096,104.769298,87.533874,17.235424,5.286399,0.013250
103.466148,86.181342,17.284806,104.742317,87.556982,17.185335,5.154365,0.014070
103.343909,86.073174,17.270735,104.605844,87.366455,17.239388,5.031163,0.013946
103.252454,85.930201,17.322253,104.514362,87.302055,17.212307,5.090552,0.013692
103.210684,85.938549,17.272135,104.552441,87.329670,17.222770,5.178846,0.013223
103.055923,85.732852,17.323072,104.658279,87.399222,17.259056,5.324509,0.013753
103.027924,85.716307,17.311617,104.520048,87.334333,17.185714,5.089340,0.014100
103.045168,85.725857,17.319311,104.587731,87.393870,17.193861,5.202903,0.013024
102.905309,85.605004,17.300305,104.476907,87.248998,17.227909,5.225436,0.014247
102.934746,85.562668,17.372078,104.103625,86.803668,17.299958,5.170834,0.013214
102.717435,85.412360,17.305076,104.195109,86.941481,17.253628,5.189701,0.014002
102.666938,85.341890,17.325048,104.023541,86.709938,17.313603,5.285526,0.012898
102.512382,85.174310,17.338071,104.083243,86.838828,17.244415,5.199306,0.014085
102.530706,85.213259,17.317447,104.038466,86.816567,17.221900,5.221971,0.013287
102.489637,85.175229,17.314409,103.824602,86.582102,17.242500,5.296261,0.013517
102.427934,85.099613,17.328321,104.077767,86.824780,17.252987,5.295410,0.012948
102.360200,85.032732,17.327468,103.893194,86.748587,17.144607,5.118597,0.014226
102.343705,84.997574,17.346131,103.727841,86.489480,17.238361,5.330205,0.012303
102.260576,84.879162,17.381414,103.764596,86.480577,17.284019,5.189168,0.012278
102.157158,84.761534,17.395624,103.827994,86.623289,17.204705,5.190299,0.013570
102.076881,84.721538,17.355343,103.715316,86.455953,17.259362,5.225236,0.013983
102.039597,84.713764,17.325833,103.632966,86.392033,17.240933,5.539141,0.012136
101.975707,84.612333,17.363373,103.584441,86.358138,17.226303,5.207723,0.013273
101.918016,84.561862,17.356154,103.610815,86.359901,17.250914,5.026309,0.014232
101.875034,84.518352,17.356682,103.565356,86.340610,17.224746,5.137939,0.013428
101.819820,84.473113,17.346707,103.517094,86.251773,17.265320,5.321054,0.012487
101.787105,84.393441,17.393665,103.444844,86.084376,17.360468,5.288738,0.012488
101.727444,84.332045,17.395399,103.477593,86.181479,17.296115,5.092668,0.013279
101.597009,84.186959,17.410050,103.365060,86.180569,17.184491,5.123117,0.013965
101.545633,84.181984,17.363649,103.355643,86.029552,17.326092,5.196129,0.013813
101.519438,84.148774,17.370663,103.253233,86.015485,17.237748,5.373439,0.012492
101.480600,84.123147,17.357454,103.311670,86.026018,17.285652,5.221630,0.013167
101.446123,84.067199,17.378923,103.360628,86.015336,17.345291,5.132754,0.013465
101.391321,84.035927,17.355393,103.333305,86.031432,17.301873,5.407544,0.013104
101.303046,83.877843,17.425203,103.142687,85.826795,17.315892,5.232900,0.013690
101.338966,83.899805,17.439161,102.785655,85.506408,17.279247,5.323920,0.012665
101.281036,83.893963,17.387073,103.006821,85.691072,17.315749,5.030155,0.013620
101.175808,83.707741,17.468067,102.800991,85.436806,17.364185,5.121614,0.012724
101.120746,83.683710,17.437036,102.911702,85.484879,17.426823,5.166502,0.013088
101.035135,83.627677,17.407458,102.819403,85.534043,17.285361,5.056787,0.012548
101.104039,83.659885,17.444153,102.872665,85.552239,17.320427,5.237068,0.013179
101.027746,83.630929,17.396817,102.925273,85.574031,17.351243,5.358590,0.012088
101.054049,83.596289,17.457761,102.717000,85.354681,17.362318,5.248602,0.013661
100.943061,83.518437,17.424624,102.651104,85.271240,17.379864,5.166934,0.013343
100.862453,83.465571,17.396882,102.710644,85.385474,17.325170,5.190151,0.012865
100.848139,83.409873,17.438266,102.813407,85.531876,17.281531,5.304738,0.012781
100.810220,83.408480,17.401740,102.808048,85.480944,17.327103,5.179480,0.012847
100.786130,83.332062,17.454068,102.495811,85.210166,17.285645,5.175248,0.012757
100.814736,83.372301,17.442436,102.824397,85.439608,17.384789,5.187765,0.012811
100.660878,83.205830,17.455049,102.676692,85.336412,17.340280,4.962192,0.014258
100.653538,83.230393,17.423145,102.412085,85.086658,17.325428,5.164091,0.013155
100.633877,83.210357,17.423520,102.777761,85.402254,17.375507,4.817166,0.013768
100.587762,83.125478,17.462284,102.253406,84.887682,17.365724,5.212017,0.012538
100.573319,83.098460,17.474859,102.486508,85.060100,17.426408,5.037644,0.013814
