238.080682,228.359375,9.721307,180.262813,171.467502,8.795311,2.470523,0.019330
164.336856,151.222016,13.114840,152.782298,136.607037,16.175260,2.217921,0.033939
146.498417,128.839712,17.658704,140.507865,121.697412,18.810452,2.588658,0.033399
138.128570,118.465816,19.662753,133.991400,113.465732,20.525667,2.639445,0.034447
132.971792,112.159821,20.811971,130.511169,109.361053,21.150116,2.434450,0.041650
129.536089,108.051813,21.484276,127.693667,105.933076,21.760590,2.639925,0.039216
126.983399,105.150438,21.832961,125.150129,103.018847,22.131282,2.639718,0.038328
125.116846,103.015046,22.101800,123.120251,100.767204,22.353046,2.789308,0.038440
123.565116,101.258142,22.306974,122.282450,99.937287,22.345163,2.744279,0.038763
122.331552,99.836912,22.494639,121.435693,98.962729,22.472964,2.622668,0.043699
121.235127,98.695618,22.539509,120.649433,98.063942,22.585491,2.739480,0.040372
120.183767,97.571846,22.611922,119.251204,96.684658,22.566546,2.963040,0.039011
119.463579,96.821728,22.641851,118.656044,95.937543,22.718502,3.009609,0.037837
118.831004,96.149126,22.681878,118.323735,95.716479,22.607257,2.844043,0.039126
118.132918,95.328991,22.803927,117.842681,95.108611,22.734070,2.700875,0.041087
117.665786,94.929025,22.736761,117.395366,94.745240,22.650126,2.859522,0.041017
117.121610,94.330992,22.790618,117.006647,94.122504,22.884143,2.809310,0.039387
116.587010,93.760061,22.826950,116.531478,93.817788,22.713690,2.929025,0.039949
116.244150,93.427419,22.816732,116.455703,93.787588,22.668116,2.872045,0.041436
115.833293,93.018887,22.814406,115.999204,93.205022,22.794183,2.782195,0.041328
115.492375,92.698492,22.793883,115.662670,92.931521,22.731150,2.876489,0.040333
115.103237,92.335345,22.767893,115.124878,92.475916,22.648962,3.110900,0.037565
114.708988,91.956631,22.752357,115.056917,92.403635,22.653282,2.864635,0.042284
114.507917,91.723529,22.784388,114.993677,92.431311,22.562366,3.000571,0.042042
114.162067,91.415988,22.746079,114.261185,91.514783,22.746402,2.783713,0.040047
113.751708,91.090139,22.661569,114.236665,91.651226,22.585439,2.946975,0.039810
113.563567,90.855115,22.708453,114.005855,91.335116,22.670739,2.918370,0.040016
113.320736,90.649423,22.671313,113.670440,91.198518,22.471922,2.979613,0.037476
113.005142,90.353396,22.651746,113.520872,90.939421,22.581452,2.983937,0.039800
112.646288,90.029085,22.617203,113.313895,90.764802,22.549093,2.960628,0.038711
112.451476,89.870542,22.580934,113.076382,90.612137,22.464245,2.943789,0.038035
112.252175,89.650020,22.602155,112.850200,90.277796,22.572405,2.986117,0.037388
111.920523,89.370285,22.550238,112.623360,90.116500,22.506860,2.895013,0.040230
111.728665,89.125070,22.603595,112.432888,89.938665,22.494222,2.935207,0.037040
111.502578,88.961427,22.541151,112.365174,89.927828,22.437346,2.956573,0.038827
111.265461,88.769839,22.495622,112.304797,89.842139,22.462658,3.003804,0.038223
111.004225,88.492390,22.511835,111.753309,89.414155,22.339153,2.938746,0.048893
110.838863,88.305960,22.532903,111.716394,89.116779,22.599614,2.992593,0.038697
110.659987,88.178454,22.481533,111.384957,88.917482,22.467475,2.954194,0.038674
110.339259,87.831295,22.507965,111.203173,88.672540,22.530633,2.930286,0.036909
110.098881,87.688531,22.410350,111.096803,88.770135,22.326667,3.118875,0.037507
109.884596,87.401777,22.482820,110.811635,88.503064,22.308571,2.839732,0.042248
109.684323,87.277214,22.407110,110.602367,88.243062,22.359304,3.015128,0.036186
109.417306,86.944616,22.472689,110.376075,87.901914,22.474162,2.845018,0.041437
109.225241,86.775566,22.449675,110.418971,88.058152,22.360819,2.866668,0.038758
108.999503,86.606796,22.392706,110.344717,88.075745,22.268972,2.857032,0.042253
108.833966,86.426478,22.407488,109.967806,87.591399,22.376406,2.976714,0.037390
108.641495,86.218696,22.422799,109.621374,87.359784,22.261591,3.086418,0.036541
108.441365,86.038773,22.402592,109.423192,87.011384,22.411808,2.971997,0.037048
108.291506,85.907040,22.384466,109.539807,87.355433,22.184373,2.797278,0.040799
108.130949,85.720651,22.410297,109.430404,87.014942,22.415462,2.931395,0.036459
107.983105,85.600936,22.382169,108.930942,86.568555,22.362388,2.959591,0.035884
107.772243,85.428992,22.343252,108.976984,86.702178,22.274805,3.026514,0.037752
107.610678,85.229207,22.381471,108.553977,86.245427,22.308551,3.002944,0.037806
107.441463,85.147533,22.293930,108.444926,86.225350,22.219576,3.123939,0.033194
107.296615,84.965945,22.330669,108.666075,86.506773,22.159302,2.954704,0.038476
107.179244,84.859603,22.319641,108.247824,85.896869,22.350956,3.012562,0.037556
107.046942,84.711700,22.335243,108.412261,86.057299,22.354963,3.038425,0.035596
106.923330,84.619655,22.303675,108.156728,85.943193,22.213535,2.957566,0.036259
106.782716,84.447249,22.335467,108.166313,85.809316,22.356997,2.916214,0.037739
106.723403,84.407394,22.316009,107.913862,85.616996,22.296866,3.134965,0.034230
106.616777,84.296581,22.320196,107.909057,85.691473,22.217584,3.101539,0.033670
106.487514,84.165623,22.321891,107.945248,85.631188,22.314061,2.974487,0.036412
106.401525,84.073269,22.328256,107.658981,85.336753,22.322229,3.055940,0.038564
106.272284,83.933369,22.338915,107.621126,85.246718,22.374408,3.090144,0.033140
106.259349,83.892854,22.366496,107.646770,85.316736,22.330035,3.141618,0.037887
106.082074,83.815473,22.266602,107.234728,85.137074,22.097654,3.051353,0.035099
106.053888,83.745379,22.308509,107.420281,85.112962,22.307319,2.970298,0.036647
105.933248,83.651122,22.282126,107.276289,85.039941,22.236348,3.057133,0.039217
105.814912,83.531746,22.283166,107.409970,85.240012,22.169957,2.957076,0.039884
105.750787,83.485744,22.265043,107.373844,85.288187,22.085657,3.063578,0.036027
105.675514,83.470931,22.204583,107.181146,84.901389,22.279756,3.100220,0.035025
105.607433,83.339237,22.268196,107.306426,85.268813,22.037614,3.191741,0.035704
105.550419,83.337057,22.213362,106.875327,84.671680,22.203647,3.042158,0.037437
105.514229,83.252236,22.261993,106.981598,84.817303,22.164295,3.121821,0.037741
105.442279,83.222130,22.220149,106.991289,84.809628,22.181660,3.014778,0.035450
105.404908,83.117604,22.287304,106.978378,84.799884,22.178494,2.880726,0.036591
105.342959,83.080226,22.262733,106.922218,84.782852,22.139367,3.074859,0.035701
105.336537,83.094199,22.242338,107.386695,85.166843,22.219852,2.907616,0.040291
105.299247,83.014539,22.284708,106.809444,84.671895,22.137549,3.120962,0.035179
105.160872,82.918023,22.242849,106.979422,84.742053,22.237369,3.114770,0.034979
105.104889,82.860466,22.244423,106.788435,84.544856,22.243578,3.004404,0.034548
105.069643,82.833295,22.236348,106.586555,84.550587,22.035968,3.327982,0.033977
105.081218,82.816527,22.264691,106.628643,84.466068,22.162575,3.086697,0.034530
105.004847,82.756175,22.248672,106.741558,84.620416,22.121142,3.025170,0.040349
105.015169,82.757237,22.257933,106.724213,84.512168,22.212046,3.027832,0.035983
104.872566,82.635550,22.237016,106.683329,84.419980,22.263349,3.294800,0.039269
104.847189,82.571633,22.275556,106.926428,84.726842,22.199586,3.112046,0.039295
104.894723,82.619471,22.275252,106.586800,84.342509,22.244291,3.036035,0.034105
104.827717,82.513515,22.314201,106.704555,84.440158,22.264397,2.873079,0.038690
104.765002,82.498580,22.266421,106.549759,84.412992,22.136766,3.144947,0.037005
104.742049,82.512154,22.229895,106.615142,84.450846,22.164296,3.081138,0.035891
104.737865,82.513998,22.223867,106.555862,84.356105,22.199756,2.892440,0.036479
104.724146,82.430822,22.293324,106.580276,84.354463,22.225812,3.017334,0.036452
104.742372,82.435341,22.307030,106.565573,84.293430,22.272143,3.017115,0.036821
104.689672,82.354143,22.335530,106.384791,84.172269,22.212522,3.096683,0.037446
104.653540,82.338614,22.314927,106.504422,84.260956,22.243466,3.031847,0.034182
104.550176,82.265966,22.284210,106.414528,84.211300,22.203227,3.000788,0.037343
104.615615,82.332343,22.283272,106.823371,84.535793,22.287578,2.903065,0.035901
104.622113,82.321593,22.300521,106.533848,84.294217,22.239630,3.072349,0.042481
104.555132,82.251057,22.304075,106.522693,84.328698,22.193995,3.176512,0.035245
104.497465,82.196606,22.300859,106.161332,84.039460,22.121871,3.223867,0.033742
104.487120,82.156774,22.330346,106.477165,84.183211,22.293955,3.138278,0.035380
104.457698,82.138316,22.319382,106.263374,84.127747,22.135627,3.166423,0.041597
104.441106,82.110889,22.330217,106.150182,83.880691,22.269491,2.924803,0.037561
104.423089,82.082719,22.340370,106.208157,83.895796,22.312362,3.164830,0.035980
104.343184,82.025069,22.318116,106.414922,84.153611,22.261311,3.201119,0.037516
104.412096,82.073031,22.339065,106.439988,84.094352,22.345636,3.136475,0.034662
104.385823,82.051205,22.334618,106.413960,84.156190,22.257770,2.967798,0.037575
104.382231,82.020730,22.361502,106.352162,83.933467,22.418695,3.044096,0.037882
104.372286,81.991987,22.380298,106.441064,84.095539,22.345525,3.040590,0.036664
104.359556,81.909043,22.450513,106.184413,83.797073,22.387340,3.068829,0.033799
104.277128,81.943070,22.334058,106.363083,84.089806,22.273277,3.056599,0.036443
104.240498,81.864541,22.375957,106.396124,84.051090,22.345033,3.048352,0.037431
104.171670,81.745734,22.425936,106.421916,84.211558,22.210358,3.154225,0.036183
104.242802,81.839482,22.403321,106.238434,83.920615,22.317820,2.993680,0.035822
104.121121,81.740967,22.380155,106.131756,83.721772,22.409985,2.998137,0.037761
104.161790,81.762021,22.399769,106.321776,83.910338,22.411439,3.060980,0.039151
104.096671,81.684522,22.412149,106.306999,83.960110,22.346889,3.202002,0.037057
104.062478,81.678533,22.383945,106.425687,84.034801,22.390887,3.288392,0.033116
104.064165,81.658223,22.405942,106.111179,83.651309,22.459870,3.040942,0.034941
104.087511,81.674868,22.412644,105.935874,83.535192,22.400682,3.033153,0.038552
103.959268,81.571393,22.387874,106.152641,83.788161,22.364480,3.190508,0.039199
103.969658,81.537921,22.431736,106.065038,83.649657,22.415381,3.091608,0.038168
103.990253,81.597191,22.393063,106.340522,83.947247,22.393274,3.320288,0.036521
104.005989,81.564721,22.441268,106.008029,83.685162,22.322867,3.180373,0.035931
103.922698,81.514249,22.408449,106.152628,83.632517,22.520111,2.982021,0.041396
103.863015,81.386539,22.476477,106.113176,83.681221,22.431955,2.885816,0.039383
103.896252,81.478657,22.417595,105.813883,83.397043,22.416841,3.191099,0.035246
103.877731,81.453746,22.423985,105.953799,83.527206,22.426593,3.012374,0.038924
103.810597,81.318578,22.492019,106.324203,83.780795,22.543408,2.980108,0.037153
103.875482,81.436497,22.438985,106.377162,83.975556,22.401607,3.036533,0.038464
103.819240,81.344755,22.474486,106.070166,83.663123,22.407043,3.145161,0.035650
103.772047,81.319408,22.452639,106.089622,83.690963,22.398659,3.186382,0.035763
103.792148,81.340219,22.451929,106.136776,83.703476,22.433299,2.984020,0.038830
103.721990,81.282376,22.439614,105.821061,83.450762,22.370299,3.252600,0.034522
103.712476,81.269344,22.443132,106.066945,83.716055,22.350890,2.996565,0.038549
103.680450,81.208748,22.471702,106.009004,83.678533,22.330471,2.989978,0.038202
103.631487,81.175148,22.456339,105.820093,83.411101,22.408992,3.165048,0.038277
103.567084,81.042711,22.524374,105.834633,83.380355,22.454278,3.229664,0.035760
103.602336,81.042173,22.560163,105.987537,83.592799,22.394738,3.102722,0.035187
103.549533,81.043539,22.505995,105.920619,83.501881,22.418738,3.083153,0.038110
103.625714,81.115928,22.509786,105.784792,83.433959,22.350833,2.892256,0.036919
103.557860,81.062368,22.495492,106.106528,83.669044,22.437484,3.236164,0.032192
103.518268,80.977057,22.541210,105.836605,83.363543,22.473062,3.176457,0.034704
103.522821,80.973204,22.549617,105.956959,83.484575,22.472384,3.136211,0.036737
103.561718,80.973341,22.588377,105.760445,83.280051,22.480393,3.006119,0.038225
103.548723,80.982480,22.566243,105.973678,83.466831,22.506846,3.122568,0.036748
103.571957,80.978325,22.593632,105.938382,83.374826,22.563556,3.263945,0.035772
103.436658,80.858625,22.578033,105.964350,83.495728,22.468622,2.965064,0.038949
103.442652,80.839637,22.603015,105.792977,83.249782,22.543196,3.075954,0.036247
103.463963,80.864798,22.599165,105.672255,83.183384,22.488872,3.326436,0.036657
103.404695,80.742252,22.662443,106.089304,83.512994,22.576310,3.080571,0.038233
103.386218,80.795980,22.590238,105.718033,83.174524,22.543509,3.181767,0.036040
103.413815,80.764963,22.648852,106.026711,83.365100,22.661611,3.198609,0.037634
103.428283,80.771428,22.656856,106.184398,83.561464,22.622935,3.026923,0.037098
103.404117,80.712598,22.691519,106.078537,83.517663,22.560874,3.036203,0.038487
103.403380,80.760291,22.643089,105.963054,83.334649,22.628404,3.231386,0.035331
103.288465,80.646228,22.642237,105.872079,83.270040,22.602039,3.288774,0.034824
103.359133,80.667731,22.691402,105.864163,83.209576,22.654588,3.186214,0.036280
