260.494216,258.901912,1.592304,196.365672,193.824967,2.540704,4.444170,0.005087
194.044031,191.147795,2.896236,191.295238,187.929581,3.365657,5.581962,0.004897
187.454962,183.141904,4.313057,179.100615,173.174779,5.925837,3.920073,0.008764
173.346152,165.925347,7.420804,165.700702,156.711368,8.989333,4.101870,0.009516
160.197754,150.346895,9.850859,154.153521,143.465193,10.688328,4.004467,0.010703
151.861326,140.907920,10.953406,148.588977,137.290157,11.298820,3.735280,0.013141
146.669082,135.161370,11.507713,143.793394,131.840442,11.952951,3.855759,0.012782
142.301806,130.086910,12.214896,139.391593,126.756101,12.635494,4.124401,0.013481
138.759591,125.805621,12.953970,136.488903,123.198967,13.289936,4.258573,0.012752
136.142959,122.685792,13.457167,134.583889,120.865527,13.718363,3.815732,0.015689
134.223756,120.363485,13.860271,132.436989,118.259958,14.177031,4.081383,0.014204
132.407048,118.128239,14.278809,130.572416,115.981334,14.591082,4.372395,0.012751
130.762991,116.138025,14.624966,128.974817,114.121172,14.853645,4.344064,0.013441
129.400917,114.471692,14.929224,128.016224,112.876606,15.139618,4.127849,0.014470
128.197547,113.081923,15.115624,127.116305,111.790795,15.325510,3.955570,0.015024
127.050287,111.653825,15.396462,125.853456,110.323205,15.530250,4.209264,0.013980
125.997415,110.403149,15.594266,124.985875,109.179159,15.806715,4.297433,0.014802
125.194098,109.426442,15.767656,124.182855,108.197853,15.985002,4.179136,0.014641
124.355130,108.405357,15.949774,123.237564,107.100314,16.137250,4.177357,0.014858
123.585205,107.472409,16.112796,122.429309,106.232343,16.196966,4.615286,0.013894
122.873060,106.622500,16.250560,121.941383,105.661583,16.279801,4.471949,0.013897
122.205960,105.869195,16.336764,121.365719,104.951829,16.413890,4.361823,0.013944
121.599281,105.213783,16.385498,120.496235,103.974519,16.521716,4.467857,0.013319
121.001293,104.528852,16.472441,120.269309,103.664463,16.604847,4.344931,0.014534
120.421875,103.879557,16.542317,119.690718,103.014953,16.675765,4.608915,0.013603
119.955095,103.369471,16.585624,119.071418,102.365166,16.706252,4.334767,0.014196
119.530455,102.880167,16.650288,118.970074,102.204672,16.765402,4.453888,0.013925
118.981922,102.296825,16.685096,118.405691,101.599771,16.805919,4.408377,0.014190
118.643219,101.881417,16.761803,118.154262,101.365041,16.789221,4.515792,0.013453
118.265235,101.518697,16.746538,117.383617,100.629720,16.753896,4.478920,0.014264
117.776715,100.944057,16.832658,117.230823,100.407675,16.823148,4.532788,0.013844
117.425267,100.550393,16.874874,116.707813,99.708746,16.999067,4.415937,0.013993
117.012745,100.105664,16.907081,116.341958,99.452669,16.889289,4.496454,0.014345
116.646646,99.660799,16.985847,116.343340,99.316724,17.026616,4.388991,0.013492
116.357968,99.320021,17.037947,115.725739,98.680472,17.045267,4.530139,0.013738
115.965964,98.895097,17.070867,115.544709,98.461758,17.082952,4.619432,0.014439
115.640880,98.533753,17.107127,115.419780,98.310474,17.109305,4.567257,0.014391
115.444706,98.303435,17.141270,115.033768,97.761367,17.272400,4.412623,0.014421
115.112620,97.906294,17.206326,114.600718,97.309686,17.291031,4.607524,0.014185
114.886318,97.599924,17.286394,114.511198,97.212267,17.298931,4.531922,0.013530
114.524090,97.241390,17.282700,114.209205,96.880589,17.328616,4.512476,0.013627
114.265201,96.962384,17.302817,113.911131,96.554751,17.356380,4.519349,0.013986
114.061290,96.732575,17.328715,113.730774,96.303652,17.427122,4.613114,0.012708
113.827652,96.448619,17.379033,113.545889,96.189271,17.356618,4.720434,0.013751
113.593697,96.234721,17.358977,113.615844,96.171673,17.444171,4.320722,0.015011
113.388105,95.960997,17.427108,113.120280,95.599036,17.521244,4.453021,0.013913
113.076471,95.657669,17.418802,113.012234,95.551279,17.460954,4.420464,0.013878
112.938224,95.515438,17.422786,112.626678,95.188112,17.438566,4.621069,0.014152
112.790605,95.367246,17.423359,112.443385,94.930206,17.513178,4.494439,0.013092
112.575313,95.109242,17.466071,112.579519,95.059314,17.520205,4.524150,0.013952
112.315176,94.815576,17.499600,112.332023,94.791144,17.540879,4.489503,0.014043
112.164359,94.731838,17.432520,112.157937,94.635651,17.522286,4.558035,0.013610
111.963154,94.469014,17.494140,111.852738,94.315009,17.537730,4.479080,0.013774
111.815491,94.297422,17.518069,111.773507,94.310519,17.462989,4.624783,0.012391
111.614814,94.157429,17.457385,111.462684,93.920577,17.542108,4.666922,0.012894
111.479520,93.979738,17.499782,111.338242,93.736395,17.601847,4.621423,0.013553
111.347842,93.827167,17.520675,111.364901,93.782223,17.582678,4.820975,0.013459
111.090336,93.548501,17.541835,111.009973,93.472761,17.537212,4.680074,0.013436
110.976418,93.436958,17.539460,111.086523,93.457158,17.629365,4.433032,0.014001
110.781458,93.206018,17.575440,110.661193,93.001798,17.659394,4.725430,0.012757
110.549767,93.004479,17.545288,110.667136,93.044173,17.622963,4.506796,0.013444
110.470902,92.923971,17.546932,110.625687,93.090643,17.535044,4.388958,0.014505
110.303540,92.733136,17.570404,110.473931,92.912427,17.561503,4.711992,0.012980
110.166866,92.638195,17.528671,110.356974,92.885953,17.471021,4.699107,0.012742
110.108133,92.551830,17.556303,110.204859,92.646361,17.558498,4.514596,0.013317
109.892090,92.369859,17.522231,110.140315,92.581389,17.558927,4.673413,0.013540
109.803545,92.272516,17.531029,109.895721,92.293179,17.602542,4.689703,0.013355
109.598098,92.058546,17.539552,109.880777,92.355121,17.525656,4.612829,0.013643
109.517409,91.991081,17.526328,109.685804,92.086245,17.599560,4.644620,0.013896
109.291259,91.732003,17.559256,109.631725,92.078790,17.552935,4.593856,0.013710
109.277678,91.687499,17.590179,109.681846,92.094502,17.587344,4.434672,0.014268
109.085555,91.504818,17.580738,109.263100,91.614737,17.648363,4.703302,0.012959
109.011517,91.429700,17.581817,109.405811,91.746958,17.658852,4.890723,0.012675
108.799240,91.215242,17.583999,109.217223,91.661960,17.555264,4.658202,0.013375
108.742626,91.167780,17.574846,109.175999,91.579050,17.596949,4.642390,0.012850
108.638482,91.032034,17.606448,108.984927,91.349424,17.635504,4.694919,0.012506
108.537554,90.977153,17.560401,108.894272,91.262815,17.631457,4.710865,0.012455
108.397150,90.773096,17.624054,108.499228,90.751951,17.747276,4.563298,0.013628
108.296461,90.699273,17.597188,108.806791,91.192732,17.614058,4.576997,0.012836
108.247204,90.620697,17.626507,108.408396,90.759063,17.649333,4.574028,0.013456
108.098486,90.480688,17.617797,108.524086,90.771301,17.752785,4.699421,0.012087
108.006067,90.361809,17.644258,108.619034,91.026076,17.592958,4.747701,0.013047
107.900397,90.244821,17.655576,108.185719,90.466584,17.719135,4.816534,0.012755
107.847619,90.203796,17.643824,108.160107,90.506484,17.653623,4.640604,0.013717
107.697155,90.042101,17.655053,108.116710,90.481830,17.634880,4.611557,0.012911
107.577485,89.945687,17.631798,107.922491,90.242150,17.680341,4.683350,0.013098
107.527528,89.857033,17.670495,107.777062,90.046362,17.730700,4.823420,0.012407
107.373673,89.679126,17.694546,108.047621,90.333175,17.714447,4.728831,0.013034
107.282472,89.595327,17.687145,107.944722,90.263013,17.681709,4.609456,0.013818
107.221583,89.529242,17.692341,107.679102,89.931296,17.747807,4.702137,0.013603
107.160116,89.437395,17.722722,107.650532,89.927296,17.723237,4.682879,0.012683
106.990362,89.260303,17.730059,107.457078,89.692211,17.764867,4.645370,0.012830
106.960399,89.233701,17.726697,107.401504,89.645896,17.755608,4.652112,0.012628
106.898673,89.157198,17.741475,107.435847,89.749436,17.686411,4.654562,0.013431
106.827828,89.041298,17.786530,107.464350,89.650651,17.813699,4.700141,0.013276
106.712952,88.945718,17.767235,107.240018,89.353355,17.886663,4.737704,0.013018
106.620978,88.824231,17.796747,107.277374,89.501869,17.775505,4.672214,0.013261
106.513147,88.772697,17.740449,107.186777,89.354240,17.832537,4.589125,0.013028
106.433671,88.660735,17.772937,107.066358,89.262317,17.804041,4.696561,0.012603
106.454072,88.665698,17.788374,107.242366,89.491916,17.750450,4.646140,0.013257
106.331855,88.539193,17.792662,106.978198,89.194092,17.784105,4.533586,0.013239
106.292327,88.492751,17.799575,106.880791,89.087563,17.793228,4.649196,0.013444
106.175181,88.345699,17.829483,107.090098,89.296677,17.793421,4.602511,0.012761
106.130461,88.321680,17.808781,106.689405,88.879580,17.809825,4.520721,0.013636
106.041535,88.212409,17.829127,106.778448,88.863406,17.915042,4.662225,0.012882
105.984618,88.129036,17.855583,106.764062,88.786315,17.977748,4.512977,0.013616
105.942290,88.054161,17.888129,106.729066,88.698158,18.030908,4.473182,0.013268
105.872621,87.980370,17.892251,106.697727,88.849923,17.847805,4.514070,0.014023
105.799603,87.940109,17.859494,106.671982,88.778156,17.893826,4.507694,0.014071
105.669754,87.762837,17.906917,106.698545,88.752928,17.945617,4.752220,0.012304
105.624329,87.764080,17.860249,106.519650,88.686817,17.832833,4.556689,0.013237
105.672218,87.760175,17.912043,106.550219,88.582667,17.967553,4.536107,0.013194
105.557096,87.648145,17.908951,106.449402,88.609456,17.839946,4.564452,0.012752
105.527258,87.643337,17.883920,106.565669,88.701879,17.863790,4.608165,0.013018
105.467018,87.531492,17.935526,106.222537,88.208246,18.014291,4.637857,0.013210
105.400718,87.447765,17.952953,106.440955,88.436709,18.004246,4.806287,0.013349
105.322799,87.385939,17.936859,106.159267,88.202210,17.957058,4.737927,0.012714
105.307028,87.370022,17.937006,106.014944,87.983743,18.031201,4.596494,0.013331
105.188589,87.192766,17.995823,106.291406,88.305355,17.986050,4.718097,0.013601
105.143307,87.183079,17.960228,106.289698,88.310530,17.979168,4.633044,0.013731
105.149205,87.144163,18.005042,106.110222,88.086118,18.024105,4.624282,0.013409
105.023399,86.990486,18.032913,105.936300,87.895301,18.040999,4.882414,0.011993
104.955466,86.931575,18.023891,105.925328,87.889577,18.035751,4.272868,0.014474
104.925737,86.932685,17.993052,105.859303,87.833122,18.026181,4.537042,0.014325
104.875741,86.894810,17.980932,106.026662,88.018101,18.008561,4.621811,0.013062
104.891613,86.856274,18.035339,105.954299,87.902859,18.051441,4.691381,0.013148
104.790018,86.744729,18.045289,105.911197,87.881911,18.029286,4.673915,0.013419
104.747051,86.693817,18.053233,105.619005,87.520815,18.098190,4.618988,0.013012
104.729114,86.672377,18.056737,105.604101,87.481567,18.122534,4.442153,0.013242
104.607408,86.544714,18.062695,105.617698,87.611709,18.005989,4.722621,0.012983
104.602615,86.560502,18.042113,105.786061,87.735385,18.050675,4.624053,0.012699
104.560330,86.470606,18.089724,105.481448,87.369152,18.112295,4.549553,0.012621
104.476404,86.395747,18.080657,105.617073,87.554206,18.062868,4.751601,0.013125
104.455375,86.389614,18.065761,105.629345,87.538323,18.091023,4.733464,0.012978
104.405382,86.343389,18.061993,105.544290,87.406936,18.137354,4.567541,0.014206
104.380477,86.303426,18.077051,105.547009,87.491487,18.055522,4.532340,0.013960
104.305591,86.210670,18.094921,105.526842,87.460544,18.066299,4.633405,0.013274
104.362341,86.264297,18.098044,105.396191,87.314603,18.081588,4.564114,0.013883
104.308591,86.225776,18.082815,105.339978,87.221559,18.118419,4.973514,0.013475
104.194417,86.088855,18.105562,105.333990,87.280735,18.053255,4.820371,0.013047
104.219896,86.107585,18.112311,105.403589,87.341367,18.062222,4.558747,0.013662
104.112315,86.017716,18.094599,105.408628,87.231564,18.177064,4.923902,0.012706
104.144396,85.994725,18.149671,105.350713,87.185970,18.164743,4.606890,0.013045
104.028864,85.870523,18.158341,105.167865,86.988864,18.179001,4.519835,0.012883
104.090204,85.938994,18.151210,105.313447,87.151023,18.162424,4.681992,0.013197
104.008619,85.845647,18.162973,104.997707,86.836523,18.161184,4.652364,0.012722
103.860834,85.711049,18.149785,105.044920,86.909385,18.135535,4.868844,0.012338
103.904493,85.793336,18.111157,105.077247,86.910518,18.166729,5.060070,0.012576
103.883421,85.714121,18.169300,104.957325,86.839301,18.118024,4.710937,0.012727
103.854190,85.687154,18.167037,105.039838,86.825265,18.214573,4.557744,0.014251
103.815613,85.687508,18.128105,104.928721,86.812493,18.116229,4.699348,0.013057
103.763090,85.645677,18.117413,104.946813,86.810289,18.136523,5.017694,0.012803
103.798236,85.669504,18.128732,104.967895,86.807050,18.160845,4.809770,0.013281
103.694949,85.513389,18.181560,104.886689,86.735960,18.150729,4.891303,0.013089
103.708739,85.542447,18.166293,105.128122,86.810184,18.317937,4.905117,0.012326
103.691414,85.480860,18.210554,104.990961,86.712316,18.278645,4.522480,0.013067
103.609996,85.418783,18.191213,104.848532,86.634288,18.214243,4.767733,0.013957
103.587230,85.406014,18.181216,104.896220,86.668312,18.227907,4.769885,0.013612
103.561348,85.361487,18.199860,104.936417,86.680119,18.256298,4.859278,0.013271
103.598326,85.403087,18.195240,104.896569,86.711165,18.185403,4.620151,0.013075
