259.526404,254.192464,5.333940,193.908178,190.604671,3.303506,2.927800,0.013752
185.353073,178.883060,6.470013,174.449498,165.236383,9.213116,2.572540,0.021916
163.045448,150.351560,12.693888,155.463965,140.882083,14.581881,2.648259,0.027383
151.829854,136.557622,15.272232,146.614364,130.096646,16.517718,2.808696,0.029330
144.311892,127.109966,17.201925,140.226520,122.171638,18.054882,2.840245,0.030480
139.216631,120.649546,18.567085,135.868588,116.810221,19.058368,2.883352,0.031724
135.336275,115.931666,19.404609,132.748577,112.920227,19.828350,2.925803,0.031103
132.449699,112.443732,20.005967,129.984130,109.735198,20.248931,2.931158,0.031712
130.209725,109.875541,20.334184,128.747271,108.071928,20.675344,2.804044,0.035704
128.427270,107.755625,20.671645,126.978263,106.018684,20.959580,2.835360,0.034884
126.951803,106.034660,20.917143,125.385383,104.275045,21.110339,3.061866,0.033538
125.708958,104.647809,21.061150,124.136030,102.924584,21.211446,3.081766,0.033474
124.683039,103.514548,21.168491,123.438966,101.964503,21.474462,3.088240,0.033721
123.730016,102.375224,21.354793,122.527505,101.090572,21.436933,3.036550,0.034406
122.947737,101.534249,21.413488,121.746408,100.240514,21.505895,3.194384,0.033170
122.069079,100.541978,21.527101,121.113020,99.369707,21.743313,3.079784,0.034016
121.389747,99.855776,21.533971,120.520075,98.813445,21.706630,3.035866,0.033762
120.836237,99.208741,21.627496,119.986816,98.213502,21.773314,3.035439,0.033252
120.295663,98.635252,21.660411,119.504530,97.804861,21.699670,2.961379,0.035662
119.710545,98.016764,21.693782,119.319826,97.598342,21.721483,3.087873,0.033339
119.174839,97.416116,21.758724,118.914537,97.129721,21.784815,3.127260,0.032434
118.708861,96.949454,21.759407,118.152675,96.322748,21.829926,3.219192,0.033034
118.341505,96.443291,21.898214,117.975346,96.008815,21.966531,3.168266,0.033540
117.916767,96.043629,21.873138,117.478330,95.602634,21.875696,3.220123,0.032924
117.485484,95.574190,21.911294,117.043556,95.122432,21.921124,3.331384,0.030328
117.224592,95.275748,21.948844,116.807385,94.931955,21.875430,3.142731,0.033870
116.736652,94.793308,21.943344,116.449681,94.450553,21.999128,3.240658,0.032523
116.494198,94.517966,21.976232,116.341613,94.285618,22.055995,3.086777,0.034982
116.060395,94.061444,21.998951,115.787978,93.860825,21.927153,3.281036,0.033940
115.742160,93.789858,21.952302,115.656805,93.816002,21.840803,3.071024,0.035607
115.441836,93.418136,22.023700,115.378431,93.296199,22.082231,3.285962,0.032643
115.153180,93.121530,22.031650,114.930333,92.989169,21.941165,3.317192,0.030802
114.844253,92.822545,22.021709,114.604110,92.563910,22.040199,3.230117,0.031097
114.649890,92.612973,22.036917,114.339220,92.328972,22.010248,3.230757,0.032525
114.244671,92.240051,22.004620,114.172498,92.303742,21.868756,3.258605,0.030387
113.900647,91.923009,21.977638,113.979948,92.049554,21.930393,3.106790,0.033588
113.663745,91.637181,22.026564,113.715374,91.779952,21.935422,3.082486,0.032355
113.399772,91.367514,22.032259,113.344688,91.388503,21.956185,3.353634,0.031488
113.110909,91.095618,22.015292,113.116783,91.208871,21.907911,3.459564,0.029385
112.840188,90.775437,22.064750,112.933256,90.870136,22.063121,3.235334,0.033726
112.553234,90.487293,22.065941,112.437449,90.355408,22.082041,3.269494,0.031640
112.258814,90.220430,22.038384,112.530487,90.461490,22.068998,3.186757,0.032193
112.044026,90.020071,22.023956,112.066453,90.136807,21.929646,3.156595,0.032146
111.767443,89.746562,22.020881,111.798178,89.787939,22.010239,3.304995,0.031047
111.457718,89.418962,22.038756,111.713242,89.769202,21.944041,3.406139,0.030351
111.285122,89.286733,21.998389,111.449475,89.502650,21.946826,3.273787,0.032324
111.008817,89.010278,21.998539,111.123078,89.159395,21.963683,3.114502,0.032094
110.754715,88.743482,22.011234,110.974079,89.113013,21.861066,3.305245,0.032622
110.569109,88.600911,21.968198,110.594748,88.707244,21.887504,3.382772,0.030331
110.374725,88.376572,21.998152,110.520962,88.672351,21.848611,3.184923,0.032814
110.084769,88.126396,21.958373,110.561735,88.628288,21.933447,3.212671,0.031863
109.929133,87.922921,22.006212,110.311572,88.333227,21.978345,3.209905,0.031548
109.720013,87.739899,21.980114,110.158345,88.175628,21.982717,3.063635,0.033004
109.481156,87.575471,21.905684,109.926773,88.000545,21.926227,3.188554,0.031097
109.337599,87.421352,21.916248,109.635728,87.711123,21.924606,3.315333,0.030553
109.134323,87.204830,21.929494,109.467519,87.554186,21.913333,3.255511,0.032263
108.931023,87.009868,21.921155,109.450814,87.661288,21.789525,3.113842,0.031470
108.791678,86.890885,21.900793,109.165689,87.310851,21.854838,3.399232,0.029621
108.613761,86.726165,21.887596,108.954330,87.181018,21.773312,3.290344,0.032053
108.383289,86.486322,21.896966,108.933000,87.120256,21.812744,3.304144,0.028298
108.252620,86.374651,21.877969,108.919329,87.043421,21.875908,3.261473,0.029002
108.145435,86.243525,21.901909,108.616725,86.821446,21.795278,3.167372,0.032511
107.913047,86.011911,21.901137,108.489210,86.662093,21.827118,3.101857,0.031041
107.739651,85.859666,21.879985,108.329219,86.517527,21.811692,3.189354,0.029851
107.652381,85.767262,21.885118,108.194030,86.351686,21.842344,3.141870,0.030031
107.562442,85.651186,21.911256,107.832424,86.034642,21.797782,3.296739,0.029836
107.327831,85.456445,21.871385,107.910523,86.094452,21.816072,3.297510,0.029852
107.246099,85.376817,21.869283,107.712741,85.906714,21.806026,3.428193,0.028920
107.066012,85.198619,21.867393,107.616698,85.829526,21.787172,3.387894,0.030023
106.922010,85.081374,21.840635,107.688101,85.885917,21.802185,3.211220,0.030665
106.815420,84.965888,21.849532,107.538691,85.812106,21.726585,3.177808,0.033420
106.713202,84.831017,21.882185,107.337035,85.501650,21.835385,3.257507,0.029546
106.562483,84.703180,21.859303,107.121917,85.378312,21.743604,3.225684,0.030525
106.446273,84.644967,21.801306,107.091921,85.475569,21.616352,3.268555,0.031520
106.338347,84.518211,21.820137,107.018707,85.249747,21.768961,3.257310,0.030176
106.203924,84.358613,21.845311,106.948318,85.266685,21.681633,3.246813,0.030738
106.096480,84.288361,21.808119,106.759936,85.044958,21.714978,3.370768,0.028996
106.014734,84.198827,21.815907,106.875632,85.122824,21.752808,3.240254,0.031028
105.915256,84.105874,21.809381,106.549092,84.914623,21.634469,3.295357,0.029383
105.814044,83.991214,21.822830,106.516952,84.758460,21.758492,3.198661,0.031313
105.712442,83.873670,21.838772,106.444910,84.847249,21.597661,3.409954,0.028185
105.523641,83.738773,21.784868,106.439330,84.700903,21.738427,3.209108,0.028309
105.436938,83.625845,21.811092,106.273050,84.602998,21.670052,3.363596,0.028597
105.364347,83.594775,21.769572,106.243792,84.571484,21.672308,3.343717,0.029283
105.204580,83.436771,21.767808,106.202996,84.561543,21.641454,3.253711,0.031383
105.178744,83.474209,21.704535,106.113834,84.466941,21.646893,3.193818,0.030141
105.077923,83.356489,21.721434,106.062139,84.382692,21.679447,3.310550,0.028232
104.960678,83.252787,21.707891,106.084285,84.440798,21.643487,3.260622,0.029432
104.856139,83.145799,21.710341,105.859875,84.190180,21.669696,3.225680,0.029224
104.737452,82.979631,21.757821,105.537574,83.936633,21.600942,3.390506,0.026199
104.649688,82.941159,21.708529,105.647412,84.052708,21.594704,3.301726,0.029856
104.574541,82.866302,21.708239,105.537492,83.916396,21.621096,3.203778,0.028382
104.508863,82.794578,21.714286,105.490928,83.846349,21.644578,3.351869,0.028689
104.365598,82.680405,21.685193,105.458211,83.913563,21.544647,3.339582,0.031047
104.323473,82.668880,21.654593,105.274832,83.732478,21.542354,3.295532,0.029303
104.248945,82.595543,21.653402,105.139884,83.590546,21.549337,3.371192,0.030866
104.117498,82.415495,21.702003,105.530566,83.935371,21.595194,3.267624,0.030600
104.030355,82.380652,21.649704,105.371565,83.810643,21.560922,3.319127,0.029900
103.989856,82.337513,21.652343,105.001401,83.511561,21.489840,3.167062,0.030713
103.878601,82.278623,21.599979,104.827222,83.287323,21.539899,3.337075,0.027375
103.795914,82.161049,21.634865,105.050420,83.480655,21.569765,3.233154,0.028252
103.662797,82.041260,21.621537,104.847987,83.350803,21.497183,3.379632,0.027508
103.688246,82.060864,21.627383,104.760161,83.266563,21.493599,3.364916,0.027885
103.572372,81.904302,21.668071,104.698162,83.081499,21.616662,3.302116,0.029163
103.404119,81.769429,21.634691,104.652649,83.145640,21.507008,3.386036,0.029609
103.421368,81.794278,21.627091,104.699951,83.120368,21.579583,3.315191,0.028125
103.295146,81.674467,21.620679,104.675221,83.195448,21.479773,3.307978,0.028791
103.289379,81.655232,21.634147,104.431702,82.941762,21.489940,3.395304,0.028222
103.217553,81.644540,21.573012,104.761053,83.124054,21.636999,3.240331,0.027844
103.139864,81.500806,21.639058,104.177604,82.691414,21.486190,3.387221,0.028475
103.084154,81.450623,21.633531,104.360710,82.779364,21.581347,3.468673,0.027489
102.965350,81.340058,21.625292,104.077996,82.632400,21.445597,3.413059,0.028727
102.923494,81.336260,21.587234,104.519687,82.945282,21.574406,3.352804,0.027830
102.900638,81.274465,21.626173,104.115716,82.618628,21.497088,3.377902,0.027317
102.797786,81.206300,21.591486,104.136444,82.656885,21.479560,3.215818,0.030013
102.785183,81.172027,21.613156,103.788640,82.342494,21.446147,3.484335,0.027980
102.668248,81.065349,21.602899,103.930793,82.470299,21.460494,3.526755,0.027492
102.655062,81.044484,21.610578,104.180741,82.609376,21.571365,3.360743,0.029477
102.620652,80.975650,21.645002,103.924440,82.381043,21.543397,3.381109,0.027410
102.541671,80.897049,21.644622,103.852365,82.337563,21.514802,3.314093,0.028494
102.505550,80.878493,21.627058,103.924130,82.438999,21.485130,3.347542,0.027681
102.445396,80.821886,21.623510,103.813658,82.240723,21.572936,3.459043,0.026702
102.344646,80.697077,21.647568,103.894887,82.414568,21.480319,3.324151,0.027029
102.353125,80.721116,21.632008,103.674776,82.177232,21.497544,3.438872,0.026976
102.312993,80.692634,21.620358,103.646723,82.153340,21.493384,3.304868,0.028913
102.272345,80.622865,21.649480,103.831030,82.300577,21.530453,3.207454,0.029749
102.176355,80.507806,21.668549,103.660963,82.173653,21.487309,3.347189,0.027383
102.165002,80.493645,21.671357,103.689240,82.123447,21.565793,3.298794,0.028738
102.122434,80.478333,21.644100,103.610959,81.966787,21.644172,3.443666,0.026397
102.082364,80.410573,21.671791,103.640342,82.103503,21.536839,3.284265,0.027895
101.978450,80.293901,21.684549,103.510808,81.966525,21.544283,3.419365,0.028403
101.974370,80.287515,21.686855,103.444914,81.852777,21.592137,3.463360,0.026936
101.917363,80.250878,21.666485,103.618075,82.102145,21.515930,3.352026,0.028701
101.927928,80.286651,21.641277,103.559482,82.014997,21.544485,3.330997,0.027622
101.847784,80.158021,21.689763,103.372672,81.767122,21.605549,3.425001,0.029042
101.836723,80.124287,21.712435,103.254779,81.670341,21.584438,3.356519,0.028085
101.754542,80.069119,21.685423,103.328930,81.797683,21.531246,3.418009,0.027228
101.758519,80.085180,21.673339,103.284886,81.772892,21.511994,3.539907,0.027818
101.681681,79.998226,21.683455,103.383211,81.732765,21.650445,3.249691,0.028468
101.636534,79.960531,21.676003,103.359721,81.828875,21.530846,3.184947,0.032033
101.611081,79.928622,21.682459,103.300650,81.704942,21.595709,3.314827,0.028647
101.558348,79.890355,21.667993,103.336618,81.728046,21.608572,3.338891,0.028454
101.503011,79.824710,21.678302,103.259999,81.623747,21.636251,3.481204,0.028360
101.512895,79.791065,21.721831,103.402888,81.810595,21.592293,3.232463,0.030405
101.475845,79.767277,21.708568,103.053057,81.409046,21.644011,3.312800,0.026881
101.498949,79.726497,21.772451,103.001466,81.422693,21.578773,3.297341,0.030963
101.395629,79.658524,21.737105,103.206793,81.559436,21.647358,3.555018,0.026273
101.314624,79.579344,21.735280,103.117588,81.559560,21.558028,3.314908,0.029512
101.326474,79.623907,21.702567,102.939614,81.376924,21.562690,3.399944,0.028108
101.299295,79.567195,21.732100,103.076098,81.404443,21.671656,3.356138,0.027233
101.273840,79.503911,21.769929,103.099449,81.437910,21.661539,3.266541,0.028298
101.282932,79.535073,21.747859,103.068785,81.386096,21.682689,3.340258,0.027658
101.173106,79.387620,21.785486,102.980923,81.342480,21.638443,3.546023,0.027055
101.101919,79.352523,21.749396,103.070698,81.423959,21.646740,3.521702,0.025337
101.120484,79.405520,21.714964,103.037686,81.401888,21.635799,3.343047,0.028323
101.104585,79.338577,21.766008,102.914500,81.238766,21.675734,3.478806,0.026974
101.033803,79.270509,21.763294,102.834854,81.176881,21.657973,3.436547,0.026619
100.997582,79.239812,21.757771,102.903645,81.210218,21.693427,3.312481,0.030397
100.930803,79.164114,21.766689,102.949999,81.346781,21.603217,3.299157,0.028854
100.933369,79.175152,21.758217,102.802208,81.097813,21.704396,3.148428,0.030727
