202.548014,199.894214,2.653800,186.016110,181.314152,4.701958,3.760694,0.009776
169.868306,161.371769,8.496537,158.807795,148.197021,10.610774,4.145147,0.012183
153.523821,142.266440,11.257381,148.827285,137.175007,11.652278,3.812374,0.014287
145.804804,133.805934,11.998871,142.840542,130.271361,12.569181,3.351453,0.016235
140.414736,127.415433,12.999303,137.827932,124.435810,13.392123,4.019206,0.014846
136.933975,123.408116,13.525859,135.055243,121.325717,13.729526,3.657378,0.016928
134.243485,120.245993,13.997492,132.623312,118.390332,14.232981,3.925232,0.015775
132.114850,117.717356,14.397494,130.442319,115.856617,14.585702,4.026125,0.016333
130.255368,115.477815,14.777553,128.585730,113.546006,15.039725,4.160223,0.014352
128.579254,113.426522,15.152732,127.081148,111.606235,15.474913,3.894142,0.016232
127.033930,111.598130,15.435800,125.656266,110.105489,15.550777,3.988353,0.016040
125.707580,109.987142,15.720438,124.514150,108.627370,15.886780,4.053628,0.015160
124.555036,108.604496,15.950540,123.585784,107.365356,16.220427,3.876716,0.015753
123.311514,107.078935,16.232579,122.114973,105.770579,16.344394,3.909928,0.016066
122.335127,105.857001,16.478126,121.415780,104.853795,16.561985,3.804434,0.016709
121.343501,104.676651,16.666850,120.669335,103.866362,16.802973,3.832894,0.016166
120.429025,103.614649,16.814376,119.838013,103.062508,16.775505,3.905583,0.016516
119.620038,102.683053,16.936985,119.382798,102.422675,16.960122,3.696313,0.017364
118.898530,101.882832,17.015698,118.217393,101.049929,17.167464,3.910779,0.016158
118.112107,100.869107,17.243001,117.578214,100.231641,17.346573,3.822713,0.016867
117.396016,100.051052,17.344965,117.200223,99.820801,17.379422,3.894430,0.016255
116.954909,99.515618,17.439292,116.631522,99.209667,17.421854,3.867724,0.016138
116.303743,98.760686,17.543057,115.916674,98.281592,17.635083,4.054242,0.014672
115.794113,98.179981,17.614132,115.705191,98.081591,17.623600,4.036733,0.015785
115.313480,97.661845,17.651636,115.343129,97.723011,17.620117,3.843934,0.016452
114.899228,97.200719,17.698509,114.874183,97.075459,17.798724,3.785445,0.016126
114.444450,96.665386,17.779064,114.569602,96.767222,17.802380,3.964473,0.016085
114.038019,96.225657,17.812362,113.754539,95.708720,18.045819,3.830097,0.016019
113.653606,95.780764,17.872842,113.790615,95.950494,17.840121,4.108442,0.014443
113.315838,95.419274,17.896564,113.439310,95.564983,17.874326,3.945603,0.015902
112.921308,94.972572,17.948736,113.042814,95.207194,17.835620,4.195369,0.014633
112.617839,94.699925,17.917914,112.673868,94.771837,17.902031,4.020342,0.015378
112.231730,94.235486,17.996244,112.850145,94.790343,18.059803,3.969000,0.016279
111.990310,94.005916,17.984394,112.030205,93.974181,18.056023,4.147888,0.014226
111.648527,93.634865,18.013662,111.727755,93.733387,17.994368,4.124336,0.014946
111.376806,93.358141,18.018665,111.385352,93.316426,18.068927,4.003531,0.015793
111.054283,93.020342,18.033941,111.437064,93.399743,18.037321,3.960580,0.015830
110.882590,92.834825,18.047765,111.153181,93.143555,18.009626,3.823240,0.016003
110.527334,92.387794,18.139540,111.136227,93.015845,18.120382,4.174299,0.015315
110.374084,92.219406,18.154678,110.940163,92.687474,18.252689,3.893541,0.015903
110.172745,91.982876,18.189869,110.717198,92.580890,18.136308,3.982435,0.015024
109.873997,91.660056,18.213942,110.330581,92.017348,18.313233,4.024434,0.014497
109.713833,91.485963,18.227870,110.134526,91.946171,18.188356,4.283120,0.013728
109.530490,91.310383,18.220106,110.125352,91.885797,18.239556,4.126925,0.014969
109.304620,91.048237,18.256383,109.811051,91.527166,18.283885,3.973285,0.016365
109.149653,90.883030,18.266623,109.548568,91.245561,18.303007,3.995678,0.015075
108.931806,90.644665,18.287141,109.110883,90.835911,18.274972,4.125722,0.014288
108.809679,90.551381,18.258298,109.424288,91.156039,18.268249,3.987047,0.015290
108.682313,90.384761,18.297552,108.947880,90.643278,18.304602,4.216778,0.013992
108.456811,90.177033,18.279778,109.028342,90.820863,18.207480,4.172080,0.014791
108.303262,90.004467,18.298795,109.221236,90.786010,18.435225,3.991465,0.015256
108.160930,89.826714,18.334216,109.164008,90.820067,18.343941,4.133440,0.014893
108.029542,89.700596,18.328945,108.848520,90.503108,18.345412,4.098557,0.014824
107.832861,89.469639,18.363222,108.476433,90.166172,18.310261,4.119327,0.013551
107.725508,89.350181,18.375326,108.738815,90.429662,18.309153,4.053254,0.015071
107.613083,89.222928,18.390156,108.395163,90.046360,18.348803,4.060016,0.014604
107.534881,89.149423,18.385458,108.271895,89.844478,18.427417,4.097295,0.014564
107.349203,88.897695,18.451508,108.094224,89.710111,18.384113,4.118078,0.014408
107.174667,88.684150,18.490517,108.073658,89.633650,18.440008,4.027012,0.015109
107.057366,88.563866,18.493500,108.027314,89.513986,18.513328,4.161479,0.013962
106.952693,88.499641,18.453052,107.935435,89.394101,18.541334,4.378499,0.014222
106.897923,88.329005,18.568917,107.776979,89.292179,18.484799,4.119775,0.014055
106.744899,88.228172,18.516728,107.663106,89.184762,18.478345,4.018753,0.014281
106.636263,88.148602,18.487661,107.615905,89.103176,18.512729,4.216959,0.013675
106.588829,88.072410,18.516419,107.335435,88.774641,18.560794,4.246639,0.014195
106.412262,87.861085,18.551177,107.668259,89.033706,18.634554,4.081686,0.014046
106.302923,87.771177,18.531746,107.365597,88.861875,18.503723,4.373433,0.014310
106.185175,87.655990,18.529185,107.486050,89.027388,18.458662,4.120331,0.014238
106.220845,87.671115,18.549730,107.273845,88.726147,18.547698,4.000886,0.014695
106.056863,87.482988,18.573875,107.193353,88.705508,18.487844,4.064417,0.014742
105.906076,87.348861,18.557215,106.859940,88.308090,18.551851,4.017641,0.014680
105.917431,87.342870,18.574561,106.959286,88.418969,18.540318,4.112868,0.014371
105.897760,87.298876,18.598885,106.838766,88.309547,18.529220,4.113172,0.014386
105.717114,87.138311,18.578803,106.576861,88.013090,18.563771,4.070138,0.014731
105.652921,87.080052,18.572869,106.651382,88.041848,18.609534,4.194921,0.014180
105.604502,87.019064,18.585438,106.672787,88.142473,18.530314,4.245780,0.014226
105.524435,86.958914,18.565520,106.681141,88.104923,18.576218,4.353179,0.014648
105.459331,86.863206,18.596125,106.525714,87.957036,18.568678,4.225913,0.014836
105.376911,86.736571,18.640340,106.647560,88.059363,18.588197,4.189080,0.013833
105.233094,86.633305,18.599789,106.523224,87.843589,18.679634,4.024109,0.014654
105.165418,86.566110,18.599308,106.300225,87.746745,18.553479,4.317646,0.013488
105.127008,86.507938,18.619071,106.336144,87.760038,18.576105,4.263618,0.013991
105.112113,86.543147,18.568966,106.374929,87.667635,18.707293,4.160512,0.014305
105.019925,86.396668,18.623257,106.448881,87.902753,18.546128,4.203381,0.015305
104.924441,86.298575,18.625865,106.101243,87.506043,18.595199,4.122006,0.014904
104.811316,86.235646,18.575670,105.817311,87.233828,18.583483,4.097774,0.014618
104.781110,86.188817,18.592293,106.209849,87.605481,18.604368,4.242810,0.013819
104.696757,86.086780,18.609977,106.000876,87.459704,18.541172,4.219512,0.014022
104.630253,86.079529,18.550724,105.871006,87.319459,18.551548,3.959808,0.015446
104.616684,86.053908,18.562776,106.065341,87.508971,18.556370,4.192057,0.014654
104.548781,85.973020,18.575761,105.774740,87.222211,18.552530,4.305835,0.013587
104.609639,85.990336,18.619303,105.909437,87.285992,18.623445,4.074133,0.013626
104.450092,85.811773,18.638319,105.867254,87.327364,18.539891,4.169561,0.013830
104.405006,85.781206,18.623800,105.574870,87.034281,18.540589,4.020422,0.015018
104.315218,85.684560,18.630658,105.578661,86.939090,18.639570,4.053258,0.014801
104.265820,85.646227,18.619593,105.761898,87.106448,18.655450,4.191751,0.014518
104.199054,85.550151,18.648903,105.535074,86.983398,18.551675,4.117609,0.014083
104.152243,85.524301,18.627942,105.432982,86.744373,18.688609,4.333078,0.013643
104.083493,85.451168,18.632326,105.473269,86.857981,18.615289,4.267024,0.013100
104.021403,85.381888,18.639515,105.473319,86.865939,18.607380,4.162405,0.014362
104.090307,85.418515,18.671793,105.248948,86.647279,18.601669,4.341388,0.013340
103.887947,85.224927,18.663020,105.364889,86.675475,18.689415,4.278013,0.014216
103.970840,85.297990,18.672851,105.491010,86.809809,18.681201,4.069412,0.014171
103.875651,85.209990,18.665662,105.098268,86.472657,18.625611,4.274852,0.014325
103.807292,85.106514,18.700778,105.135604,86.506866,18.628739,4.244014,0.013828
103.848021,85.124964,18.723057,105.170168,86.558270,18.611898,4.004554,0.015595
103.774713,85.090293,18.684420,105.240566,86.546933,18.693633,4.175170,0.014323
103.630739,84.919181,18.711558,105.180631,86.431367,18.749263,3.992009,0.014727
103.628308,84.941070,18.687238,104.985185,86.297761,18.687423,4.219808,0.014599
103.532797,84.863886,18.668912,105.040952,86.386205,18.654747,4.322982,0.014031
103.605907,84.896050,18.709857,104.850375,86.196670,18.653705,4.228354,0.013533
103.482244,84.793851,18.688392,105.106718,86.481919,18.624800,4.226820,0.014357
103.417410,84.713272,18.704139,105.208551,86.613455,18.595096,4.281723,0.013456
103.456318,84.772673,18.683646,105.087476,86.412556,18.674919,4.212162,0.013933
103.368821,84.691000,18.677821,104.815017,86.098279,18.716739,4.269332,0.013294
103.383638,84.707462,18.676176,105.033170,86.373047,18.660122,4.407423,0.014086
103.352183,84.658076,18.694107,104.945292,86.328170,18.617122,4.053431,0.015240
103.278434,84.609887,18.668546,104.794049,86.178879,18.615169,4.064741,0.014277
103.270794,84.602416,18.668379,104.951626,86.277674,18.673952,3.965129,0.015311
103.205969,84.519012,18.686957,104.955320,86.316625,18.638695,4.120296,0.014456
103.190204,84.468153,18.722050,105.024298,86.238983,18.785316,4.057800,0.014914
103.185344,84.419638,18.765706,104.906186,86.239027,18.667159,4.127532,0.014502
103.161781,84.448106,18.713675,104.670164,85.889239,18.780925,4.173707,0.014964
103.086077,84.355366,18.730711,104.655628,85.968311,18.687317,4.249676,0.014560
103.074148,84.332799,18.741348,104.821160,86.121796,18.699365,4.109683,0.014613
103.036562,84.282516,18.754045,104.567557,85.870093,18.697464,4.030056,0.015022
103.071108,84.356280,18.714828,104.667478,86.005991,18.661488,4.072484,0.014346
102.998974,84.254690,18.744285,104.711814,85.944989,18.766825,4.104781,0.014143
102.984518,84.238268,18.746250,104.808873,85.978851,18.830022,4.246179,0.014362
102.904347,84.120981,18.783365,104.618545,85.887096,18.731450,4.208890,0.013715
102.891738,84.141323,18.750415,104.746578,86.039159,18.707419,4.272907,0.014143
102.902186,84.151065,18.751121,104.541098,85.747215,18.793882,4.168524,0.014099
102.803294,84.052008,18.751286,104.705501,85.957377,18.748124,3.979006,0.015294
102.875961,84.037579,18.838381,104.641883,85.871161,18.770722,4.182835,0.014170
102.792497,83.999390,18.793108,104.531156,85.782632,18.748524,4.117504,0.014421
102.776506,84.011574,18.764932,104.500067,85.749087,18.750980,4.086631,0.015065
102.760817,84.011869,18.748948,104.436967,85.678577,18.758391,4.100325,0.014345
102.773348,83.968913,18.804435,104.455815,85.689688,18.766127,4.082439,0.015139
102.729855,83.946213,18.783642,104.233183,85.453646,18.779537,4.216624,0.014271
102.659204,83.844537,18.814666,104.395789,85.589726,18.806063,4.171672,0.014246
102.707332,83.925813,18.781519,104.404467,85.569947,18.834520,4.167745,0.014488
102.652975,83.812194,18.840781,104.539261,85.641517,18.897744,4.088411,0.014696
102.597118,83.763421,18.833697,104.450324,85.550088,18.900237,4.034128,0.015235
102.571779,83.720749,18.851030,104.274803,85.511542,18.763261,4.400231,0.014406
102.621031,83.812373,18.808658,104.489593,85.721361,18.768232,4.115711,0.014946
102.572256,83.789473,18.782784,104.383993,85.541404,18.842589,4.214487,0.014228
102.537574,83.677116,18.860458,104.288663,85.509052,18.779612,4.225926,0.013956
102.526416,83.701806,18.824609,104.237760,85.420005,18.817756,4.191402,0.014099
102.525020,83.650971,18.874049,104.018706,85.164810,18.853896,4.395385,0.013024
102.448191,83.538178,18.910013,104.420991,85.603124,18.817866,4.024511,0.016047
102.524530,83.669080,18.855450,104.467571,85.604805,18.862766,4.124024,0.014250
102.494665,83.630401,18.864263,104.189376,85.386670,18.802707,4.096410,0.013918
102.410635,83.555397,18.855238,104.131305,85.289770,18.841535,4.323963,0.014937
102.412104,83.504804,18.907301,104.120736,85.221084,18.899652,4.272767,0.013832
102.404408,83.522633,18.881775,104.270363,85.406588,18.863776,4.103110,0.014351
102.387296,83.472436,18.914861,104.032625,85.172405,18.860219,4.167287,0.014143
102.382156,83.456788,18.925368,104.119007,85.338936,18.780072,4.008709,0.014753
102.319331,83.399124,18.920206,104.197224,85.327976,18.869247,4.070847,0.014999
102.339690,83.438301,18.901389,104.074185,85.181458,18.892727,4.210659,0.014660
102.325224,83.435376,18.889848,104.106590,85.344367,18.762223,4.329558,0.014275
