218.502315,216.228492,2.273823,193.707258,190.663852,3.043406,8.567893,0.005334
190.167549,186.136769,4.030781,182.784976,176.684702,6.100273,5.853718,0.008497
176.380575,168.433884,7.946691,167.577603,157.420459,10.157145,4.410539,0.013100
162.568631,151.297392,11.271239,156.737939,144.428344,12.309595,3.736423,0.016897
153.906417,140.707012,13.199405,150.415528,136.648585,13.766943,3.962975,0.017209
148.658631,134.317013,14.341618,145.983210,131.123188,14.860022,3.968826,0.017614
144.519298,129.201313,15.317985,142.009655,126.238672,15.770983,3.691426,0.020711
141.126943,124.958275,16.168667,139.151634,122.449496,16.702138,3.636587,0.023497
138.115841,121.033662,17.082179,136.060503,118.607194,17.453309,3.449291,0.022663
135.418874,117.677008,17.741867,133.677390,115.704604,17.972787,3.676266,0.021511
133.330965,114.827013,18.503953,131.887001,112.578863,19.308139,3.797357,0.021415
131.552186,112.475217,19.076969,130.074455,110.821398,19.253057,3.743140,0.021734
130.053345,110.548507,19.504838,128.957322,109.107913,19.849410,3.659620,0.023512
128.950300,108.977431,19.972869,127.742853,107.407874,20.334979,3.509125,0.023146
127.818098,107.586460,20.231638,126.730418,106.272918,20.457500,3.699045,0.023055
126.960636,106.362286,20.598351,126.125660,105.333701,20.791959,3.749664,0.021971
126.091434,105.282488,20.808947,125.086320,104.131020,20.955300,3.652807,0.023431
125.365901,104.373524,20.992376,125.064425,103.868517,21.195909,3.587726,0.024715
124.643941,103.439255,21.204685,124.335085,103.061989,21.273096,3.681735,0.023017
124.053464,102.679793,21.373671,123.314100,101.797246,21.516854,3.899585,0.020991
123.444256,101.847707,21.596549,123.101665,101.335817,21.765847,3.771572,0.023612
122.932149,101.181263,21.750886,122.496726,100.494604,22.002121,3.920554,0.021862
122.446855,100.612647,21.834207,122.079074,100.212168,21.866906,3.598366,0.025039
121.966701,99.964287,22.002414,121.804892,99.745968,22.058923,3.870779,0.023609
121.549672,99.387950,22.161722,121.383280,99.142241,22.241039,3.690898,0.023423
121.135623,98.877052,22.258571,121.159408,98.767364,22.392044,3.973793,0.022496
120.770532,98.401291,22.369241,120.612745,98.321292,22.291453,3.949958,0.022979
120.378858,97.944530,22.434328,120.449024,97.917298,22.531726,3.790235,0.023958
120.031298,97.469024,22.562273,119.680714,97.365571,22.315143,3.853276,0.023113
119.786327,97.139525,22.646802,119.825733,97.239825,22.585908,3.959617,0.023848
119.470819,96.741058,22.729762,119.558227,96.768330,22.789897,3.773016,0.023042
119.120218,96.231022,22.889196,119.406500,96.515307,22.891193,3.959406,0.022422
118.894299,95.986520,22.907778,119.146755,96.225541,22.921214,3.750126,0.023857
118.645730,95.662203,22.983527,119.257569,96.427231,22.830338,3.620100,0.024519
118.379568,95.334788,23.044780,119.041713,96.020238,23.021475,3.830043,0.024815
118.055995,95.008814,23.047181,118.568440,95.540483,23.027957,3.748558,0.023954
118.003837,94.853567,23.150270,118.431897,95.215542,23.216354,3.849395,0.022726
117.719370,94.500263,23.219107,118.121046,94.955760,23.165286,3.966303,0.023083
117.491596,94.190809,23.300787,118.086059,94.860667,23.225392,3.856266,0.023552
117.366477,93.969797,23.396680,117.756128,94.463363,23.292766,3.968101,0.022128
117.075891,93.592289,23.483603,117.634295,94.157971,23.476324,3.721592,0.024003
116.932604,93.464954,23.467650,117.351506,93.976137,23.375370,4.059305,0.021893
116.811117,93.243981,23.567136,117.508013,94.124026,23.383987,3.755005,0.023201
116.484809,92.949126,23.535684,117.244924,93.668831,23.576093,3.926915,0.023956
116.303372,92.727128,23.576245,117.273008,93.823811,23.449197,3.600110,0.024307
116.265168,92.603048,23.662120,117.080145,93.531350,23.548795,3.792607,0.023474
116.045025,92.314908,23.730118,117.067930,93.281122,23.786809,3.740345,0.024182
115.925359,92.103203,23.822156,116.884810,93.169979,23.714832,3.968600,0.021932
115.745633,91.897782,23.847851,116.856540,93.060364,23.796176,3.702881,0.024673
115.585404,91.757812,23.827593,116.490496,92.783587,23.706909,3.643374,0.024937
115.529506,91.621595,23.907911,116.400089,92.581258,23.818832,3.904576,0.023942
115.268658,91.395921,23.872737,116.324084,92.551980,23.772104,3.942330,0.023340
115.195356,91.297967,23.897389,116.105495,92.376235,23.729260,3.629231,0.027647
115.022164,91.071541,23.950623,116.298768,92.324812,23.973956,3.845677,0.021810
114.954403,90.906074,24.048329,116.232580,92.310698,23.921883,3.673658,0.024058
114.730052,90.646954,24.083098,116.141707,92.138289,24.003417,3.880304,0.021968
114.680416,90.599424,24.080991,115.973426,92.019744,23.953682,3.803703,0.024464
114.574275,90.413681,24.160594,116.339529,92.213277,24.126252,3.638152,0.024835
114.471936,90.259008,24.212928,115.901341,91.874274,24.027067,3.742325,0.022895
114.301821,90.073343,24.228477,115.657867,91.491603,24.166264,3.819998,0.024839
114.283411,89.991460,24.291951,115.664447,91.416429,24.248017,3.781503,0.022525
114.146817,89.777918,24.368899,115.768461,91.497928,24.270533,3.694271,0.026834
113.982197,89.590755,24.391442,115.884136,91.441021,24.443116,3.461156,0.025286
114.038981,89.519614,24.519367,115.595181,91.232392,24.362789,3.521855,0.027118
113.882169,89.313771,24.568398,115.657170,91.075991,24.581179,3.631109,0.023213
113.793288,89.124872,24.668416,115.362957,90.916143,24.446814,3.282397,0.027407
113.672160,89.030026,24.642134,115.392375,90.884242,24.508133,3.515932,0.025993
113.650180,88.859589,24.790590,115.261889,90.523723,24.738166,3.284166,0.034083
113.635460,88.691974,24.943486,115.468199,90.615003,24.853196,3.358384,0.029209
113.724884,88.538822,25.186061,115.629365,90.254584,25.374781,3.318033,0.030723
114.067918,88.227347,25.840571,116.467602,90.040294,26.427308,2.872614,0.037882
117.156391,88.599168,28.557223,122.348901,91.418854,30.930048,0.681701,0.080699
123.141826,91.144774,31.997052,125.138486,92.596866,32.541620,0.321593,0.083895
124.101309,91.373933,32.727376,125.188460,92.327088,32.861372,0.185847,0.094903
123.686776,90.759350,32.927426,124.895302,91.905310,32.989992,0.168315,0.094833
123.328846,90.302655,33.026191,124.418908,91.366111,33.052797,0.125109,0.091296
122.735043,89.657577,33.077467,124.160620,91.067164,33.093457,0.073174,0.102960
122.232746,89.126594,33.106152,123.606278,90.478840,33.127438,0.082933,0.091900
121.873111,88.743575,33.129536,123.380733,90.241842,33.138891,0.095793,0.080141
121.477740,88.331173,33.146568,123.229683,90.075259,33.154424,0.092609,0.091436
121.226860,88.066909,33.159951,123.074689,89.907152,33.167536,0.049785,0.091293
121.001764,87.830841,33.170924,122.949822,89.774935,33.174886,0.072382,0.099109
120.739684,87.559847,33.179837,122.501810,89.316996,33.184814,0.086652,0.090234
120.523330,87.335424,33.187906,122.518570,89.327807,33.190762,0.058168,0.085476
120.301753,87.107250,33.194503,122.216483,89.017907,33.198577,0.058123,0.094242
120.164316,86.963536,33.200780,122.316700,89.115560,33.201140,0.044675,0.090341
119.952976,86.748963,33.204013,122.168030,88.962557,33.205472,0.040038,0.092795
119.805386,86.596366,33.209020,122.027280,88.818092,33.209187,0.045514,0.089828
119.581305,86.369644,33.211662,122.047534,88.833236,33.214298,0.022894,0.091841
119.446818,86.231451,33.215367,121.943954,88.728964,33.214989,0.046782,0.086237
119.297150,86.077097,33.220054,121.763889,88.543590,33.220299,0.027424,0.094522
119.215344,85.994371,33.220973,121.747870,88.527311,33.220559,0.041790,0.084244
119.059776,85.836985,33.222791,121.727065,88.501600,33.225464,0.019621,0.089610
118.946463,85.721057,33.225407,121.698332,88.473705,33.224627,0.040936,0.086484
118.859594,85.631895,33.227699,121.620288,88.395788,33.224500,0.028028,0.093094
118.788016,85.558480,33.229536,121.623019,88.393942,33.229077,0.024910,0.084224
118.709768,85.478795,33.230973,121.654180,88.422029,33.232150,0.007535,0.091815
118.581153,85.348287,33.232867,121.694107,88.460151,33.233956,0.043178,0.093236
118.437943,85.204428,33.233515,121.540257,88.306827,33.233430,0.040785,0.089118
118.378755,85.143492,33.235264,121.617038,88.379167,33.237871,0.035687,0.088912
118.301359,85.064165,33.237193,121.462541,88.226614,33.235927,0.028044,0.086246
118.233000,84.995532,33.237468,121.461673,88.226711,33.234962,0.025145,0.099410
118.117494,84.878830,33.238664,121.406064,88.167036,33.239028,0.018645,0.105521
118.045464,84.805524,33.239940,121.516040,88.275149,33.240891,0.017586,0.082431
118.003548,84.762201,33.241346,121.436074,88.194535,33.241539,0.028625,0.094334
117.918859,84.676415,33.242444,121.375686,88.133338,33.242348,0.035524,0.091803
117.826261,84.583382,33.242879,121.435005,88.190779,33.244226,0.021828,0.086007
117.759163,84.515550,33.243613,121.361838,88.119092,33.242747,0.033958,0.089511
117.727093,84.482398,33.244695,121.252047,88.009000,33.243047,0.013907,0.097955
117.633194,84.387763,33.245431,121.342529,88.096429,33.246100,0.023920,0.092467
117.523980,84.277622,33.246358,121.268398,88.020597,33.247802,0.032567,0.097529
117.465953,84.218845,33.247108,121.363266,88.117504,33.245762,0.020049,0.094402
117.409806,84.162720,33.247086,121.195866,87.948271,33.247595,0.019201,0.087158
117.330586,84.082618,33.247968,121.258417,88.010540,33.247876,0.023696,0.091289
117.310001,84.061223,33.248779,121.271985,88.022746,33.249239,0.017125,0.090281
117.248031,83.998905,33.249126,121.141710,87.892504,33.249207,0.011211,0.096497
117.146711,83.897291,33.249421,121.216466,87.968670,33.247796,0.024791,0.087989
117.100502,83.851142,33.249360,121.269275,88.019094,33.250180,0.017638,0.091521
117.099648,83.848055,33.251593,121.119024,87.868575,33.250449,0.014079,0.103003
117.032873,83.781883,33.250990,121.225095,87.971794,33.253301,0.022862,0.100384
116.954280,83.702614,33.251666,121.215327,87.963729,33.251598,0.010766,0.098388
116.912021,83.659703,33.252318,121.172184,87.919813,33.252372,0.025443,0.089733
116.812270,83.559969,33.252301,121.095337,87.842018,33.253319,0.022792,0.093516
116.759608,83.506735,33.252872,121.079194,87.826577,33.252617,0.027531,0.092379
116.764774,83.512011,33.252763,121.089802,87.837281,33.252522,0.022879,0.092395
116.688717,83.435373,33.253344,121.203706,87.950146,33.253559,0.012798,0.089579
116.623123,83.369110,33.254012,121.165707,87.913152,33.252555,0.025432,0.097344
116.569103,83.314981,33.254122,121.236553,87.983295,33.253258,0.031926,0.094588
116.530509,83.276269,33.254239,121.145301,87.890527,33.254774,0.015129,0.091228
116.464845,83.210268,33.254577,121.143080,87.887462,33.255618,0.011510,0.093984
116.383384,83.128443,33.254941,121.088737,87.832630,33.256107,0.007759,0.088195
116.352773,83.097446,33.255327,121.138557,87.882749,33.255808,0.011765,0.093154
116.319905,83.063885,33.256020,121.212385,87.957093,33.255292,0.014824,0.098058
116.323271,83.066771,33.256499,121.154163,87.898206,33.255957,0.014259,0.112168
116.192229,82.935841,33.256388,121.112762,87.856267,33.256495,0.012192,0.092072
116.160250,82.904197,33.256052,121.103860,87.847308,33.256552,0.028018,0.108157
116.140569,82.884297,33.256272,121.099024,87.842243,33.256781,0.008030,0.084429
116.098070,82.840962,33.257109,121.189324,87.931487,33.257837,0.012960,0.093093
116.047376,82.789973,33.257403,121.220539,87.962124,33.258415,0.013816,0.104325
115.999118,82.741675,33.257443,121.063098,87.804473,33.258625,0.009477,0.101678
115.992517,82.735226,33.257291,121.157570,87.899427,33.258143,0.016894,0.104069
115.931653,82.673744,33.257910,121.147791,87.888576,33.259215,0.011240,0.091016
115.937374,82.679092,33.258282,121.175732,87.917184,33.258548,0.003989,0.092712
115.900993,82.642385,33.258608,121.190752,87.930652,33.260100,0.012368,0.092070
115.851917,82.593705,33.258213,121.125733,87.867078,33.258655,0.015148,0.100487
115.842514,82.583579,33.258935,121.146568,87.887479,33.259090,0.008790,0.105793
115.755872,82.496743,33.259129,121.231634,87.972238,33.259396,0.027761,0.098268
115.779541,82.520516,33.259025,121.267509,88.007101,33.260408,0.009124,0.097244
115.746982,82.487814,33.259169,121.172559,87.913356,33.259202,0.017509,0.104762
115.665138,82.406088,33.259050,121.224098,87.964579,33.259520,0.006136,0.091718
115.614007,82.354767,33.259240,121.234601,87.972941,33.261660,0.006029,0.094066
115.634501,82.374529,33.259972,121.308733,88.047305,33.261428,0.005242,0.102861
115.559152,82.299151,33.260001,121.194848,87.934558,33.260290,0.018736,0.093698
115.500493,82.240324,33.260170,121.255382,87.993321,33.262062,0.014789,0.098189
115.510863,82.250709,33.260154,121.251018,87.990560,33.260458,0.009858,0.095488
115.517835,82.257721,33.260114,121.341756,88.080597,33.261159,0.006145,0.098375
115.458373,82.198118,33.260255,121.261974,88.002043,33.259931,0.017516,0.092993
115.398788,82.138031,33.260758,121.244219,87.983411,33.260808,0.013939,0.097200
115.392506,82.131770,33.260737,121.298336,88.037699,33.260638,0.013119,0.097629
115.384479,82.123677,33.260801,121.313599,88.052321,33.261278,0.006823,0.095085
