260.409667,254.726264,5.683403,196.028055,193.322308,2.705748,10.114415,0.002315
192.380492,189.065637,3.314855,189.203602,185.132158,4.071444,7.791321,0.004109
182.259146,176.536908,5.722238,173.716491,166.312712,7.403779,6.681717,0.007385
165.674872,156.551366,9.123505,158.826427,148.365170,10.461257,5.848117,0.009220
154.490005,143.103849,11.386156,150.290546,138.252230,12.038316,4.929756,0.012038
148.105839,135.553964,12.551874,144.774925,131.968373,12.806552,5.415275,0.012024
143.236271,129.910986,13.325285,140.607227,127.121977,13.485250,4.986686,0.013592
139.148418,125.177066,13.971353,136.806147,122.481710,14.324437,4.888263,0.014705
135.617419,120.974546,14.642873,133.379514,118.486351,14.893163,5.139590,0.013546
132.782304,117.646264,15.136039,130.849417,115.426662,15.422755,4.837275,0.015646
130.556026,115.052258,15.503767,128.910981,113.237761,15.673221,5.162697,0.015293
128.873917,113.117462,15.756454,127.216519,111.314996,15.901522,5.026912,0.015112
127.417789,111.485834,15.931955,125.952831,109.942923,16.009909,5.132822,0.015221
126.128677,110.017805,16.110873,125.055121,108.856516,16.198604,5.058151,0.015472
124.969847,108.649674,16.320174,124.103524,107.791283,16.312241,4.751924,0.016016
123.955056,107.586805,16.368251,122.915717,106.599908,16.315809,5.274436,0.014897
123.102584,106.677060,16.425523,122.216803,105.850948,16.365855,4.772061,0.015938
122.333954,105.856137,16.477816,121.425048,104.889112,16.535936,5.234941,0.015084
121.535448,104.920473,16.614975,121.096434,104.553015,16.543419,5.047231,0.015781
120.923038,104.248884,16.674154,120.349856,103.498201,16.851655,4.732479,0.016454
120.260300,103.526627,16.733672,119.638779,102.880207,16.758572,5.058310,0.015988
119.728552,102.930092,16.798460,119.235489,102.319319,16.916170,4.979209,0.015630
119.154047,102.293678,16.860369,118.708195,102.120436,16.587759,5.096264,0.016295
118.567232,101.700434,16.866798,118.420517,101.593240,16.827277,5.102459,0.015635
118.151500,101.267155,16.884345,117.811513,100.905499,16.906014,5.175010,0.015458
117.684390,100.717980,16.966410,117.433601,100.441397,16.992205,5.394231,0.014161
117.249097,100.252563,16.996534,117.150819,100.192922,16.957897,5.247900,0.015115
116.851950,99.896883,16.955067,116.787096,99.895369,16.891728,5.268414,0.015390
116.420161,99.479641,16.940520,116.218626,99.314079,16.904547,5.152118,0.015462
116.033309,99.031172,17.002137,115.854368,98.859036,16.995332,5.320686,0.014189
115.685110,98.596597,17.088514,115.348104,98.301513,17.046591,4.995049,0.015470
115.399438,98.317486,17.081952,115.336410,98.361687,16.974722,5.078363,0.015815
114.982946,97.934768,17.048178,114.962779,98.158585,16.804194,5.103874,0.015734
114.594141,97.556018,17.038123,114.563596,97.632154,16.931442,5.227276,0.014496
114.245830,97.169947,17.075882,114.195807,97.239529,16.956278,5.282025,0.015010
113.983902,96.914219,17.069683,113.867974,96.839981,17.027993,5.173968,0.015117
113.716675,96.616954,17.099721,113.706620,96.653709,17.052911,5.109295,0.015109
113.424618,96.337175,17.087443,113.583976,96.588791,16.995185,5.204994,0.015415
113.066262,95.986335,17.079927,113.212201,96.148046,17.064155,5.116886,0.015351
112.786348,95.757263,17.029085,112.764226,95.742809,17.021417,5.331508,0.014474
112.562563,95.477698,17.084865,112.627394,95.671096,16.956298,5.385855,0.015279
112.248925,95.137760,17.111165,112.427922,95.295454,17.132469,5.045938,0.015587
112.087899,94.949130,17.138769,112.214267,95.148453,17.065814,5.058880,0.015897
111.702708,94.636261,17.066447,112.337164,95.380699,16.956465,4.976999,0.017068
111.588037,94.522420,17.065617,111.982477,94.971739,17.010738,5.369373,0.015148
111.300143,94.238815,17.061328,111.657778,94.621617,17.036161,5.044392,0.015894
111.048033,93.902116,17.145917,111.536927,94.436157,17.100770,5.078405,0.015352
110.800794,93.743792,17.057002,111.058775,94.198742,16.860033,5.178064,0.015852
110.639112,93.586524,17.052588,111.169665,94.211148,16.958516,5.122369,0.015632
110.335349,93.334449,17.000901,111.040462,94.047693,16.992768,5.232398,0.015870
110.147956,93.115882,17.032074,110.430683,93.560690,16.869994,5.146820,0.016218
110.028809,92.984615,17.044194,110.440831,93.484383,16.956448,5.298640,0.014713
109.802559,92.751426,17.051133,110.183330,93.138819,17.044511,5.172895,0.015066
109.540806,92.445496,17.095310,109.889566,92.940076,16.949490,5.232221,0.014977
109.373817,92.360638,17.013179,109.590043,92.635696,16.954347,5.191343,0.014562
109.139230,92.098225,17.041005,109.634173,92.696356,16.937817,5.529359,0.013576
108.960747,91.925089,17.035658,109.737438,92.797020,16.940418,5.328036,0.014565
108.759151,91.748936,17.010216,109.376640,92.461082,16.915559,5.176229,0.014619
108.611121,91.584788,17.026333,109.301720,92.411115,16.890605,5.337146,0.014552
108.465890,91.409488,17.056402,108.987674,91.978648,17.009026,5.175193,0.015122
108.262287,91.180070,17.082217,108.959110,92.002181,16.956929,5.451067,0.015165
108.056732,91.003020,17.053712,108.961049,92.037505,16.923544,5.015827,0.016653
107.954041,90.941477,17.012565,108.701493,91.716058,16.985435,5.509883,0.013824
107.808099,90.758235,17.049864,108.404898,91.574494,16.830404,5.021436,0.015014
107.597097,90.568290,17.028807,108.212194,91.268439,16.943755,5.228324,0.014939
107.434061,90.386907,17.047154,108.101289,91.260908,16.840382,5.465399,0.013936
107.388933,90.317893,17.071040,107.938094,91.018578,16.919515,5.326354,0.013820
107.103163,90.087547,17.015616,107.863220,90.963477,16.899743,5.242643,0.014137
107.023076,89.970816,17.052260,107.636703,90.683253,16.953449,5.417099,0.014090
106.848600,89.789912,17.058688,107.675396,90.754675,16.920720,5.334405,0.014830
106.733413,89.725957,17.007456,107.382230,90.394938,16.987292,5.342371,0.013207
106.637088,89.632254,17.004834,107.553142,90.670111,16.883031,5.346018,0.014257
106.481358,89.421039,17.060319,107.244716,90.378711,16.866005,5.026938,0.014210
106.265311,89.212739,17.052572,107.311811,90.467230,16.844582,5.282795,0.013999
106.229452,89.202296,17.027157,106.905273,89.925991,16.979282,5.070743,0.014930
106.047378,88.936879,17.110498,106.823500,89.736025,17.087475,5.091529,0.014559
105.941380,88.873114,17.068267,106.673092,89.632586,17.040506,5.130920,0.013693
105.835135,88.734360,17.100775,106.621852,89.682829,16.939022,5.131417,0.013853
105.724881,88.653772,17.071109,106.692610,89.734655,16.957955,5.309850,0.014060
105.596894,88.540427,17.056467,106.335378,89.430060,16.905317,5.271713,0.014469
105.504243,88.504272,16.999971,106.256590,89.287534,16.969056,5.079786,0.014217
105.392426,88.339276,17.053149,106.293801,89.218696,17.075105,5.230829,0.013074
105.293556,88.234998,17.058558,106.130101,89.161932,16.968169,5.174439,0.014980
105.132149,88.040717,17.091433,106.198562,89.121628,17.076934,5.329358,0.012882
104.989469,87.981136,17.008333,106.187026,89.321502,16.865525,5.363979,0.013471
104.929665,87.855008,17.074657,105.834625,88.850978,16.983647,5.139176,0.014252
104.751566,87.699152,17.052414,105.786836,88.760456,17.026381,5.284829,0.013905
104.746181,87.629555,17.116626,105.696577,88.788149,16.908428,5.530295,0.012896
104.652215,87.549324,17.102891,105.583402,88.566533,17.016868,5.250656,0.013432
104.497440,87.402191,17.095248,105.686683,88.718996,16.967688,5.411186,0.013874
104.420968,87.307235,17.113733,105.684443,88.572219,17.112224,4.880419,0.014311
104.309082,87.232794,17.076289,105.487199,88.498105,16.989094,5.045438,0.013893
104.258677,87.161831,17.096846,105.321974,88.420395,16.901579,5.066551,0.014443
104.115292,87.095576,17.019716,105.564903,88.597680,16.967223,5.086993,0.014761
104.042321,86.893841,17.148480,104.952920,87.889208,17.063712,5.341748,0.013156
103.927915,86.831691,17.096223,105.062145,87.951955,17.110189,5.267200,0.013614
103.860961,86.745536,17.115425,104.970905,87.981564,16.989341,5.146028,0.013303
103.795232,86.673462,17.121770,105.116347,88.047639,17.068708,5.226592,0.014333
103.747312,86.615806,17.131507,104.999070,87.957802,17.041268,5.314998,0.013233
103.668873,86.524668,17.144205,104.686986,87.667985,17.019001,5.264754,0.012544
103.521774,86.392699,17.129076,104.865196,87.805199,17.059997,5.031930,0.014008
103.321142,86.206468,17.114674,104.514397,87.460771,17.053626,5.306476,0.012897
103.362098,86.227521,17.134577,104.693136,87.592323,17.100813,5.359413,0.013340
103.239259,86.133755,17.105504,104.423170,87.523898,16.899272,5.202846,0.013972
103.159646,86.036788,17.122859,104.467346,87.426247,17.041099,5.017287,0.013475
103.052978,85.956905,17.096072,104.275744,87.267927,17.007816,5.667032,0.012846
103.035137,85.839451,17.195686,104.354074,87.229464,17.124610,5.294510,0.012856
102.929461,85.742695,17.186767,104.409962,87.371394,17.038568,5.367417,0.012759
102.892605,85.718745,17.173859,104.025526,86.957585,17.067942,5.464074,0.012342
102.801245,85.635959,17.165286,104.390744,87.414043,16.976700,5.189920,0.013519
102.746883,85.615985,17.130898,104.085162,87.049018,17.036145,5.138176,0.014115
102.691843,85.547799,17.144043,104.208351,87.235215,16.973136,5.055759,0.013789
102.694246,85.550506,17.143739,103.702647,86.611243,17.091404,5.403140,0.011859
102.489430,85.304345,17.185085,103.892936,86.840466,17.052470,5.233150,0.012857
102.442627,85.237729,17.204897,104.022187,86.760564,17.261623,5.208433,0.013034
102.377500,85.156464,17.221036,103.748112,86.713121,17.034990,5.094739,0.013885
102.292113,85.117214,17.174899,103.721949,86.497722,17.224228,5.244593,0.014020
102.294435,85.031579,17.262856,103.780011,86.656259,17.123751,5.126422,0.013533
102.128546,84.895560,17.232986,103.623378,86.467543,17.155836,4.991668,0.013416
102.081320,84.882546,17.198774,103.967630,86.802946,17.164684,5.383749,0.013462
102.086013,84.872864,17.213149,103.844152,86.692716,17.151435,5.156576,0.013392
102.012516,84.776119,17.236397,103.585638,86.417421,17.168217,5.345971,0.012380
101.907446,84.654198,17.253248,103.529404,86.391010,17.138394,5.257470,0.013256
101.849683,84.561585,17.288098,103.444406,86.270779,17.173627,4.984396,0.016534
101.779643,84.477578,17.302066,103.448894,86.359192,17.089702,5.125485,0.014029
101.717130,84.502817,17.214313,103.354644,86.230821,17.123823,5.425052,0.012535
101.750622,84.499069,17.251553,103.405011,86.200514,17.204498,5.463327,0.012030
101.654500,84.379472,17.275028,103.414354,86.233226,17.181128,5.225996,0.012702
101.589828,84.291141,17.298687,103.520368,86.321630,17.198738,5.032639,0.013860
101.572525,84.317251,17.255273,103.426519,86.254600,17.171919,5.126104,0.013042
101.488182,84.199701,17.288481,103.177982,85.952411,17.225571,5.168383,0.014300
101.465642,84.140490,17.325152,102.961117,85.723088,17.238029,5.189373,0.013428
101.316942,84.002604,17.314338,103.017415,85.900851,17.116565,5.184594,0.013706
101.321173,84.059044,17.262129,102.967216,85.788114,17.179102,5.566407,0.012233
101.283241,83.996994,17.286247,103.070227,85.947987,17.122239,5.458220,0.012930
101.219121,83.963138,17.255983,103.161855,85.931082,17.230773,5.178485,0.013279
101.128644,83.823461,17.305183,103.064246,85.913527,17.150719,5.264203,0.012872
101.186222,83.864940,17.321282,102.920632,85.701274,17.219358,5.528503,0.012253
101.074626,83.791504,17.283121,102.961435,85.724700,17.236736,5.057594,0.014074
100.986480,83.661114,17.325367,102.829827,85.650280,17.179547,4.904091,0.013456
100.947035,83.636822,17.310214,102.493186,85.301698,17.191488,5.220724,0.013596
100.941312,83.609730,17.331582,102.483431,85.249594,17.233837,5.201196,0.013814
100.872287,83.574903,17.297384,102.866297,85.641975,17.224321,5.132671,0.013792
100.892711,83.571815,17.320897,102.489355,85.329915,17.159440,4.963387,0.015573
100.831748,83.477451,17.354297,102.639482,85.364531,17.274951,5.283419,0.012028
100.843800,83.525793,17.318007,102.628400,85.314863,17.313538,5.082054,0.014138
100.678768,83.387331,17.291437,102.593744,85.385094,17.208650,5.176752,0.014020
100.646381,83.328501,17.317881,102.728670,85.534535,17.194135,5.201179,0.012761
100.699073,83.398528,17.300546,102.595104,85.375710,17.219394,5.247372,0.012902
100.566609,83.221552,17.345057,102.457264,85.281559,17.175705,5.206500,0.013008
100.621956,83.266716,17.355239,102.596379,85.382358,17.214022,5.062552,0.013378
100.497937,83.164333,17.333604,102.458552,85.189903,17.268649,5.516570,0.012379
100.478463,83.125667,17.352797,102.386625,85.135845,17.250781,5.006281,0.013936
100.427214,83.074203,17.353011,102.449976,85.291097,17.158880,5.198582,0.013325
100.381023,83.079812,17.301212,102.366520,85.231744,17.134775,5.414150,0.012756
100.325497,83.018395,17.307103,102.442572,85.232999,17.209573,5.143214,0.012291
100.259010,82.897621,17.361389,102.207927,85.005674,17.202253,5.296205,0.013082
100.271172,82.921074,17.350097,102.167570,84.814074,17.353496,5.205044,0.014065
100.202000,82.834490,17.367510,102.117411,84.949540,17.167871,5.215871,0.013095
100.220397,82.829926,17.390471,102.313453,85.058815,17.254637,5.105805,0.013656
